1751912507929 -0.022284407168626785 0
1751915562444 0.9123708605766296 1
1751918628160 0.36246204376220703 2
1751921707660 0.5811353921890259 3
1751924787565 0.5015555620193481 4
1751927853521 0.20987416803836823 5
1751930913303 0.38049280643463135 6
1751933979700 0.4065687954425812 7
1751937049067 0.2600048780441284 8
1751940133576 0.2963746190071106 9
1751943229428 0.19185832142829895 10
1751946304741 0.2893889248371124 11
1751949380445 0.16849063336849213 12
1751952464965 0.31091001629829407 13
1751955561724 0.20779980719089508 14
1751958660998 0.2400497943162918 15
1751961748577 0.21184028685092926 16
1751964825726 0.1685815304517746 17
1751967898344 0.20331163704395294 18
1751970972367 0.12262183427810669 19
1751974073246 0.23074665665626526 20
1751977171472 0.16124485433101654 21
1751980257608 0.26006653904914856 22
1751983332162 0.09945164620876312 23
1751986406245 0.2116156369447708 24
1751989481214 0.17768879234790802 25
1751992572107 0.1467912495136261 26
1751995672016 0.18536363542079926 27
1751998757091 0.24381037056446075 28
1752001831166 0.118010975420475 29
1752004918636 0.20213858783245087 30
1752007996307 0.1918395459651947 31
1752011087289 0.16978786885738373 32
1752014187050 0.18693184852600098 33
1752017275233 0.18406327068805695 34
1752020349397 0.24401287734508514 35
1752023424396 0.3161524832248688 36
1752026498697 0.08882910758256912 37
1752029588436 0.1266721934080124 38
1752032688090 0.09071571379899979 39
1752035787892 0.1587275117635727 40
1752038863244 0.09961719065904617 41
1752041936898 0.054601091891527176 42
1752045011773 0.0984753742814064 43
1752048099144 0.10253928601741791 44
1752051199656 0.060119375586509705 45
1752054309126 0.07153812050819397 46
1752057408167 0.19628819823265076 47
1752060485738 0.047951940447092056 48
1752063562046 0.06768517941236496 49
1752066665416 0.09155874699354172 50
1752069769859 0.11421629041433334 51
1752072870441 0.010243911296129227 52
1752075950639 0.10750755667686462 53
1752079029355 0.08939411491155624 54
