1751912507934 1.021903395652771 0
1751915562447 0.12140420824289322 1
1751918628163 0.585994303226471 2
1751921707662 0.3769737780094147 3
1751924787568 0.3463764786720276 4
1751927853524 0.16337385773658752 5
1751930913306 0.3847881555557251 6
1751933979704 0.2512134313583374 7
1751937049070 0.2244025617837906 8
1751940133579 0.18230083584785461 9
1751943229431 0.32199814915657043 10
1751946304744 0.17285200953483582 11
1751949380448 0.2941635847091675 12
1751952464968 0.18316616117954254 13
1751955561728 0.1717914193868637 14
1751958661001 0.1575091928243637 15
1751961748581 0.17182651162147522 16
1751964825729 0.15819507837295532 17
1751967898347 0.1410599648952484 18
1751970972369 0.1709907203912735 19
1751974073249 0.13567541539669037 20
1751977171475 0.1890999674797058 21
1751980257611 0.11121037602424622 22
1751983332165 0.1997987926006317 23
1751986406248 0.10456933826208115 24
1751989481217 0.13864466547966003 25
1751992572110 0.08615366369485855 26
1751995672019 0.28293144702911377 27
1751998757094 0.033066537231206894 28
1752001831168 0.11609752476215363 29
1752004918638 0.04923518747091293 30
1752007996310 0.17228740453720093 31
1752011087292 0.22435158491134644 32
1752014187053 0.1472451388835907 33
1752017275236 0.16826936602592468 34
1752020349400 0.2124086320400238 35
1752023424399 0.18498554825782776 36
1752026498700 0.11153571307659149 37
1752029588439 0.13239243626594543 38
1752032688093 0.11440203338861465 39
1752035787895 0.06707533448934555 40
1752038863247 0.09548737853765488 41
1752041936901 0.055242348462343216 42
1752045011775 0.0836484432220459 43
1752048099147 0.0033814667258411646 44
1752051199660 0.06758593022823334 45
1752054309140 0.15913733839988708 46
1752057408173 0.012658791616559029 47
1752060485743 0.11440771073102951 48
1752063562052 0.06281937658786774 49
1752066665427 0.002534303115680814 50
1752069769968 0.04813861474394798 51
1752072870474 0.014683508314192295 52
1752075950659 -0.023467792198061943 53
1752079029381 0.05664103478193283 54
