1747887563881 0.114 0
1747887612863 0.2042 19
1747887661843 0.2192 38
1747887778303 0.205 40
1747887827322 0.229 59
1747887876212 0.2274 78
1747887993546 0.1312 80
1747888043138 0.2514 99
1747888092413 0.2498 118
1747888210297 0.144 120
1747888260178 0.2514 139
1747888310516 0.2576 158
1747888429134 0.1758 160
1747888479574 0.2476 179
1747888530334 0.2588 198
1747888650413 0.1648 200
1747888700695 0.2596 219
1747888751557 0.2598 238
1747888871659 0.1668 240
1747888922154 0.2702 259
1747888972838 0.2742 278
1747889092942 0.1782 280
1747889143501 0.27 299
1747889194547 0.2754 318
