1746680406981 2.311041533946991 0
1746680411255 2.3060913383960724 1
1746680415555 2.296435907483101 2
1746680420098 2.2871286422014236 3
1746680424379 2.2740170061588287 4
1746680428664 2.2834582179784775 5
1746680433169 2.311982899904251 6
1746680437452 2.253197595477104 7
1746680441735 2.2679868191480637 8
1746680445994 2.270181268453598 9
1746680450528 2.2538706809282303 10
1746680454774 2.2412075102329254 11
1746680459105 2.2389934957027435 12
1746680463653 2.233568996191025 13
1746680467933 2.2188772410154343 14
1746680472251 2.2205131202936172 15
1746680476527 2.198245733976364 16
1746680481102 2.19447685778141 17
1746680485416 2.1761053800582886 18
1746680489942 2.1799937933683395 19
1746680494487 2.1596888452768326 20
1746680498784 2.1565378308296204 21
1746680503057 2.171702578663826 22
1746680507607 2.1590465307235718 23
1746680511866 2.143975466489792 24
1746680516170 2.150697335600853 25
1746680520441 2.153381511569023 26
1746680524956 2.1393845975399017 27
1746680529214 2.138084128499031 28
1746680533477 2.1397154480218887 29
1746680537985 2.131318613886833 30
1746680542292 2.1360261291265488 31
1746680546578 2.129970893263817 32
1746680550852 2.132634475827217 33
1746680555377 2.127583935856819 34
1746680559675 2.1281595826148987 35
1746680563962 2.1242175102233887 36
1746680568480 2.1222913712263107 37
1746680572956 2.1219076216220856 38
1746680577216 2.1169291138648987 39
1746681119498 2.206256315112114 40
1746681123789 2.2865861654281616 41
1746681128076 2.2302086800336838 42
1746681132390 2.199121907353401 43
1746681136684 2.1907327473163605 44
1746681141019 2.1968132108449936 45
1746681145271 2.199314296245575 46
1746681149543 2.189834088087082 47
1746681153804 2.1744559854269028 48
1746681158075 2.166681334376335 49
1746681162343 2.1684902012348175 50
1746681166619 2.1639676839113235 51
1746681170883 2.1503641456365585 52
1746681175183 2.1404763013124466 53
1746681179457 2.139708638191223 54
1746681183748 2.1350734531879425 55
1746681187994 2.1270906925201416 56
1746681192282 2.127224087715149 57
1746681196540 2.126621723175049 58
1746681201072 2.1197514832019806 59
1746681205375 2.1173657178878784 60
1746681209693 2.1153461188077927 61
1746681214031 2.1096998900175095 62
1746681218339 2.109032303094864 63
1746681222629 2.1065976172685623 64
1746681226923 2.1027591079473495 65
1746681231237 2.101243406534195 66
1746681235565 2.0973621606826782 67
1746681239910 2.093846544623375 68
1746681244234 2.0903653502464294 69
1746681248597 2.08712700009346 70
1746681252918 2.083624765276909 71
1746681257258 2.080713078379631 72
1746681261610 2.0758665949106216 73
1746681265942 2.0728000849485397 74
1746681270320 2.0718357414007187 75
1746681274660 2.070839136838913 76
1746681278989 2.067346066236496 77
1746681283525 2.0639733523130417 78
1746681287852 2.0633062720298767 79
1746681822256 2.207084536552429 80
1746681826557 2.1718524247407913 81
1746681830940 2.1692312359809875 82
1746681835314 2.1377195715904236 83
1746681839697 2.1166133284568787 84
1746681844114 2.105978772044182 85
1746681848767 2.0986383259296417 86
1746681852819 2.093923032283783 87
1746681857514 2.0915775299072266 88
1746681861577 2.090509444475174 89
1746681866253 2.0921860486268997 90
1746681870666 2.093020796775818 91
1746681875108 2.090025931596756 92
1746681879515 2.0865004509687424 93
1746681883915 2.0829625874757767 94
1746681888273 2.0797034353017807 95
1746681892659 2.0781141817569733 96
1746681897066 2.0764436423778534 97
1746681901497 2.0744619965553284 98
1746681906098 2.072430521249771 99
1746681910506 2.0694882422685623 100
1746681914938 2.0669156163930893 101
1746681919349 2.0652740746736526 102
1746681923780 2.063767731189728 103
1746681928195 2.062417834997177 104
1746681932570 2.0603377670049667 105
1746681936913 2.0575066953897476 106
1746681941339 2.055023357272148 107
1746681945744 2.053059756755829 108
1746681950160 2.051600068807602 109
1746681954553 2.049500450491905 110
1746681958991 2.047144263982773 111
1746681963396 2.0453739762306213 112
1746681967788 2.0438737720251083 113
1746681972190 2.0420526564121246 114
1746681976568 2.0400567799806595 115
1746681980951 2.0386276841163635 116
1746681985320 2.037015050649643 117
1746681989913 2.03488826751709 118
1746681994321 2.0329820811748505 119
1746682531830 2.1628214716911316 120
1746682536215 2.195795387029648 121
1746682540593 2.124534025788307 122
1746682545011 2.099828466773033 123
1746682549418 2.091290757060051 124
1746682553845 2.0821946263313293 125
1746682558244 2.0706367939710617 126
1746682562662 2.0586563497781754 127
1746682567090 2.0533165335655212 128
1746682571527 2.0537173449993134 129
1746682575932 2.0529074668884277 130
1746682580320 2.0525412410497665 131
1746682584691 2.04690283536911 132
1746682589042 2.0385221540927887 133
1746682593442 2.035732686519623 134
1746682597800 2.03360752761364 135
1746682602178 2.031172588467598 136
1746682606531 2.0293988287448883 137
1746682610878 2.0250751227140427 138
1746682615735 2.0202070474624634 139
1746682620159 2.017025977373123 140
1746682624565 2.013713628053665 141
1746682628957 2.01143479347229 142
1746682633368 2.0094040036201477 143
1746682637786 2.005820155143738 144
1746682642225 2.003241553902626 145
1746682646612 2.0002281814813614 146
1746682650997 1.9973344206809998 147
1746682655413 1.9957564622163773 148
1746682659833 1.9932734072208405 149
1746682664239 1.9912555515766144 150
1746682668641 1.988912582397461 151
1746682673038 1.9869847148656845 152
1746682677413 1.9851054847240448 153
1746682681809 1.9824829399585724 154
1746682686183 1.9800730645656586 155
1746682690580 1.9773329049348831 156
1746682695005 1.9751157015562057 157
1746682699617 1.972584068775177 158
1746682703957 1.970641016960144 159
1746683243643 2.130728155374527 160
1746683248058 2.1365215182304382 161
1746683252479 2.0434569865465164 162
1746683256849 2.046632930636406 163
1746683261266 2.0486341267824173 164
1746683265717 2.040849804878235 165
1746683270146 2.028697580099106 166
1746683274566 2.018501505255699 167
1746683278996 2.01323926448822 168
1746683283400 2.010163187980652 169
1746683287784 2.0046202540397644 170
1746683292216 2.0006562024354935 171
1746683296644 1.9948157668113708 172
1746683301066 1.9881299287080765 173
1746683305503 1.983286276459694 174
1746683309924 1.9792950004339218 175
1746683314371 1.975566804409027 176
1746683318780 1.9728951752185822 177
1746683323221 1.970207318663597 178
1746683327824 1.964642807841301 179
1746683332203 1.9590179175138474 180
1746683336604 1.9561339616775513 181
1746683340991 1.9535888582468033 182
1746683345391 1.9519409090280533 183
1746683349749 1.949744001030922 184
1746683354176 1.9458598643541336 185
1746683358566 1.941968947649002 186
1746683362989 1.9406380355358124 187
1746683367431 1.9389851242303848 188
1746683371869 1.936914086341858 189
1746683376306 1.9345868229866028 190
1746683380752 1.9316632151603699 191
1746683385189 1.9302105605602264 192
1746683389581 1.9283298552036285 193
1746683394005 1.9267005324363708 194
1746683398425 1.9252419918775558 195
1746683402837 1.9230967015028 196
1746683407245 1.9211164563894272 197
1746683411891 1.9191832095384598 198
1746683416338 1.9181035161018372 199
1746683957722 2.099047064781189 200
1746683962148 2.1593040227890015 201
1746683966619 2.0437926650047302 202
1746683971084 2.001628413796425 203
1746683975544 2.016198992729187 204
1746683980025 2.029544949531555 205
1746683984477 2.028779298067093 206
1746683988901 2.0182992219924927 207
1746683993408 2.0068440437316895 208
1746683997889 1.9978430271148682 209
1746684002358 1.9921588450670242 210
1746684006837 1.9869939535856247 211
1746684011312 1.9812700897455215 212
1746684015767 1.9777470827102661 213
1746684020194 1.9743048548698425 214
1746684024677 1.9684108048677444 215
1746684029144 1.9622431844472885 216
1746684033602 1.9554303139448166 217
1746684038059 1.948892280459404 218
1746684042720 1.9441523998975754 219
1746684047184 1.9396358132362366 220
1746684051629 1.9365370720624924 221
1746684056049 1.9336737394332886 222
1746684060449 1.930747076869011 223
1746684064902 1.9283691197633743 224
1746684069349 1.924791768193245 225
1746684073842 1.9207286983728409 226
1746684078330 1.9169097542762756 227
1746684082797 1.9141039848327637 228
1746684087295 1.9114562422037125 229
1746684091762 1.9088728427886963 230
1746684096203 1.9068839699029922 231
1746684100633 1.905383512377739 232
1746684105109 1.9028523713350296 233
1746684109572 1.9006959199905396 234
1746684114093 1.899086207151413 235
1746684118595 1.8974724411964417 236
1746684123091 1.896019846200943 237
1746684127811 1.8945786356925964 238
1746684132276 1.8927202373743057 239
1746684679439 2.15857595205307 240
1746684683889 2.0601076781749725 241
1746684688355 2.033812075853348 242
1746684692808 2.0282061398029327 243
1746684697248 2.004385694861412 244
1746684701742 1.9925101846456528 245
1746684706219 1.9903486371040344 246
1746684710627 1.9855022132396698 247
1746684715044 1.9721823334693909 248
1746684719466 1.9566353857517242 249
1746684723908 1.95035620033741 250
1746684728329 1.9525845795869827 251
1746684732764 1.9497729688882828 252
1746684737222 1.938496932387352 253
1746684741712 1.9288192838430405 254
1746684746193 1.9244544804096222 255
1746684750641 1.921127125620842 256
1746684755101 1.9177057147026062 257
1746684759536 1.912454143166542 258
1746684764218 1.9080187678337097 259
1746684768648 1.9071427285671234 260
1746684773068 1.905448853969574 261
1746684777487 1.9012144654989243 262
1746684781935 1.89730766415596 263
1746684786358 1.895592287182808 264
1746684790789 1.894230604171753 265
1746684795239 1.8902739137411118 266
1746684799685 1.8867469280958176 267
1746684804134 1.885591834783554 268
1746684808552 1.8834227621555328 269
1746684812992 1.8808776140213013 270
1746684817414 1.8800521790981293 271
1746684821855 1.8783056735992432 272
1746684826298 1.8752034902572632 273
1746684830748 1.8739756047725677 274
1746684835180 1.8725638836622238 275
1746684839620 1.8699439615011215 276
1746684844101 1.8680933862924576 277
1746684848812 1.8665503859519958 278
1746684853271 1.864756166934967 279
1746685399530 2.1104054152965546 280
1746685404015 2.083589568734169 281
1746685408510 1.978499561548233 282
1746685413004 1.9772661924362183 283
1746685417464 1.9647188484668732 284
1746685421941 1.9575152695178986 285
1746685426461 1.9495082646608353 286
1746685430976 1.9373319000005722 287
1746685435482 1.9216819256544113 288
1746685439988 1.9169379025697708 289
1746685444469 1.9209392219781876 290
1746685448983 1.9152677059173584 291
1746685453479 1.9045370668172836 292
1746685457956 1.8986225575208664 293
1746685462414 1.8967316299676895 294
1746685466963 1.8934512585401535 295
1746685471465 1.8890426009893417 296
1746685476004 1.88748699426651 297
1746685480508 1.8840661197900772 298
1746685485213 1.8791705965995789 299
1746685489998 1.8782114535570145 300
1746685494474 1.8752890974283218 301
1746685498963 1.8695649057626724 302
1746685503451 1.8682255297899246 303
1746685507933 1.8681598156690598 304
1746685512429 1.8639389425516129 305
1746685516951 1.8611674904823303 306
1746685521401 1.8599830716848373 307
1746685525946 1.8570019602775574 308
1746685530445 1.8559790253639221 309
1746685534939 1.8540200144052505 310
1746685539408 1.8510782122612 311
1746685543896 1.8507037460803986 312
1746685548402 1.8487148731946945 313
1746685552884 1.847045287489891 314
1746685557308 1.8460030108690262 315
1746685561753 1.8434871584177017 316
1746685566281 1.8424807339906693 317
1746685570959 1.8403058648109436 318
1746685575455 1.8392573446035385 319
1746686121750 2.1042993515729904 320
1746686126265 2.043287470936775 321
1746686130785 1.9503378123044968 322
1746686135320 1.9611917436122894 323
1746686139748 1.9715592563152313 324
1746686144259 1.945576399564743 325
1746686148750 1.9280678182840347 326
1746686153229 1.921210303902626 327
1746686157682 1.9126050770282745 328
1746686162130 1.9036233127117157 329
1746686166622 1.8945738077163696 330
1746686171445 1.8889067023992538 331
1746686175622 1.887284204363823 332
1746686180372 1.8798646032810211 333
1746686184870 1.87381212413311 334
1746686189385 1.872499793767929 335
1746686193909 1.8657106161117554 336
1746686198422 1.858699008822441 337
1746686202901 1.8578922748565674 338
1746686207590 1.8549058139324188 339
1746686212040 1.850160852074623 340
1746686216522 1.8477847874164581 341
1746686220991 1.8458563536405563 342
1746686225454 1.8430827111005783 343
1746686229914 1.8403404206037521 344
1746686234378 1.839152604341507 345
1746686238863 1.8365055322647095 346
1746686243308 1.8339907377958298 347
1746686247810 1.8328682035207748 348
1746686252292 1.8303153812885284 349
1746686256811 1.8284559398889542 350
1746686261299 1.8265592753887177 351
1746686265824 1.8237718343734741 352
1746686270301 1.8218046575784683 353
1746686274810 1.8211964666843414 354
1746686279334 1.819305419921875 355
1746686283824 1.8179910778999329 356
1746686288308 1.8158640712499619 357
1746686293080 1.814114436507225 358
1746686297534 1.8128823637962341 359
1746686846028 2.0836902409791946 360
1746686850522 2.0623515993356705 361
1746686855012 1.952948659658432 362
1746686859505 1.9351766854524612 363
1746686863989 1.9359494596719742 364
1746686868498 1.939816653728485 365
1746686872997 1.940643072128296 366
1746686877486 1.9273959547281265 367
1746686881986 1.911516234278679 368
1746686886518 1.9046768993139267 369
1746686890988 1.9008137732744217 370
1746686895534 1.8921326696872711 371
1746686900039 1.8804050534963608 372
1746686904534 1.8700732290744781 373
1746686909008 1.8645487278699875 374
1746686913477 1.8623810857534409 375
1746686917929 1.8574641048908234 376
1746686922401 1.8504714965820312 377
1746686926866 1.846131056547165 378
1746686931566 1.843416452407837 379
1746686936358 1.8400297611951828 380
1746686940535 1.8370410054922104 381
1746686945348 1.8337755650281906 382
1746686949828 1.830771118402481 383
1746686954293 1.8276133835315704 384
1746686958738 1.8249521106481552 385
1746686963228 1.823328971862793 386
1746686967696 1.8209777027368546 387
1746686972168 1.8187151551246643 388
1746686976665 1.816761389374733 389
1746686981140 1.814357578754425 390
1746686985641 1.8117473274469376 391
1746686990170 1.8104297667741776 392
1746686994692 1.8085551708936691 393
1746686999243 1.8060721158981323 394
1746687003773 1.8045102059841156 395
1746687008318 1.8027670979499817 396
1746687012794 1.8009607642889023 397
1746687017531 1.7999789714813232 398
1746687022003 1.7980083227157593 399
1746687574495 2.0722525119781494 400
1746687579018 2.001395344734192 401
1746687583550 1.935090884566307 402
1746687588078 1.9252859354019165 403
1746687592582 1.9248605519533157 404
1746687597137 1.9152615070343018 405
1746687602037 1.8946776539087296 406
1746687606275 1.8804650008678436 407
1746687611130 1.877536654472351 408
1746687615660 1.8797349780797958 409
1746687620187 1.876707762479782 410
1746687624727 1.8630381971597672 411
1746687629282 1.8471694588661194 412
1746687633819 1.8397703766822815 413
1746687638380 1.838932380080223 414
1746687642896 1.8360733836889267 415
1746687647418 1.8315719962120056 416
1746687651907 1.8268173038959503 417
1746687656436 1.8216386884450912 418
1746687661179 1.8177647441625595 419
1746687665682 1.8155779838562012 420
1746687670214 1.8127822875976562 421
1746687674693 1.8092511743307114 422
1746687679231 1.8060123473405838 423
1746687683736 1.803020715713501 424
1746687688276 1.7998843640089035 425
1746687692777 1.797861024737358 426
1746687697324 1.7965181320905685 427
1746687701858 1.7938998937606812 428
1746687706416 1.7903326153755188 429
1746687710896 1.788550078868866 430
1746687715410 1.7877814173698425 431
1746687719979 1.7857526540756226 432
1746687724479 1.7833147943019867 433
1746687729023 1.7815840691328049 434
1746687733581 1.7798649072647095 435
1746687738102 1.778252512216568 436
1746687742607 1.777317076921463 437
1746687747352 1.775655135512352 438
1746687751870 1.7736831456422806 439
1746688304984 2.0819352865219116 440
1746688309522 2.0806552916765213 441
1746688314043 1.9779079854488373 442
1746688318605 1.9478425830602646 443
1746688323159 1.9124721437692642 444
1746688327667 1.912160500884056 445
1746688332209 1.9208303391933441 446
1746688336753 1.9121093302965164 447
1746688341297 1.891264170408249 448
1746688345848 1.8746338039636612 449
1746688350405 1.8687388747930527 450
1746688354993 1.8719343394041061 451
1746688359584 1.870651826262474 452
1746688364117 1.8571240454912186 453
1746688368696 1.841227874159813 454
1746688373256 1.832960769534111 455
1746688377857 1.8317021429538727 456
1746688382455 1.829342007637024 457
1746688387066 1.822709172964096 458
1746688391817 1.8176012933254242 459
1746688396382 1.8158310651779175 460
1746688400963 1.8116700947284698 461
1746688405509 1.805068388581276 462
1746688410108 1.8022576570510864 463
1746688414644 1.801795244216919 464
1746688419521 1.7981369644403458 465
1746688423738 1.793351098895073 466
1746688428612 1.7914445996284485 467
1746688433117 1.7893083542585373 468
1746688437650 1.7863959819078445 469
1746688442151 1.7838287204504013 470
1746688446692 1.7807639837265015 471
1746688451245 1.778114601969719 472
1746688455787 1.7759858518838882 473
1746688460318 1.7749937921762466 474
1746688464874 1.773307904601097 475
1746688469466 1.7706288248300552 476
1746688474031 1.7693539261817932 477
1746688478823 1.7677114605903625 478
1746688483362 1.765692874789238 479
1746689039580 2.011381223797798 480
1746689044156 2.042674347758293 481
1746689048725 1.9564164131879807 482
1746689053279 1.9164971858263016 483
1746689057792 1.902127742767334 484
1746689062317 1.893766313791275 485
1746689066870 1.8905010521411896 486
1746689071428 1.885303944349289 487
1746689076001 1.869226336479187 488
1746689080559 1.8510890305042267 489
1746689085067 1.8394846022129059 490
1746689089654 1.834700733423233 491
1746689094169 1.8299161344766617 492
1746689098701 1.8226469606161118 493
1746689103238 1.8142725080251694 494
1746689107801 1.8071004450321198 495
1746689112356 1.8023425489664078 496
1746689116864 1.7996994107961655 497
1746689121419 1.7965016961097717 498
1746689126179 1.792037457227707 499
1746689131024 1.7885609865188599 500
1746689135245 1.7849853783845901 501
1746689140073 1.780864104628563 502
1746689144276 1.7794722765684128 503
1746689149117 1.777916133403778 504
1746689153301 1.7743620425462723 505
1746689158118 1.7715536803007126 506
1746689162309 1.7682180851697922 507
1746689167116 1.7659718990325928 508
1746689171356 1.7626731246709824 509
1746689176166 1.7602752149105072 510
1746689180428 1.7583072185516357 511
1746689185258 1.7563312649726868 512
1746689189515 1.7543482780456543 513
1746689194337 1.7523926943540573 514
1746689198559 1.7503296583890915 515
1746689203335 1.7482869178056717 516
1746689207538 1.746371254324913 517
1746689212545 1.7448024302721024 518
1746689217027 1.7436773926019669 519
1746689772348 2.0729538202285767 520
1746689776795 2.0980679094791412 521
1746689781315 1.9774658679962158 522
1746689785827 1.951578825712204 523
1746689790336 1.9019322991371155 524
1746689794833 1.8749696761369705 525
1746689799358 1.8681152611970901 526
1746689803918 1.883004054427147 527
1746689808504 1.8904833495616913 528
1746689813086 1.8752190470695496 529
1746689817638 1.8537432104349136 530
1746689822210 1.8382080346345901 531
1746689826752 1.8303732573986053 532
1746689831320 1.830130711197853 533
1746689835880 1.826748713850975 534
1746689840403 1.8146817237138748 535
1746689844937 1.8039015531539917 536
1746689849475 1.7999986708164215 537
1746689854019 1.7978440970182419 538
1746689858788 1.7944868505001068 539
1746689863371 1.7906163781881332 540
1746689867948 1.7855083048343658 541
1746689872489 1.7796318382024765 542
1746689877054 1.7761116921901703 543
1746689881621 1.7749923467636108 544
1746689886192 1.7727564722299576 545
1746689890765 1.768788903951645 546
1746689895373 1.7658543139696121 547
1746689899955 1.7638333141803741 548
1746689904550 1.7615268677473068 549
1746689909093 1.7591354846954346 550
1746689913644 1.7564033269882202 551
1746689918160 1.7540132254362106 552
1746689922728 1.7520819902420044 553
1746689927301 1.7496797442436218 554
1746689931916 1.747256800532341 555
1746689936446 1.7455246150493622 556
1746689941040 1.7440673410892487 557
1746689945837 1.7420127540826797 558
1746689950394 1.7398682534694672 559
1746690505151 2.1160373091697693 560
1746690509701 2.070010229945183 561
1746690514277 1.9520783871412277 562
1746690518843 1.9253288060426712 563
1746690523420 1.8800874054431915 564
1746690528016 1.8496899008750916 565
1746690532611 1.8407068699598312 566
1746690537142 1.8573642075061798 567
1746690541726 1.8644666373729706 568
1746690546271 1.8499223738908768 569
1746690550807 1.830773502588272 570
1746690555385 1.819401115179062 571
1746690559980 1.8155608922243118 572
1746690564538 1.8131990283727646 573
1746690569110 1.8071513921022415 574
1746690573633 1.79845529794693 575
1746690578191 1.7914502173662186 576
1746690582758 1.787393480539322 577
1746690587325 1.7845718413591385 578
1746690592121 1.7806162685155869 579
1746690596689 1.7759032547473907 580
1746690601291 1.7722799330949783 581
1746690605864 1.7695783525705338 582
1746690610427 1.765821248292923 583
1746690614984 1.7612766921520233 584
1746690619538 1.758123904466629 585
1746690624096 1.7561878114938736 586
1746690628651 1.754458099603653 587
1746690633175 1.7522502541542053 588
1746690637728 1.7494747191667557 589
1746690642273 1.7469434142112732 590
1746690646789 1.7450665831565857 591
1746690651395 1.743129163980484 592
1746690655925 1.741048440337181 593
1746690660526 1.7389324307441711 594
1746690665140 1.7367642223834991 595
1746690669743 1.7345947474241257 596
1746690674329 1.732923999428749 597
1746690679122 1.731593444943428 598
1746690683702 1.729636862874031 599
1746691240111 2.1245089173316956 600
1746691244595 2.0599751621484756 601
1746691249149 1.9661592245101929 602
1746691253618 1.9086374640464783 603
1746691258125 1.853264033794403 604
1746691262712 1.835980847477913 605
1746691267242 1.8416262567043304 606
1746691271790 1.8518615067005157 607
1746691276432 1.8475917428731918 608
1746691281014 1.8317163735628128 609
1746691285533 1.8167408555746078 610
1746691290098 1.8087377697229385 611
1746691294677 1.8037590235471725 612
1746691299211 1.797218918800354 613
1746691303772 1.7885587960481644 614
1746691308330 1.7812816798686981 615
1746691312859 1.7777860760688782 616
1746691317366 1.7751182466745377 617
1746691321908 1.7704495191574097 618
1746691326650 1.7651409208774567 619
1746691331213 1.7626275420188904 620
1746691335726 1.762064352631569 621
1746691340274 1.7585934102535248 622
1746691344784 1.7527463883161545 623
1746691349280 1.7482075691223145 624
1746691353797 1.746009886264801 625
1746691358299 1.7442562580108643 626
1746691362820 1.7417682856321335 627
1746691367341 1.7397169768810272 628
1746691371847 1.7381852865219116 629
1746691376331 1.735816866159439 630
1746691380839 1.7326028943061829 631
1746691385332 1.7302124798297882 632
1746691389836 1.7288953363895416 633
1746691394369 1.7273102849721909 634
1746691398929 1.7248836308717728 635
1746691403494 1.7227450609207153 636
1746691408020 1.721143126487732 637
1746691412778 1.7195146679878235 638
1746691417278 1.7177139818668365 639
1746691969648 2.1474758237600327 640
1746691974148 2.064780205488205 641
1746691978644 1.9385531842708588 642
1746691983210 1.8914315402507782 643
1746691987794 1.856497347354889 644
1746691992410 1.829587772488594 645
1746691997012 1.8229989260435104 646
1746692001583 1.8336395621299744 647
1746692006159 1.8333185762166977 648
1746692010718 1.8211191892623901 649
1746692015287 1.8100860714912415 650
1746692019883 1.8026514053344727 651
1746692024471 1.7948499917984009 652
1746692029090 1.7858558595180511 653
1746692033627 1.7776575237512589 654
1746692038119 1.7719946801662445 655
1746692042626 1.768208086490631 656
1746692047113 1.7641716450452805 657
1746692051687 1.7593136876821518 658
1746692056514 1.7543674409389496 659
1746692061421 1.7508495301008224 660
1746692066033 1.749036893248558 661
1746692070629 1.747334137558937 662
1746692075236 1.7447403818368912 663
1746692079865 1.7413708865642548 664
1746692084453 1.7374168634414673 665
1746692089077 1.7340321987867355 666
1746692093706 1.7317099571228027 667
1746692098292 1.729717642068863 668
1746692102873 1.7277502715587616 669
1746692107494 1.7260447591543198 670
1746692112094 1.7241435050964355 671
1746692116692 1.7212609946727753 672
1746692121251 1.7187006622552872 673
1746692125827 1.7174789905548096 674
1746692130386 1.7162711322307587 675
1746692134993 1.7143257409334183 676
1746692139571 1.7124092727899551 677
1746692144404 1.7108418494462967 678
1746692148987 1.7092749327421188 679
1746692706194 2.0401502400636673 680
1746692710757 2.0503943264484406 681
1746692715335 1.8957968354225159 682
1746692719918 1.868435800075531 683
1746692724467 1.852987065911293 684
1746692729077 1.8447706252336502 685
1746692733666 1.8334527164697647 686
1746692738264 1.8293042927980423 687
1746692742826 1.8238781690597534 688
1746692747380 1.8142530769109726 689
1746692751933 1.807328999042511 690
1746692756810 1.7996395975351334 691
1746692761038 1.789977252483368 692
1746692765825 1.7792965471744537 693
1746692770321 1.7697031497955322 694
1746692774872 1.7648801356554031 695
1746692779394 1.7608071267604828 696
1746692783982 1.7540272027254105 697
1746692788519 1.7468096166849136 698
1746692793339 1.7426465898752213 699
1746692797926 1.7403613924980164 700
1746692802471 1.7376004755496979 701
1746692806961 1.7343870848417282 702
1746692811499 1.7316270470619202 703
1746692816057 1.7290777266025543 704
1746692820575 1.7258595377206802 705
1746692825170 1.7228771448135376 706
1746692829726 1.7213009744882584 707
1746692834289 1.7196528166532516 708
1746692838851 1.7166887521743774 709
1746692843454 1.7139803916215897 710
1746692848071 1.711971327662468 711
1746692852651 1.7097395360469818 712
1746692857144 1.7074521481990814 713
1746692861671 1.705595150589943 714
1746692866170 1.70389224588871 715
1746692870724 1.7020310759544373 716
1746692875232 1.7005388587713242 717
1746692879982 1.6991187632083893 718
1746692884443 1.6973458677530289 719
1746693438912 2.0477109402418137 720
1746693443457 1.9882258176803589 721
1746693447955 1.8986773490905762 722
1746693452500 1.855160430073738 723
1746693456991 1.8195482939481735 724
1746693461496 1.802172228693962 725
1746693465974 1.8063373416662216 726
1746693470473 1.8115396350622177 727
1746693474987 1.8072630763053894 728
1746693479472 1.7991490811109543 729
1746693483976 1.7913009524345398 730
1746693488515 1.7821249961853027 731
1746693493007 1.7683498561382294 732
1746693497528 1.756511241197586 733
1746693502058 1.7510413974523544 734
1746693506558 1.748512163758278 735
1746693511061 1.7441885024309158 736
1746693515591 1.73818039894104 737
1746693520102 1.7329778373241425 738
1746693524851 1.7307125329971313 739
1746693529674 1.7292391806840897 740
1746693533934 1.7257876247167587 741
1746693538786 1.7218623459339142 742
1746693543346 1.7177015990018845 743
1746693547878 1.7143315076828003 744
1746693552373 1.7119406759738922 745
1746693556906 1.7102330923080444 746
1746693561432 1.7088486850261688 747
1746693565953 1.7056863009929657 748
1746693570486 1.7024321556091309 749
1746693575012 1.7005778700113297 750
1746693579531 1.6983037292957306 751
1746693584093 1.696096122264862 752
1746693588605 1.694492444396019 753
1746693593162 1.6931062787771225 754
1746693597714 1.6911370605230331 755
1746693602262 1.6896700859069824 756
1746693606785 1.6880775690078735 757
1746693611540 1.6861467957496643 758
1746693616096 1.6844928860664368 759
1746694168852 2.0431865751743317 760
1746694173362 2.00506229698658 761
1746694177901 1.8855337649583817 762
1746694182421 1.8359995782375336 763
1746694186970 1.8135859370231628 764
1746694191539 1.8003960251808167 765
1746694196397 1.803857371211052 766
1746694200622 1.8040720373392105 767
1746694205489 1.7983138263225555 768
1746694210002 1.7893200665712357 769
1746694214567 1.7780686914920807 770
1746694219083 1.771035224199295 771
1746694223630 1.7620068788528442 772
1746694228150 1.7514906376600266 773
1746694232667 1.7444251030683517 774
1746694237159 1.7394540756940842 775
1746694241681 1.7350763827562332 776
1746694246247 1.730306163430214 777
1746694250801 1.7254800498485565 778
1746694255528 1.722236305475235 779
1746694260048 1.720244511961937 780
1746694264578 1.717017263174057 781
1746694269076 1.713513821363449 782
1746694273605 1.711160272359848 783
1746694278143 1.7086777687072754 784
1746694282652 1.7056129723787308 785
1746694287154 1.7029785364866257 786
1746694291670 1.7001413106918335 787
1746694296163 1.696968212723732 788
1746694300676 1.694509893655777 789
1746694305210 1.6925733089447021 790
1746694309713 1.6904221326112747 791
1746694314204 1.6885608285665512 792
1746694318695 1.6866216659545898 793
1746694323203 1.6844083219766617 794
1746694327698 1.6824771165847778 795
1746694332196 1.681010589003563 796
1746694336728 1.6793491393327713 797
1746694341475 1.677405759692192 798
1746694346023 1.6757512092590332 799
1746694899919 2.1511059403419495 800
1746694904444 2.0149420350790024 801
1746694909001 1.9178871512413025 802
1746694913559 1.8499519377946854 803
1746694918117 1.8182394206523895 804
1746694922649 1.8011892437934875 805
1746694927230 1.7997670769691467 806
1746694931787 1.7984934747219086 807
1746694936334 1.7909467220306396 808
1746694940840 1.7849767804145813 809
1746694945405 1.7804697453975677 810
1746694949926 1.7709310948848724 811
1746694954457 1.7612223476171494 812
1746694958943 1.7536960989236832 813
1746694963504 1.747926577925682 814
1746694968053 1.7443104535341263 815
1746694972588 1.7393384128808975 816
1746694977139 1.7318978160619736 817
1746694981682 1.7267827987670898 818
1746694986432 1.7242808789014816 819
1746694990944 1.7206884622573853 820
1746694995476 1.7160159647464752 821
1746694999973 1.711902067065239 822
1746695004532 1.7084854543209076 823
1746695009048 1.7058266550302505 824
1746695013909 1.7032099813222885 825
1746695018119 1.6998708248138428 826
1746695022924 1.6968256533145905 827
1746695027429 1.6944177746772766 828
1746695031958 1.6924427300691605 829
1746695036476 1.6906076967716217 830
1746695040998 1.687924861907959 831
1746695045530 1.685355231165886 832
1746695050041 1.6834821999073029 833
1746695054552 1.6811662018299103 834
1746695059081 1.6794404685497284 835
1746695063603 1.677911177277565 836
1746695068131 1.676364541053772 837
1746695072867 1.6747523844242096 838
1746695077377 1.673013374209404 839
1746695628582 2.0270683467388153 840
1746695633093 1.952231913805008 841
1746695637617 1.857532560825348 842
1746695642134 1.823195904493332 843
1746695646661 1.8029019087553024 844
1746695651187 1.796144649386406 845
1746695655729 1.7940119355916977 846
1746695660225 1.7892945855855942 847
1746695664747 1.7800386399030685 848
1746695669266 1.7703594714403152 849
1746695673773 1.7602441161870956 850
1746695678327 1.749278038740158 851
1746695682824 1.7394987493753433 852
1746695687371 1.7329387962818146 853
1746695691876 1.7283457815647125 854
1746695696417 1.7232380658388138 855
1746695700929 1.7176475673913956 856
1746695705471 1.7133892923593521 857
1746695710004 1.7101455181837082 858
1746695714767 1.706384316086769 859
1746695719576 1.7023470252752304 860
1746695723769 1.6988728046417236 861
1746695728580 1.695485532283783 862
1746695732779 1.692694365978241 863
1746695737592 1.6904159188270569 864
1746695741804 1.6879370957612991 865
1746695746634 1.684940755367279 866
1746695750824 1.6820213347673416 867
1746695755659 1.6791520565748215 868
1746695759836 1.6765505373477936 869
1746695764673 1.6746425479650497 870
1746695768879 1.6727645844221115 871
1746695773667 1.6706953197717667 872
1746695777851 1.6685392409563065 873
1746695782646 1.666621834039688 874
1746695786875 1.6650647968053818 875
1746695791671 1.6633768528699875 876
1746695795914 1.661524012684822 877
1746695800955 1.6597441732883453 878
1746695805504 1.6575789749622345 879
1746696357296 2.0091854631900787 880
1746696361775 2.0060743242502213 881
1746696366315 1.8471110463142395 882
1746696370819 1.80972458422184 883
1746696375339 1.7886610329151154 884
1746696379853 1.7859087437391281 885
1746696384346 1.7865170538425446 886
1746696388832 1.7754916846752167 887
1746696393347 1.7660216689109802 888
1746696397872 1.7633034884929657 889
1746696402365 1.7573121041059494 890
1746696406894 1.7453892081975937 891
1746696411446 1.7328306138515472 892
1746696415990 1.7233073711395264 893
1746696420504 1.717950388789177 894
1746696425028 1.7140519171953201 895
1746696429555 1.7102513909339905 896
1746696434061 1.7062352299690247 897
1746696438575 1.7021212428808212 898
1746696443317 1.6977223604917526 899
1746696447854 1.693465381860733 900
1746696452378 1.6906274557113647 901
1746696456898 1.68829146027565 902
1746696461429 1.6852631121873856 903
1746696465952 1.6812952309846878 904
1746696470453 1.6775358021259308 905
1746696474960 1.6749128848314285 906
1746696479501 1.6721948236227036 907
1746696484008 1.6692886799573898 908
1746696488566 1.6670823842287064 909
1746696493068 1.6653742641210556 910
1746696497604 1.6633679121732712 911
1746696502132 1.661025419831276 912
1746696506630 1.6591417491436005 913
1746696511118 1.6570548862218857 914
1746696515659 1.6550288498401642 915
1746696520151 1.653172105550766 916
1746696524662 1.6512863039970398 917
1746696529384 1.64951953291893 918
1746696533858 1.6478457152843475 919
1746697086032 2.0239052921533585 920
1746697090534 1.9697187542915344 921
1746697095066 1.8554218113422394 922
1746697099575 1.7984946817159653 923
1746697104074 1.7694269120693207 924
1746697108594 1.764582321047783 925
1746697113107 1.7704149186611176 926
1746697117672 1.762366145849228 927
1746697122229 1.7499899715185165 928
1746697126780 1.7446509450674057 929
1746697131313 1.7384369522333145 930
1746697135871 1.728145346045494 931
1746697140427 1.7194902002811432 932
1746697144927 1.7136256098747253 933
1746697149501 1.7097035646438599 934
1746697154015 1.7049434781074524 935
1746697158574 1.6978561878204346 936
1746697163110 1.6930634677410126 937
1746697167668 1.6900043934583664 938
1746697172411 1.6850494146347046 939
1746697176975 1.680826559662819 940
1746697181484 1.678840458393097 941
1746697186018 1.6765183359384537 942
1746697190519 1.673831582069397 943
1746697195042 1.6708731353282928 944
1746697199571 1.6683030277490616 945
1746697204108 1.6655786484479904 946
1746697208643 1.662181794643402 947
1746697213133 1.6595127880573273 948
1746697217687 1.6573531329631805 949
1746697222200 1.655409336090088 950
1746697226746 1.6534651070833206 951
1746697231259 1.6511285454034805 952
1746697235749 1.6485805809497833 953
1746697240244 1.6465629041194916 954
1746697244766 1.6451314836740494 955
1746697249294 1.6436708867549896 956
1746697253779 1.6419930905103683 957
1746697258579 1.640257641673088 958
1746697263116 1.638362243771553 959
1746697816076 1.9883113652467728 960
1746697820624 1.9649859368801117 961
1746697825197 1.8606682419776917 962
1746697829751 1.791421502828598 963
1746697834267 1.764385163784027 964
1746697838825 1.762206643819809 965
1746697843342 1.7587289661169052 966
1746697847877 1.7518615275621414 967
1746697852408 1.748530074954033 968
1746697856923 1.7438903003931046 969
1746697861445 1.7361972033977509 970
1746697865965 1.727039098739624 971
1746697870501 1.71674282848835 972
1746697875046 1.7069754749536514 973
1746697879588 1.7000340819358826 974
1746697884077 1.6969692558050156 975
1746697888600 1.6934682130813599 976
1746697893116 1.6882759034633636 977
1746697897612 1.6830988377332687 978
1746697902314 1.6788060367107391 979
1746697906810 1.6765925884246826 980
1746697911314 1.6736904084682465 981
1746697915836 1.6699481457471848 982
1746697920379 1.6665540039539337 983
1746697924935 1.663890391588211 984
1746697929481 1.661365419626236 985
1746697934021 1.6578042060136795 986
1746697938539 1.6552467346191406 987
1746697943032 1.6527292281389236 988
1746697947531 1.6504493802785873 989
1746697952032 1.6484391689300537 990
1746697956536 1.645900160074234 991
1746697961080 1.643768534064293 992
1746697965585 1.641481876373291 993
1746697970125 1.639360100030899 994
1746697974608 1.6374099403619766 995
1746697979109 1.6358763426542282 996
1746697983567 1.6340788453817368 997
1746697988254 1.6322917193174362 998
1746697992704 1.6304624378681183 999
1746698545096 1.9961613565683365 1000
1746698549661 1.977593645453453 1001
1746698554232 1.8727236837148666 1002
1746698558773 1.8020749241113663 1003
1746698563290 1.7725342214107513 1004
1746698567817 1.765380620956421 1005
1746698572329 1.7623791098594666 1006
1746698576862 1.754465401172638 1007
1746698581373 1.749943271279335 1008
1746698585909 1.7443783730268478 1009
1746698590469 1.7324485629796982 1010
1746698594983 1.7227519750595093 1011
1746698599486 1.7147693037986755 1012
1746698603998 1.7068603932857513 1013
1746698608542 1.6994725316762924 1014
1746698613082 1.694043442606926 1015
1746698617601 1.6896239817142487 1016
1746698622160 1.6840130388736725 1017
1746698626654 1.6786600947380066 1018
1746698631436 1.674568071961403 1019
1746698636296 1.6704516112804413 1020
1746698640853 1.6669709533452988 1021
1746698645395 1.6639171242713928 1022
1746698649965 1.661063089966774 1023
1746698654493 1.6586145013570786 1024
1746698659032 1.6559734642505646 1025
1746698663575 1.6526993960142136 1026
1746698668091 1.6489484012126923 1027
1746698672636 1.6463245898485184 1028
1746698677149 1.6443282067775726 1029
1746698681723 1.6419228315353394 1030
1746698686240 1.6396663188934326 1031
1746698690810 1.6373685002326965 1032
1746698695288 1.6355839222669601 1033
1746698699844 1.6339466124773026 1034
1746698704387 1.6322742104530334 1035
1746698708928 1.6302949637174606 1036
1746698713459 1.6286246478557587 1037
1746698718219 1.6267205476760864 1038
1746698722731 1.624869704246521 1039
1746699276707 1.9892709404230118 1040
1746699281233 1.9281123280525208 1041
1746699285744 1.8383385837078094 1042
1746699290297 1.7699485123157501 1043
1746699294812 1.7606186121702194 1044
1746699299317 1.7631464749574661 1045
1746699303824 1.7632283419370651 1046
1746699308313 1.752004399895668 1047
1746699312819 1.73958620429039 1048
1746699317319 1.7297290563583374 1049
1746699321819 1.7187788635492325 1050
1746699326326 1.7104949355125427 1051
1746699330884 1.7043676525354385 1052
1746699335392 1.6954550594091415 1053
1746699339927 1.6882718056440353 1054
1746699344458 1.6821381151676178 1055
1746699348988 1.6774488985538483 1056
1746699353523 1.6725518703460693 1057
1746699358054 1.666859433054924 1058
1746699362801 1.6628337353467941 1059
1746699367320 1.6603449583053589 1060
1746699371842 1.6574832946062088 1061
1746699376336 1.654522106051445 1062
1746699380852 1.6514358073472977 1063
1746699385331 1.648060366511345 1064
1746699390177 1.6442025303840637 1065
1746699394381 1.6410752832889557 1066
1746699399225 1.638252317905426 1067
1746699403731 1.6357759237289429 1068
1746699408276 1.6343875080347061 1069
1746699412797 1.6319639980793 1070
1746699417294 1.629206269979477 1071
1746699421853 1.6270616799592972 1072
1746699426386 1.6252216845750809 1073
1746699430936 1.6229557245969772 1074
1746699435484 1.620733231306076 1075
1746699439979 1.619146540760994 1076
1746699444478 1.61739781498909 1077
1746699449223 1.6154252737760544 1078
1746699453724 1.6136444956064224 1079
1746700008236 2.0221635699272156 1080
1746700012823 1.9319171756505966 1081
1746700017384 1.8859819024801254 1082
1746700021988 1.7919362932443619 1083
1746700026538 1.7628989964723587 1084
1746700031139 1.7601215690374374 1085
1746700035698 1.756858006119728 1086
1746700040267 1.7543810456991196 1087
1746700044881 1.74936743080616 1088
1746700049459 1.740499198436737 1089
1746700054023 1.7278648167848587 1090
1746700058623 1.7176015973091125 1091
1746700063249 1.709978073835373 1092
1746700067823 1.7031271904706955 1093
1746700072441 1.696109563112259 1094
1746700077049 1.688629388809204 1095
1746700081675 1.6822741478681564 1096
1746700086300 1.6764078736305237 1097
1746700090890 1.6705312728881836 1098
1746700095693 1.6654747128486633 1099
1746700100599 1.6610214710235596 1100
1746700104899 1.6567786484956741 1101
1746700109765 1.6534029096364975 1102
1746700114086 1.6504484415054321 1103
1746700118918 1.6472931206226349 1104
1746700123189 1.6436845809221268 1105
1746700128043 1.64023457467556 1106
1746700132337 1.6370360851287842 1107
1746700137241 1.6342953592538834 1108
1746700141561 1.6324238926172256 1109
1746700146403 1.6298578083515167 1110
1746700150664 1.626983404159546 1111
1746700155545 1.624188169836998 1112
1746700159779 1.6216476559638977 1113
1746700164661 1.6196623146533966 1114
1746700168937 1.6180059015750885 1115
1746700173805 1.6159104853868484 1116
1746700178050 1.613832876086235 1117
1746700183206 1.6121895611286163 1118
1746700187730 1.6102606058120728 1119
1746700745141 1.9591024369001389 1120
1746700749640 1.9079334288835526 1121
1746700754204 1.8486047983169556 1122
1746700758696 1.7574847489595413 1123
1746700763273 1.7313271313905716 1124
1746700767834 1.7424286305904388 1125
1746700772358 1.7444427013397217 1126
1746700776844 1.729737713932991 1127
1746700781411 1.721217766404152 1128
1746700785986 1.7154105752706528 1129
1746700790538 1.7069897502660751 1130
1746700795121 1.6974950432777405 1131
1746700799676 1.687843844294548 1132
1746700804275 1.6795975118875504 1133
1746700808890 1.673938438296318 1134
1746700813491 1.6682845503091812 1135
1746700818044 1.6620498448610306 1136
1746700822638 1.6567725986242294 1137
1746700827198 1.652730792760849 1138
1746700831998 1.6490439623594284 1139
1746700836592 1.6454098373651505 1140
1746700841200 1.641604870557785 1141
1746700845724 1.6380442827939987 1142
1746700850276 1.6361428052186966 1143
1746700854840 1.6340847462415695 1144
1746700859379 1.6303138583898544 1145
1746700863986 1.6271972060203552 1146
1746700868534 1.6245068162679672 1147
1746700873131 1.622005432844162 1148
1746700877690 1.6195068061351776 1149
1746700882235 1.6168891340494156 1150
1746700886771 1.6147353649139404 1151
1746700891328 1.6126911044120789 1152
1746700895850 1.6104275286197662 1153
1746700900369 1.6082703769207 1154
1746700904945 1.6064317226409912 1155
1746700909468 1.6049052476882935 1156
1746700914093 1.6029215306043625 1157
1746700918908 1.601017713546753 1158
1746700923517 1.5994188040494919 1159
1746701480663 1.9780606776475906 1160
1746701485222 1.931649625301361 1161
1746701489783 1.8347812592983246 1162
1746701494339 1.7641525566577911 1163
1746701498876 1.7334946990013123 1164
1746701503459 1.73879274725914 1165
1746701508010 1.7394410520792007 1166
1746701512592 1.7260152697563171 1167
1746701517218 1.7191981971263885 1168
1746701521827 1.7109585851430893 1169
1746701526423 1.7003613263368607 1170
1746701531011 1.6930448114871979 1171
1746701535591 1.6830349415540695 1172
1746701540129 1.6753198504447937 1173
1746701544733 1.6691466718912125 1174
1746701549311 1.6637363731861115 1175
1746701553916 1.6594497859477997 1176
1746701558529 1.6537596434354782 1177
1746701563144 1.6484459340572357 1178
1746701567958 1.6459669917821884 1179
1746701572566 1.6425242274999619 1180
1746701577172 1.638279676437378 1181
1746701581763 1.6343085020780563 1182
1746701586350 1.6310186833143234 1183
1746701590886 1.6274144500494003 1184
1746701595473 1.6236603111028671 1185
1746701600080 1.6204712688922882 1186
1746701604683 1.6182388663291931 1187
1746701609276 1.6164566576480865 1188
1746701613871 1.6138620376586914 1189
1746701618409 1.61166150867939 1190
1746701622988 1.6093877404928207 1191
1746701627535 1.6071850508451462 1192
1746701632051 1.6047048568725586 1193
1746701636581 1.6023313999176025 1194
1746701641147 1.6002725958824158 1195
1746701645711 1.5988136976957321 1196
1746701650223 1.5969145447015762 1197
1746701654976 1.5950635075569153 1198
1746701659488 1.5931880176067352 1199
1746702218282 1.9670662432909012 1200
1746702222831 1.930540293455124 1201
1746702227460 1.9234439432621002 1202
1746702232041 1.761531114578247 1203
1746702236677 1.7648610323667526 1204
1746702241275 1.766527459025383 1205
1746702245885 1.759270817041397 1206
1746702250483 1.7552090734243393 1207
1746702255091 1.7449980676174164 1208
1746702259684 1.7301827818155289 1209
1746702264297 1.7226815819740295 1210
1746702268886 1.7181086093187332 1211
1746702273521 1.7083780169487 1212
1746702278107 1.6947526335716248 1213
1746702282718 1.684041678905487 1214
1746702287338 1.6794999986886978 1215
1746702291828 1.6774087995290756 1216
1746702296438 1.6738172322511673 1217
1746702301014 1.667697697877884 1218
1746702305830 1.6607183814048767 1219
1746702310388 1.6545280516147614 1220
1746702314957 1.6486623138189316 1221
1746702319526 1.6435497105121613 1222
1746702324118 1.6401889473199844 1223
1746702328752 1.637414500117302 1224
1746702333384 1.6344736367464066 1225
1746702337970 1.631194680929184 1226
1746702342565 1.627189040184021 1227
1746702347149 1.6231611967086792 1228
1746702351743 1.61937215924263 1229
1746702356345 1.6159428656101227 1230
1746702360902 1.6137188971042633 1231
1746702365519 1.6113980412483215 1232
1746702370121 1.6086924523115158 1233
1746702374758 1.6062578558921814 1234
1746702379382 1.6038604378700256 1235
1746702383990 1.6015523374080658 1236
1746702388557 1.5993866324424744 1237
1746702393380 1.5974356979131699 1238
1746702397984 1.595536157488823 1239
1746702958003 2.00109326839447 1240
1746702962631 1.9755512177944183 1241
1746702967281 1.961427018046379 1242
1746702971912 1.8142834156751633 1243
1746702976491 1.7499668896198273 1244
1746702981082 1.7572407126426697 1245
1746702985660 1.777430072426796 1246
1746702990251 1.7735749036073685 1247
1746702994807 1.7538129389286041 1248
1746702999351 1.730055883526802 1249
1746703003905 1.7152651995420456 1250
1746703008474 1.7082068622112274 1251
1746703013015 1.7026124447584152 1252
1746703017614 1.6958114206790924 1253
1746703022166 1.6887022852897644 1254
1746703026725 1.6813560128211975 1255
1746703031258 1.6747593134641647 1256
1746703035861 1.669182538986206 1257
1746703040448 1.6637732833623886 1258
1746703045281 1.658256620168686 1259
1746703050211 1.6525835245847702 1260
1746703054828 1.6468050479888916 1261
1746703059396 1.6427282243967056 1262
1746703063963 1.6401250660419464 1263
1746703068575 1.637478545308113 1264
1746703073142 1.63428495824337 1265
1746703077799 1.6309546679258347 1266
1746703082414 1.6274388432502747 1267
1746703087039 1.6237429082393646 1268
1746703091659 1.620263621211052 1269
1746703096263 1.6174949407577515 1270
1746703100794 1.6151135563850403 1271
1746703105383 1.6124898940324783 1272
1746703109924 1.6098636388778687 1273
1746703114469 1.6074832826852798 1274
1746703119011 1.6052182614803314 1275
1746703123595 1.603366270661354 1276
1746703128147 1.6012189090251923 1277
1746703132918 1.598621979355812 1278
1746703137523 1.5962667167186737 1279
1746703699287 1.9694551527500153 1280
1746703703927 1.9493090361356735 1281
1746703708541 1.9066130369901657 1282
1746703713156 1.7773742228746414 1283
1746703717779 1.751322254538536 1284
1746703722398 1.7413557022809982 1285
1746703727039 1.751541554927826 1286
1746703731656 1.7533532083034515 1287
1746703736279 1.741655856370926 1288
1746703740875 1.7269382178783417 1289
1746703745456 1.7178864628076553 1290
1746703750303 1.7110223323106766 1291
1746703754544 1.6981580257415771 1292
1746703759434 1.6846927851438522 1293
1746703764016 1.6765408664941788 1294
1746703768627 1.671003520488739 1295
1746703773225 1.6650394946336746 1296
1746703777848 1.6597791612148285 1297
1746703782432 1.6550298631191254 1298
1746703787262 1.6491480469703674 1299
1746703791891 1.642935499548912 1300
1746703796486 1.6384090781211853 1301
1746703801111 1.6353725641965866 1302
1746703805741 1.632042944431305 1303
1746703810383 1.6282931119203568 1304
1746703814990 1.6243721842765808 1305
1746703819586 1.6207533031702042 1306
1746703824109 1.6177561432123184 1307
1746703828708 1.6149681508541107 1308
1746703833332 1.6118607968091965 1309
1746703837946 1.6088650524616241 1310
1746703842530 1.6059567779302597 1311
1746703847157 1.603159338235855 1312
1746703851716 1.600756213068962 1313
1746703856318 1.598485916852951 1314
1746703860959 1.5959963500499725 1315
1746703865584 1.593801960349083 1316
1746703870120 1.5918931663036346 1317
1746703874904 1.5895190834999084 1318
1746703879473 1.5874268263578415 1319
1746704443546 1.9766156524419785 1320
1746704448193 1.9675407856702805 1321
1746704452834 1.9848223626613617 1322
1746704457486 1.8117735832929611 1323
1746704462100 1.7648486495018005 1324
1746704466739 1.75971919298172 1325
1746704471336 1.7699057310819626 1326
1746704475915 1.7682395726442337 1327
1746704480528 1.749670997262001 1328
1746704485149 1.7292777299880981 1329
1746704489784 1.7186451852321625 1330
1746704494458 1.7152423858642578 1331
1746704499059 1.7066804319620132 1332
1746704503638 1.694014087319374 1333
1746704508277 1.6847433745861053 1334
1746704512869 1.6780860424041748 1335
1746704517475 1.6716528534889221 1336
1746704522146 1.6666647046804428 1337
1746704526802 1.6630402505397797 1338
1746704531643 1.6581548005342484 1339
1746704536624 1.6518976986408234 1340
1746704540948 1.6463118940591812 1341
1746704545896 1.640921339392662 1342
1746704550563 1.6354963183403015 1343
1746704555192 1.6311111003160477 1344
1746704559831 1.6283258348703384 1345
1746704564481 1.6248827129602432 1346
1746704569087 1.620517075061798 1347
1746704573639 1.6174163520336151 1348
1746704578241 1.6149171590805054 1349
1746704582830 1.6114751696586609 1350
1746704587434 1.6088716834783554 1351
1746704591986 1.6068421602249146 1352
1746704596548 1.6039902865886688 1353
1746704601124 1.6013686507940292 1354
1746704605726 1.599127396941185 1355
1746704610357 1.5969544053077698 1356
1746704614992 1.5948883146047592 1357
1746704619844 1.592776283621788 1358
1746704624416 1.5903325229883194 1359
1746705187178 2.0040667355060577 1360
1746705191700 1.9733648151159286 1361
1746705196303 1.9398707002401352 1362
1746705200883 1.789256602525711 1363
1746705205459 1.7703612744808197 1364
1746705210047 1.7560628205537796 1365
1746705214904 1.7605468034744263 1366
1746705219214 1.7607213705778122 1367
1746705224089 1.742204263806343 1368
1746705228688 1.7193132191896439 1369
1746705233263 1.7111080437898636 1370
1746705237857 1.70878104865551 1371
1746705242458 1.69891357421875 1372
1746705247028 1.6865381747484207 1373
1746705251682 1.6762504130601883 1374
1746705256274 1.6684291511774063 1375
1746705260923 1.6632398962974548 1376
1746705265545 1.658837154507637 1377
1746705270189 1.6540651619434357 1378
1746705275032 1.650187999010086 1379
1746705279626 1.6465560644865036 1380
1746705284193 1.6407052427530289 1381
1746705288747 1.6349334418773651 1382
1746705293316 1.6303554475307465 1383
1746705297899 1.6262320429086685 1384
1746705302496 1.622987076640129 1385
1746705307075 1.6199437528848648 1386
1746705311589 1.6167512834072113 1387
1746705316128 1.6135067641735077 1388
1746705320697 1.609470009803772 1389
1746705325285 1.6064320802688599 1390
1746705329885 1.6039140820503235 1391
1746705334451 1.6014609634876251 1392
1746705339054 1.5991758704185486 1393
1746705343595 1.5967048406600952 1394
1746705348189 1.5941437631845474 1395
1746705352738 1.5923781543970108 1396
1746705357338 1.5903880596160889 1397
1746705362180 1.5878620892763138 1398
1746705366768 1.5856514126062393 1399
1746705928957 2.0174755454063416 1400
1746705933570 1.9654207974672318 1401
1746705938192 1.8532911241054535 1402
1746705942825 1.7835686057806015 1403
1746705947449 1.7598445564508438 1404
1746705952053 1.749215841293335 1405
1746705956597 1.7454273253679276 1406
1746705961187 1.7425169944763184 1407
1746705965803 1.7274213582277298 1408
1746705970430 1.7119897603988647 1409
1746705975046 1.7055839002132416 1410
1746705979648 1.6980328559875488 1411
1746705984287 1.6841238290071487 1412
1746705988886 1.671571895480156 1413
1746705993496 1.6644606292247772 1414
1746705998131 1.661421611905098 1415
1746706002750 1.6561189889907837 1416
1746706007315 1.6489255875349045 1417
1746706011958 1.6429643332958221 1418
1746706016726 1.6383436024188995 1419
1746706021316 1.6342250108718872 1420
1746706025897 1.6305590718984604 1421
1746706030445 1.626317024230957 1422
1746706035012 1.6214112490415573 1423
1746706039594 1.6183101683855057 1424
1746706044513 1.6150979697704315 1425
1746706048802 1.611369863152504 1426
1746706053709 1.6080118417739868 1427
1746706058298 1.6043806225061417 1428
1746706062906 1.6017976999282837 1429
1746706067468 1.5993376523256302 1430
1746706072093 1.5971008837223053 1431
1746706076673 1.5944864302873611 1432
1746706081264 1.5915153622627258 1433
1746706085769 1.589150533080101 1434
1746706090302 1.5869085192680359 1435
1746706094774 1.584860935807228 1436
1746706099323 1.5826198607683182 1437
1746706104110 1.5804724544286728 1438
1746706108658 1.5788695216178894 1439
1746706669239 1.9734104573726654 1440
1746706673814 1.901917427778244 1441
1746706678414 1.8468732684850693 1442
1746706682987 1.761878788471222 1443
1746706687574 1.7391948848962784 1444
1746706692207 1.7190997898578644 1445
1746706696796 1.7224381119012833 1446
1746706701439 1.7210603952407837 1447
1746706706089 1.7062022387981415 1448
1746706710672 1.6953564584255219 1449
1746706715257 1.6916255503892899 1450
1746706719825 1.6850935965776443 1451
1746706724402 1.6740617007017136 1452
1746706729012 1.663274958729744 1453
1746706733635 1.6553326547145844 1454
1746706738187 1.650119125843048 1455
1746706742745 1.645538568496704 1456
1746706747335 1.6401881277561188 1457
1746706751873 1.633370891213417 1458
1746706756656 1.6271106451749802 1459
1746706761513 1.622973307967186 1460
1746706765774 1.6185649931430817 1461
1746706770646 1.6126716881990433 1462
1746706774987 1.6086121797561646 1463
1746706779928 1.6070606261491776 1464
1746706784262 1.6046977937221527 1465
1746706789190 1.6004464328289032 1466
1746706793542 1.5969918370246887 1467
1746706798438 1.5946824699640274 1468
1746706802776 1.5922312438488007 1469
1746706807679 1.5895876288414001 1470
1746706812015 1.58694688975811 1471
1746706816948 1.584145501255989 1472
1746706821292 1.5816504508256912 1473
1746706826200 1.5794659107923508 1474
1746706830561 1.5770471692085266 1475
1746706835437 1.574795812368393 1476
1746706839764 1.5729813277721405 1477
1746706844895 1.5709210336208344 1478
1746706849518 1.5688423812389374 1479
1746707413085 1.9999094009399414 1480
1746707417715 1.9829826951026917 1481
1746707422353 1.853250414133072 1482
1746707426947 1.7524607181549072 1483
1746707431558 1.7278508991003036 1484
1746707436167 1.7339132726192474 1485
1746707440798 1.738549068570137 1486
1746707445434 1.7256925106048584 1487
1746707450097 1.705833077430725 1488
1746707454760 1.6921726763248444 1489
1746707459399 1.6853611469268799 1490
1746707464048 1.679488256573677 1491
1746707468680 1.6709321439266205 1492
1746707473250 1.6614673137664795 1493
1746707477842 1.6536723971366882 1494
1746707482442 1.6467675566673279 1495
1746707487058 1.6400958150625229 1496
1746707491678 1.6356968730688095 1497
1746707496317 1.631382942199707 1498
1746707501146 1.6255225092172623 1499
1746707505784 1.620482936501503 1500
1746707510417 1.617674097418785 1501
1746707515077 1.6145226955413818 1502
1746707519735 1.60982283949852 1503
1746707524371 1.6043901443481445 1504
1746707529005 1.6004197746515274 1505
1746707533650 1.598246544599533 1506
1746707538249 1.5954574644565582 1507
1746707542820 1.5922847092151642 1508
1746707547396 1.5891272276639938 1509
1746707551952 1.5858358293771744 1510
1746707556540 1.5835407376289368 1511
1746707561114 1.581294521689415 1512
1746707565698 1.5789310485124588 1513
1746707570268 1.5763825476169586 1514
1746707574844 1.573966145515442 1515
1746707579398 1.5719523876905441 1516
1746707583982 1.5700068473815918 1517
1746707588768 1.568169429898262 1518
1746707593332 1.5660783052444458 1519
1746708157566 2.022561252117157 1520
1746708162147 1.9914459884166718 1521
1746708166793 1.8014622926712036 1522
1746708171409 1.7665691524744034 1523
1746708176051 1.7431956231594086 1524
1746708180679 1.7299935817718506 1525
1746708185280 1.7202006727457047 1526
1746708189847 1.7168355733156204 1527
1746708194441 1.709274411201477 1528
1746708199033 1.7006248384714127 1529
1746708203655 1.69520103931427 1530
1746708208229 1.6846045851707458 1531
1746708212873 1.668264776468277 1532
1746708217469 1.6543811112642288 1533
1746708222102 1.6456415951251984 1534
1746708226716 1.639891892671585 1535
1746708231356 1.6367692053318024 1536
1746708235933 1.6337552666664124 1537
1746708240544 1.6282673180103302 1538
1746708245394 1.6220412105321884 1539
1746708249988 1.6167452186346054 1540
1746708254616 1.6123410165309906 1541
1746708259239 1.607890859246254 1542
1746708263831 1.6040795892477036 1543
1746708268423 1.6012807339429855 1544
1746708273007 1.5978517532348633 1545
1746708277559 1.5936544388532639 1546
1746708282151 1.5901828855276108 1547
1746708286736 1.5871354192495346 1548
1746708291349 1.5841345489025116 1549
1746708295967 1.581185519695282 1550
1746708300567 1.5784749239683151 1551
1746708305230 1.5763588398694992 1552
1746708309835 1.5741629004478455 1553
1746708314438 1.5719735771417618 1554
1746708319059 1.5695848166942596 1555
1746708323683 1.5670510083436966 1556
1746708328309 1.5646359026432037 1557
1746708333177 1.5625012069940567 1558
1746708338092 1.5605768859386444 1559
1746708899442 2.025647059082985 1560
1746708904043 1.7530537694692612 1561
1746708908649 1.7028621435165405 1562
1746708913216 1.682221233844757 1563
1746708917764 1.6754382103681564 1564
1746708922353 1.6709233969449997 1565
1746708926901 1.6616753488779068 1566
1746708931463 1.6521688550710678 1567
1746708936060 1.6443853974342346 1568
1746708940624 1.637774035334587 1569
1746708945220 1.633201777935028 1570
1746708949837 1.6298514306545258 1571
1746708954412 1.6253167986869812 1572
1746708958968 1.619263917207718 1573
1746708963543 1.6126607656478882 1574
1746708968098 1.6066110879182816 1575
1746708972682 1.6013461202383041 1576
1746708977302 1.5972538441419601 1577
1746708981900 1.5945981740951538 1578
1746708986736 1.5929135531187057 1579
1746708991314 1.5906995981931686 1580
1746708995921 1.5874651670455933 1581
1746709000541 1.5838336646556854 1582
1746709005199 1.5809260159730911 1583
1746709009824 1.578601911664009 1584
1746709014440 1.5764708667993546 1585
1746709019037 1.5745787471532822 1586
1746709023642 1.5727517008781433 1587
1746709028244 1.570931226015091 1588
1746709032850 1.5688738077878952 1589
1746709037418 1.5668408572673798 1590
1746709041960 1.5649225264787674 1591
1746709046547 1.563216432929039 1592
1746709051140 1.5618076026439667 1593
1746709055745 1.5603398084640503 1594
1746709060333 1.5585610270500183 1595
1746709064929 1.5567961037158966 1596
1746709069492 1.5553941428661346 1597
1746709074350 1.5539514124393463 1598
1746709078947 1.5525482147932053 1599
1746709641991 1.7634582668542862 1600
1746709646617 1.7308750301599503 1601
1746709651223 1.6605588644742966 1602
1746709655867 1.6596933156251907 1603
1746709660470 1.6475174874067307 1604
1746709665104 1.6339967399835587 1605
1746709670007 1.627181589603424 1606
1746709674329 1.6228690147399902 1607
1746709679270 1.617490515112877 1608
1746709683548 1.614265963435173 1609
1746709688411 1.6105150431394577 1610
1746709693008 1.6016540080308914 1611
1746709697590 1.5936122685670853 1612
1746709702132 1.5907980352640152 1613
1746709706807 1.5900876075029373 1614
1746709711431 1.5872677713632584 1615
1746709716086 1.5831881016492844 1616
1746709720665 1.5794298946857452 1617
1746709725284 1.5766395032405853 1618
1746709730088 1.5742163211107254 1619
1746709734694 1.5717822015285492 1620
1746709739281 1.569674789905548 1621
1746709743889 1.5674689561128616 1622
1746709748486 1.5651519000530243 1623
1746709753088 1.5629102736711502 1624
1746709757726 1.5609702169895172 1625
1746709762379 1.5589542835950851 1626
1746709767030 1.5573031306266785 1627
1746709771614 1.5556679219007492 1628
1746709776309 1.553747072815895 1629
1746709780917 1.551891639828682 1630
1746709785564 1.5505179464817047 1631
1746709790217 1.5491272062063217 1632
1746709794827 1.547421619296074 1633
1746709799437 1.545722022652626 1634
1746709804066 1.5442254543304443 1635
1746709808665 1.5428642332553864 1636
1746709813251 1.5413722693920135 1637
1746709818057 1.5400584638118744 1638
1746709822548 1.5386493057012558 1639
1746710385981 1.7804190516471863 1640
1746710390547 1.7180853486061096 1641
1746710395131 1.6598422080278397 1642
1746710399706 1.659746378660202 1643
1746710404318 1.6475972086191177 1644
1746710408977 1.6323309689760208 1645
1746710413605 1.6225734502077103 1646
1746710418221 1.6166004538536072 1647
1746710422830 1.612825021147728 1648
1746710427471 1.6115653365850449 1649
1746710432126 1.6062545329332352 1650
1746710436750 1.5946099162101746 1651
1746710441365 1.5864691585302353 1652
1746710445981 1.5855617672204971 1653
1746710450600 1.5854724198579788 1654
1746710455237 1.5824086517095566 1655
1746710459856 1.577912524342537 1656
1746710464456 1.573767215013504 1657
1746710469077 1.5703947991132736 1658
1746710474202 1.5677786618471146 1659
1746710478801 1.5659117102622986 1660
1746710483404 1.5641670674085617 1661
1746710488050 1.5617177784442902 1662
1746710492630 1.5588757246732712 1663
1746710497270 1.55633445084095 1664
1746710501898 1.553964376449585 1665
1746710506533 1.552083969116211 1666
1746710511150 1.550801083445549 1667
1746710515779 1.5490554571151733 1668
1746710520383 1.546633467078209 1669
1746710524973 1.5447066873311996 1670
1746710529621 1.54347325861454 1671
1746710534230 1.5419248938560486 1672
1746710538847 1.5401277095079422 1673
1746710543465 1.538709431886673 1674
1746710548093 1.5372137874364853 1675
1746710552710 1.535466656088829 1676
1746710557361 1.5341907441616058 1677
1746710562239 1.5329000055789948 1678
1746710566844 1.5313551723957062 1679
1746711133968 1.7934079766273499 1680
1746711138617 1.7187389135360718 1681
1746711143307 1.6604334712028503 1682
1746711147985 1.6607487201690674 1683
1746711152660 1.6476635932922363 1684
1746711157359 1.6280327588319778 1685
1746711162041 1.6180667877197266 1686
1746711166739 1.6145617365837097 1687
1746711171420 1.6110116839408875 1688
1746711176054 1.6075958907604218 1689
1746711180729 1.6010947674512863 1690
1746711185422 1.590631753206253 1691
1746711190069 1.584105595946312 1692
1746711194712 1.5828412622213364 1693
1746711199406 1.5810186564922333 1694
1746711204055 1.577032744884491 1695
1746711208737 1.572935551404953 1696
1746711213420 1.5691614598035812 1697
1746711218105 1.5655886381864548 1698
1746711222983 1.5629474967718124 1699
1746711227658 1.561474546790123 1700
1746711232299 1.559796929359436 1701
1746711236921 1.556973159313202 1702
1746711241608 1.5536304414272308 1703
1746711246226 1.5510148406028748 1704
1746711250872 1.5490539968013763 1705
1746711255566 1.547202855348587 1706
1746711260269 1.5457302033901215 1707
1746711264958 1.5438953340053558 1708
1746711269642 1.5414943546056747 1709
1746711274264 1.53953717648983 1710
1746711278954 1.5381396412849426 1711
1746711283632 1.5366330742835999 1712
1746711288328 1.5349893420934677 1713
1746711293000 1.5333943665027618 1714
1746711297689 1.531688168644905 1715
1746711302347 1.530051663517952 1716
1746711306992 1.52871972322464 1717
1746711311893 1.5272942036390305 1718
1746711316534 1.5256519615650177 1719
1746711888957 1.8091139942407608 1720
1746711893620 1.7142814695835114 1721
1746711898315 1.6577451974153519 1722
1746711902984 1.6603870391845703 1723
1746711907641 1.6465360820293427 1724
1746711912289 1.6252176761627197 1725
1746711916929 1.6129290163516998 1726
1746711921561 1.6084453612565994 1727
1746711926245 1.6066791713237762 1728
1746711930899 1.6045371294021606 1729
1746711935581 1.5979629307985306 1730
1746711940256 1.5868492424488068 1731
1746711944909 1.5793544352054596 1732
1746711949600 1.577715277671814 1733
1746711954273 1.5758845806121826 1734
1746711958944 1.572049006819725 1735
1746711963619 1.5680595934391022 1736
1746711968301 1.5646733343601227 1737
1746711972958 1.5612825602293015 1738
1746711977859 1.5579280704259872 1739
1746711982522 1.5556377917528152 1740
1746711987202 1.5539959073066711 1741
1746711991842 1.55158069729805 1742
1746711996441 1.5482592284679413 1743
1746712001033 1.5454528629779816 1744
1746712005599 1.543561264872551 1745
1746712010247 1.5417945086956024 1746
1746712014878 1.5399658977985382 1747
1746712019550 1.5380080938339233 1748
1746712024190 1.5360704809427261 1749
1746712028837 1.5340656042099 1750
1746712033489 1.5322314351797104 1751
1746712038163 1.5308080911636353 1752
1746712042809 1.5295203030109406 1753
1746712047466 1.527870073914528 1754
1746712052133 1.5259650200605392 1755
1746712056823 1.524323970079422 1756
1746712061510 1.5230401158332825 1757
1746712066438 1.521633967757225 1758
1746712071114 1.5201203525066376 1759
1746712642588 1.83080093562603 1760
1746712647218 1.7329548001289368 1761
1746712651929 1.6658593267202377 1762
1746712656617 1.6641117483377457 1763
1746712661249 1.6525511741638184 1764
1746712665883 1.629994422197342 1765
1746712670616 1.617484375834465 1766
1746712675305 1.6129642724990845 1767
1746712680015 1.609823539853096 1768
1746712684678 1.6068294495344162 1769
1746712689375 1.6013051122426987 1770
1746712694093 1.5908284187316895 1771
1746712698812 1.5813235938549042 1772
1746712703526 1.5776727497577667 1773
1746712708256 1.5760209560394287 1774
1746712712938 1.572676345705986 1775
1746712717607 1.5687718242406845 1776
1746712722296 1.5654571801424026 1777
1746712726980 1.562113881111145 1778
1746712731906 1.558551549911499 1779
1746712736593 1.5554911494255066 1780
1746712741232 1.5532575100660324 1781
1746712745900 1.5508422255516052 1782
1746712750566 1.5477648824453354 1783
1746712755208 1.5449358373880386 1784
1746712759887 1.5431323647499084 1785
1746712764581 1.54116889834404 1786
1746712769249 1.5387108027935028 1787
1746712773936 1.5367035567760468 1788
1746712778587 1.534924954175949 1789
1746712783255 1.5327854454517365 1790
1746712787916 1.5307839959859848 1791
1746712792561 1.5293089598417282 1792
1746712797207 1.5279521942138672 1793
1746712801888 1.5262528359889984 1794
1746712806548 1.5244797766208649 1795
1746712811245 1.5227221697568893 1796
1746712815903 1.5211350321769714 1797
1746712820834 1.5198144763708115 1798
1746712825507 1.5184799581766129 1799
1746713393831 1.8544146865606308 1800
1746713398530 1.7338411062955856 1801
1746713403268 1.6715712696313858 1802
1746713407954 1.6703541725873947 1803
1746713412639 1.6544028967618942 1804
1746713417320 1.6314818412065506 1805
1746713421998 1.619114488363266 1806
1746713426634 1.613706260919571 1807
1746713431317 1.6097922772169113 1808
1746713435982 1.607316642999649 1809
1746713440652 1.602334439754486 1810
1746713445323 1.592095360159874 1811
1746713449943 1.582577034831047 1812
1746713454568 1.5782341063022614 1813
1746713459245 1.5758013874292374 1814
1746713463935 1.5721928179264069 1815
1746713468579 1.5684789568185806 1816
1746713473250 1.5649678409099579 1817
1746713477901 1.5611864924430847 1818
1746713482751 1.557747259736061 1819
1746713487687 1.5548795461654663 1820
1746713492282 1.5522609055042267 1821
1746713496957 1.5496859103441238 1822
1746713501598 1.5466581881046295 1823
1746713506221 1.5438367277383804 1824
1746713510904 1.5417324006557465 1825
1746713515616 1.5393749922513962 1826
1746713520299 1.536820724606514 1827
1746713525027 1.5348774790763855 1828
1746713529739 1.533011257648468 1829
1746713534441 1.5310497283935547 1830
1746713539139 1.5291885286569595 1831
1746713543840 1.5274951606988907 1832
1746713548531 1.5258427560329437 1833
1746713553166 1.5241056680679321 1834
1746713557813 1.5224497020244598 1835
1746713562502 1.5206313133239746 1836
1746713567169 1.5189109295606613 1837
1746713572136 1.5174787789583206 1838
1746713576825 1.5159428864717484 1839
1746714149343 1.8584516644477844 1840
1746714154050 1.6920988112688065 1841
1746714158741 1.6513926535844803 1842
1746714163479 1.6378807574510574 1843
1746714168164 1.6326202750205994 1844
1746714172865 1.629868060350418 1845
1746714177520 1.6230934262275696 1846
1746714182246 1.612644761800766 1847
1746714186888 1.6026616990566254 1848
1746714191578 1.595284879207611 1849
1746714196241 1.5903099030256271 1850
1746714201226 1.5867494493722916 1851
1746714205542 1.5839825570583344 1852
1746714210536 1.581776350736618 1853
1746714215258 1.5785666406154633 1854
1746714219965 1.5738850831985474 1855
1746714224612 1.5690018683671951 1856
1746714229261 1.5651120096445084 1857
1746714233877 1.562241569161415 1858
1746714238742 1.5598381757736206 1859
1746714243402 1.5574640929698944 1860
1746714248030 1.555243507027626 1861
1746714252702 1.5530057847499847 1862
1746714257355 1.5508053004741669 1863
1746714261981 1.5486951917409897 1864
1746714266642 1.5468173176050186 1865
1746714271330 1.545012041926384 1866
1746714275962 1.5432461500167847 1867
1746714280632 1.5415281355381012 1868
1746714285284 1.539587140083313 1869
1746714289974 1.537799060344696 1870
1746714294615 1.5361736863851547 1871
1746714299287 1.534610390663147 1872
1746714303984 1.5331491827964783 1873
1746714308646 1.5317042917013168 1874
1746714313350 1.5304313600063324 1875
1746714318030 1.5292545855045319 1876
1746714322688 1.5277943015098572 1877
1746714327564 1.5264383852481842 1878
1746714332235 1.5252407938241959 1879
1746714904089 1.6919557750225067 1880
1746714908755 1.6386142671108246 1881
1746714913441 1.6170535385608673 1882
1746714918068 1.6088655889034271 1883
1746714922775 1.6042898446321487 1884
1746714927472 1.594534918665886 1885
1746714932178 1.5860029458999634 1886
1746714936907 1.580657497048378 1887
1746714941635 1.576255202293396 1888
1746714946342 1.5729669332504272 1889
1746714951036 1.5694899708032608 1890
1746714955761 1.5646838247776031 1891
1746714960470 1.5604188293218613 1892
1746714965220 1.5575261265039444 1893
1746714969933 1.5550422966480255 1894
1746714974682 1.5522641092538834 1895
1746714979422 1.549275740981102 1896
1746714984184 1.5467510223388672 1897
1746714988887 1.5446341633796692 1898
1746714993788 1.542729675769806 1899
1746714998762 1.5407493263483047 1900
1746715003189 1.538795843720436 1901
1746715008175 1.5368356108665466 1902
1746715012908 1.5348071157932281 1903
1746715017614 1.5328816324472427 1904
1746715022326 1.5312232077121735 1905
1746715027114 1.5296962410211563 1906
1746715031846 1.528045803308487 1907
1746715036527 1.5263980031013489 1908
1746715041244 1.5248300284147263 1909
1746715045963 1.5233830660581589 1910
1746715050654 1.5219489634037018 1911
1746715055425 1.5205908715724945 1912
1746715060134 1.5192906558513641 1913
1746715064877 1.5180255621671677 1914
1746715069585 1.516576573252678 1915
1746715074290 1.5153279900550842 1916
1746715079000 1.5140400975942612 1917
1746715083932 1.5127952992916107 1918
1746715088620 1.511650174856186 1919
1746715661919 1.6968028843402863 1920
1746715666522 1.6344866156578064 1921
1746715671209 1.616517335176468 1922
1746715675918 1.6073769181966782 1923
1746715680611 1.6011717319488525 1924
1746715685298 1.5908566862344742 1925
1746715690266 1.5820645540952682 1926
1746715694638 1.576685220003128 1927
1746715699580 1.5725502222776413 1928
1746715704286 1.569241151213646 1929
1746715708957 1.5651242583990097 1930
1746715713661 1.5600006580352783 1931
1746715718357 1.5558790266513824 1932
1746715723061 1.5530667304992676 1933
1746715727813 1.550578996539116 1934
1746715732524 1.5478218346834183 1935
1746715737114 1.5448690056800842 1936
1746715741712 1.5420313626527786 1937
1746715746274 1.5396849513053894 1938
1746715751083 1.5378593504428864 1939
1746715755706 1.5360844731330872 1940
1746715760265 1.5340976417064667 1941
1746715764902 1.532019317150116 1942
1746715769546 1.5299013704061508 1943
1746715774139 1.527893841266632 1944
1746715778714 1.5262531489133835 1945
1746715783288 1.5247532576322556 1946
1746715787849 1.5231743156909943 1947
1746715792442 1.5214814394712448 1948
1746715797040 1.5200246572494507 1949
1746715801610 1.518622726202011 1950
1746715806195 1.517139732837677 1951
1746715810763 1.5157231241464615 1952
1746715815323 1.5144497007131577 1953
1746715819862 1.5130614638328552 1954
1746715824444 1.51168991625309 1955
1746715829017 1.510477364063263 1956
1746715833608 1.5092238634824753 1957
1746715838411 1.5079725682735443 1958
1746715842975 1.506790041923523 1959
