1746680406981 0.005 0
1746680411255 0.005 1
1746680415555 0.005 2
1746680420098 0.005 3
1746680424379 0.005 4
1746680428664 0.005 5
1746680433169 0.005 6
1746680437452 0.005 7
1746680441735 0.005 8
1746680445994 0.005 9
1746680450528 0.005 10
1746680454774 0.005 11
1746680459105 0.005 12
1746680463653 0.005 13
1746680467933 0.005 14
1746680472251 0.005 15
1746680476527 0.005 16
1746680481102 0.005 17
1746680485416 0.005 18
1746680489942 0.005 19
1746680494487 0.005 20
1746680498784 0.005 21
1746680503057 0.005 22
1746680507607 0.005 23
1746680511866 0.005 24
1746680516170 0.005 25
1746680520441 0.005 26
1746680524956 0.005 27
1746680529214 0.005 28
1746680533477 0.005 29
1746680537985 0.005 30
1746680542292 0.005 31
1746680546578 0.005 32
1746680550852 0.005 33
1746680555377 0.005 34
1746680559675 0.005 35
1746680563962 0.005 36
1746680568480 0.005 37
1746680572956 0.005 38
1746680577216 0.005 39
1746681119498 0.005 40
1746681123789 0.005 41
1746681128076 0.005 42
1746681132390 0.005 43
1746681136684 0.005 44
1746681141019 0.005 45
1746681145271 0.005 46
1746681149543 0.005 47
1746681153804 0.005 48
1746681158075 0.005 49
1746681162343 0.005 50
1746681166619 0.005 51
1746681170883 0.005 52
1746681175183 0.005 53
1746681179457 0.005 54
1746681183748 0.005 55
1746681187994 0.005 56
1746681192282 0.005 57
1746681196540 0.005 58
1746681201072 0.005 59
1746681205375 0.005 60
1746681209693 0.005 61
1746681214031 0.005 62
1746681218339 0.005 63
1746681222629 0.005 64
1746681226923 0.005 65
1746681231237 0.005 66
1746681235565 0.005 67
1746681239910 0.005 68
1746681244234 0.005 69
1746681248597 0.005 70
1746681252918 0.005 71
1746681257258 0.005 72
1746681261610 0.005 73
1746681265942 0.005 74
1746681270320 0.005 75
1746681274660 0.005 76
1746681278989 0.005 77
1746681283525 0.005 78
1746681287852 0.005 79
1746681822256 0.005 80
1746681826557 0.005 81
1746681830940 0.005 82
1746681835314 0.005 83
1746681839697 0.005 84
1746681844114 0.005 85
1746681848767 0.005 86
1746681852819 0.005 87
1746681857514 0.005 88
1746681861577 0.005 89
1746681866253 0.005 90
1746681870666 0.005 91
1746681875108 0.005 92
1746681879515 0.005 93
1746681883915 0.005 94
1746681888273 0.005 95
1746681892659 0.005 96
1746681897066 0.005 97
1746681901497 0.005 98
1746681906098 0.005 99
1746681910506 0.005 100
1746681914938 0.005 101
1746681919349 0.005 102
1746681923780 0.005 103
1746681928195 0.005 104
1746681932570 0.005 105
1746681936913 0.005 106
1746681941339 0.005 107
1746681945744 0.005 108
1746681950160 0.005 109
1746681954553 0.005 110
1746681958991 0.005 111
1746681963396 0.005 112
1746681967788 0.005 113
1746681972190 0.005 114
1746681976568 0.005 115
1746681980951 0.005 116
1746681985320 0.005 117
1746681989913 0.005 118
1746681994321 0.005 119
1746682531830 0.005 120
1746682536215 0.005 121
1746682540593 0.005 122
1746682545011 0.005 123
1746682549418 0.005 124
1746682553845 0.005 125
1746682558244 0.005 126
1746682562662 0.005 127
1746682567090 0.005 128
1746682571527 0.005 129
1746682575932 0.005 130
1746682580320 0.005 131
1746682584691 0.005 132
1746682589042 0.005 133
1746682593442 0.005 134
1746682597800 0.005 135
1746682602178 0.005 136
1746682606531 0.005 137
1746682610878 0.005 138
1746682615735 0.005 139
1746682620159 0.005 140
1746682624565 0.005 141
1746682628957 0.005 142
1746682633368 0.005 143
1746682637786 0.005 144
1746682642225 0.005 145
1746682646612 0.005 146
1746682650997 0.005 147
1746682655413 0.005 148
1746682659833 0.005 149
1746682664239 0.005 150
1746682668641 0.005 151
1746682673038 0.005 152
1746682677413 0.005 153
1746682681809 0.005 154
1746682686183 0.005 155
1746682690580 0.005 156
1746682695005 0.005 157
1746682699617 0.005 158
1746682703957 0.005 159
1746683243643 0.005 160
1746683248058 0.005 161
1746683252479 0.005 162
1746683256849 0.005 163
1746683261266 0.005 164
1746683265717 0.005 165
1746683270146 0.005 166
1746683274566 0.005 167
1746683278996 0.005 168
1746683283400 0.005 169
1746683287784 0.005 170
1746683292216 0.005 171
1746683296644 0.005 172
1746683301066 0.005 173
1746683305503 0.005 174
1746683309924 0.005 175
1746683314371 0.005 176
1746683318780 0.005 177
1746683323221 0.005 178
1746683327824 0.005 179
1746683332203 0.005 180
1746683336604 0.005 181
1746683340991 0.005 182
1746683345391 0.005 183
1746683349749 0.005 184
1746683354176 0.005 185
1746683358566 0.005 186
1746683362989 0.005 187
1746683367431 0.005 188
1746683371869 0.005 189
1746683376306 0.005 190
1746683380752 0.005 191
1746683385189 0.005 192
1746683389581 0.005 193
1746683394005 0.005 194
1746683398425 0.005 195
1746683402837 0.005 196
1746683407245 0.005 197
1746683411891 0.005 198
1746683416338 0.005 199
1746683957722 0.005 200
1746683962148 0.005 201
1746683966619 0.005 202
1746683971084 0.005 203
1746683975544 0.005 204
1746683980025 0.005 205
1746683984477 0.005 206
1746683988901 0.005 207
1746683993408 0.005 208
1746683997889 0.005 209
1746684002358 0.005 210
1746684006837 0.005 211
1746684011312 0.005 212
1746684015767 0.005 213
1746684020194 0.005 214
1746684024677 0.005 215
1746684029144 0.005 216
1746684033602 0.005 217
1746684038059 0.005 218
1746684042720 0.005 219
1746684047184 0.005 220
1746684051629 0.005 221
1746684056049 0.005 222
1746684060449 0.005 223
1746684064902 0.005 224
1746684069349 0.005 225
1746684073842 0.005 226
1746684078330 0.005 227
1746684082797 0.005 228
1746684087295 0.005 229
1746684091762 0.005 230
1746684096203 0.005 231
1746684100633 0.005 232
1746684105109 0.005 233
1746684109572 0.005 234
1746684114093 0.005 235
1746684118595 0.005 236
1746684123091 0.005 237
1746684127811 0.005 238
1746684132276 0.005 239
1746684679439 0.005 240
1746684683889 0.005 241
1746684688355 0.005 242
1746684692808 0.005 243
1746684697248 0.005 244
1746684701742 0.005 245
1746684706219 0.005 246
1746684710627 0.005 247
1746684715044 0.005 248
1746684719466 0.005 249
1746684723908 0.005 250
1746684728329 0.005 251
1746684732764 0.005 252
1746684737222 0.005 253
1746684741712 0.005 254
1746684746193 0.005 255
1746684750641 0.005 256
1746684755101 0.005 257
1746684759536 0.005 258
1746684764218 0.005 259
1746684768648 0.005 260
1746684773068 0.005 261
1746684777487 0.005 262
1746684781935 0.005 263
1746684786358 0.005 264
1746684790789 0.005 265
1746684795239 0.005 266
1746684799685 0.005 267
1746684804134 0.005 268
1746684808552 0.005 269
1746684812992 0.005 270
1746684817414 0.005 271
1746684821855 0.005 272
1746684826298 0.005 273
1746684830748 0.005 274
1746684835180 0.005 275
1746684839620 0.005 276
1746684844101 0.005 277
1746684848812 0.005 278
1746684853271 0.005 279
1746685399530 0.005 280
1746685404015 0.005 281
1746685408510 0.005 282
1746685413004 0.005 283
1746685417464 0.005 284
1746685421941 0.005 285
1746685426461 0.005 286
1746685430976 0.005 287
1746685435482 0.005 288
1746685439988 0.005 289
1746685444469 0.005 290
1746685448983 0.005 291
1746685453479 0.005 292
1746685457956 0.005 293
1746685462414 0.005 294
1746685466963 0.005 295
1746685471465 0.005 296
1746685476004 0.005 297
1746685480508 0.005 298
1746685485213 0.005 299
1746685489998 0.005 300
1746685494474 0.005 301
1746685498963 0.005 302
1746685503451 0.005 303
1746685507933 0.005 304
1746685512429 0.005 305
1746685516951 0.005 306
1746685521401 0.005 307
1746685525946 0.005 308
1746685530445 0.005 309
1746685534939 0.005 310
1746685539408 0.005 311
1746685543896 0.005 312
1746685548402 0.005 313
1746685552884 0.005 314
1746685557308 0.005 315
1746685561753 0.005 316
1746685566281 0.005 317
1746685570959 0.005 318
1746685575455 0.005 319
1746686121750 0.005 320
1746686126265 0.005 321
1746686130785 0.005 322
1746686135320 0.005 323
1746686139748 0.005 324
1746686144259 0.005 325
1746686148750 0.005 326
1746686153229 0.005 327
1746686157682 0.005 328
1746686162130 0.005 329
1746686166622 0.005 330
1746686171445 0.005 331
1746686175622 0.005 332
1746686180372 0.005 333
1746686184870 0.005 334
1746686189385 0.005 335
1746686193909 0.005 336
1746686198422 0.005 337
1746686202901 0.005 338
1746686207590 0.005 339
1746686212040 0.005 340
1746686216522 0.005 341
1746686220991 0.005 342
1746686225454 0.005 343
1746686229914 0.005 344
1746686234378 0.005 345
1746686238863 0.005 346
1746686243308 0.005 347
1746686247810 0.005 348
1746686252292 0.005 349
1746686256811 0.005 350
1746686261299 0.005 351
1746686265824 0.005 352
1746686270301 0.005 353
1746686274810 0.005 354
1746686279334 0.005 355
1746686283824 0.005 356
1746686288308 0.005 357
1746686293080 0.005 358
1746686297534 0.005 359
1746686846028 0.005 360
1746686850522 0.005 361
1746686855012 0.005 362
1746686859505 0.005 363
1746686863989 0.005 364
1746686868498 0.005 365
1746686872997 0.005 366
1746686877486 0.005 367
1746686881986 0.005 368
1746686886518 0.005 369
1746686890988 0.005 370
1746686895534 0.005 371
1746686900039 0.005 372
1746686904534 0.005 373
1746686909008 0.005 374
1746686913477 0.005 375
1746686917929 0.005 376
1746686922401 0.005 377
1746686926866 0.005 378
1746686931566 0.005 379
1746686936358 0.005 380
1746686940535 0.005 381
1746686945348 0.005 382
1746686949828 0.005 383
1746686954293 0.005 384
1746686958738 0.005 385
1746686963228 0.005 386
1746686967696 0.005 387
1746686972168 0.005 388
1746686976665 0.005 389
1746686981140 0.005 390
1746686985641 0.005 391
1746686990170 0.005 392
1746686994692 0.005 393
1746686999243 0.005 394
1746687003773 0.005 395
1746687008318 0.005 396
1746687012794 0.005 397
1746687017531 0.005 398
1746687022003 0.005 399
1746687574495 0.005 400
1746687579018 0.005 401
1746687583550 0.005 402
1746687588078 0.005 403
1746687592582 0.005 404
1746687597137 0.005 405
1746687602037 0.005 406
1746687606275 0.005 407
1746687611130 0.005 408
1746687615660 0.005 409
1746687620187 0.005 410
1746687624727 0.005 411
1746687629282 0.005 412
1746687633819 0.005 413
1746687638380 0.005 414
1746687642896 0.005 415
1746687647418 0.005 416
1746687651907 0.005 417
1746687656436 0.005 418
1746687661179 0.005 419
1746687665682 0.005 420
1746687670214 0.005 421
1746687674693 0.005 422
1746687679231 0.005 423
1746687683736 0.005 424
1746687688276 0.005 425
1746687692777 0.005 426
1746687697324 0.005 427
1746687701858 0.005 428
1746687706416 0.005 429
1746687710896 0.005 430
1746687715410 0.005 431
1746687719979 0.005 432
1746687724479 0.005 433
1746687729023 0.005 434
1746687733581 0.005 435
1746687738102 0.005 436
1746687742607 0.005 437
1746687747352 0.005 438
1746687751870 0.005 439
1746688304984 0.005 440
1746688309522 0.005 441
1746688314043 0.005 442
1746688318605 0.005 443
1746688323159 0.005 444
1746688327667 0.005 445
1746688332209 0.005 446
1746688336753 0.005 447
1746688341297 0.005 448
1746688345848 0.005 449
1746688350405 0.005 450
1746688354993 0.005 451
1746688359584 0.005 452
1746688364117 0.005 453
1746688368696 0.005 454
1746688373256 0.005 455
1746688377857 0.005 456
1746688382455 0.005 457
1746688387066 0.005 458
1746688391817 0.005 459
1746688396382 0.005 460
1746688400963 0.005 461
1746688405509 0.005 462
1746688410108 0.005 463
1746688414644 0.005 464
1746688419521 0.005 465
1746688423738 0.005 466
1746688428612 0.005 467
1746688433117 0.005 468
1746688437650 0.005 469
1746688442151 0.005 470
1746688446692 0.005 471
1746688451245 0.005 472
1746688455787 0.005 473
1746688460318 0.005 474
1746688464874 0.005 475
1746688469466 0.005 476
1746688474031 0.005 477
1746688478823 0.005 478
1746688483362 0.005 479
1746689039580 0.005 480
1746689044156 0.005 481
1746689048725 0.005 482
1746689053279 0.005 483
1746689057792 0.005 484
1746689062317 0.005 485
1746689066870 0.005 486
1746689071428 0.005 487
1746689076001 0.005 488
1746689080559 0.005 489
1746689085067 0.005 490
1746689089654 0.005 491
1746689094169 0.005 492
1746689098701 0.005 493
1746689103238 0.005 494
1746689107801 0.005 495
1746689112356 0.005 496
1746689116864 0.005 497
1746689121419 0.005 498
1746689126179 0.005 499
1746689131024 0.005 500
1746689135245 0.005 501
1746689140073 0.005 502
1746689144276 0.005 503
1746689149117 0.005 504
1746689153301 0.005 505
1746689158118 0.005 506
1746689162309 0.005 507
1746689167116 0.005 508
1746689171356 0.005 509
1746689176166 0.005 510
1746689180428 0.005 511
1746689185258 0.005 512
1746689189515 0.005 513
1746689194337 0.005 514
1746689198559 0.005 515
1746689203335 0.005 516
1746689207538 0.005 517
1746689212545 0.005 518
1746689217027 0.005 519
1746689772348 0.005 520
1746689776795 0.005 521
1746689781315 0.005 522
1746689785827 0.005 523
1746689790336 0.005 524
1746689794833 0.005 525
1746689799358 0.005 526
1746689803918 0.005 527
1746689808504 0.005 528
1746689813086 0.005 529
1746689817638 0.005 530
1746689822210 0.005 531
1746689826752 0.005 532
1746689831320 0.005 533
1746689835880 0.005 534
1746689840403 0.005 535
1746689844937 0.005 536
1746689849475 0.005 537
1746689854019 0.005 538
1746689858788 0.005 539
1746689863371 0.005 540
1746689867948 0.005 541
1746689872489 0.005 542
1746689877054 0.005 543
1746689881621 0.005 544
1746689886192 0.005 545
1746689890765 0.005 546
1746689895373 0.005 547
1746689899955 0.005 548
1746689904550 0.005 549
1746689909093 0.005 550
1746689913644 0.005 551
1746689918160 0.005 552
1746689922728 0.005 553
1746689927301 0.005 554
1746689931916 0.005 555
1746689936446 0.005 556
1746689941040 0.005 557
1746689945837 0.005 558
1746689950394 0.005 559
1746690505151 0.005 560
1746690509701 0.005 561
1746690514277 0.005 562
1746690518843 0.005 563
1746690523420 0.005 564
1746690528016 0.005 565
1746690532611 0.005 566
1746690537142 0.005 567
1746690541726 0.005 568
1746690546271 0.005 569
1746690550807 0.005 570
1746690555385 0.005 571
1746690559980 0.005 572
1746690564538 0.005 573
1746690569110 0.005 574
1746690573633 0.005 575
1746690578191 0.005 576
1746690582758 0.005 577
1746690587325 0.005 578
1746690592121 0.005 579
1746690596689 0.005 580
1746690601291 0.005 581
1746690605864 0.005 582
1746690610427 0.005 583
1746690614984 0.005 584
1746690619538 0.005 585
1746690624096 0.005 586
1746690628651 0.005 587
1746690633175 0.005 588
1746690637728 0.005 589
1746690642273 0.005 590
1746690646789 0.005 591
1746690651395 0.005 592
1746690655925 0.005 593
1746690660526 0.005 594
1746690665140 0.005 595
1746690669743 0.005 596
1746690674329 0.005 597
1746690679122 0.005 598
1746690683702 0.005 599
1746691240111 0.005 600
1746691244595 0.005 601
1746691249149 0.005 602
1746691253618 0.005 603
1746691258125 0.005 604
1746691262712 0.005 605
1746691267242 0.005 606
1746691271790 0.005 607
1746691276432 0.005 608
1746691281014 0.005 609
1746691285533 0.005 610
1746691290098 0.005 611
1746691294677 0.005 612
1746691299211 0.005 613
1746691303772 0.005 614
1746691308330 0.005 615
1746691312859 0.005 616
1746691317366 0.005 617
1746691321908 0.005 618
1746691326650 0.005 619
1746691331213 0.005 620
1746691335726 0.005 621
1746691340274 0.005 622
1746691344784 0.005 623
1746691349280 0.005 624
1746691353797 0.005 625
1746691358299 0.005 626
1746691362820 0.005 627
1746691367341 0.005 628
1746691371847 0.005 629
1746691376331 0.005 630
1746691380839 0.005 631
1746691385332 0.005 632
1746691389836 0.005 633
1746691394369 0.005 634
1746691398929 0.005 635
1746691403494 0.005 636
1746691408020 0.005 637
1746691412778 0.005 638
1746691417278 0.005 639
1746691969648 0.005 640
1746691974148 0.005 641
1746691978644 0.005 642
1746691983210 0.005 643
1746691987794 0.005 644
1746691992410 0.005 645
1746691997012 0.005 646
1746692001583 0.005 647
1746692006159 0.005 648
1746692010718 0.005 649
1746692015287 0.005 650
1746692019883 0.005 651
1746692024471 0.005 652
1746692029090 0.005 653
1746692033627 0.005 654
1746692038119 0.005 655
1746692042626 0.005 656
1746692047113 0.005 657
1746692051687 0.005 658
1746692056514 0.005 659
1746692061421 0.005 660
1746692066033 0.005 661
1746692070629 0.005 662
1746692075236 0.005 663
1746692079865 0.005 664
1746692084453 0.005 665
1746692089077 0.005 666
1746692093706 0.005 667
1746692098292 0.005 668
1746692102873 0.005 669
1746692107494 0.005 670
1746692112094 0.005 671
1746692116692 0.005 672
1746692121251 0.005 673
1746692125827 0.005 674
1746692130386 0.005 675
1746692134993 0.005 676
1746692139571 0.005 677
1746692144404 0.005 678
1746692148987 0.005 679
1746692706194 0.005 680
1746692710757 0.005 681
1746692715335 0.005 682
1746692719918 0.005 683
1746692724467 0.005 684
1746692729077 0.005 685
1746692733666 0.005 686
1746692738264 0.005 687
1746692742826 0.005 688
1746692747380 0.005 689
1746692751933 0.005 690
1746692756810 0.005 691
1746692761038 0.005 692
1746692765825 0.005 693
1746692770321 0.005 694
1746692774872 0.005 695
1746692779394 0.005 696
1746692783982 0.005 697
1746692788519 0.005 698
1746692793339 0.005 699
1746692797926 0.005 700
1746692802471 0.005 701
1746692806961 0.005 702
1746692811499 0.005 703
1746692816057 0.005 704
1746692820575 0.005 705
1746692825170 0.005 706
1746692829726 0.005 707
1746692834289 0.005 708
1746692838851 0.005 709
1746692843454 0.005 710
1746692848071 0.005 711
1746692852651 0.005 712
1746692857144 0.005 713
1746692861671 0.005 714
1746692866170 0.005 715
1746692870724 0.005 716
1746692875232 0.005 717
1746692879982 0.005 718
1746692884443 0.005 719
1746693438912 0.005 720
1746693443457 0.005 721
1746693447955 0.005 722
1746693452500 0.005 723
1746693456991 0.005 724
1746693461496 0.005 725
1746693465974 0.005 726
1746693470473 0.005 727
1746693474987 0.005 728
1746693479472 0.005 729
1746693483976 0.005 730
1746693488515 0.005 731
1746693493007 0.005 732
1746693497528 0.005 733
1746693502058 0.005 734
1746693506558 0.005 735
1746693511061 0.005 736
1746693515591 0.005 737
1746693520102 0.005 738
1746693524851 0.005 739
1746693529674 0.005 740
1746693533934 0.005 741
1746693538786 0.005 742
1746693543346 0.005 743
1746693547878 0.005 744
1746693552373 0.005 745
1746693556906 0.005 746
1746693561432 0.005 747
1746693565953 0.005 748
1746693570486 0.005 749
1746693575012 0.005 750
1746693579531 0.005 751
1746693584093 0.005 752
1746693588605 0.005 753
1746693593162 0.005 754
1746693597714 0.005 755
1746693602262 0.005 756
1746693606785 0.005 757
1746693611540 0.005 758
1746693616096 0.005 759
1746694168852 0.005 760
1746694173362 0.005 761
1746694177901 0.005 762
1746694182421 0.005 763
1746694186970 0.005 764
1746694191539 0.005 765
1746694196397 0.005 766
1746694200622 0.005 767
1746694205489 0.005 768
1746694210002 0.005 769
1746694214567 0.005 770
1746694219083 0.005 771
1746694223630 0.005 772
1746694228150 0.005 773
1746694232667 0.005 774
1746694237159 0.005 775
1746694241681 0.005 776
1746694246247 0.005 777
1746694250801 0.005 778
1746694255528 0.005 779
1746694260048 0.005 780
1746694264578 0.005 781
1746694269076 0.005 782
1746694273605 0.005 783
1746694278143 0.005 784
1746694282652 0.005 785
1746694287154 0.005 786
1746694291670 0.005 787
1746694296163 0.005 788
1746694300676 0.005 789
1746694305210 0.005 790
1746694309713 0.005 791
1746694314204 0.005 792
1746694318695 0.005 793
1746694323203 0.005 794
1746694327698 0.005 795
1746694332196 0.005 796
1746694336728 0.005 797
1746694341475 0.005 798
1746694346023 0.005 799
1746694899919 0.005 800
1746694904444 0.005 801
1746694909001 0.005 802
1746694913559 0.005 803
1746694918117 0.005 804
1746694922649 0.005 805
1746694927230 0.005 806
1746694931787 0.005 807
1746694936334 0.005 808
1746694940840 0.005 809
1746694945405 0.005 810
1746694949926 0.005 811
1746694954457 0.005 812
1746694958943 0.005 813
1746694963504 0.005 814
1746694968053 0.005 815
1746694972588 0.005 816
1746694977139 0.005 817
1746694981682 0.005 818
1746694986432 0.005 819
1746694990944 0.005 820
1746694995476 0.005 821
1746694999973 0.005 822
1746695004532 0.005 823
1746695009048 0.005 824
1746695013909 0.005 825
1746695018119 0.005 826
1746695022924 0.005 827
1746695027429 0.005 828
1746695031958 0.005 829
1746695036476 0.005 830
1746695040998 0.005 831
1746695045530 0.005 832
1746695050041 0.005 833
1746695054552 0.005 834
1746695059081 0.005 835
1746695063603 0.005 836
1746695068131 0.005 837
1746695072867 0.005 838
1746695077377 0.005 839
1746695628582 0.005 840
1746695633093 0.005 841
1746695637617 0.005 842
1746695642134 0.005 843
1746695646661 0.005 844
1746695651187 0.005 845
1746695655729 0.005 846
1746695660225 0.005 847
1746695664747 0.005 848
1746695669266 0.005 849
1746695673773 0.005 850
1746695678327 0.005 851
1746695682824 0.005 852
1746695687371 0.005 853
1746695691876 0.005 854
1746695696417 0.005 855
1746695700929 0.005 856
1746695705471 0.005 857
1746695710004 0.005 858
1746695714767 0.005 859
1746695719576 0.005 860
1746695723769 0.005 861
1746695728580 0.005 862
1746695732779 0.005 863
1746695737592 0.005 864
1746695741804 0.005 865
1746695746634 0.005 866
1746695750824 0.005 867
1746695755659 0.005 868
1746695759836 0.005 869
1746695764673 0.005 870
1746695768879 0.005 871
1746695773667 0.005 872
1746695777851 0.005 873
1746695782646 0.005 874
1746695786875 0.005 875
1746695791671 0.005 876
1746695795914 0.005 877
1746695800955 0.005 878
1746695805504 0.005 879
1746696357296 0.005 880
1746696361775 0.005 881
1746696366315 0.005 882
1746696370819 0.005 883
1746696375339 0.005 884
1746696379853 0.005 885
1746696384346 0.005 886
1746696388832 0.005 887
1746696393347 0.005 888
1746696397872 0.005 889
1746696402365 0.005 890
1746696406894 0.005 891
1746696411446 0.005 892
1746696415990 0.005 893
1746696420504 0.005 894
1746696425028 0.005 895
1746696429555 0.005 896
1746696434061 0.005 897
1746696438575 0.005 898
1746696443317 0.005 899
1746696447854 0.005 900
1746696452378 0.005 901
1746696456898 0.005 902
1746696461429 0.005 903
1746696465952 0.005 904
1746696470453 0.005 905
1746696474960 0.005 906
1746696479501 0.005 907
1746696484008 0.005 908
1746696488566 0.005 909
1746696493068 0.005 910
1746696497604 0.005 911
1746696502132 0.005 912
1746696506630 0.005 913
1746696511118 0.005 914
1746696515659 0.005 915
1746696520151 0.005 916
1746696524662 0.005 917
1746696529384 0.005 918
1746696533858 0.005 919
1746697086032 0.005 920
1746697090534 0.005 921
1746697095066 0.005 922
1746697099575 0.005 923
1746697104074 0.005 924
1746697108594 0.005 925
1746697113107 0.005 926
1746697117672 0.005 927
1746697122229 0.005 928
1746697126780 0.005 929
1746697131313 0.005 930
1746697135871 0.005 931
1746697140427 0.005 932
1746697144927 0.005 933
1746697149501 0.005 934
1746697154015 0.005 935
1746697158574 0.005 936
1746697163110 0.005 937
1746697167668 0.005 938
1746697172411 0.005 939
1746697176975 0.005 940
1746697181484 0.005 941
1746697186018 0.005 942
1746697190519 0.005 943
1746697195042 0.005 944
1746697199571 0.005 945
1746697204108 0.005 946
1746697208643 0.005 947
1746697213133 0.005 948
1746697217687 0.005 949
1746697222200 0.005 950
1746697226746 0.005 951
1746697231259 0.005 952
1746697235749 0.005 953
1746697240244 0.005 954
1746697244766 0.005 955
1746697249294 0.005 956
1746697253779 0.005 957
1746697258579 0.005 958
1746697263116 0.005 959
1746697816076 0.005 960
1746697820624 0.005 961
1746697825197 0.005 962
1746697829751 0.005 963
1746697834267 0.005 964
1746697838825 0.005 965
1746697843342 0.005 966
1746697847877 0.005 967
1746697852408 0.005 968
1746697856923 0.005 969
1746697861445 0.005 970
1746697865965 0.005 971
1746697870501 0.005 972
1746697875046 0.005 973
1746697879588 0.005 974
1746697884077 0.005 975
1746697888600 0.005 976
1746697893116 0.005 977
1746697897612 0.005 978
1746697902314 0.005 979
1746697906810 0.005 980
1746697911314 0.005 981
1746697915836 0.005 982
1746697920379 0.005 983
1746697924935 0.005 984
1746697929481 0.005 985
1746697934021 0.005 986
1746697938539 0.005 987
1746697943032 0.005 988
1746697947531 0.005 989
1746697952032 0.005 990
1746697956536 0.005 991
1746697961080 0.005 992
1746697965585 0.005 993
1746697970125 0.005 994
1746697974608 0.005 995
1746697979109 0.005 996
1746697983567 0.005 997
1746697988254 0.005 998
1746697992704 0.005 999
1746698545096 0.005 1000
1746698549661 0.005 1001
1746698554232 0.005 1002
1746698558773 0.005 1003
1746698563290 0.005 1004
1746698567817 0.005 1005
1746698572329 0.005 1006
1746698576862 0.005 1007
1746698581373 0.005 1008
1746698585909 0.005 1009
1746698590469 0.005 1010
1746698594983 0.005 1011
1746698599486 0.005 1012
1746698603998 0.005 1013
1746698608542 0.005 1014
1746698613082 0.005 1015
1746698617601 0.005 1016
1746698622160 0.005 1017
1746698626654 0.005 1018
1746698631436 0.005 1019
1746698636296 0.005 1020
1746698640853 0.005 1021
1746698645395 0.005 1022
1746698649965 0.005 1023
1746698654493 0.005 1024
1746698659032 0.005 1025
1746698663575 0.005 1026
1746698668091 0.005 1027
1746698672636 0.005 1028
1746698677149 0.005 1029
1746698681723 0.005 1030
1746698686240 0.005 1031
1746698690810 0.005 1032
1746698695288 0.005 1033
1746698699844 0.005 1034
1746698704387 0.005 1035
1746698708928 0.005 1036
1746698713459 0.005 1037
1746698718219 0.005 1038
1746698722731 0.005 1039
1746699276707 0.005 1040
1746699281233 0.005 1041
1746699285744 0.005 1042
1746699290297 0.005 1043
1746699294812 0.005 1044
1746699299317 0.005 1045
1746699303824 0.005 1046
1746699308313 0.005 1047
1746699312819 0.005 1048
1746699317319 0.005 1049
1746699321819 0.005 1050
1746699326326 0.005 1051
1746699330884 0.005 1052
1746699335392 0.005 1053
1746699339927 0.005 1054
1746699344458 0.005 1055
1746699348988 0.005 1056
1746699353523 0.005 1057
1746699358054 0.005 1058
1746699362801 0.005 1059
1746699367320 0.005 1060
1746699371842 0.005 1061
1746699376336 0.005 1062
1746699380852 0.005 1063
1746699385331 0.005 1064
1746699390177 0.005 1065
1746699394381 0.005 1066
1746699399225 0.005 1067
1746699403731 0.005 1068
1746699408276 0.005 1069
1746699412797 0.005 1070
1746699417294 0.005 1071
1746699421853 0.005 1072
1746699426386 0.005 1073
1746699430936 0.005 1074
1746699435484 0.005 1075
1746699439979 0.005 1076
1746699444478 0.005 1077
1746699449223 0.005 1078
1746699453724 0.005 1079
1746700008236 0.005 1080
1746700012823 0.005 1081
1746700017384 0.005 1082
1746700021988 0.005 1083
1746700026538 0.005 1084
1746700031139 0.005 1085
1746700035698 0.005 1086
1746700040267 0.005 1087
1746700044881 0.005 1088
1746700049459 0.005 1089
1746700054023 0.005 1090
1746700058623 0.005 1091
1746700063249 0.005 1092
1746700067823 0.005 1093
1746700072441 0.005 1094
1746700077049 0.005 1095
1746700081675 0.005 1096
1746700086300 0.005 1097
1746700090890 0.005 1098
1746700095693 0.005 1099
1746700100599 0.005 1100
1746700104899 0.005 1101
1746700109765 0.005 1102
1746700114086 0.005 1103
1746700118918 0.005 1104
1746700123189 0.005 1105
1746700128043 0.005 1106
1746700132337 0.005 1107
1746700137241 0.005 1108
1746700141561 0.005 1109
1746700146403 0.005 1110
1746700150664 0.005 1111
1746700155545 0.005 1112
1746700159779 0.005 1113
1746700164661 0.005 1114
1746700168937 0.005 1115
1746700173805 0.005 1116
1746700178050 0.005 1117
1746700183206 0.005 1118
1746700187730 0.005 1119
1746700745141 0.005 1120
1746700749640 0.005 1121
1746700754204 0.005 1122
1746700758696 0.005 1123
1746700763273 0.005 1124
1746700767834 0.005 1125
1746700772358 0.005 1126
1746700776844 0.005 1127
1746700781411 0.005 1128
1746700785986 0.005 1129
1746700790538 0.005 1130
1746700795121 0.005 1131
1746700799676 0.005 1132
1746700804275 0.005 1133
1746700808890 0.005 1134
1746700813491 0.005 1135
1746700818044 0.005 1136
1746700822638 0.005 1137
1746700827198 0.005 1138
1746700831998 0.005 1139
1746700836592 0.005 1140
1746700841200 0.005 1141
1746700845724 0.005 1142
1746700850276 0.005 1143
1746700854840 0.005 1144
1746700859379 0.005 1145
1746700863986 0.005 1146
1746700868534 0.005 1147
1746700873131 0.005 1148
1746700877690 0.005 1149
1746700882235 0.005 1150
1746700886771 0.005 1151
1746700891328 0.005 1152
1746700895850 0.005 1153
1746700900369 0.005 1154
1746700904945 0.005 1155
1746700909468 0.005 1156
1746700914093 0.005 1157
1746700918908 0.005 1158
1746700923517 0.005 1159
1746701480663 0.005 1160
1746701485222 0.005 1161
1746701489783 0.005 1162
1746701494339 0.005 1163
1746701498876 0.005 1164
1746701503459 0.005 1165
1746701508010 0.005 1166
1746701512592 0.005 1167
1746701517218 0.005 1168
1746701521827 0.005 1169
1746701526423 0.005 1170
1746701531011 0.005 1171
1746701535591 0.005 1172
1746701540129 0.005 1173
1746701544733 0.005 1174
1746701549311 0.005 1175
1746701553916 0.005 1176
1746701558529 0.005 1177
1746701563144 0.005 1178
1746701567958 0.005 1179
1746701572566 0.005 1180
1746701577172 0.005 1181
1746701581763 0.005 1182
1746701586350 0.005 1183
1746701590886 0.005 1184
1746701595473 0.005 1185
1746701600080 0.005 1186
1746701604683 0.005 1187
1746701609276 0.005 1188
1746701613871 0.005 1189
1746701618409 0.005 1190
1746701622988 0.005 1191
1746701627535 0.005 1192
1746701632051 0.005 1193
1746701636581 0.005 1194
1746701641147 0.005 1195
1746701645711 0.005 1196
1746701650223 0.005 1197
1746701654976 0.005 1198
1746701659488 0.005 1199
1746702218282 0.005 1200
1746702222831 0.005 1201
1746702227460 0.005 1202
1746702232041 0.005 1203
1746702236677 0.005 1204
1746702241275 0.005 1205
1746702245885 0.005 1206
1746702250483 0.005 1207
1746702255091 0.005 1208
1746702259684 0.005 1209
1746702264297 0.005 1210
1746702268886 0.005 1211
1746702273521 0.005 1212
1746702278107 0.005 1213
1746702282718 0.005 1214
1746702287338 0.005 1215
1746702291828 0.005 1216
1746702296438 0.005 1217
1746702301014 0.005 1218
1746702305830 0.005 1219
1746702310388 0.005 1220
1746702314957 0.005 1221
1746702319526 0.005 1222
1746702324118 0.005 1223
1746702328752 0.005 1224
1746702333384 0.005 1225
1746702337970 0.005 1226
1746702342565 0.005 1227
1746702347149 0.005 1228
1746702351743 0.005 1229
1746702356345 0.005 1230
1746702360902 0.005 1231
1746702365519 0.005 1232
1746702370121 0.005 1233
1746702374758 0.005 1234
1746702379382 0.005 1235
1746702383990 0.005 1236
1746702388557 0.005 1237
1746702393380 0.005 1238
1746702397984 0.005 1239
1746702958003 0.005 1240
1746702962631 0.005 1241
1746702967281 0.005 1242
1746702971912 0.005 1243
1746702976491 0.005 1244
1746702981082 0.005 1245
1746702985660 0.005 1246
1746702990251 0.005 1247
1746702994807 0.005 1248
1746702999351 0.005 1249
1746703003905 0.005 1250
1746703008474 0.005 1251
1746703013015 0.005 1252
1746703017614 0.005 1253
1746703022166 0.005 1254
1746703026725 0.005 1255
1746703031258 0.005 1256
1746703035861 0.005 1257
1746703040448 0.005 1258
1746703045281 0.005 1259
1746703050211 0.005 1260
1746703054828 0.005 1261
1746703059396 0.005 1262
1746703063963 0.005 1263
1746703068575 0.005 1264
1746703073142 0.005 1265
1746703077799 0.005 1266
1746703082414 0.005 1267
1746703087039 0.005 1268
1746703091659 0.005 1269
1746703096263 0.005 1270
1746703100794 0.005 1271
1746703105383 0.005 1272
1746703109924 0.005 1273
1746703114469 0.005 1274
1746703119011 0.005 1275
1746703123595 0.005 1276
1746703128147 0.005 1277
1746703132918 0.005 1278
1746703137523 0.005 1279
1746703699287 0.005 1280
1746703703927 0.005 1281
1746703708541 0.005 1282
1746703713156 0.005 1283
1746703717779 0.005 1284
1746703722398 0.005 1285
1746703727039 0.005 1286
1746703731656 0.005 1287
1746703736279 0.005 1288
1746703740875 0.005 1289
1746703745456 0.005 1290
1746703750303 0.005 1291
1746703754544 0.005 1292
1746703759434 0.005 1293
1746703764016 0.005 1294
1746703768627 0.005 1295
1746703773225 0.005 1296
1746703777848 0.005 1297
1746703782432 0.005 1298
1746703787262 0.005 1299
1746703791891 0.005 1300
1746703796486 0.005 1301
1746703801111 0.005 1302
1746703805741 0.005 1303
1746703810383 0.005 1304
1746703814990 0.005 1305
1746703819586 0.005 1306
1746703824109 0.005 1307
1746703828708 0.005 1308
1746703833332 0.005 1309
1746703837946 0.005 1310
1746703842530 0.005 1311
1746703847157 0.005 1312
1746703851716 0.005 1313
1746703856318 0.005 1314
1746703860959 0.005 1315
1746703865584 0.005 1316
1746703870120 0.005 1317
1746703874904 0.005 1318
1746703879473 0.005 1319
1746704443546 0.005 1320
1746704448193 0.005 1321
1746704452834 0.005 1322
1746704457486 0.005 1323
1746704462100 0.005 1324
1746704466739 0.005 1325
1746704471336 0.005 1326
1746704475915 0.005 1327
1746704480528 0.005 1328
1746704485149 0.005 1329
1746704489784 0.005 1330
1746704494458 0.005 1331
1746704499059 0.005 1332
1746704503638 0.005 1333
1746704508277 0.005 1334
1746704512869 0.005 1335
1746704517475 0.005 1336
1746704522146 0.005 1337
1746704526802 0.005 1338
1746704531643 0.005 1339
1746704536624 0.005 1340
1746704540948 0.005 1341
1746704545896 0.005 1342
1746704550563 0.005 1343
1746704555192 0.005 1344
1746704559831 0.005 1345
1746704564481 0.005 1346
1746704569087 0.005 1347
1746704573639 0.005 1348
1746704578241 0.005 1349
1746704582830 0.005 1350
1746704587434 0.005 1351
1746704591986 0.005 1352
1746704596548 0.005 1353
1746704601124 0.005 1354
1746704605726 0.005 1355
1746704610357 0.005 1356
1746704614992 0.005 1357
1746704619844 0.005 1358
1746704624416 0.005 1359
1746705187178 0.005 1360
1746705191700 0.005 1361
1746705196303 0.005 1362
1746705200883 0.005 1363
1746705205459 0.005 1364
1746705210047 0.005 1365
1746705214904 0.005 1366
1746705219214 0.005 1367
1746705224089 0.005 1368
1746705228688 0.005 1369
1746705233263 0.005 1370
1746705237857 0.005 1371
1746705242458 0.005 1372
1746705247028 0.005 1373
1746705251682 0.005 1374
1746705256274 0.005 1375
1746705260923 0.005 1376
1746705265545 0.005 1377
1746705270189 0.005 1378
1746705275032 0.005 1379
1746705279626 0.005 1380
1746705284193 0.005 1381
1746705288747 0.005 1382
1746705293316 0.005 1383
1746705297899 0.005 1384
1746705302496 0.005 1385
1746705307075 0.005 1386
1746705311589 0.005 1387
1746705316128 0.005 1388
1746705320697 0.005 1389
1746705325285 0.005 1390
1746705329885 0.005 1391
1746705334451 0.005 1392
1746705339054 0.005 1393
1746705343595 0.005 1394
1746705348189 0.005 1395
1746705352738 0.005 1396
1746705357338 0.005 1397
1746705362180 0.005 1398
1746705366768 0.005 1399
1746705928957 0.005 1400
1746705933570 0.005 1401
1746705938192 0.005 1402
1746705942825 0.005 1403
1746705947449 0.005 1404
1746705952053 0.005 1405
1746705956597 0.005 1406
1746705961187 0.005 1407
1746705965803 0.005 1408
1746705970430 0.005 1409
1746705975046 0.005 1410
1746705979648 0.005 1411
1746705984287 0.005 1412
1746705988886 0.005 1413
1746705993496 0.005 1414
1746705998131 0.005 1415
1746706002750 0.005 1416
1746706007315 0.005 1417
1746706011958 0.005 1418
1746706016726 0.005 1419
1746706021316 0.005 1420
1746706025897 0.005 1421
1746706030445 0.005 1422
1746706035012 0.005 1423
1746706039594 0.005 1424
1746706044513 0.005 1425
1746706048802 0.005 1426
1746706053709 0.005 1427
1746706058298 0.005 1428
1746706062906 0.005 1429
1746706067468 0.005 1430
1746706072093 0.005 1431
1746706076673 0.005 1432
1746706081264 0.005 1433
1746706085769 0.005 1434
1746706090302 0.005 1435
1746706094774 0.005 1436
1746706099323 0.005 1437
1746706104110 0.005 1438
1746706108658 0.005 1439
1746706669239 0.005 1440
1746706673814 0.005 1441
1746706678414 0.005 1442
1746706682987 0.005 1443
1746706687574 0.005 1444
1746706692207 0.005 1445
1746706696796 0.005 1446
1746706701439 0.005 1447
1746706706089 0.005 1448
1746706710672 0.005 1449
1746706715257 0.005 1450
1746706719825 0.005 1451
1746706724402 0.005 1452
1746706729012 0.005 1453
1746706733635 0.005 1454
1746706738187 0.005 1455
1746706742745 0.005 1456
1746706747335 0.005 1457
1746706751873 0.005 1458
1746706756656 0.005 1459
1746706761513 0.005 1460
1746706765774 0.005 1461
1746706770646 0.005 1462
1746706774987 0.005 1463
1746706779928 0.005 1464
1746706784262 0.005 1465
1746706789190 0.005 1466
1746706793542 0.005 1467
1746706798438 0.005 1468
1746706802776 0.005 1469
1746706807679 0.005 1470
1746706812015 0.005 1471
1746706816948 0.005 1472
1746706821292 0.005 1473
1746706826200 0.005 1474
1746706830561 0.005 1475
1746706835437 0.005 1476
1746706839764 0.005 1477
1746706844895 0.005 1478
1746706849518 0.005 1479
1746707413085 0.005 1480
1746707417715 0.005 1481
1746707422353 0.005 1482
1746707426947 0.005 1483
1746707431558 0.005 1484
1746707436167 0.005 1485
1746707440798 0.005 1486
1746707445434 0.005 1487
1746707450097 0.005 1488
1746707454760 0.005 1489
1746707459399 0.005 1490
1746707464048 0.005 1491
1746707468680 0.005 1492
1746707473250 0.005 1493
1746707477842 0.005 1494
1746707482442 0.005 1495
1746707487058 0.005 1496
1746707491678 0.005 1497
1746707496317 0.005 1498
1746707501146 0.005 1499
1746707505784 0.005 1500
1746707510417 0.005 1501
1746707515077 0.005 1502
1746707519735 0.005 1503
1746707524371 0.005 1504
1746707529005 0.005 1505
1746707533650 0.005 1506
1746707538249 0.005 1507
1746707542820 0.005 1508
1746707547396 0.005 1509
1746707551952 0.005 1510
1746707556540 0.005 1511
1746707561114 0.005 1512
1746707565698 0.005 1513
1746707570268 0.005 1514
1746707574844 0.005 1515
1746707579398 0.005 1516
1746707583982 0.005 1517
1746707588768 0.005 1518
1746707593332 0.005 1519
1746708157566 0.005 1520
1746708162147 0.005 1521
1746708166793 0.005 1522
1746708171409 0.005 1523
1746708176051 0.005 1524
1746708180679 0.005 1525
1746708185280 0.005 1526
1746708189847 0.005 1527
1746708194441 0.005 1528
1746708199033 0.005 1529
1746708203655 0.005 1530
1746708208229 0.005 1531
1746708212873 0.005 1532
1746708217469 0.005 1533
1746708222102 0.005 1534
1746708226716 0.005 1535
1746708231356 0.005 1536
1746708235933 0.005 1537
1746708240544 0.005 1538
1746708245394 0.005 1539
1746708249988 0.005 1540
1746708254616 0.005 1541
1746708259239 0.005 1542
1746708263831 0.005 1543
1746708268423 0.005 1544
1746708273007 0.005 1545
1746708277559 0.005 1546
1746708282151 0.005 1547
1746708286736 0.005 1548
1746708291349 0.005 1549
1746708295967 0.005 1550
1746708300567 0.005 1551
1746708305230 0.005 1552
1746708309835 0.005 1553
1746708314438 0.005 1554
1746708319059 0.005 1555
1746708323683 0.005 1556
1746708328309 0.005 1557
1746708333177 0.005 1558
1746708338092 0.005 1559
1746708899442 0.0025 1560
1746708904043 0.0025 1561
1746708908649 0.0025 1562
1746708913216 0.0025 1563
1746708917764 0.0025 1564
1746708922353 0.0025 1565
1746708926901 0.0025 1566
1746708931463 0.0025 1567
1746708936060 0.0025 1568
1746708940624 0.0025 1569
1746708945220 0.0025 1570
1746708949837 0.0025 1571
1746708954412 0.0025 1572
1746708958968 0.0025 1573
1746708963543 0.0025 1574
1746708968098 0.0025 1575
1746708972682 0.0025 1576
1746708977302 0.0025 1577
1746708981900 0.0025 1578
1746708986736 0.0025 1579
1746708991314 0.0025 1580
1746708995921 0.0025 1581
1746709000541 0.0025 1582
1746709005199 0.0025 1583
1746709009824 0.0025 1584
1746709014440 0.0025 1585
1746709019037 0.0025 1586
1746709023642 0.0025 1587
1746709028244 0.0025 1588
1746709032850 0.0025 1589
1746709037418 0.0025 1590
1746709041960 0.0025 1591
1746709046547 0.0025 1592
1746709051140 0.0025 1593
1746709055745 0.0025 1594
1746709060333 0.0025 1595
1746709064929 0.0025 1596
1746709069492 0.0025 1597
1746709074350 0.0025 1598
1746709078947 0.0025 1599
1746709641991 0.0025 1600
1746709646617 0.0025 1601
1746709651223 0.0025 1602
1746709655867 0.0025 1603
1746709660470 0.0025 1604
1746709665104 0.0025 1605
1746709670007 0.0025 1606
1746709674329 0.0025 1607
1746709679270 0.0025 1608
1746709683548 0.0025 1609
1746709688411 0.0025 1610
1746709693008 0.0025 1611
1746709697590 0.0025 1612
1746709702132 0.0025 1613
1746709706807 0.0025 1614
1746709711431 0.0025 1615
1746709716086 0.0025 1616
1746709720665 0.0025 1617
1746709725284 0.0025 1618
1746709730088 0.0025 1619
1746709734694 0.0025 1620
1746709739281 0.0025 1621
1746709743889 0.0025 1622
1746709748486 0.0025 1623
1746709753088 0.0025 1624
1746709757726 0.0025 1625
1746709762379 0.0025 1626
1746709767030 0.0025 1627
1746709771614 0.0025 1628
1746709776309 0.0025 1629
1746709780917 0.0025 1630
1746709785564 0.0025 1631
1746709790217 0.0025 1632
1746709794827 0.0025 1633
1746709799437 0.0025 1634
1746709804066 0.0025 1635
1746709808665 0.0025 1636
1746709813251 0.0025 1637
1746709818057 0.0025 1638
1746709822548 0.0025 1639
1746710385981 0.0025 1640
1746710390547 0.0025 1641
1746710395131 0.0025 1642
1746710399706 0.0025 1643
1746710404318 0.0025 1644
1746710408977 0.0025 1645
1746710413605 0.0025 1646
1746710418221 0.0025 1647
1746710422830 0.0025 1648
1746710427471 0.0025 1649
1746710432126 0.0025 1650
1746710436750 0.0025 1651
1746710441365 0.0025 1652
1746710445981 0.0025 1653
1746710450600 0.0025 1654
1746710455237 0.0025 1655
1746710459856 0.0025 1656
1746710464456 0.0025 1657
1746710469077 0.0025 1658
1746710474202 0.0025 1659
1746710478801 0.0025 1660
1746710483404 0.0025 1661
1746710488050 0.0025 1662
1746710492630 0.0025 1663
1746710497270 0.0025 1664
1746710501898 0.0025 1665
1746710506533 0.0025 1666
1746710511150 0.0025 1667
1746710515779 0.0025 1668
1746710520383 0.0025 1669
1746710524973 0.0025 1670
1746710529621 0.0025 1671
1746710534230 0.0025 1672
1746710538847 0.0025 1673
1746710543465 0.0025 1674
1746710548093 0.0025 1675
1746710552710 0.0025 1676
1746710557361 0.0025 1677
1746710562239 0.0025 1678
1746710566844 0.0025 1679
1746711133968 0.0025 1680
1746711138617 0.0025 1681
1746711143307 0.0025 1682
1746711147985 0.0025 1683
1746711152660 0.0025 1684
1746711157359 0.0025 1685
1746711162041 0.0025 1686
1746711166739 0.0025 1687
1746711171420 0.0025 1688
1746711176054 0.0025 1689
1746711180729 0.0025 1690
1746711185422 0.0025 1691
1746711190069 0.0025 1692
1746711194712 0.0025 1693
1746711199406 0.0025 1694
1746711204055 0.0025 1695
1746711208737 0.0025 1696
1746711213420 0.0025 1697
1746711218105 0.0025 1698
1746711222983 0.0025 1699
1746711227658 0.0025 1700
1746711232299 0.0025 1701
1746711236921 0.0025 1702
1746711241608 0.0025 1703
1746711246226 0.0025 1704
1746711250872 0.0025 1705
1746711255566 0.0025 1706
1746711260269 0.0025 1707
1746711264958 0.0025 1708
1746711269642 0.0025 1709
1746711274264 0.0025 1710
1746711278954 0.0025 1711
1746711283632 0.0025 1712
1746711288328 0.0025 1713
1746711293000 0.0025 1714
1746711297689 0.0025 1715
1746711302347 0.0025 1716
1746711306992 0.0025 1717
1746711311893 0.0025 1718
1746711316534 0.0025 1719
1746711888957 0.0025 1720
1746711893620 0.0025 1721
1746711898315 0.0025 1722
1746711902984 0.0025 1723
1746711907641 0.0025 1724
1746711912289 0.0025 1725
1746711916929 0.0025 1726
1746711921561 0.0025 1727
1746711926245 0.0025 1728
1746711930899 0.0025 1729
1746711935581 0.0025 1730
1746711940256 0.0025 1731
1746711944909 0.0025 1732
1746711949600 0.0025 1733
1746711954273 0.0025 1734
1746711958944 0.0025 1735
1746711963619 0.0025 1736
1746711968301 0.0025 1737
1746711972958 0.0025 1738
1746711977859 0.0025 1739
1746711982522 0.0025 1740
1746711987202 0.0025 1741
1746711991842 0.0025 1742
1746711996441 0.0025 1743
1746712001033 0.0025 1744
1746712005599 0.0025 1745
1746712010247 0.0025 1746
1746712014878 0.0025 1747
1746712019550 0.0025 1748
1746712024190 0.0025 1749
1746712028837 0.0025 1750
1746712033489 0.0025 1751
1746712038163 0.0025 1752
1746712042809 0.0025 1753
1746712047466 0.0025 1754
1746712052133 0.0025 1755
1746712056823 0.0025 1756
1746712061510 0.0025 1757
1746712066438 0.0025 1758
1746712071114 0.0025 1759
1746712642588 0.0025 1760
1746712647218 0.0025 1761
1746712651929 0.0025 1762
1746712656617 0.0025 1763
1746712661249 0.0025 1764
1746712665883 0.0025 1765
1746712670616 0.0025 1766
1746712675305 0.0025 1767
1746712680015 0.0025 1768
1746712684678 0.0025 1769
1746712689375 0.0025 1770
1746712694093 0.0025 1771
1746712698812 0.0025 1772
1746712703526 0.0025 1773
1746712708256 0.0025 1774
1746712712938 0.0025 1775
1746712717607 0.0025 1776
1746712722296 0.0025 1777
1746712726980 0.0025 1778
1746712731906 0.0025 1779
1746712736593 0.0025 1780
1746712741232 0.0025 1781
1746712745900 0.0025 1782
1746712750566 0.0025 1783
1746712755208 0.0025 1784
1746712759887 0.0025 1785
1746712764581 0.0025 1786
1746712769249 0.0025 1787
1746712773936 0.0025 1788
1746712778587 0.0025 1789
1746712783255 0.0025 1790
1746712787916 0.0025 1791
1746712792561 0.0025 1792
1746712797207 0.0025 1793
1746712801888 0.0025 1794
1746712806548 0.0025 1795
1746712811245 0.0025 1796
1746712815903 0.0025 1797
1746712820834 0.0025 1798
1746712825507 0.0025 1799
1746713393831 0.0025 1800
1746713398530 0.0025 1801
1746713403268 0.0025 1802
1746713407954 0.0025 1803
1746713412639 0.0025 1804
1746713417320 0.0025 1805
1746713421998 0.0025 1806
1746713426634 0.0025 1807
1746713431317 0.0025 1808
1746713435982 0.0025 1809
1746713440652 0.0025 1810
1746713445323 0.0025 1811
1746713449943 0.0025 1812
1746713454568 0.0025 1813
1746713459245 0.0025 1814
1746713463935 0.0025 1815
1746713468579 0.0025 1816
1746713473250 0.0025 1817
1746713477901 0.0025 1818
1746713482751 0.0025 1819
1746713487687 0.0025 1820
1746713492282 0.0025 1821
1746713496957 0.0025 1822
1746713501598 0.0025 1823
1746713506221 0.0025 1824
1746713510904 0.0025 1825
1746713515616 0.0025 1826
1746713520299 0.0025 1827
1746713525027 0.0025 1828
1746713529739 0.0025 1829
1746713534441 0.0025 1830
1746713539139 0.0025 1831
1746713543840 0.0025 1832
1746713548531 0.0025 1833
1746713553166 0.0025 1834
1746713557813 0.0025 1835
1746713562502 0.0025 1836
1746713567169 0.0025 1837
1746713572136 0.0025 1838
1746713576825 0.0025 1839
1746714149343 0.00125 1840
1746714154050 0.00125 1841
1746714158741 0.00125 1842
1746714163479 0.00125 1843
1746714168164 0.00125 1844
1746714172865 0.00125 1845
1746714177520 0.00125 1846
1746714182246 0.00125 1847
1746714186888 0.00125 1848
1746714191578 0.00125 1849
1746714196241 0.00125 1850
1746714201226 0.00125 1851
1746714205542 0.00125 1852
1746714210536 0.00125 1853
1746714215258 0.00125 1854
1746714219965 0.00125 1855
1746714224612 0.00125 1856
1746714229261 0.00125 1857
1746714233877 0.00125 1858
1746714238742 0.00125 1859
1746714243402 0.00125 1860
1746714248030 0.00125 1861
1746714252702 0.00125 1862
1746714257355 0.00125 1863
1746714261981 0.00125 1864
1746714266642 0.00125 1865
1746714271330 0.00125 1866
1746714275962 0.00125 1867
1746714280632 0.00125 1868
1746714285284 0.00125 1869
1746714289974 0.00125 1870
1746714294615 0.00125 1871
1746714299287 0.00125 1872
1746714303984 0.00125 1873
1746714308646 0.00125 1874
1746714313350 0.00125 1875
1746714318030 0.00125 1876
1746714322688 0.00125 1877
1746714327564 0.00125 1878
1746714332235 0.00125 1879
1746714904089 0.00125 1880
1746714908755 0.00125 1881
1746714913441 0.00125 1882
1746714918068 0.00125 1883
1746714922775 0.00125 1884
1746714927472 0.00125 1885
1746714932178 0.00125 1886
1746714936907 0.00125 1887
1746714941635 0.00125 1888
1746714946342 0.00125 1889
1746714951036 0.00125 1890
1746714955761 0.00125 1891
1746714960470 0.00125 1892
1746714965220 0.00125 1893
1746714969933 0.00125 1894
1746714974682 0.00125 1895
1746714979422 0.00125 1896
1746714984184 0.00125 1897
1746714988887 0.00125 1898
1746714993788 0.00125 1899
1746714998762 0.00125 1900
1746715003189 0.00125 1901
1746715008175 0.00125 1902
1746715012908 0.00125 1903
1746715017614 0.00125 1904
1746715022326 0.00125 1905
1746715027114 0.00125 1906
1746715031846 0.00125 1907
1746715036527 0.00125 1908
1746715041244 0.00125 1909
1746715045963 0.00125 1910
1746715050654 0.00125 1911
1746715055425 0.00125 1912
1746715060134 0.00125 1913
1746715064877 0.00125 1914
1746715069585 0.00125 1915
1746715074290 0.00125 1916
1746715079000 0.00125 1917
1746715083932 0.00125 1918
1746715088620 0.00125 1919
1746715661919 0.00125 1920
1746715666522 0.00125 1921
1746715671209 0.00125 1922
1746715675918 0.00125 1923
1746715680611 0.00125 1924
1746715685298 0.00125 1925
1746715690266 0.00125 1926
1746715694638 0.00125 1927
1746715699580 0.00125 1928
1746715704286 0.00125 1929
1746715708957 0.00125 1930
1746715713661 0.00125 1931
1746715718357 0.00125 1932
1746715723061 0.00125 1933
1746715727813 0.00125 1934
1746715732524 0.00125 1935
1746715737114 0.00125 1936
1746715741712 0.00125 1937
1746715746274 0.00125 1938
1746715751083 0.00125 1939
1746715755706 0.00125 1940
1746715760265 0.00125 1941
1746715764902 0.00125 1942
1746715769546 0.00125 1943
1746715774139 0.00125 1944
1746715778714 0.00125 1945
1746715783288 0.00125 1946
1746715787849 0.00125 1947
1746715792442 0.00125 1948
1746715797040 0.00125 1949
1746715801610 0.00125 1950
1746715806195 0.00125 1951
1746715810763 0.00125 1952
1746715815323 0.00125 1953
1746715819862 0.00125 1954
1746715824444 0.00125 1955
1746715829017 0.00125 1956
1746715833608 0.00125 1957
1746715838411 0.00125 1958
1746715842975 0.00125 1959
