1746680581947 0.005 0
1746680586226 0.005 1
1746680590519 0.005 2
1746680594802 0.005 3
1746680599328 0.005 4
1746680603633 0.005 5
1746680607903 0.0025 6
1746680612455 0.0025 7
1746680616768 0.0025 8
1746680621063 0.0025 9
1746680625371 0.0025 10
1746680629898 0.0025 11
1746680634202 0.00125 12
1746680638515 0.00125 13
1746680643081 0.00125 14
1746680647362 0.00125 15
1746680651660 0.00125 16
1746680655957 0.00125 17
1746680660504 0.000625 18
1746680665016 0.000625 19
1746680669314 0.000625 20
1746680673839 0.000625 21
1746680678126 0.000625 22
1746680682416 0.000625 23
1746680686752 0.0003125 24
1746680691298 0.0003125 25
1746680695629 0.0003125 26
1746680699928 0.0003125 27
1746680704241 0.0003125 28
1746680708798 0.0003125 29
1746680713100 0.00015625 30
1746680717439 0.00015625 31
1746680722010 0.00015625 32
1746680726328 0.00015625 33
1746680730715 0.00015625 34
1746680735338 0.00015625 35
1746680739749 7.8125e-05 36
1746680744142 7.8125e-05 37
1746680748750 7.8125e-05 38
1746680753378 7.8125e-05 39
1746681292371 0.005 40
1746681296642 0.005 41
1746681301020 0.005 42
1746681305397 0.005 43
1746681310037 0.005 44
1746681314098 0.005 45
1746681318786 0.0025 46
1746681322882 0.0025 47
1746681327554 0.0025 48
1746681331960 0.0025 49
1746681336338 0.0025 50
1746681340727 0.0025 51
1746681345104 0.00125 52
1746681349488 0.00125 53
1746681353872 0.00125 54
1746681358231 0.00125 55
1746681362591 0.00125 56
1746681366948 0.00125 57
1746681371299 0.000625 58
1746681375825 0.000625 59
1746681380178 0.000625 60
1746681384482 0.000625 61
1746681388807 0.000625 62
1746681393199 0.000625 63
1746681397567 0.0003125 64
1746681401931 0.0003125 65
1746681406247 0.0003125 66
1746681410598 0.0003125 67
1746681414917 0.0003125 68
1746681419279 0.0003125 69
1746681423678 0.00015625 70
1746681428062 0.00015625 71
1746681432460 0.00015625 72
1746681436841 0.00015625 73
1746681441196 0.00015625 74
1746681445546 0.00015625 75
1746681449921 7.8125e-05 76
1746681454308 7.8125e-05 77
1746681458925 7.8125e-05 78
1746681463297 7.8125e-05 79
1746681998973 0.005 80
1746682003343 0.005 81
1746682007708 0.005 82
1746682012056 0.005 83
1746682016436 0.005 84
1746682020836 0.005 85
1746682025253 0.0025 86
1746682029673 0.0025 87
1746682034066 0.0025 88
1746682038444 0.0025 89
1746682042845 0.0025 90
1746682047226 0.0025 91
1746682051629 0.00125 92
1746682056011 0.00125 93
1746682060407 0.00125 94
1746682064808 0.00125 95
1746682069203 0.00125 96
1746682073607 0.00125 97
1746682077984 0.000625 98
1746682082597 0.000625 99
1746682086958 0.000625 100
1746682091363 0.000625 101
1746682095790 0.000625 102
1746682100190 0.000625 103
1746682104574 0.0003125 104
1746682108992 0.0003125 105
1746682113415 0.0003125 106
1746682117766 0.0003125 107
1746682122121 0.0003125 108
1746682126482 0.0003125 109
1746682130821 0.00015625 110
1746682135175 0.00015625 111
1746682139538 0.00015625 112
1746682143955 0.00015625 113
1746682148359 0.00015625 114
1746682152800 0.00015625 115
1746682157360 7.8125e-05 116
1746682161788 7.8125e-05 117
1746682166349 7.8125e-05 118
1746682170764 7.8125e-05 119
1746682708524 0.005 120
1746682712941 0.005 121
1746682717325 0.005 122
1746682721718 0.005 123
1746682726113 0.005 124
1746682730494 0.005 125
1746682734852 0.0025 126
1746682739220 0.0025 127
1746682743566 0.0025 128
1746682747930 0.0025 129
1746682752315 0.0025 130
1746682756673 0.0025 131
1746682761075 0.00125 132
1746682765494 0.00125 133
1746682769894 0.00125 134
1746682774323 0.00125 135
1746682778741 0.00125 136
1746682783153 0.00125 137
1746682787537 0.000625 138
1746682792152 0.000625 139
1746682796589 0.000625 140
1746682801014 0.000625 141
1746682805470 0.000625 142
1746682809944 0.000625 143
1746682814414 0.0003125 144
1746682818863 0.0003125 145
1746682823340 0.0003125 146
1746682827764 0.0003125 147
1746682832211 0.0003125 148
1746682836684 0.0003125 149
1746682841132 0.00015625 150
1746682845540 0.00015625 151
1746682849958 0.00015625 152
1746682854347 0.00015625 153
1746682858715 0.00015625 154
1746682863118 0.00015625 155
1746682867520 7.8125e-05 156
1746682871955 7.8125e-05 157
1746682876592 7.8125e-05 158
1746682881039 7.8125e-05 159
1746683421002 0.005 160
1746683425406 0.005 161
1746683429785 0.005 162
1746683434177 0.005 163
1746683438562 0.005 164
1746683443010 0.005 165
1746683447397 0.0025 166
1746683451799 0.0025 167
1746683456170 0.0025 168
1746683460569 0.0025 169
1746683464965 0.0025 170
1746683469365 0.0025 171
1746683473782 0.00125 172
1746683478171 0.00125 173
1746683482564 0.00125 174
1746683486947 0.00125 175
1746683491360 0.00125 176
1746683495720 0.00125 177
1746683500096 0.000625 178
1746683504729 0.000625 179
1746683509390 0.000625 180
1746683513547 0.000625 181
1746683518306 0.000625 182
1746683522491 0.000625 183
1746683527229 0.0003125 184
1746683531412 0.0003125 185
1746683536178 0.0003125 186
1746683540328 0.0003125 187
1746683545078 0.0003125 188
1746683549189 0.0003125 189
1746683553922 0.00015625 190
1746683558046 0.00015625 191
1746683562776 0.00015625 192
1746683566872 0.00015625 193
1746683571574 0.00015625 194
1746683575658 0.00015625 195
1746683580341 7.8125e-05 196
1746683584478 7.8125e-05 197
1746683589429 7.8125e-05 198
1746683593868 7.8125e-05 199
1746684136986 0.005 200
1746684141467 0.005 201
1746684145965 0.005 202
1746684150438 0.005 203
1746684154937 0.005 204
1746684159397 0.005 205
1746684163891 0.0025 206
1746684168315 0.0025 207
1746684172753 0.0025 208
1746684177177 0.0025 209
1746684181681 0.0025 210
1746684186177 0.0025 211
1746684190688 0.00125 212
1746684195217 0.00125 213
1746684199987 0.00125 214
1746684204153 0.00125 215
1746684208946 0.00125 216
1746684213438 0.00125 217
1746684217962 0.000625 218
1746684222712 0.000625 219
1746684227191 0.000625 220
1746684231687 0.000625 221
1746684236192 0.000625 222
1746684240691 0.000625 223
1746684245196 0.0003125 224
1746684249702 0.0003125 225
1746684254204 0.0003125 226
1746684258714 0.0003125 227
1746684263240 0.0003125 228
1746684267717 0.0003125 229
1746684272176 0.00015625 230
1746684276607 0.00015625 231
1746684281012 0.00015625 232
1746684285456 0.00015625 233
1746684289870 0.00015625 234
1746684294286 0.00015625 235
1746684298723 7.8125e-05 236
1746684303188 7.8125e-05 237
1746684307835 7.8125e-05 238
1746684312278 7.8125e-05 239
1746684857943 0.005 240
1746684862396 0.005 241
1746684866801 0.005 242
1746684871244 0.005 243
1746684875682 0.005 244
1746684880438 0.005 245
1746684884581 0.0025 246
1746684889329 0.0025 247
1746684893524 0.0025 248
1746684898309 0.0025 249
1746684902787 0.0025 250
1746684907270 0.0025 251
1746684911727 0.00125 252
1746684916223 0.00125 253
1746684920655 0.00125 254
1746684925109 0.00125 255
1746684929574 0.00125 256
1746684934045 0.00125 257
1746684938518 0.000625 258
1746684943225 0.000625 259
1746684947723 0.000625 260
1746684952221 0.000625 261
1746684956756 0.000625 262
1746684961248 0.000625 263
1746684965715 0.0003125 264
1746684970168 0.0003125 265
1746684974702 0.0003125 266
1746684979173 0.0003125 267
1746684983681 0.0003125 268
1746684988115 0.0003125 269
1746684992549 0.00015625 270
1746684996996 0.00015625 271
1746685001437 0.00015625 272
1746685005889 0.00015625 273
1746685010387 0.00015625 274
1746685014852 0.00015625 275
1746685019320 7.8125e-05 276
1746685023799 7.8125e-05 277
1746685028501 7.8125e-05 278
1746685033003 7.8125e-05 279
1746685580097 0.005 280
1746685584573 0.005 281
1746685589067 0.005 282
1746685593527 0.005 283
1746685597990 0.005 284
1746685602448 0.005 285
1746685606881 0.0025 286
1746685611348 0.0025 287
1746685615860 0.0025 288
1746685620282 0.0025 289
1746685624747 0.0025 290
1746685629176 0.0025 291
1746685633652 0.00125 292
1746685638122 0.00125 293
1746685642585 0.00125 294
1746685647066 0.00125 295
1746685651518 0.00125 296
1746685656022 0.00125 297
1746685660493 0.000625 298
1746685665248 0.000625 299
1746685669729 0.000625 300
1746685674210 0.000625 301
1746685678678 0.000625 302
1746685683165 0.000625 303
1746685687645 0.0003125 304
1746685692118 0.0003125 305
1746685696618 0.0003125 306
1746685701075 0.0003125 307
1746685705596 0.0003125 308
1746685710073 0.0003125 309
1746685714580 0.00015625 310
1746685719084 0.00015625 311
1746685723577 0.00015625 312
1746685728003 0.00015625 313
1746685732439 0.00015625 314
1746685736883 0.00015625 315
1746685741322 7.8125e-05 316
1746685745825 7.8125e-05 317
1746685750483 7.8125e-05 318
1746685754983 7.8125e-05 319
1746686302227 0.005 320
1746686306755 0.005 321
1746686311228 0.005 322
1746686315712 0.005 323
1746686320176 0.005 324
1746686324679 0.005 325
1746686329172 0.0025 326
1746686333652 0.0025 327
1746686338136 0.0025 328
1746686342615 0.0025 329
1746686347079 0.0025 330
1746686351557 0.0025 331
1746686356046 0.00125 332
1746686360546 0.00125 333
1746686365020 0.00125 334
1746686369513 0.00125 335
1746686373968 0.00125 336
1746686378431 0.00125 337
1746686382867 0.000625 338
1746686387568 0.000625 339
1746686392039 0.000625 340
1746686396540 0.000625 341
1746686401024 0.000625 342
1746686405492 0.000625 343
1746686410278 0.0003125 344
1746686414447 0.0003125 345
1746686419229 0.0003125 346
1746686423372 0.0003125 347
1746686428123 0.0003125 348
1746686432573 0.0003125 349
1746686437111 0.00015625 350
1746686441594 0.00015625 351
1746686446072 0.00015625 352
1746686450529 0.00015625 353
1746686454979 0.00015625 354
1746686459425 0.00015625 355
1746686463870 7.8125e-05 356
1746686468316 7.8125e-05 357
1746686472983 7.8125e-05 358
1746686477422 7.8125e-05 359
1746687026758 0.005 360
1746687031267 0.005 361
1746687035779 0.005 362
1746687040296 0.005 363
1746687044807 0.005 364
1746687049300 0.005 365
1746687053773 0.0025 366
1746687058319 0.0025 367
1746687062813 0.0025 368
1746687067340 0.0025 369
1746687071840 0.0025 370
1746687076410 0.0025 371
1746687080908 0.00125 372
1746687085451 0.00125 373
1746687089946 0.00125 374
1746687094457 0.00125 375
1746687098954 0.00125 376
1746687103422 0.00125 377
1746687107910 0.000625 378
1746687112625 0.000625 379
1746687117166 0.000625 380
1746687121703 0.000625 381
1746687126237 0.000625 382
1746687130751 0.000625 383
1746687135272 0.0003125 384
1746687139795 0.0003125 385
1746687144313 0.0003125 386
1746687148834 0.0003125 387
1746687153366 0.0003125 388
1746687157879 0.0003125 389
1746687162348 0.00015625 390
1746687166887 0.00015625 391
1746687171379 0.00015625 392
1746687175902 0.00015625 393
1746687180410 0.00015625 394
1746687184938 0.00015625 395
1746687189466 7.8125e-05 396
1746687193994 7.8125e-05 397
1746687198722 7.8125e-05 398
1746687203211 7.8125e-05 399
1746687756613 0.005 400
1746687761115 0.005 401
1746687765624 0.005 402
1746687770166 0.005 403
1746687774723 0.005 404
1746687779273 0.005 405
1746687783826 0.0025 406
1746687788381 0.0025 407
1746687792880 0.0025 408
1746687797412 0.0025 409
1746687801957 0.0025 410
1746687806478 0.0025 411
1746687811019 0.00125 412
1746687815478 0.00125 413
1746687819941 0.00125 414
1746687824413 0.00125 415
1746687828936 0.00125 416
1746687833412 0.00125 417
1746687837967 0.000625 418
1746687842711 0.000625 419
1746687847252 0.000625 420
1746687851803 0.000625 421
1746687856338 0.000625 422
1746687860849 0.000625 423
1746687865372 0.000625 424
1746687870249 0.000625 425
1746687874447 0.000625 426
1746687879306 0.000625 427
1746687883830 0.000625 428
1746687888353 0.000625 429
1746687892834 0.000625 430
1746687897371 0.000625 431
1746687901900 0.000625 432
1746687906418 0.000625 433
1746687910878 0.000625 434
1746687915359 0.000625 435
1746687919922 0.000625 436
1746687924477 0.000625 437
1746687929238 0.000625 438
1746687933752 0.000625 439
1746688488154 0.005 440
1746688492711 0.005 441
1746688497275 0.005 442
1746688501839 0.005 443
1746688506388 0.005 444
1746688510879 0.005 445
1746688515394 0.0025 446
1746688519978 0.0025 447
1746688524503 0.0025 448
1746688529080 0.0025 449
1746688533650 0.0025 450
1746688538208 0.0025 451
1746688542792 0.00125 452
1746688547413 0.00125 453
1746688551946 0.00125 454
1746688556514 0.00125 455
1746688561096 0.00125 456
1746688565644 0.00125 457
1746688570203 0.000625 458
1746688574962 0.000625 459
1746688579516 0.000625 460
1746688584014 0.000625 461
1746688588579 0.000625 462
1746688593132 0.000625 463
1746688597688 0.0003125 464
1746688602188 0.0003125 465
1746688606695 0.0003125 466
1746688611240 0.0003125 467
1746688615789 0.0003125 468
1746688620319 0.0003125 469
1746688624833 0.00015625 470
1746688629361 0.00015625 471
1746688633877 0.00015625 472
1746688638436 0.00015625 473
1746688642963 0.00015625 474
1746688647514 0.00015625 475
1746688652074 7.8125e-05 476
1746688656654 7.8125e-05 477
1746688661389 7.8125e-05 478
1746688665925 7.8125e-05 479
1746689221796 0.005 480
1746689226305 0.005 481
1746689230854 0.005 482
1746689235400 0.005 483
1746689239974 0.005 484
1746689244497 0.005 485
1746689249022 0.0025 486
1746689253558 0.0025 487
1746689258085 0.0025 488
1746689262597 0.0025 489
1746689267138 0.0025 490
1746689271662 0.0025 491
1746689276174 0.00125 492
1746689280767 0.00125 493
1746689285278 0.00125 494
1746689289848 0.00125 495
1746689294411 0.00125 496
1746689299025 0.00125 497
1746689303630 0.000625 498
1746689308430 0.000625 499
1746689312975 0.000625 500
1746689317532 0.000625 501
1746689322103 0.000625 502
1746689326652 0.000625 503
1746689331219 0.000625 504
1746689335751 0.000625 505
1746689340311 0.000625 506
1746689344806 0.000625 507
1746689349346 0.000625 508
1746689353894 0.000625 509
1746689358414 0.000625 510
1746689362959 0.000625 511
1746689367478 0.000625 512
1746689372004 0.000625 513
1746689376547 0.000625 514
1746689381119 0.000625 515
1746689385664 0.000625 516
1746689390256 0.000625 517
1746689395006 0.000625 518
1746689399557 0.000625 519
1746689955178 0.005 520
1746689959750 0.005 521
1746689964272 0.005 522
1746689968811 0.005 523
1746689973332 0.005 524
1746689977863 0.005 525
1746689982398 0.0025 526
1746689986909 0.0025 527
1746689991428 0.0025 528
1746689995910 0.0025 529
1746690000474 0.0025 530
1746690005018 0.0025 531
1746690009547 0.00125 532
1746690014097 0.00125 533
1746690018659 0.00125 534
1746690023168 0.00125 535
1746690027673 0.00125 536
1746690032191 0.00125 537
1746690036689 0.000625 538
1746690041435 0.000625 539
1746690046237 0.000625 540
1746690050478 0.000625 541
1746690055307 0.000625 542
1746690059515 0.000625 543
1746690064322 0.000625 544
1746690068552 0.000625 545
1746690073379 0.000625 546
1746690077600 0.000625 547
1746690082453 0.000625 548
1746690086639 0.000625 549
1746690091485 0.000625 550
1746690095705 0.000625 551
1746690100537 0.000625 552
1746690104775 0.000625 553
1746690109613 0.000625 554
1746690113880 0.000625 555
1746690118741 0.000625 556
1746690122996 0.000625 557
1746690128054 0.000625 558
1746690132604 0.000625 559
1746690688479 0.005 560
1746690693041 0.005 561
1746690697613 0.005 562
1746690702208 0.005 563
1746690706779 0.005 564
1746690711354 0.005 565
1746690715915 0.0025 566
1746690720510 0.0025 567
1746690725086 0.0025 568
1746690729665 0.0025 569
1746690734234 0.0025 570
1746690738816 0.0025 571
1746690743387 0.00125 572
1746690747911 0.00125 573
1746690752781 0.00125 574
1746690757029 0.00125 575
1746690761922 0.00125 576
1746690766477 0.00125 577
1746690771020 0.000625 578
1746690775780 0.000625 579
1746690780305 0.000625 580
1746690784787 0.000625 581
1746690789316 0.000625 582
1746690793876 0.000625 583
1746690798439 0.0003125 584
1746690803011 0.0003125 585
1746690807581 0.0003125 586
1746690812122 0.0003125 587
1746690816629 0.0003125 588
1746690821195 0.0003125 589
1746690825739 0.0003125 590
1746690830335 0.0003125 591
1746690834851 0.0003125 592
1746690839417 0.0003125 593
1746690843969 0.0003125 594
1746690848516 0.0003125 595
1746690853053 0.0003125 596
1746690857594 0.0003125 597
1746690862379 0.0003125 598
1746690866931 0.0003125 599
1746691422021 0.005 600
1746691426543 0.005 601
1746691431043 0.005 602
1746691435561 0.005 603
1746691440086 0.005 604
1746691444908 0.005 605
1746691449108 0.0025 606
1746691453922 0.0025 607
1746691458168 0.0025 608
1746691462992 0.0025 609
1746691467503 0.0025 610
1746691472037 0.0025 611
1746691476516 0.00125 612
1746691481037 0.00125 613
1746691485534 0.00125 614
1746691490041 0.00125 615
1746691494530 0.00125 616
1746691498994 0.00125 617
1746691503471 0.000625 618
1746691508133 0.000625 619
1746691512571 0.000625 620
1746691517007 0.000625 621
1746691521466 0.000625 622
1746691525926 0.000625 623
1746691530423 0.000625 624
1746691534918 0.000625 625
1746691539424 0.000625 626
1746691543881 0.000625 627
1746691548398 0.000625 628
1746691552914 0.000625 629
1746691557418 0.000625 630
1746691561975 0.000625 631
1746691566490 0.000625 632
1746691571005 0.000625 633
1746691575539 0.000625 634
1746691580078 0.000625 635
1746691584643 0.000625 636
1746691589186 0.000625 637
1746691593948 0.000625 638
1746691598440 0.000625 639
1746692153802 0.005 640
1746692158409 0.005 641
1746692163004 0.005 642
1746692167573 0.005 643
1746692172160 0.005 644
1746692176768 0.005 645
1746692181340 0.0025 646
1746692185942 0.0025 647
1746692190567 0.0025 648
1746692195063 0.0025 649
1746692199575 0.0025 650
1746692204089 0.0025 651
1746692208618 0.00125 652
1746692213245 0.00125 653
1746692217823 0.00125 654
1746692222405 0.00125 655
1746692227020 0.00125 656
1746692231604 0.00125 657
1746692236176 0.000625 658
1746692241035 0.000625 659
1746692245642 0.000625 660
1746692250253 0.000625 661
1746692254852 0.000625 662
1746692259440 0.000625 663
1746692264016 0.000625 664
1746692268599 0.000625 665
1746692273204 0.000625 666
1746692277726 0.000625 667
1746692282298 0.000625 668
1746692286866 0.000625 669
1746692291432 0.000625 670
1746692296015 0.000625 671
1746692300600 0.000625 672
1746692305178 0.000625 673
1746692309790 0.000625 674
1746692314388 0.000625 675
1746692318975 0.000625 676
1746692323528 0.000625 677
1746692328275 0.000625 678
1746692332867 0.000625 679
1746692889144 0.005 680
1746692893642 0.005 681
1746692898121 0.005 682
1746692902603 0.005 683
1746692907078 0.005 684
1746692911588 0.005 685
1746692916083 0.0025 686
1746692920613 0.0025 687
1746692925127 0.0025 688
1746692929633 0.0025 689
1746692934106 0.0025 690
1746692938606 0.0025 691
1746692943139 0.00125 692
1746692947665 0.00125 693
1746692952225 0.00125 694
1746692956716 0.00125 695
1746692961264 0.00125 696
1746692965782 0.00125 697
1746692970288 0.000625 698
1746692975089 0.000625 699
1746692979562 0.000625 700
1746692984036 0.000625 701
1746692988539 0.000625 702
1746692993087 0.000625 703
1746692997968 0.000625 704
1746693002281 0.000625 705
1746693007191 0.000625 706
1746693011443 0.000625 707
1746693016310 0.000625 708
1746693020899 0.000625 709
1746693025480 0.000625 710
1746693030072 0.000625 711
1746693034667 0.000625 712
1746693039255 0.000625 713
1746693043824 0.000625 714
1746693048388 0.000625 715
1746693052942 0.000625 716
1746693057481 0.000625 717
1746693062242 0.000625 718
1746693066749 0.000625 719
1746693620873 0.005 720
1746693625437 0.005 721
1746693629990 0.005 722
1746693634579 0.005 723
1746693639156 0.005 724
1746693643751 0.005 725
1746693648307 0.0025 726
1746693652891 0.0025 727
1746693657464 0.0025 728
1746693662006 0.0025 729
1746693666534 0.0025 730
1746693671070 0.0025 731
1746693675557 0.00125 732
1746693680086 0.00125 733
1746693684568 0.00125 734
1746693689067 0.00125 735
1746693693571 0.00125 736
1746693698073 0.00125 737
1746693702597 0.00125 738
1746693707377 0.00125 739
1746693711904 0.00125 740
1746693716439 0.00125 741
1746693720996 0.00125 742
1746693725510 0.00125 743
1746693730020 0.00125 744
1746693734557 0.00125 745
1746693739047 0.00125 746
1746693743575 0.00125 747
1746693748066 0.00125 748
1746693752600 0.00125 749
1746693757106 0.00125 750
1746693761633 0.00125 751
1746693766150 0.00125 752
1746693770667 0.00125 753
1746693775161 0.00125 754
1746693779626 0.00125 755
1746693784106 0.00125 756
1746693788626 0.00125 757
1746693793368 0.00125 758
1746693797835 0.00125 759
1746694350766 0.005 760
1746694355281 0.005 761
1746694359793 0.005 762
1746694364335 0.005 763
1746694368859 0.005 764
1746694373385 0.005 765
1746694377911 0.0025 766
1746694382427 0.0025 767
1746694386914 0.0025 768
1746694391424 0.0025 769
1746694396002 0.0025 770
1746694400561 0.0025 771
1746694405140 0.00125 772
1746694409707 0.00125 773
1746694414270 0.00125 774
1746694418840 0.00125 775
1746694423433 0.00125 776
1746694427982 0.00125 777
1746694432562 0.00125 778
1746694437335 0.00125 779
1746694441886 0.00125 780
1746694446447 0.00125 781
1746694451004 0.00125 782
1746694455568 0.00125 783
1746694460132 0.00125 784
1746694465015 0.00125 785
1746694469230 0.00125 786
1746694474047 0.00125 787
1746694478531 0.00125 788
1746694483026 0.00125 789
1746694487508 0.00125 790
1746694491987 0.00125 791
1746694496496 0.00125 792
1746694501015 0.00125 793
1746694505563 0.00125 794
1746694510138 0.00125 795
1746694514692 0.00125 796
1746694519281 0.00125 797
1746694524077 0.00125 798
1746694528653 0.00125 799
1746695082103 0.005 800
1746695086571 0.005 801
1746695091059 0.005 802
1746695095548 0.005 803
1746695100052 0.005 804
1746695104568 0.005 805
1746695109059 0.0025 806
1746695113566 0.0025 807
1746695118049 0.0025 808
1746695122566 0.0025 809
1746695127072 0.0025 810
1746695131573 0.0025 811
1746695136072 0.00125 812
1746695140565 0.00125 813
1746695145090 0.00125 814
1746695149587 0.00125 815
1746695154116 0.00125 816
1746695158633 0.00125 817
1746695163151 0.000625 818
1746695167896 0.000625 819
1746695172412 0.000625 820
1746695176906 0.000625 821
1746695181421 0.000625 822
1746695185985 0.000625 823
1746695190504 0.000625 824
1746695195024 0.000625 825
1746695199507 0.000625 826
1746695204036 0.000625 827
1746695208563 0.000625 828
1746695213072 0.000625 829
1746695217615 0.000625 830
1746695222126 0.000625 831
1746695226642 0.000625 832
1746695231149 0.000625 833
1746695235681 0.000625 834
1746695240190 0.000625 835
1746695244726 0.000625 836
1746695249246 0.000625 837
1746695253976 0.000625 838
1746695258483 0.000625 839
1746695810223 0.005 840
1746695814729 0.005 841
1746695819240 0.005 842
1746695823767 0.005 843
1746695828296 0.005 844
1746695832802 0.005 845
1746695837284 0.0025 846
1746695841774 0.0025 847
1746695846278 0.0025 848
1746695850783 0.0025 849
1746695855300 0.0025 850
1746695859796 0.0025 851
1746695864304 0.0025 852
1746695868810 0.0025 853
1746695873298 0.0025 854
1746695877779 0.0025 855
1746695882268 0.0025 856
1746695886790 0.0025 857
1746695891276 0.0025 858
1746695895976 0.0025 859
1746695900472 0.0025 860
1746695904952 0.0025 861
1746695909452 0.0025 862
1746695913969 0.0025 863
1746695918464 0.0025 864
1746695922989 0.0025 865
1746695927492 0.0025 866
1746695931986 0.0025 867
1746695936510 0.0025 868
1746695941021 0.0025 869
1746695945574 0.0025 870
1746695950085 0.0025 871
1746695954607 0.0025 872
1746695959113 0.0025 873
1746695963653 0.0025 874
1746695968186 0.0025 875
1746695972673 0.0025 876
1746695977226 0.0025 877
1746695981979 0.0025 878
1746695986519 0.0025 879
1746696538614 0.005 880
1746696543110 0.005 881
1746696547645 0.005 882
1746696552148 0.005 883
1746696556652 0.005 884
1746696561137 0.005 885
1746696565644 0.0025 886
1746696570141 0.0025 887
1746696574630 0.0025 888
1746696579119 0.0025 889
1746696583602 0.0025 890
1746696588133 0.0025 891
1746696592633 0.00125 892
1746696597142 0.00125 893
1746696601646 0.00125 894
1746696606176 0.00125 895
1746696610682 0.00125 896
1746696615181 0.00125 897
1746696619666 0.00125 898
1746696624398 0.00125 899
1746696629165 0.00125 900
1746696633348 0.00125 901
1746696638172 0.00125 902
1746696642355 0.00125 903
1746696647142 0.00125 904
1746696651308 0.00125 905
1746696656082 0.00125 906
1746696660276 0.00125 907
1746696665090 0.00125 908
1746696669271 0.00125 909
1746696674080 0.00125 910
1746696678277 0.00125 911
1746696683043 0.00125 912
1746696687238 0.00125 913
1746696692054 0.00125 914
1746696696259 0.00125 915
1746696701058 0.00125 916
1746696705288 0.00125 917
1746696710312 0.00125 918
1746696714803 0.00125 919
1746697267882 0.005 920
1746697272420 0.005 921
1746697276943 0.005 922
1746697281458 0.005 923
1746697285975 0.005 924
1746697290467 0.005 925
1746697294983 0.0025 926
1746697299544 0.0025 927
1746697304074 0.0025 928
1746697308606 0.0025 929
1746697313143 0.0025 930
1746697317720 0.0025 931
1746697322265 0.00125 932
1746697326803 0.00125 933
1746697331625 0.00125 934
1746697335864 0.00125 935
1746697340734 0.00125 936
1746697345263 0.00125 937
1746697349796 0.000625 938
1746697354502 0.000625 939
1746697358997 0.000625 940
1746697363503 0.000625 941
1746697368045 0.000625 942
1746697372563 0.000625 943
1746697377091 0.0003125 944
1746697381649 0.0003125 945
1746697386172 0.0003125 946
1746697390712 0.0003125 947
1746697395210 0.0003125 948
1746697399729 0.0003125 949
1746697404226 0.0003125 950
1746697408771 0.0003125 951
1746697413279 0.0003125 952
1746697417835 0.0003125 953
1746697422352 0.0003125 954
1746697426906 0.0003125 955
1746697431412 0.0003125 956
1746697435943 0.0003125 957
1746697440704 0.0003125 958
1746697445220 0.0003125 959
1746697997427 0.005 960
1746698001972 0.005 961
1746698006512 0.005 962
1746698011059 0.005 963
1746698015577 0.005 964
1746698020454 0.005 965
1746698024674 0.0025 966
1746698029551 0.0025 967
1746698033772 0.0025 968
1746698038613 0.0025 969
1746698043147 0.0025 970
1746698047693 0.0025 971
1746698052206 0.00125 972
1746698056736 0.00125 973
1746698061257 0.00125 974
1746698065778 0.00125 975
1746698070305 0.00125 976
1746698074823 0.00125 977
1746698079379 0.00125 978
1746698084125 0.00125 979
1746698088701 0.00125 980
1746698093250 0.00125 981
1746698097806 0.00125 982
1746698102291 0.00125 983
1746698106815 0.00125 984
1746698111375 0.00125 985
1746698115903 0.00125 986
1746698120430 0.00125 987
1746698124963 0.00125 988
1746698129509 0.00125 989
1746698134012 0.00125 990
1746698138606 0.00125 991
1746698143140 0.00125 992
1746698147661 0.00125 993
1746698152191 0.00125 994
1746698156738 0.00125 995
1746698161295 0.00125 996
1746698165838 0.00125 997
1746698170628 0.00125 998
1746698175159 0.00125 999
1746698727474 0.005 1000
1746698732023 0.005 1001
1746698736508 0.005 1002
1746698741028 0.005 1003
1746698745560 0.005 1004
1746698750105 0.005 1005
1746698754635 0.0025 1006
1746698759192 0.0025 1007
1746698763712 0.0025 1008
1746698768228 0.0025 1009
1746698772783 0.0025 1010
1746698777309 0.0025 1011
1746698781886 0.00125 1012
1746698786399 0.00125 1013
1746698790940 0.00125 1014
1746698795493 0.00125 1015
1746698800057 0.00125 1016
1746698804593 0.00125 1017
1746698809125 0.00125 1018
1746698813876 0.00125 1019
1746698818412 0.00125 1020
1746698822979 0.00125 1021
1746698827507 0.00125 1022
1746698832079 0.00125 1023
1746698836591 0.00125 1024
1746698841503 0.00125 1025
1746698845743 0.00125 1026
1746698850625 0.00125 1027
1746698855189 0.00125 1028
1746698859756 0.00125 1029
1746698864273 0.00125 1030
1746698868826 0.00125 1031
1746698873388 0.00125 1032
1746698877922 0.00125 1033
1746698882490 0.00125 1034
1746698887018 0.00125 1035
1746698891569 0.00125 1036
1746698896089 0.00125 1037
1746698900864 0.00125 1038
1746698905401 0.00125 1039
1746699458465 0.005 1040
1746699462994 0.005 1041
1746699467538 0.005 1042
1746699472064 0.005 1043
1746699476593 0.005 1044
1746699481129 0.005 1045
1746699485634 0.0025 1046
1746699490175 0.0025 1047
1746699494683 0.0025 1048
1746699499231 0.0025 1049
1746699503759 0.0025 1050
1746699508263 0.0025 1051
1746699512777 0.00125 1052
1746699517285 0.00125 1053
1746699521820 0.00125 1054
1746699526312 0.00125 1055
1746699530895 0.00125 1056
1746699535406 0.00125 1057
1746699539943 0.00125 1058
1746699544699 0.00125 1059
1746699549260 0.00125 1060
1746699553763 0.00125 1061
1746699558269 0.00125 1062
1746699562805 0.00125 1063
1746699567338 0.00125 1064
1746699571897 0.00125 1065
1746699576411 0.00125 1066
1746699580967 0.00125 1067
1746699585542 0.00125 1068
1746699590113 0.00125 1069
1746699594660 0.00125 1070
1746699599235 0.00125 1071
1746699603800 0.00125 1072
1746699608386 0.00125 1073
1746699612976 0.00125 1074
1746699617550 0.00125 1075
1746699622099 0.00125 1076
1746699626649 0.00125 1077
1746699631427 0.00125 1078
1746699635942 0.00125 1079
1746700192515 0.005 1080
1746700197061 0.005 1081
1746700201648 0.005 1082
1746700206189 0.005 1083
1746700210760 0.005 1084
1746700215333 0.005 1085
1746700219903 0.0025 1086
1746700224535 0.0025 1087
1746700229123 0.0025 1088
1746700233690 0.0025 1089
1746700238239 0.0025 1090
1746700242822 0.0025 1091
1746700247414 0.00125 1092
1746700252041 0.00125 1093
1746700256609 0.00125 1094
1746700261191 0.00125 1095
1746700265796 0.00125 1096
1746700270429 0.00125 1097
1746700274985 0.00125 1098
1746700279773 0.00125 1099
1746700284335 0.00125 1100
1746700288887 0.00125 1101
1746700293476 0.00125 1102
1746700298044 0.00125 1103
1746700302645 0.00125 1104
1746700307229 0.00125 1105
1746700311795 0.00125 1106
1746700316390 0.00125 1107
1746700321005 0.00125 1108
1746700325585 0.00125 1109
1746700330136 0.00125 1110
1746700334728 0.00125 1111
1746700339268 0.00125 1112
1746700343798 0.00125 1113
1746700348347 0.00125 1114
1746700352924 0.00125 1115
1746700357458 0.00125 1116
1746700362065 0.00125 1117
1746700366833 0.00125 1118
1746700371418 0.00125 1119
1746700928343 0.005 1120
1746700932964 0.005 1121
1746700937587 0.005 1122
1746700942198 0.005 1123
1746700946771 0.005 1124
1746700951353 0.005 1125
1746700955901 0.0025 1126
1746700960452 0.0025 1127
1746700965047 0.0025 1128
1746700969602 0.0025 1129
1746700974192 0.0025 1130
1746700978760 0.0025 1131
1746700983312 0.00125 1132
1746700987858 0.00125 1133
1746700992436 0.00125 1134
1746700996971 0.00125 1135
1746701001530 0.00125 1136
1746701006096 0.00125 1137
1746701010665 0.00125 1138
1746701015443 0.00125 1139
1746701020280 0.00125 1140
1746701024523 0.00125 1141
1746701029364 0.00125 1142
1746701033680 0.00125 1143
1746701038526 0.00125 1144
1746701042804 0.00125 1145
1746701047654 0.00125 1146
1746701051926 0.00125 1147
1746701056787 0.00125 1148
1746701061040 0.00125 1149
1746701065879 0.00125 1150
1746701070150 0.00125 1151
1746701075043 0.00125 1152
1746701079307 0.00125 1153
1746701084210 0.00125 1154
1746701088432 0.00125 1155
1746701093300 0.00125 1156
1746701097574 0.00125 1157
1746701102684 0.00125 1158
1746701107223 0.00125 1159
1746701664247 0.005 1160
1746701668772 0.005 1161
1746701673305 0.005 1162
1746701677795 0.005 1163
1746701682364 0.005 1164
1746701686937 0.005 1165
1746701691520 0.0025 1166
1746701696146 0.0025 1167
1746701700716 0.0025 1168
1746701705303 0.0025 1169
1746701709875 0.0025 1170
1746701714471 0.0025 1171
1746701719075 0.00125 1172
1746701723608 0.00125 1173
1746701728460 0.00125 1174
1746701732684 0.00125 1175
1746701737516 0.00125 1176
1746701742030 0.00125 1177
1746701746580 0.00125 1178
1746701751319 0.00125 1179
1746701755910 0.00125 1180
1746701760515 0.00125 1181
1746701765111 0.00125 1182
1746701769677 0.00125 1183
1746701774246 0.00125 1184
1746701778862 0.00125 1185
1746701783428 0.00125 1186
1746701788018 0.00125 1187
1746701792622 0.00125 1188
1746701797226 0.00125 1189
1746701801791 0.00125 1190
1746701806387 0.00125 1191
1746701810868 0.00125 1192
1746701815449 0.00125 1193
1746701819990 0.00125 1194
1746701824556 0.00125 1195
1746701829073 0.00125 1196
1746701833670 0.00125 1197
1746701838440 0.00125 1198
1746701842960 0.00125 1199
1746702402822 0.005 1200
1746702407428 0.005 1201
1746702412006 0.005 1202
1746702416602 0.005 1203
1746702421177 0.005 1204
1746702426070 0.005 1205
1746702430325 0.0025 1206
1746702435190 0.0025 1207
1746702439480 0.0025 1208
1746702444404 0.0025 1209
1746702449023 0.0025 1210
1746702453671 0.0025 1211
1746702458229 0.0025 1212
1746702462808 0.0025 1213
1746702467392 0.0025 1214
1746702471967 0.0025 1215
1746702476582 0.0025 1216
1746702481167 0.0025 1217
1746702485761 0.0025 1218
1746702490587 0.0025 1219
1746702495175 0.0025 1220
1746702499721 0.0025 1221
1746702504305 0.0025 1222
1746702508887 0.0025 1223
1746702513450 0.0025 1224
1746702517997 0.0025 1225
1746702522581 0.0025 1226
1746702527120 0.0025 1227
1746702531689 0.0025 1228
1746702536216 0.0025 1229
1746702540733 0.0025 1230
1746702545324 0.0025 1231
1746702549873 0.0025 1232
1746702554414 0.0025 1233
1746702558973 0.0025 1234
1746702563502 0.0025 1235
1746702568034 0.0025 1236
1746702572549 0.0025 1237
1746702577341 0.0025 1238
1746702581867 0.0025 1239
1746703142305 0.005 1240
1746703146910 0.005 1241
1746703151454 0.005 1242
1746703156046 0.005 1243
1746703160601 0.005 1244
1746703165192 0.005 1245
1746703169808 0.0025 1246
1746703174432 0.0025 1247
1746703179000 0.0025 1248
1746703183588 0.0025 1249
1746703188161 0.0025 1250
1746703192727 0.0025 1251
1746703197355 0.0025 1252
1746703201975 0.0025 1253
1746703206563 0.0025 1254
1746703211112 0.0025 1255
1746703215739 0.0025 1256
1746703220333 0.0025 1257
1746703224925 0.0025 1258
1746703229736 0.0025 1259
1746703234303 0.0025 1260
1746703238878 0.0025 1261
1746703243464 0.0025 1262
1746703248056 0.0025 1263
1746703252659 0.0025 1264
1746703257287 0.0025 1265
1746703261876 0.0025 1266
1746703266492 0.0025 1267
1746703271054 0.0025 1268
1746703275596 0.0025 1269
1746703280166 0.0025 1270
1746703284752 0.0025 1271
1746703289401 0.0025 1272
1746703294051 0.0025 1273
1746703298644 0.0025 1274
1746703303234 0.0025 1275
1746703307840 0.0025 1276
1746703312428 0.0025 1277
1746703317215 0.0025 1278
1746703321749 0.0025 1279
1746703884319 0.005 1280
1746703888940 0.005 1281
1746703893553 0.005 1282
1746703898166 0.005 1283
1746703902772 0.005 1284
1746703907389 0.005 1285
1746703912024 0.0025 1286
1746703916681 0.0025 1287
1746703921305 0.0025 1288
1746703925947 0.0025 1289
1746703930553 0.0025 1290
1746703935158 0.0025 1291
1746703939790 0.00125 1292
1746703944418 0.00125 1293
1746703949021 0.00125 1294
1746703953611 0.00125 1295
1746703958218 0.00125 1296
1746703962813 0.00125 1297
1746703967423 0.00125 1298
1746703972306 0.00125 1299
1746703976891 0.00125 1300
1746703981459 0.00125 1301
1746703986077 0.00125 1302
1746703990618 0.00125 1303
1746703995521 0.00125 1304
1746703999822 0.00125 1305
1746704004719 0.00125 1306
1746704009041 0.00125 1307
1746704013980 0.00125 1308
1746704018618 0.00125 1309
1746704023225 0.00125 1310
1746704027809 0.00125 1311
1746704032408 0.00125 1312
1746704036989 0.00125 1313
1746704041635 0.00125 1314
1746704046227 0.00125 1315
1746704050878 0.00125 1316
1746704055501 0.00125 1317
1746704060329 0.00125 1318
1746704064919 0.00125 1319
1746704629220 0.005 1320
1746704633808 0.005 1321
1746704638454 0.005 1322
1746704643100 0.005 1323
1746704647733 0.005 1324
1746704652374 0.005 1325
1746704657014 0.0025 1326
1746704661673 0.0025 1327
1746704666283 0.0025 1328
1746704670916 0.0025 1329
1746704675554 0.0025 1330
1746704680213 0.0025 1331
1746704684848 0.0025 1332
1746704689480 0.0025 1333
1746704694056 0.0025 1334
1746704698657 0.0025 1335
1746704703258 0.0025 1336
1746704707834 0.0025 1337
1746704712357 0.0025 1338
1746704717116 0.0025 1339
1746704721605 0.0025 1340
1746704726146 0.0025 1341
1746704730806 0.0025 1342
1746704735423 0.0025 1343
1746704739986 0.0025 1344
1746704744559 0.0025 1345
1746704749106 0.0025 1346
1746704753664 0.0025 1347
1746704758321 0.0025 1348
1746704762916 0.0025 1349
1746704767541 0.0025 1350
1746704772161 0.0025 1351
1746704776768 0.0025 1352
1746704781381 0.0025 1353
1746704785999 0.0025 1354
1746704790572 0.0025 1355
1746704795151 0.0025 1356
1746704799723 0.0025 1357
1746704804470 0.0025 1358
1746704809049 0.0025 1359
1746705371558 0.005 1360
1746705376148 0.005 1361
1746705380768 0.005 1362
1746705385342 0.005 1363
1746705389991 0.005 1364
1746705394569 0.005 1365
1746705399207 0.0025 1366
1746705403818 0.0025 1367
1746705408463 0.0025 1368
1746705413095 0.0025 1369
1746705417735 0.0025 1370
1746705422347 0.0025 1371
1746705426974 0.0025 1372
1746705431542 0.0025 1373
1746705436131 0.0025 1374
1746705440761 0.0025 1375
1746705445416 0.0025 1376
1746705450060 0.0025 1377
1746705454708 0.0025 1378
1746705459532 0.0025 1379
1746705464144 0.0025 1380
1746705468767 0.0025 1381
1746705473367 0.0025 1382
1746705477940 0.0025 1383
1746705482523 0.0025 1384
1746705487458 0.0025 1385
1746705491797 0.0025 1386
1746705496765 0.0025 1387
1746705501369 0.0025 1388
1746705505945 0.0025 1389
1746705510566 0.0025 1390
1746705515228 0.0025 1391
1746705519889 0.0025 1392
1746705524543 0.0025 1393
1746705529195 0.0025 1394
1746705533752 0.0025 1395
1746705538337 0.0025 1396
1746705542967 0.0025 1397
1746705547785 0.0025 1398
1746705552341 0.0025 1399
1746706113395 0.005 1400
1746706117944 0.005 1401
1746706122533 0.005 1402
1746706127122 0.005 1403
1746706131703 0.005 1404
1746706136241 0.005 1405
1746706140848 0.0025 1406
1746706145446 0.0025 1407
1746706149979 0.0025 1408
1746706154525 0.0025 1409
1746706159121 0.0025 1410
1746706163705 0.0025 1411
1746706168287 0.0025 1412
1746706172872 0.0025 1413
1746706177436 0.0025 1414
1746706181983 0.0025 1415
1746706186452 0.0025 1416
1746706190978 0.0025 1417
1746706195443 0.0025 1418
1746706200203 0.0025 1419
1746706204743 0.0025 1420
1746706209308 0.0025 1421
1746706213880 0.0025 1422
1746706218438 0.0025 1423
1746706222932 0.0025 1424
1746706227509 0.0025 1425
1746706232096 0.0025 1426
1746706236667 0.0025 1427
1746706241241 0.0025 1428
1746706245770 0.0025 1429
1746706250351 0.0025 1430
1746706254950 0.0025 1431
1746706259549 0.0025 1432
1746706264103 0.0025 1433
1746706268717 0.0025 1434
1746706273263 0.0025 1435
1746706277814 0.0025 1436
1746706282391 0.0025 1437
1746706287176 0.0025 1438
1746706291783 0.0025 1439
1746706854333 0.005 1440
1746706858919 0.005 1441
1746706863525 0.005 1442
1746706868100 0.005 1443
1746706872707 0.005 1444
1746706877339 0.005 1445
1746706882004 0.0025 1446
1746706886637 0.0025 1447
1746706891292 0.0025 1448
1746706895932 0.0025 1449
1746706900566 0.0025 1450
1746706905220 0.0025 1451
1746706909857 0.0025 1452
1746706914556 0.0025 1453
1746706919191 0.0025 1454
1746706923840 0.0025 1455
1746706928434 0.0025 1456
1746706933071 0.0025 1457
1746706937686 0.0025 1458
1746706942554 0.0025 1459
1746706947155 0.0025 1460
1746706951799 0.0025 1461
1746706956406 0.0025 1462
1746706961068 0.0025 1463
1746706965690 0.0025 1464
1746706970336 0.0025 1465
1746706975021 0.0025 1466
1746706979677 0.0025 1467
1746706984351 0.0025 1468
1746706988987 0.0025 1469
1746706993591 0.0025 1470
1746706998226 0.0025 1471
1746707002849 0.0025 1472
1746707007440 0.0025 1473
1746707012067 0.0025 1474
1746707016673 0.0025 1475
1746707021270 0.0025 1476
1746707025881 0.0025 1477
1746707030670 0.0025 1478
1746707035138 0.0025 1479
1746707598134 0.005 1480
1746707602713 0.005 1481
1746707607249 0.005 1482
1746707611883 0.005 1483
1746707616511 0.005 1484
1746707621101 0.005 1485
1746707625679 0.0025 1486
1746707630624 0.0025 1487
1746707634967 0.0025 1488
1746707639910 0.0025 1489
1746707644557 0.0025 1490
1746707649211 0.0025 1491
1746707653848 0.00125 1492
1746707658456 0.00125 1493
1746707663024 0.00125 1494
1746707667620 0.00125 1495
1746707672246 0.00125 1496
1746707676840 0.00125 1497
1746707681448 0.00125 1498
1746707686296 0.00125 1499
1746707690885 0.00125 1500
1746707695492 0.00125 1501
1746707700101 0.00125 1502
1746707704750 0.00125 1503
1746707709389 0.00125 1504
1746707713985 0.00125 1505
1746707718564 0.00125 1506
1746707723203 0.00125 1507
1746707727811 0.00125 1508
1746707732410 0.00125 1509
1746707737024 0.00125 1510
1746707741699 0.00125 1511
1746707746341 0.00125 1512
1746707750999 0.00125 1513
1746707755642 0.00125 1514
1746707760287 0.00125 1515
1746707764921 0.00125 1516
1746707769538 0.00125 1517
1746707774387 0.00125 1518
1746707779007 0.00125 1519
1746708342959 0.005 1520
1746708347615 0.005 1521
1746708352214 0.005 1522
1746708356809 0.005 1523
1746708361416 0.005 1524
1746708365998 0.005 1525
1746708370572 0.0025 1526
1746708375221 0.0025 1527
1746708379848 0.0025 1528
1746708384389 0.0025 1529
1746708388923 0.0025 1530
1746708393520 0.0025 1531
1746708398064 0.0025 1532
1746708402640 0.0025 1533
1746708407191 0.0025 1534
1746708411791 0.0025 1535
1746708416448 0.0025 1536
1746708421107 0.0025 1537
1746708425749 0.0025 1538
1746708430639 0.0025 1539
1746708435240 0.0025 1540
1746708439839 0.0025 1541
1746708444471 0.0025 1542
1746708449090 0.0025 1543
1746708453706 0.0025 1544
1746708458352 0.0025 1545
1746708462979 0.0025 1546
1746708467631 0.0025 1547
1746708472266 0.0025 1548
1746708476887 0.0025 1549
1746708481507 0.0025 1550
1746708486159 0.0025 1551
1746708490767 0.0025 1552
1746708495397 0.0025 1553
1746708500052 0.0025 1554
1746708504680 0.0025 1555
1746708509294 0.0025 1556
1746708513969 0.0025 1557
1746708518804 0.0025 1558
1746708523385 0.0025 1559
1746709083816 0.0025 1560
1746709088455 0.0025 1561
1746709093406 0.0025 1562
1746709097698 0.0025 1563
1746709102640 0.0025 1564
1746709106932 0.0025 1565
1746709111836 0.0025 1566
1746709116435 0.0025 1567
1746709121039 0.0025 1568
1746709125648 0.0025 1569
1746709130282 0.0025 1570
1746709134862 0.0025 1571
1746709139399 0.0025 1572
1746709143977 0.0025 1573
1746709148525 0.0025 1574
1746709153101 0.0025 1575
1746709157698 0.0025 1576
1746709162310 0.0025 1577
1746709166945 0.0025 1578
1746709171770 0.0025 1579
1746709176402 0.0025 1580
1746709180993 0.0025 1581
1746709185633 0.0025 1582
1746709190268 0.0025 1583
1746709194886 0.0025 1584
1746709199478 0.0025 1585
1746709204084 0.0025 1586
1746709208680 0.0025 1587
1746709213299 0.0025 1588
1746709217884 0.0025 1589
1746709222474 0.0025 1590
1746709227124 0.0025 1591
1746709231715 0.0025 1592
1746709236293 0.0025 1593
1746709240862 0.0025 1594
1746709245429 0.0025 1595
1746709250012 0.0025 1596
1746709254594 0.0025 1597
1746709259367 0.0025 1598
1746709263959 0.0025 1599
1746709827384 0.0025 1600
1746709832011 0.0025 1601
1746709836626 0.0025 1602
1746709841222 0.0025 1603
1746709845870 0.0025 1604
1746709850524 0.0025 1605
1746709855097 0.0025 1606
1746709859695 0.0025 1607
1746709864281 0.0025 1608
1746709868869 0.0025 1609
1746709873458 0.0025 1610
1746709878007 0.0025 1611
1746709882596 0.0025 1612
1746709887210 0.0025 1613
1746709891775 0.0025 1614
1746709896370 0.0025 1615
1746709900940 0.0025 1616
1746709905544 0.0025 1617
1746709910183 0.0025 1618
1746709915032 0.0025 1619
1746709919613 0.0025 1620
1746709924214 0.0025 1621
1746709928869 0.0025 1622
1746709933495 0.0025 1623
1746709938099 0.0025 1624
1746709942707 0.0025 1625
1746709947371 0.0025 1626
1746709951990 0.0025 1627
1746709956630 0.0025 1628
1746709961229 0.0025 1629
1746709965851 0.0025 1630
1746709970488 0.0025 1631
1746709975151 0.0025 1632
1746709979822 0.0025 1633
1746709984471 0.0025 1634
1746709989082 0.0025 1635
1746709993668 0.0025 1636
1746709998260 0.0025 1637
1746710003066 0.0025 1638
1746710007708 0.0025 1639
1746710571662 0.0025 1640
1746710576295 0.0025 1641
1746710580913 0.0025 1642
1746710585491 0.0025 1643
1746710590079 0.0025 1644
1746710594659 0.0025 1645
1746710599265 0.0025 1646
1746710603859 0.0025 1647
1746710608448 0.0025 1648
1746710612996 0.0025 1649
1746710617587 0.0025 1650
1746710622174 0.0025 1651
1746710626808 0.0025 1652
1746710631456 0.0025 1653
1746710636055 0.0025 1654
1746710640632 0.0025 1655
1746710645239 0.0025 1656
1746710649860 0.0025 1657
1746710654483 0.0025 1658
1746710659369 0.0025 1659
1746710663989 0.0025 1660
1746710668641 0.0025 1661
1746710673301 0.0025 1662
1746710677937 0.0025 1663
1746710682552 0.0025 1664
1746710687195 0.0025 1665
1746710691786 0.0025 1666
1746710696432 0.0025 1667
1746710701062 0.0025 1668
1746710705696 0.0025 1669
1746710710320 0.0025 1670
1746710714955 0.0025 1671
1746710719562 0.0025 1672
1746710724176 0.0025 1673
1746710728828 0.0025 1674
1746710733485 0.0025 1675
1746710738107 0.0025 1676
1746710742736 0.0025 1677
1746710747578 0.0025 1678
1746710752225 0.0025 1679
1746711321460 0.0025 1680
1746711326135 0.0025 1681
1746711330832 0.0025 1682
1746711335495 0.0025 1683
1746711340194 0.0025 1684
1746711344839 0.0025 1685
1746711349502 0.0025 1686
1746711354170 0.0025 1687
1746711358838 0.0025 1688
1746711363499 0.0025 1689
1746711368214 0.0025 1690
1746711372870 0.0025 1691
1746711377577 0.0025 1692
1746711382225 0.0025 1693
1746711386895 0.0025 1694
1746711391570 0.0025 1695
1746711396273 0.0025 1696
1746711400933 0.0025 1697
1746711405583 0.0025 1698
1746711410485 0.0025 1699
1746711415442 0.0025 1700
1746711419854 0.0025 1701
1746711424836 0.0025 1702
1746711429189 0.0025 1703
1746711434158 0.0025 1704
1746711438555 0.0025 1705
1746711443563 0.0025 1706
1746711447967 0.0025 1707
1746711452954 0.0025 1708
1746711457331 0.0025 1709
1746711462276 0.0025 1710
1746711466643 0.0025 1711
1746711471641 0.0025 1712
1746711476032 0.0025 1713
1746711481035 0.0025 1714
1746711485434 0.0025 1715
1746711490446 0.0025 1716
1746711494880 0.0025 1717
1746711500065 0.0025 1718
1746711504672 0.0025 1719
1746712075981 0.0025 1720
1746712080606 0.0025 1721
1746712085275 0.0025 1722
1746712089983 0.0025 1723
1746712094711 0.0025 1724
1746712099365 0.0025 1725
1746712104048 0.0025 1726
1746712108738 0.0025 1727
1746712113425 0.0025 1728
1746712118117 0.0025 1729
1746712122807 0.0025 1730
1746712127502 0.0025 1731
1746712132129 0.0025 1732
1746712136795 0.0025 1733
1746712141774 0.0025 1734
1746712146091 0.0025 1735
1746712151095 0.0025 1736
1746712155751 0.0025 1737
1746712160504 0.0025 1738
1746712165413 0.0025 1739
1746712170014 0.0025 1740
1746712174634 0.0025 1741
1746712179267 0.0025 1742
1746712183915 0.0025 1743
1746712188559 0.0025 1744
1746712193266 0.0025 1745
1746712197950 0.0025 1746
1746712202668 0.0025 1747
1746712207349 0.0025 1748
1746712212045 0.0025 1749
1746712216731 0.0025 1750
1746712221422 0.0025 1751
1746712226082 0.0025 1752
1746712230793 0.0025 1753
1746712235492 0.0025 1754
1746712240218 0.0025 1755
1746712244868 0.0025 1756
1746712249571 0.0025 1757
1746712254465 0.0025 1758
1746712259178 0.0025 1759
1746712830417 0.0025 1760
1746712835123 0.0025 1761
1746712839791 0.0025 1762
1746712844471 0.0025 1763
1746712849199 0.0025 1764
1746712854197 0.0025 1765
1746712858587 0.0025 1766
1746712863629 0.0025 1767
1746712867977 0.0025 1768
1746712872949 0.0025 1769
1746712877607 0.0025 1770
1746712882293 0.0025 1771
1746712886963 0.0025 1772
1746712891650 0.0025 1773
1746712896289 0.0025 1774
1746712900932 0.0025 1775
1746712905587 0.0025 1776
1746712910285 0.0025 1777
1746712914933 0.0025 1778
1746712919844 0.0025 1779
1746712924520 0.0025 1780
1746712929170 0.0025 1781
1746712933879 0.0025 1782
1746712938556 0.0025 1783
1746712943150 0.0025 1784
1746712947812 0.0025 1785
1746712952452 0.0025 1786
1746712957112 0.0025 1787
1746712961827 0.0025 1788
1746712966483 0.0025 1789
1746712971112 0.0025 1790
1746712975761 0.0025 1791
1746712980434 0.0025 1792
1746712985147 0.0025 1793
1746712989794 0.0025 1794
1746712994444 0.0025 1795
1746712999106 0.0025 1796
1746713003736 0.0025 1797
1746713008641 0.0025 1798
1746713013303 0.0025 1799
1746713581714 0.0025 1800
1746713586360 0.0025 1801
1746713591049 0.0025 1802
1746713595727 0.0025 1803
1746713600429 0.0025 1804
1746713605110 0.0025 1805
1746713609781 0.0025 1806
1746713614453 0.0025 1807
1746713619111 0.0025 1808
1746713623736 0.0025 1809
1746713628410 0.0025 1810
1746713633095 0.0025 1811
1746713637779 0.0025 1812
1746713642464 0.0025 1813
1746713647124 0.0025 1814
1746713651771 0.0025 1815
1746713656417 0.0025 1816
1746713661072 0.0025 1817
1746713665748 0.0025 1818
1746713670623 0.0025 1819
1746713675242 0.0025 1820
1746713679903 0.0025 1821
1746713684623 0.0025 1822
1746713689297 0.0025 1823
1746713693963 0.0025 1824
1746713698660 0.0025 1825
1746713703305 0.0025 1826
1746713707956 0.0025 1827
1746713712664 0.0025 1828
1746713717317 0.0025 1829
1746713722002 0.0025 1830
1746713726701 0.0025 1831
1746713731371 0.0025 1832
1746713736070 0.0025 1833
1746713741059 0.0025 1834
1746713745706 0.0025 1835
1746713750349 0.0025 1836
1746713754987 0.0025 1837
1746713759881 0.0025 1838
1746713764564 0.0025 1839
1746714337142 0.00125 1840
1746714341851 0.00125 1841
1746714346493 0.00125 1842
1746714351192 0.00125 1843
1746714355881 0.00125 1844
1746714360559 0.00125 1845
1746714365255 0.00125 1846
1746714370010 0.00125 1847
1746714374705 0.00125 1848
1746714379388 0.00125 1849
1746714384003 0.00125 1850
1746714388645 0.00125 1851
1746714393351 0.00125 1852
1746714398058 0.00125 1853
1746714402761 0.00125 1854
1746714407451 0.00125 1855
1746714412152 0.00125 1856
1746714416899 0.00125 1857
1746714421622 0.00125 1858
1746714426535 0.00125 1859
1746714431212 0.00125 1860
1746714435894 0.00125 1861
1746714440588 0.00125 1862
1746714445254 0.00125 1863
1746714450265 0.00125 1864
1746714454668 0.00125 1865
1746714459708 0.00125 1866
1746714464085 0.00125 1867
1746714469087 0.00125 1868
1746714473767 0.00125 1869
1746714478454 0.00125 1870
1746714483162 0.00125 1871
1746714487850 0.00125 1872
1746714492523 0.00125 1873
1746714497218 0.00125 1874
1746714501911 0.00125 1875
1746714506616 0.00125 1876
1746714511335 0.00125 1877
1746714516287 0.00125 1878
1746714520966 0.00125 1879
1746715093592 0.00125 1880
1746715098331 0.00125 1881
1746715103064 0.00125 1882
1746715107761 0.00125 1883
1746715112463 0.00125 1884
1746715117185 0.00125 1885
1746715121917 0.00125 1886
1746715126678 0.00125 1887
1746715131415 0.00125 1888
1746715136130 0.00125 1889
1746715140839 0.00125 1890
1746715145584 0.00125 1891
1746715150260 0.00125 1892
1746715155015 0.00125 1893
1746715159670 0.00125 1894
1746715164380 0.00125 1895
1746715169064 0.00125 1896
1746715173815 0.00125 1897
1746715178513 0.00125 1898
1746715183488 0.00125 1899
1746715188132 0.00125 1900
1746715192768 0.00125 1901
1746715197434 0.00125 1902
1746715202118 0.00125 1903
1746715206754 0.00125 1904
1746715211490 0.00125 1905
1746715216223 0.00125 1906
1746715220928 0.00125 1907
1746715225602 0.00125 1908
1746715230240 0.00125 1909
1746715234939 0.00125 1910
1746715239610 0.00125 1911
1746715244250 0.00125 1912
1746715248892 0.00125 1913
1746715253566 0.00125 1914
1746715258225 0.00125 1915
1746715262855 0.00125 1916
1746715267508 0.00125 1917
1746715272374 0.00125 1918
1746715277018 0.00125 1919
1746715847766 0.00125 1920
1746715852373 0.00125 1921
1746715857004 0.00125 1922
1746715861608 0.00125 1923
1746715866281 0.00125 1924
1746715870928 0.00125 1925
1746715875620 0.00125 1926
1746715880190 0.00125 1927
1746715884811 0.00125 1928
1746715889407 0.00125 1929
1746715894049 0.00125 1930
1746715898657 0.00125 1931
1746715903283 0.00125 1932
1746715907867 0.00125 1933
1746715912463 0.00125 1934
1746715917022 0.00125 1935
1746715921608 0.00125 1936
1746715926197 0.00125 1937
1746715930787 0.00125 1938
1746715935624 0.00125 1939
1746715940230 0.00125 1940
1746715944910 0.00125 1941
1746715949483 0.00125 1942
1746715954125 0.00125 1943
1746715958688 0.00125 1944
1746715963691 0.00125 1945
1746715968014 0.00125 1946
1746715972936 0.00125 1947
1746715977560 0.00125 1948
1746715982170 0.00125 1949
1746715986768 0.00125 1950
1746715991407 0.00125 1951
1746715996035 0.00125 1952
1746716000608 0.00125 1953
1746716005223 0.00125 1954
1746716009788 0.00125 1955
1746716014357 0.00125 1956
1746716018945 0.00125 1957
1746716023768 0.00125 1958
1746716028344 0.00125 1959
