1751837551835 0.001 0
1751837576510 0.001 1
1751837601252 0.001 2
1751837625911 0.001 3
1751837650594 0.001 4
1751837675236 0.001 5
1751837699871 0.001 6
1751837724580 0.001 7
1751837749332 0.001 8
1751837773949 0.001 9
1751837798740 0.001 10
1751837823467 0.001 11
1751837848082 0.001 12
1751837872718 0.001 13
1751837897568 0.001 14
1751837922201 0.001 15
1751837946862 0.001 16
1751837971509 0.001 17
1751837996111 0.001 18
1751838020720 0.001 19
1751838045507 0.001 20
1751838070119 0.001 21
1751838094805 0.001 22
1751838119431 0.001 23
1751838144168 0.001 24
1751838168843 0.001 25
1751838193486 0.001 26
1751838218131 0.001 27
1751838242707 0.001 28
1751838267400 0.001 29
1751838292096 0.001 30
1751838316756 0.001 31
1751838341388 0.001 32
1751838365982 0.001 33
1751838390632 0.001 34
1751838415303 0.001 35
1751838439958 0.001 36
1751838464727 0.001 37
1751838489343 0.001 38
1751838513912 0.001 39
1751839789881 0.001 40
1751839815593 0.001 41
1751839840286 0.001 42
1751839864918 0.001 43
1751839889609 0.001 44
1751839915193 0.001 45
1751839939794 0.001 46
1751839965361 0.001 47
1751839990884 0.001 48
1751840015538 0.001 49
1751840040151 0.001 50
1751840065793 0.001 51
1751840090433 0.001 52
1751840116078 0.001 53
1751840141717 0.001 54
1751840167395 0.001 55
1751840192984 0.001 56
1751840218694 0.001 57
1751840243357 0.001 58
1751840268950 0.001 59
1751840294544 0.001 60
1751840320335 0.001 61
1751840346095 0.001 62
1751840371734 0.001 63
1751840397371 0.001 64
1751840422930 0.001 65
1751840448535 0.001 66
1751840474232 0.001 67
1751840499815 0.001 68
1751840525511 0.001 69
1751840551091 0.001 70
1751840576666 0.001 71
1751840602425 0.001 72
1751840628216 0.001 73
1751840653756 0.001 74
1751840679489 0.001 75
1751840705018 0.001 76
1751840730722 0.001 77
1751840756397 0.001 78
1751840781976 0.001 79
1751842102383 0.001 80
1751842128081 0.001 81
1751842153626 0.001 82
1751842179205 0.001 83
1751842204793 0.001 84
1751842230397 0.001 85
1751842255978 0.001 86
1751842281543 0.001 87
1751842307115 0.001 88
1751842332716 0.001 89
1751842358330 0.001 90
1751842384012 0.001 91
1751842409707 0.001 92
1751842435305 0.001 93
1751842460866 0.001 94
1751842486408 0.001 95
1751842511940 0.001 96
1751842537508 0.001 97
1751842563042 0.001 98
1751842588692 0.001 99
1751842614195 0.001 100
1751842639795 0.001 101
1751842665310 0.001 102
1751842690850 0.001 103
1751842716432 0.001 104
1751842742007 0.001 105
1751842767528 0.001 106
1751842793179 0.001 107
1751842818758 0.001 108
1751842844273 0.001 109
1751842869949 0.001 110
1751842895645 0.001 111
1751842921228 0.001 112
1751842946816 0.0005 113
1751842972409 0.0005 114
1751842997976 0.0005 115
1751843023530 0.0005 116
1751843049257 0.0005 117
1751843074845 0.0005 118
1751843100436 0.0005 119
1751844429394 0.001 120
1751844454949 0.001 121
1751844480730 0.001 122
1751844506301 0.001 123
1751844531842 0.001 124
1751844557522 0.001 125
1751844583064 0.001 126
1751844608722 0.001 127
1751844634302 0.001 128
1751844659980 0.001 129
1751844685581 0.001 130
1751844711088 0.001 131
1751844736650 0.001 132
1751844762145 0.001 133
1751844787611 0.001 134
1751844813185 0.0005 135
1751844838770 0.0005 136
1751844864363 0.0005 137
1751844889933 0.0005 138
1751844915455 0.0005 139
1751844940992 0.0005 140
1751844966548 0.0005 141
1751844992115 0.0005 142
1751845017696 0.0005 143
1751845043293 0.0005 144
1751845068846 0.0005 145
1751845094405 0.0005 146
1751845119938 0.0005 147
1751845145418 0.0005 148
1751845170958 0.0005 149
1751845196576 0.0005 150
1751845222139 0.0005 151
1751845247709 0.0005 152
1751845273223 0.0005 153
1751845298970 0.0005 154
1751845324569 0.0005 155
1751845350055 0.0005 156
1751845375649 0.0005 157
1751845401229 0.0005 158
1751845426726 0.0005 159
1751846694723 0.001 160
1751846719142 0.001 161
1751846743531 0.001 162
1751846767925 0.001 163
1751846792741 0.001 164
1751846817203 0.001 165
1751846841634 0.001 166
1751846866054 0.001 167
1751846890450 0.001 168
1751846914832 0.001 169
1751846939620 0.001 170
1751846964256 0.001 171
1751846988575 0.001 172
1751847013025 0.001 173
1751847037480 0.001 174
1751847061834 0.001 175
1751847086597 0.001 176
1751847111193 0.001 177
1751847135470 0.001 178
1751847159987 0.001 179
1751847184340 0.001 180
1751847208819 0.001 181
1751847233514 0.001 182
1751847258173 0.0005 183
1751847282555 0.0005 184
1751847306910 0.0005 185
1751847331290 0.0005 186
1751847355945 0.0005 187
1751847380575 0.0005 188
1751847405381 0.0005 189
1751847430111 0.0005 190
1751847454421 0.0005 191
1751847479035 0.0005 192
1751847503668 0.0005 193
1751847528324 0.0005 194
1751847553014 0.0005 195
1751847577704 0.0005 196
1751847602217 0.0005 197
1751847626964 0.0005 198
1751847651591 0.0005 199
1751848928333 0.001 200
1751848952951 0.001 201
1751848977712 0.001 202
1751849002401 0.001 203
1751849027163 0.001 204
1751849051877 0.001 205
1751849076581 0.001 206
1751849101199 0.001 207
1751849125896 0.001 208
1751849150517 0.001 209
1751849175113 0.001 210
1751849199740 0.001 211
1751849224388 0.001 212
1751849249157 0.001 213
1751849273762 0.001 214
1751849298457 0.001 215
1751849323127 0.001 216
1751849348889 0.0005 217
1751849373514 0.0005 218
1751849398182 0.0005 219
1751849422986 0.0005 220
1751849447659 0.0005 221
1751849472270 0.0005 222
1751849497822 0.0005 223
1751849522502 0.0005 224
1751849547259 0.0005 225
1751849571914 0.0005 226
1751849596537 0.0005 227
1751849621127 0.0005 228
1751849646766 0.0005 229
1751849671505 0.0005 230
1751849697052 0.0005 231
1751849721693 0.0005 232
1751849746427 0.0005 233
1751849771062 0.0005 234
1751849796715 0.0005 235
1751849821414 0.0005 236
1751849847046 0.0005 237
1751849872590 0.0005 238
1751849898196 0.0005 239
1751851218672 0.001 240
1751851244199 0.001 241
1751851269765 0.001 242
1751851295340 0.001 243
1751851320947 0.001 244
1751851346477 0.001 245
1751851372014 0.001 246
1751851397521 0.001 247
1751851423128 0.001 248
1751851448725 0.001 249
1751851474447 0.001 250
1751851499930 0.001 251
1751851525503 0.001 252
1751851551106 0.001 253
1751851576653 0.001 254
1751851602278 0.0005 255
1751851627893 0.0005 256
1751851653509 0.0005 257
1751851679192 0.0005 258
1751851704803 0.0005 259
1751851730326 0.0005 260
1751851755932 0.00025 261
1751851781561 0.00025 262
1751851807286 0.00025 263
1751851833054 0.00025 264
1751851858587 0.00025 265
1751851884188 0.00025 266
1751851909788 0.00025 267
1751851935321 0.00025 268
1751851960982 0.00025 269
1751851986691 0.00025 270
1751852012329 0.00025 271
1751852037912 0.00025 272
1751852063638 0.00025 273
1751852089195 0.00025 274
1751852114640 0.000125 275
1751852140244 0.000125 276
1751852165736 0.000125 277
1751852191277 0.000125 278
1751852216995 0.000125 279
1751853536647 0.001 280
1751853562333 0.001 281
1751853588017 0.001 282
1751853613678 0.001 283
1751853639209 0.001 284
1751853664810 0.001 285
1751853690336 0.001 286
1751853716092 0.001 287
1751853741722 0.001 288
1751853767263 0.001 289
1751853792986 0.001 290
1751853818536 0.001 291
1751853844261 0.001 292
1751853869793 0.001 293
1751853895369 0.001 294
1751853920908 0.001 295
1751853946469 0.001 296
1751853972182 0.001 297
1751853997817 0.001 298
1751854023423 0.001 299
1751854049022 0.001 300
1751854074509 0.001 301
1751854100155 0.001 302
1751854125746 0.001 303
1751854151388 0.001 304
1751854176950 0.001 305
1751854202587 0.001 306
1751854228111 0.001 307
1751854253650 0.001 308
1751854279193 0.001 309
1751854304738 0.001 310
1751854330254 0.001 311
1751854355891 0.001 312
1751854381385 0.001 313
1751854406908 0.0005 314
1751854432455 0.0005 315
1751854458075 0.0005 316
1751854483549 0.0005 317
1751854509070 0.0005 318
1751854534663 0.0005 319
1751855830853 0.001 320
1751855855351 0.001 321
1751855879701 0.001 322
1751855904123 0.001 323
1751855928587 0.001 324
1751855952978 0.001 325
1751855977437 0.001 326
1751856001809 0.001 327
1751856026200 0.001 328
1751856050509 0.001 329
1751856074870 0.001 330
1751856099273 0.001 331
1751856123627 0.0005 332
1751856148020 0.0005 333
1751856172413 0.0005 334
1751856196797 0.0005 335
1751856221227 0.0005 336
1751856245742 0.0005 337
1751856270056 0.0005 338
1751856294438 0.0005 339
1751856318847 0.0005 340
1751856343204 0.0005 341
1751856367604 0.0005 342
1751856392017 0.0005 343
1751856416425 0.0005 344
1751856440901 0.0005 345
1751856465326 0.0005 346
1751856489724 0.0005 347
1751856514075 0.0005 348
1751856538430 0.0005 349
1751856562835 0.0005 350
1751856587224 0.0005 351
1751856611631 0.0005 352
1751856635952 0.0005 353
1751856660373 0.0005 354
1751856684765 0.0005 355
1751856709217 0.0005 356
1751856733577 0.00025 357
1751856757948 0.00025 358
1751856782310 0.00025 359
1751858052809 0.001 360
1751858077216 0.001 361
1751858101957 0.001 362
1751858126681 0.001 363
1751858151362 0.001 364
1751858176054 0.001 365
1751858200720 0.001 366
1751858225107 0.001 367
1751858249871 0.001 368
1751858274578 0.001 369
1751858299301 0.001 370
1751858323996 0.001 371
1751858348741 0.001 372
1751858373099 0.001 373
1751858397844 0.001 374
1751858422644 0.001 375
1751858447355 0.001 376
1751858472006 0.001 377
1751858496737 0.001 378
1751858521476 0.001 379
1751858546154 0.001 380
1751858570837 0.001 381
1751858595512 0.001 382
1751858620206 0.001 383
1751858644962 0.001 384
1751858669661 0.001 385
1751858694285 0.001 386
1751858719073 0.001 387
1751858743763 0.001 388
1751858768440 0.001 389
1751858793125 0.0005 390
1751858817758 0.0005 391
1751858842495 0.0005 392
1751858867192 0.0005 393
1751858891941 0.0005 394
1751858916739 0.0005 395
1751858941516 0.0005 396
1751858966211 0.0005 397
1751858990977 0.0005 398
1751859015627 0.0005 399
1751860367986 0.001 400
1751860393881 0.001 401
1751860419959 0.001 402
1751860445928 0.001 403
1751860471941 0.001 404
1751860497891 0.001 405
1751860523770 0.001 406
1751860549759 0.001 407
1751860575697 0.001 408
1751860601649 0.001 409
1751860627567 0.001 410
1751860653616 0.001 411
1751860679524 0.001 412
1751860705654 0.001 413
1751860731584 0.001 414
1751860757507 0.001 415
1751860783424 0.001 416
1751860809449 0.001 417
1751860835387 0.001 418
1751860861371 0.001 419
1751860887274 0.0005 420
1751860913161 0.0005 421
1751860939072 0.0005 422
1751860965003 0.0005 423
1751860990874 0.0005 424
1751861016857 0.0005 425
1751861042981 0.0005 426
1751861068888 0.0005 427
1751861094742 0.0005 428
1751861120647 0.0005 429
1751861146725 0.0005 430
1751861172584 0.0005 431
1751861198509 0.00025 432
1751861224377 0.00025 433
1751861250274 0.00025 434
1751861276135 0.00025 435
1751861302144 0.00025 436
1751861328121 0.00025 437
1751861354092 0.00025 438
1751861380031 0.00025 439
1751862717556 0.001 440
1751862743532 0.001 441
1751862769487 0.001 442
1751862795523 0.001 443
1751862821440 0.001 444
1751862847339 0.001 445
1751862873280 0.001 446
1751862899147 0.001 447
1751862925007 0.001 448
1751862950913 0.001 449
1751862976846 0.001 450
1751863002749 0.001 451
1751863028696 0.001 452
1751863054541 0.001 453
1751863080428 0.001 454
1751863106358 0.001 455
1751863132299 0.001 456
1751863158296 0.001 457
1751863184297 0.001 458
1751863210259 0.001 459
1751863236112 0.001 460
1751863262118 0.001 461
1751863288034 0.001 462
1751863313933 0.001 463
1751863339813 0.001 464
1751863365711 0.001 465
1751863391709 0.001 466
1751863417555 0.001 467
1751863443422 0.0005 468
1751863469332 0.0005 469
1751863495300 0.0005 470
1751863521350 0.0005 471
1751863547288 0.0005 472
1751863573225 0.0005 473
1751863599097 0.0005 474
1751863625101 0.0005 475
1751863651104 0.0005 476
1751863677062 0.0005 477
1751863703034 0.0005 478
1751863728909 0.0005 479
1751865079038 0.001 480
1751865104919 0.001 481
1751865130726 0.001 482
1751865156673 0.001 483
1751865182498 0.001 484
1751865208386 0.001 485
1751865234237 0.001 486
1751865260146 0.001 487
1751865286030 0.001 488
1751865311935 0.001 489
1751865337859 0.001 490
1751865363917 0.001 491
1751865389762 0.001 492
1751865415608 0.001 493
1751865441544 0.001 494
1751865467316 0.001 495
1751865493176 0.001 496
1751865519044 0.001 497
1751865544895 0.001 498
1751865570825 0.001 499
1751865596762 0.001 500
1751865622778 0.001 501
1751865648801 0.001 502
1751865674833 0.001 503
1751865701084 0.001 504
1751865725695 0.001 505
1751865750448 0.001 506
1751865775096 0.001 507
1751865799671 0.001 508
1751865824210 0.001 509
1751865848795 0.001 510
1751865873390 0.001 511
1751865897967 0.0005 512
1751865922720 0.0005 513
1751865947318 0.0005 514
1751865971796 0.0005 515
1751865996437 0.0005 516
1751866021000 0.0005 517
1751866045665 0.0005 518
1751866070352 0.0005 519
1751867348088 0.001 520
1751867372611 0.001 521
1751867397157 0.001 522
1751867421708 0.001 523
1751867446242 0.001 524
1751867470927 0.001 525
1751867495826 0.001 526
1751867520710 0.001 527
1751867545252 0.001 528
1751867569844 0.001 529
1751867594372 0.001 530
1751867618991 0.001 531
1751867643991 0.001 532
1751867668839 0.001 533
1751867693375 0.001 534
1751867717998 0.001 535
1751867742548 0.001 536
1751867767149 0.001 537
1751867792143 0.001 538
1751867817028 0.001 539
1751867841579 0.001 540
1751867866206 0.001 541
1751867890806 0.001 542
1751867915717 0.0005 543
1751867940705 0.0005 544
1751867965682 0.0005 545
1751867990742 0.0005 546
1751868015296 0.0005 547
1751868040310 0.0005 548
1751868065332 0.0005 549
1751868090251 0.0005 550
1751868115164 0.00025 551
1751868140074 0.00025 552
1751868164598 0.00025 553
1751868189558 0.00025 554
1751868214448 0.00025 555
1751868239408 0.00025 556
1751868264323 0.00025 557
1751868289291 0.00025 558
1751868314221 0.00025 559
1751869604636 0.001 560
1751869629521 0.001 561
1751869654344 0.001 562
1751869679297 0.001 563
1751869704305 0.001 564
1751869729376 0.001 565
1751869754388 0.001 566
1751869779266 0.001 567
1751869804196 0.001 568
1751869829156 0.001 569
1751869854114 0.001 570
1751869879139 0.001 571
1751869904167 0.001 572
1751869929255 0.001 573
1751869954181 0.001 574
1751869979045 0.001 575
1751870003929 0.001 576
1751870028790 0.001 577
1751870053658 0.001 578
1751870079696 0.0005 579
1751870104610 0.0005 580
1751870129534 0.0005 581
1751870154524 0.0005 582
1751870179374 0.0005 583
1751870204248 0.0005 584
1751870230236 0.0005 585
1751870255114 0.0005 586
1751870281133 0.0005 587
1751870306095 0.0005 588
1751870331014 0.0005 589
1751870355831 0.00025 590
1751870381829 0.00025 591
1751870406694 0.00025 592
1751870432676 0.00025 593
1751870458722 0.00025 594
1751870483775 0.00025 595
1751870508652 0.00025 596
1751870534735 0.00025 597
1751870559681 0.00025 598
1751870585756 0.00025 599
1751871926311 0.001 600
1751871952260 0.001 601
1751871978168 0.001 602
1751872004127 0.001 603
1751872030158 0.001 604
1751872056051 0.001 605
1751872081967 0.001 606
1751872107906 0.001 607
1751872133915 0.001 608
1751872159925 0.001 609
1751872185943 0.001 610
1751872211869 0.001 611
1751872237887 0.001 612
1751872263836 0.001 613
1751872289866 0.001 614
1751872315797 0.001 615
1751872341858 0.001 616
1751872367790 0.001 617
1751872393862 0.001 618
1751872419834 0.001 619
1751872445776 0.001 620
1751872471805 0.001 621
1751872497788 0.001 622
1751872523706 0.001 623
1751872549623 0.001 624
1751872575630 0.0005 625
1751872601628 0.0005 626
1751872627597 0.0005 627
1751872653595 0.0005 628
1751872679540 0.0005 629
1751872705456 0.0005 630
1751872731438 0.0005 631
1751872757422 0.0005 632
1751872783380 0.0005 633
1751872809480 0.00025 634
1751872835482 0.00025 635
1751872861482 0.00025 636
1751872887568 0.00025 637
1751872913574 0.00025 638
1751872939463 0.00025 639
1751874278995 0.001 640
1751874304969 0.001 641
1751874330947 0.001 642
1751874356988 0.001 643
1751874382938 0.001 644
1751874408835 0.001 645
1751874434773 0.001 646
1751874460691 0.001 647
1751874486780 0.001 648
1751874512706 0.001 649
1751874538594 0.001 650
1751874564531 0.001 651
1751874590452 0.001 652
1751874616408 0.001 653
1751874642265 0.001 654
1751874668163 0.001 655
1751874694277 0.001 656
1751874720221 0.001 657
1751874746231 0.001 658
1751874772161 0.001 659
1751874798073 0.001 660
1751874824061 0.001 661
1751874849949 0.0005 662
1751874875870 0.0005 663
1751874901854 0.0005 664
1751874927862 0.0005 665
1751874953925 0.0005 666
1751874979893 0.0005 667
1751875005837 0.0005 668
1751875031744 0.0005 669
1751875057647 0.0005 670
1751875083995 0.00025 671
1751875109857 0.00025 672
1751875135833 0.00025 673
1751875161942 0.00025 674
1751875188019 0.00025 675
1751875214070 0.00025 676
1751875240023 0.00025 677
1751875265986 0.00025 678
1751875291885 0.00025 679
1751876623272 0.001 680
1751876647990 0.001 681
1751876672537 0.001 682
1751876697147 0.001 683
1751876721741 0.001 684
1751876746228 0.001 685
1751876770840 0.001 686
1751876795430 0.001 687
1751876819925 0.001 688
1751876844529 0.001 689
1751876869069 0.001 690
1751876893613 0.001 691
1751876918183 0.001 692
1751876942718 0.001 693
1751876967273 0.001 694
1751876991922 0.001 695
1751877016593 0.001 696
1751877041147 0.001 697
1751877065852 0.001 698
1751877090375 0.001 699
1751877115001 0.0005 700
1751877139539 0.0005 701
1751877164200 0.0005 702
1751877188755 0.0005 703
1751877213288 0.0005 704
1751877237851 0.0005 705
1751877262429 0.0005 706
1751877286966 0.0005 707
1751877311524 0.0005 708
1751877336134 0.0005 709
1751877360649 0.0005 710
1751877385182 0.0005 711
1751877409969 0.0005 712
1751877434722 0.00025 713
1751877459288 0.00025 714
1751877483807 0.00025 715
1751877508321 0.00025 716
1751877532927 0.00025 717
1751877557511 0.00025 718
1751877582068 0.00025 719
1751878860645 0.001 720
1751878885571 0.001 721
1751878910059 0.001 722
1751878934614 0.001 723
1751878959099 0.001 724
1751878983917 0.001 725
1751879008911 0.001 726
1751879033753 0.001 727
1751879058630 0.001 728
1751879083221 0.001 729
1751879108139 0.001 730
1751879133062 0.001 731
1751879158022 0.001 732
1751879182938 0.001 733
1751879207848 0.001 734
1751879232400 0.001 735
1751879257258 0.001 736
1751879282122 0.001 737
1751879307010 0.0005 738
1751879331995 0.0005 739
1751879356911 0.0005 740
1751879381394 0.0005 741
1751879406321 0.0005 742
1751879431263 0.0005 743
1751879456146 0.0005 744
1751879481036 0.0005 745
1751879505927 0.0005 746
1751879530389 0.0005 747
1751879555333 0.0005 748
1751879580265 0.0005 749
1751879605247 0.0005 750
1751879630183 0.0005 751
1751879655075 0.0005 752
1751879679877 0.0005 753
1751879704915 0.0005 754
1751879729850 0.0005 755
1751879754667 0.0005 756
1751879779599 0.0005 757
1751879804469 0.00025 758
1751879829296 0.00025 759
1751881119209 0.001 760
1751881144165 0.001 761
1751881169128 0.001 762
1751881194047 0.001 763
1751881218914 0.001 764
1751881243818 0.001 765
1751881268674 0.001 766
1751881293535 0.001 767
1751881318472 0.001 768
1751881343433 0.001 769
1751881368280 0.001 770
1751881393131 0.001 771
1751881418061 0.001 772
1751881443433 0.001 773
1751881468376 0.001 774
1751881493426 0.001 775
1751881518364 0.001 776
1751881543254 0.001 777
1751881568104 0.001 778
1751881593015 0.001 779
1751881618175 0.0005 780
1751881643108 0.0005 781
1751881668004 0.0005 782
1751881692930 0.0005 783
1751881717984 0.0005 784
1751881742863 0.0005 785
1751881767738 0.0005 786
1751881792729 0.0005 787
1751881817612 0.0005 788
1751881842484 0.0005 789
1751881867314 0.0005 790
1751881892351 0.0005 791
1751881917255 0.0005 792
1751881942164 0.0005 793
1751881967045 0.00025 794
1751881991942 0.00025 795
1751882016787 0.00025 796
1751882041837 0.00025 797
1751882066719 0.00025 798
1751882091710 0.00025 799
1751883429549 0.001 800
1751883454473 0.001 801
1751883480456 0.001 802
1751883506493 0.001 803
1751883532453 0.001 804
1751883558334 0.001 805
1751883584333 0.001 806
1751883609312 0.001 807
1751883635204 0.001 808
1751883661220 0.001 809
1751883687097 0.001 810
1751883713129 0.001 811
1751883738998 0.001 812
1751883764909 0.001 813
1751883790825 0.001 814
1751883816731 0.001 815
1751883842812 0.001 816
1751883868720 0.001 817
1751883894612 0.001 818
1751883920542 0.001 819
1751883946449 0.001 820
1751883972315 0.001 821
1751883998212 0.001 822
1751884024294 0.001 823
1751884050218 0.001 824
1751884076151 0.001 825
1751884102124 0.001 826
1751884128114 0.001 827
1751884153993 0.001 828
1751884179916 0.001 829
1751884205856 0.001 830
1751884231959 0.0005 831
1751884257917 0.0005 832
1751884284014 0.0005 833
1751884309965 0.0005 834
1751884335895 0.0005 835
1751884361879 0.0005 836
1751884387893 0.0005 837
1751884413752 0.0005 838
1751884439629 0.0005 839
1751885777848 0.001 840
1751885803789 0.001 841
1751885829768 0.001 842
1751885855872 0.001 843
1751885881870 0.001 844
1751885907794 0.001 845
1751885933770 0.001 846
1751885959707 0.001 847
1751885985656 0.001 848
1751886011599 0.001 849
1751886037529 0.001 850
1751886063431 0.0005 851
1751886089347 0.0005 852
1751886115239 0.0005 853
1751886141282 0.0005 854
1751886167344 0.0005 855
1751886193297 0.0005 856
1751886219227 0.0005 857
1751886245163 0.0005 858
1751886271120 0.0005 859
1751886296982 0.0005 860
1751886323043 0.0005 861
1751886349139 0.0005 862
1751886375181 0.0005 863
1751886401140 0.0005 864
1751886427039 0.0005 865
1751886453014 0.0005 866
1751886479009 0.0005 867
1751886504969 0.0005 868
1751886530958 0.0005 869
1751886556857 0.0005 870
1751886582802 0.0005 871
1751886608667 0.0005 872
1751886634688 0.0005 873
1751886660743 0.0005 874
1751886686730 0.0005 875
1751886712599 0.0005 876
1751886738459 0.0005 877
1751886764557 0.00025 878
1751886790551 0.00025 879
1751888130262 0.001 880
1751888156202 0.001 881
1751888182195 0.001 882
1751888208153 0.001 883
1751888234156 0.001 884
1751888260071 0.001 885
1751888286136 0.001 886
1751888311996 0.001 887
1751888338028 0.001 888
1751888363877 0.001 889
1751888389899 0.001 890
1751888415800 0.001 891
1751888441722 0.001 892
1751888467617 0.001 893
1751888493584 0.001 894
1751888519516 0.001 895
1751888545426 0.001 896
1751888571301 0.001 897
1751888597220 0.001 898
1751888623175 0.001 899
1751888649071 0.001 900
1751888675018 0.0005 901
1751888700982 0.0005 902
1751888726915 0.0005 903
1751888752900 0.0005 904
1751888778823 0.0005 905
1751888804791 0.0005 906
1751888830854 0.0005 907
1751888856743 0.0005 908
1751888882576 0.0005 909
1751888908449 0.0005 910
1751888934383 0.0005 911
1751888960287 0.0005 912
1751888986172 0.0005 913
1751889012077 0.0005 914
1751889037941 0.0005 915
1751889063843 0.0005 916
1751889089692 0.0005 917
1751889115675 0.0005 918
1751889141570 0.0005 919
1751890493595 0.001 920
1751890519608 0.001 921
1751890545563 0.001 922
1751890571386 0.001 923
1751890597343 0.001 924
1751890623271 0.001 925
1751890649200 0.001 926
1751890675077 0.001 927
1751890701096 0.001 928
1751890727042 0.001 929
1751890753083 0.001 930
1751890779007 0.001 931
1751890804859 0.001 932
1751890830929 0.001 933
1751890856785 0.001 934
1751890882818 0.001 935
1751890908636 0.001 936
1751890934547 0.001 937
1751890960577 0.001 938
1751890986490 0.001 939
1751891012429 0.001 940
1751891038297 0.001 941
1751891064522 0.001 942
1751891089204 0.001 943
1751891113849 0.001 944
1751891138572 0.001 945
1751891163197 0.001 946
1751891187815 0.001 947
1751891212396 0.001 948
1751891236953 0.001 949
1751891261595 0.0005 950
1751891286137 0.0005 951
1751891310732 0.0005 952
1751891335337 0.0005 953
1751891359947 0.0005 954
1751891384537 0.0005 955
1751891409169 0.0005 956
1751891433711 0.0005 957
1751891458356 0.0005 958
1751891482978 0.0005 959
1751892765365 0.001 960
1751892790048 0.001 961
1751892814687 0.001 962
1751892839222 0.001 963
1751892864189 0.001 964
1751892889068 0.001 965
1751892913660 0.001 966
1751892938314 0.001 967
1751892962919 0.001 968
1751892987510 0.001 969
1751893012513 0.001 970
1751893037399 0.001 971
1751893061938 0.001 972
1751893086571 0.001 973
1751893111105 0.001 974
1751893136060 0.001 975
1751893160981 0.001 976
1751893185950 0.001 977
1751893210970 0.001 978
1751893235515 0.001 979
1751893260354 0.001 980
1751893285229 0.001 981
1751893310112 0.0005 982
1751893335007 0.0005 983
1751893359946 0.0005 984
1751893384468 0.0005 985
1751893409354 0.0005 986
1751893434235 0.0005 987
1751893459309 0.0005 988
1751893484211 0.0005 989
1751893509160 0.0005 990
1751893533731 0.0005 991
1751893558666 0.0005 992
1751893583639 0.0005 993
1751893608695 0.0005 994
1751893633614 0.0005 995
1751893658518 0.0005 996
1751893683534 0.0005 997
1751893708495 0.0005 998
1751893733411 0.0005 999
1751895024803 0.001 1000
1751895049755 0.001 1001
1751895074722 0.001 1002
1751895099802 0.001 1003
1751895124842 0.001 1004
1751895150937 0.001 1005
1751895175825 0.001 1006
1751895200759 0.001 1007
1751895225677 0.001 1008
1751895250603 0.001 1009
1751895275567 0.0005 1010
1751895301656 0.0005 1011
1751895326603 0.0005 1012
1751895351534 0.0005 1013
1751895376480 0.0005 1014
1751895401400 0.0005 1015
1751895426319 0.0005 1016
1751895452340 0.0005 1017
1751895477311 0.0005 1018
1751895503356 0.0005 1019
1751895528229 0.0005 1020
1751895553196 0.0005 1021
1751895578247 0.0005 1022
1751895604253 0.0005 1023
1751895629145 0.0005 1024
1751895655060 0.0005 1025
1751895681099 0.0005 1026
1751895707135 0.0005 1027
1751895732078 0.0005 1028
1751895757968 0.0005 1029
1751895782915 0.0005 1030
1751895808969 0.0005 1031
1751895834914 0.0005 1032
1751895861020 0.0005 1033
1751895887127 0.0005 1034
1751895913106 0.0005 1035
1751895938022 0.0005 1036
1751895963961 0.0005 1037
1751895989949 0.0005 1038
1751896015956 0.0005 1039
1751897356809 0.001 1040
1751897382872 0.001 1041
1751897408904 0.001 1042
1751897434925 0.001 1043
1751897460905 0.001 1044
1751897486988 0.001 1045
1751897512909 0.001 1046
1751897538902 0.001 1047
1751897564781 0.001 1048
1751897590690 0.001 1049
1751897616732 0.001 1050
1751897642669 0.001 1051
1751897668646 0.0005 1052
1751897694732 0.0005 1053
1751897720714 0.0005 1054
1751897746701 0.0005 1055
1751897772686 0.0005 1056
1751897798673 0.0005 1057
1751897824724 0.0005 1058
1751897850846 0.0005 1059
1751897876797 0.0005 1060
1751897902745 0.0005 1061
1751897928690 0.0005 1062
1751897954655 0.0005 1063
1751898047073 0.0005 1064
1751898128491 0.0005 1065
1751898154558 0.0005 1066
1751898180470 0.0005 1067
1751898206382 0.0005 1068
1751898232316 0.0005 1069
1751898258307 0.0005 1070
1751898284275 0.0005 1071
1751898310260 0.0005 1072
1751898336184 0.0005 1073
1751898362236 0.0005 1074
1751898388305 0.00025 1075
1751898414206 0.00025 1076
1751898440154 0.00025 1077
1751898466148 0.00025 1078
1751898492084 0.00025 1079
1751899836594 0.0005 1080
1751899862721 0.0005 1081
1751899888724 0.0005 1082
1751899914621 0.0005 1083
1751899940713 0.0005 1084
1751899966602 0.0005 1085
1751899992542 0.0005 1086
1751900018476 0.0005 1087
1751900044475 0.0005 1088
1751900070416 0.0005 1089
1751900096437 0.0005 1090
1751900122385 0.0005 1091
1751900148336 0.0005 1092
1751900174453 0.0005 1093
1751900200333 0.0005 1094
1751900226331 0.0005 1095
1751900252227 0.0005 1096
1751900278149 0.00025 1097
1751900304041 0.00025 1098
1751900329973 0.00025 1099
1751900356004 0.00025 1100
1751900381957 0.00025 1101
1751900408107 0.00025 1102
1751900434023 0.00025 1103
1751900459955 0.00025 1104
1751900485917 0.000125 1105
1751900511788 0.000125 1106
1751900537681 0.000125 1107
1751900563632 0.000125 1108
1751900589573 0.000125 1109
1751900615600 0.000125 1110
1751900641540 0.000125 1111
1751900667673 0.000125 1112
1751900693593 0.000125 1113
1751900719599 0.000125 1114
1751900745431 0.000125 1115
1751900771375 6.25e-05 1116
1751900797329 6.25e-05 1117
1751900823304 6.25e-05 1118
1751900849208 6.25e-05 1119
1751902154482 0.0005 1120
1751902179129 0.0005 1121
1751902203700 0.0005 1122
1751902228249 0.0005 1123
1751902252820 0.0005 1124
1751902277369 0.0005 1125
1751902301952 0.0005 1126
1751902326534 0.0005 1127
1751902351152 0.0005 1128
1751902375857 0.0005 1129
1751902400440 0.0005 1130
1751902425035 0.0005 1131
1751902449558 0.0005 1132
1751902474027 0.0005 1133
1751902498581 0.0005 1134
1751902523106 0.0005 1135
1751902547645 0.00025 1136
1751902572360 0.00025 1137
1751902596941 0.00025 1138
1751902621590 0.00025 1139
1751902646241 0.00025 1140
1751902670785 0.00025 1141
1751902695346 0.00025 1142
1751902719928 0.00025 1143
1751902744633 0.00025 1144
1751902769335 0.00025 1145
1751902793948 0.00025 1146
1751902818599 0.00025 1147
1751902843167 0.00025 1148
1751902867784 0.00025 1149
1751902892321 0.00025 1150
1751902916950 0.00025 1151
1751902941538 0.00025 1152
1751902966066 0.00025 1153
1751902990641 0.00025 1154
1751903015322 0.00025 1155
1751903039879 0.000125 1156
1751903064463 0.000125 1157
1751903088997 0.000125 1158
1751903113542 0.000125 1159
1751904397817 0.0005 1160
1751904422472 0.0005 1161
1751904447472 0.0005 1162
1751904472430 0.0005 1163
1751904497385 0.0005 1164
1751904522529 0.0005 1165
1751904547495 0.0005 1166
1751904572049 0.0005 1167
1751904597064 0.0005 1168
1751904622159 0.0005 1169
1751904647081 0.0005 1170
1751904671976 0.0005 1171
1751904696939 0.0005 1172
1751904721506 0.0005 1173
1751904746419 0.0005 1174
1751904771312 0.0005 1175
1751904796184 0.0005 1176
1751904821112 0.0005 1177
1751904846100 0.0005 1178
1751904870739 0.0005 1179
1751904895704 0.0005 1180
1751904920589 0.0005 1181
1751904945525 0.0005 1182
1751904970540 0.0005 1183
1751904995537 0.0005 1184
1751905020484 0.0005 1185
1751905045394 0.00025 1186
1751905070337 0.00025 1187
1751905095224 0.00025 1188
1751905120153 0.00025 1189
1751905145096 0.00025 1190
1751905170055 0.00025 1191
1751905194996 0.00025 1192
1751905219943 0.00025 1193
1751905244822 0.00025 1194
1751905269735 0.00025 1195
1751905294691 0.00025 1196
1751905319787 0.00025 1197
1751905344651 0.00025 1198
1751905369546 0.00025 1199
1751906684217 0.0005 1200
1751906709130 0.0005 1201
1751906734159 0.0005 1202
1751906759022 0.0005 1203
1751906783889 0.0005 1204
1751906808763 0.0005 1205
1751906833652 0.0005 1206
1751906858448 0.0005 1207
1751906883240 0.0005 1208
1751906908056 0.0005 1209
1751906932977 0.0005 1210
1751906957799 0.0005 1211
1751906982627 0.0005 1212
1751907007577 0.0005 1213
1751907032421 0.00025 1214
1751907057418 0.00025 1215
1751907082310 0.00025 1216
1751907107368 0.00025 1217
1751907132263 0.00025 1218
1751907157208 0.00025 1219
1751907182060 0.00025 1220
1751907207056 0.00025 1221
1751907231980 0.00025 1222
1751907256894 0.00025 1223
1751907281833 0.00025 1224
1751907306660 0.00025 1225
1751907331579 0.00025 1226
1751907356573 0.00025 1227
1751907381444 0.00025 1228
1751907406295 0.00025 1229
1751907431208 0.00025 1230
1751907456156 0.00025 1231
1751907481046 0.000125 1232
1751907505923 0.000125 1233
1751907530795 0.000125 1234
1751907555656 0.000125 1235
1751907580556 0.000125 1236
1751907605397 0.000125 1237
1751907630432 0.000125 1238
1751907655446 0.000125 1239
1751908980269 0.0005 1240
1751909006262 0.0005 1241
1751909032252 0.0005 1242
1751909058244 0.0005 1243
1751909084155 0.0005 1244
1751909110073 0.0005 1245
1751909136030 0.0005 1246
1751909162091 0.0005 1247
1751909188013 0.0005 1248
1751909214137 0.0005 1249
