1749097185552 0.104 0
1749097405472 0.2558 1
1749097627990 0.2898 2
1749097854175 0.3048 3
1749098079554 0.306 4
1749098306082 0.314 5
1749098532910 0.314 6
1749098759553 0.312 7
1749098987506 0.3118 8
1749099215335 0.315 9
1749099442926 0.3228 10
1749099673794 0.3264 11
1749099905831 0.3304 12
1749100200193 0.3344 13
1749100541390 0.3408 14
1749100878707 0.3412 15
1749101217660 0.3474 16
1749101556412 0.3454 17
1749101894543 0.3496 18
1749102234466 0.3518 19
1749102574396 0.3544 20
1749102913929 0.3534 21
1749103249680 0.3558 22
1749103589005 0.3558 23
1749103926803 0.3596 24
1749104265557 0.3586 25
1749104600283 0.365 26
1749104936302 0.361 27
1749105225030 0.3654 28
1749105463117 0.362 29
1749105699747 0.369 30
1749105938042 0.3646 31
1749106174049 0.368 32
1749106407692 0.3662 33
1749106639763 0.3722 34
1749106872456 0.3728 35
1749107110183 0.3752 36
1749107348572 0.3672 37
1749107586951 0.3728 38
1749107825324 0.3636 39
1749108062567 0.3676 40
1749108301567 0.3706 41
1749108539007 0.3726 42
1749108779145 0.372 43
1749109022665 0.378 44
1749109265831 0.3774 45
1749109576602 0.3818 46
1749109907972 0.3816 47
1749110239246 0.386 48
1749110569447 0.372 49
1749110900833 0.3772 50
1749111232523 0.3806 51
1749111562321 0.3786 52
1749111892966 0.3818 53
1749112225004 0.3826 54
1749112557011 0.3858 55
1749112889204 0.386 56
1749113221479 0.3982 57
1749113553114 0.399 58
1749113886909 0.401 59
1749114221940 0.3976 60
1749114555782 0.4022 61
1749114886915 0.4008 62
1749115219457 0.4022 63
1749115553213 0.4018 64
1749115889147 0.404 65
1749116223795 0.4072 66
1749116559662 0.4036 67
1749116896041 0.4012 68
1749117229976 0.3992 69
1749117563039 0.4002 70
1749117896033 0.4026 71
1749118229542 0.4038 72
1749118562564 0.4144 73
1749118894430 0.4176 74
1749119227339 0.4184 75
1749119558557 0.418 76
1749119888949 0.4174 77
1749120219016 0.4192 78
1749120549929 0.4208 79
1749120880758 0.4214 80
1749121211380 0.4198 81
1749121542020 0.4216 82
1749121872675 0.4252 83
1749122202670 0.423 84
1749122532521 0.4248 85
1749122861722 0.4264 86
1749123191996 0.4284 87
1749123521613 0.4266 88
1749123851214 0.426 89
1749124181166 0.4276 90
1749124510134 0.426 91
1749124839848 0.4276 92
1749125168781 0.4294 93
1749125497713 0.4282 94
1749125827837 0.4304 95
1749126156638 0.4312 96
1749126486731 0.4334 97
1749126817252 0.4318 98
1749127147314 0.4342 99
1749127477272 0.4326 100
1749127807260 0.4376 101
1749128137239 0.4332 102
1749128467895 0.4356 103
1749128798175 0.4348 104
1749129128490 0.434 105
1749129457672 0.4356 106
1749129787260 0.4328 107
1749130116665 0.4374 108
1749130446234 0.4356 109
1749130775330 0.438 110
1749131104436 0.4398 111
1749131433543 0.439 112
1749131763135 0.4404 113
1749132089742 0.4396 114
1749132418217 0.4378 115
1749132746772 0.4422 116
1749133073695 0.4364 117
1749133401842 0.4414 118
1749133729603 0.438 119
1749134057176 0.4418 120
1749134384985 0.4458 121
1749134713357 0.4482 122
1749135041711 0.4464 123
1749135369834 0.4478 124
1749135697994 0.4506 125
1749136025754 0.451 126
1749136353898 0.4534 127
1749136681216 0.453 128
1749137009209 0.4552 129
1749137337639 0.455 130
1749137666229 0.4574 131
1749137994729 0.4564 132
1749138323000 0.4568 133
1749138650958 0.4566 134
1749138979684 0.4586 135
1749139308504 0.4558 136
1749139636545 0.4578 137
1749139966558 0.4572 138
1749140297889 0.4564 139
1749140626639 0.4564 140
1749140957756 0.4572 141
1749141287205 0.459 142
1749141617630 0.4578 143
1749141946731 0.4564 144
1749142275905 0.4572 145
1749142605326 0.458 146
1749142934518 0.459 147
1749143262542 0.4572 148
1749143591462 0.458 149
1749143919927 0.4606 150
1749144249783 0.4596 151
1749144578514 0.4572 152
1749144907177 0.4596 153
1749145237367 0.4586 154
1749145565992 0.459 155
1749145894319 0.4596 156
1749146223286 0.4602 157
1749146552651 0.4606 158
1749146881169 0.461 159
1749147210930 0.462 160
1749147540732 0.4614 161
1749147870005 0.4624 162
1749148200672 0.4616 163
1749148530115 0.4616 164
1749148861952 0.4632 165
1749149195160 0.4626 166
1749149528795 0.4622 167
1749149862418 0.4622 168
1749150197288 0.4636 169
1749150530627 0.464 170
1749150864515 0.462 171
1749151197895 0.4642 172
1749151532403 0.4648 173
1749151866463 0.4642 174
1749152200357 0.4638 175
1749152534076 0.4638 176
1749152868632 0.4654 177
1749153202584 0.4642 178
1749153537253 0.4634 179
1749153870363 0.4658 180
1749154202956 0.4656 181
1749154537719 0.4654 182
1749154873177 0.4644 183
1749155207682 0.464 184
1749155541784 0.4648 185
1749155873929 0.4642 186
1749156208387 0.4642 187
1749156541219 0.4648 188
1749156873449 0.4652 189
1749157205678 0.4648 190
1749157537842 0.4666 191
1749157865143 0.4656 192
1749158195081 0.4666 193
1749158524290 0.467 194
1749158853394 0.4684 195
1749159181655 0.4668 196
1749159510849 0.469 197
1749159842210 0.4664 198
1749160172342 0.4696 199
1749160503473 0.4674 200
1749160833490 0.4686 201
1749161164228 0.4696 202
1749161495018 0.4682 203
1749161824919 0.4702 204
1749162155012 0.47 205
1749162484087 0.4708 206
1749162814030 0.4708 207
1749163143602 0.4712 208
1749163473061 0.4706 209
1749163802047 0.471 210
1749164132048 0.471 211
1749164461506 0.4722 212
1749164791237 0.4716 213
1749165120078 0.4706 214
1749165449670 0.4706 215
1749165778768 0.471 216
1749166108615 0.4716 217
1749166438876 0.4724 218
1749166768269 0.472 219
1749167098056 0.4716 220
1749167428857 0.4716 221
1749167758416 0.471 222
1749168088794 0.4718 223
1749168418907 0.4726 224
1749168750426 0.4718 225
1749169080465 0.4738 226
1749169410994 0.4732 227
1749169741485 0.4726 228
1749170072369 0.4728 229
1749170402963 0.4738 230
1749170735433 0.4734 231
1749171064592 0.4752 232
1749171396963 0.474 233
1749171728409 0.4756 234
1749172059955 0.4744 235
1749172391134 0.4766 236
1749172721663 0.4778 237
1749173051714 0.4748 238
1749173383523 0.475 239
1749173712802 0.4778 240
1749174042944 0.4762 241
1749174372271 0.4788 242
1749174702113 0.478 243
1749175032567 0.4788 244
1749175362829 0.4776 245
1749175692885 0.4788 246
1749176022729 0.4792 247
1749176353346 0.4772 248
1749176684861 0.4778 249
1749177015089 0.479 250
1749177345056 0.4794 251
1749177674639 0.48 252
1749178005073 0.4794 253
1749178333687 0.4792 254
1749178662318 0.4798 255
1749178992097 0.4794 256
1749179321801 0.4796 257
1749179650664 0.4796 258
1749179978405 0.4802 259
1749180306419 0.48 260
1749180634824 0.4804 261
1749180963972 0.4828 262
1749181292007 0.4792 263
1749181619698 0.479 264
1749181948565 0.479 265
1749182277054 0.4786 266
1749182604992 0.4804 267
1749182932375 0.4814 268
1749183258749 0.4812 269
