1746679785120 2.3079525232315063 0
1746680013846 2.1811559200286865 1
1746680237839 2.570676565170288 2
1746680465000 1.9699128866195679 3
1746680693581 1.9847962856292725 4
1746680921701 1.8844965100288391 5
1746681151888 1.8970142006874084 6
1746681379027 1.864530861377716 7
1746681609579 1.8630923628807068 8
1746681840882 1.9296420812606812 9
1746682071866 1.8688137531280518 10
1746682303047 1.845066249370575 11
1746682535059 1.785524606704712 12
1746682767259 1.7460489869117737 13
1746682998829 1.7262992858886719 14
1746683231587 1.753681719303131 15
1746683464783 1.72378009557724 16
1746683698429 1.7026552557945251 17
1746683931209 1.7191846370697021 18
1746684164828 1.7204312086105347 19
1746684399100 1.7104291319847107 20
1746684633584 1.690356731414795 21
1746684867590 1.7024023532867432 22
1746685101471 1.6532679796218872 23
1746685334884 1.7668092846870422 24
1746685568816 1.7535223960876465 25
1746685801501 1.6864296793937683 26
1746686034375 1.695415735244751 27
1746686267683 1.7025880217552185 28
1746686501056 1.6699717044830322 29
1746686734591 1.5059716701507568 30
1746686967822 1.5081949830055237 31
1746687201445 1.4991865754127502 32
1746687434912 1.4991814494132996 33
1746687668302 1.5110825896263123 34
1746687901672 1.5106507539749146 35
1746688134587 1.5175274014472961 36
1746688367971 1.5238884091377258 37
1746688601222 1.538839042186737 38
1746688836392 1.4217579364776611 39
1746689069759 1.4238741993904114 40
1746689302562 1.4276784658432007 41
1746689536144 1.4282491207122803 42
1746689769668 1.4276651740074158 43
1746690004167 1.4290859699249268 44
1746690238098 1.4331157803535461 45
1746690472296 1.3822936415672302 46
1746690706322 1.3831621408462524 47
1746690940622 1.3835160732269287 48
1746691174651 1.3848797678947449 49
1746691409048 1.385376214981079 50
1746691643259 1.386967122554779 51
1746691877816 1.3882614970207214 52
1746692112290 1.3692843914031982 53
1746692346563 1.3690756559371948 54
1746692580430 1.3694095015525818 55
1746692814112 1.3697782158851624 56
1746693048544 1.3698673248291016 57
1746693281777 1.3695886135101318 58
1746693516702 1.3697164058685303 59
1746693751600 1.3698471784591675 60
1746693986405 1.365363895893097 61
1746694220516 1.3650285601615906 62
1746694455096 1.3647438287734985 63
1746694689643 1.3647554516792297 64
1746694924028 1.3647634983062744 65
1746695157829 1.364867627620697 66
1746695392528 1.3648681044578552 67
1746695627473 1.3652319312095642 68
1746695862602 1.3655508160591125 69
1746696096829 1.3660369515419006 70
1746696332988 1.3656005859375 71
1746696568135 1.3655008673667908 72
1746696803891 1.365387499332428 73
1746697038404 1.3654184341430664 74
1746697274130 1.3653262853622437 75
1746697508838 1.3661901354789734 76
1746697744818 1.3659705519676208 77
1746697980473 1.365818738937378 78
1746698215617 1.3656504154205322 79
1746698448605 1.3656168580055237 80
1746698684539 1.3654816150665283 81
1746698919502 1.3661998510360718 82
1746699155224 1.3660130500793457 83
1746699390991 1.3660021424293518 84
1746699627040 1.3659214973449707 85
1746699862386 1.3658750653266907 86
1746700097741 1.3657576441764832 87
1746700332476 1.3659235835075378 88
1746700568593 1.3657469153404236 89
1746700804302 1.3657149076461792 90
1746701039843 1.3656391501426697 91
1746701275509 1.3655735850334167 92
1746701511217 1.3655532598495483 93
1746701745317 1.3656153678894043 94
1746701980360 1.365486204624176 95
1746702213750 1.3653972744941711 96
1746702449150 1.3653210401535034 97
1746702685915 1.3652949333190918 98
1746702924224 1.3653245568275452 99
