1747887460309 2.3105521635575728 0
1747887462939 2.303962165659124 1
1747887465462 2.301314657384699 2
1747887467966 2.2990505478598853 3
1747887470667 2.2963497421958228 4
1747887473168 2.293819644234397 5
1747887475673 2.2906371246684682 6
1747887478183 2.286918510090221 7
1747887480885 2.282878789034757 8
1747887483394 2.2779785719784824 9
1747887485914 2.27205753326416 10
1747887488424 2.2654390768571333 11
1747887491126 2.2584444826299492 12
1747887493635 2.2504343769767066 13
1747887496158 2.2418001131577925 14
1747887498683 2.2323527336120605 15
1747887501198 2.2225056778300893 16
1747887503894 2.212292714552446 17
1747887506397 2.202231862328269 18
1747887509103 2.1934521848505195 19
1747887511598 2.18517728285356 20
1747887514313 2.174227085980502 21
1747887516836 2.164814363826405 22
1747887519344 2.159962220625444 23
1747887521851 2.1540077166123823 24
1747887524370 2.142258123918013 25
1747887527091 2.1342726187272505 26
1747887529604 2.132352287119085 27
1747887532119 2.1281002434817227 28
1747887534630 2.1186990954659204 29
1747887537359 2.1140912879597056 30
1747887539873 2.115688995881514 31
1747887542382 2.1128599643707275 32
1747887544903 2.1060672023079614 33
1747887547425 2.107697270133279 34
1747887550138 2.1085295460440894 35
1747887552647 2.1024796312505547 36
1747887555176 2.102414282885465 37
1747887558122 2.1040280732241543 38
1747887560636 2.0990061976692895 39
1747887674308 2.6703201207247647 40
1747887676922 2.102237809788097 41
1747887679255 2.3928305452520195 42
1747887681850 2.21753530068831 43
1747887684444 2.1029798551039263 44
1747887687037 2.159593473781239 45
1747887689622 2.210587349804965 46
1747887692204 2.2014858722686768 47
1747887694819 2.158002593300559 48
1747887697418 2.134764237837358 49
1747887699997 2.1170293634588067 50
1747887702588 2.1101526780561968 51
1747887705189 2.114039832895452 52
1747887707805 2.1233960715207187 53
1747887710412 2.131734609603882 54
1747887712727 2.1330954378301445 55
1747887715349 2.1312958760695024 56
1747887717941 2.1270273598757656 57
1747887720546 2.121329199184071 58
1747887723332 2.1155077544125644 59
1747887725915 2.1105702140114526 60
1747887728495 2.1086567748676646 61
1747887731084 2.1072300130670722 62
1747887733672 2.1062189015475186 63
1747887736277 2.105679295279763 64
1747887738884 2.105477896603671 65
1747887741464 2.1055806333368476 66
1747887744054 2.105659159747037 67
1747887746657 2.1057359088550913 68
1747887749011 2.105762156573209 69
1747887751618 2.1057176806709985 70
1747887754218 2.105683131651445 71
1747887756807 2.1055752580816094 72
1747887759413 2.105460990558971 73
1747887762011 2.1053498441522773 74
1747887764624 2.10520508072593 75
1747887767232 2.1050537933002818 76
1747887769837 2.1048768000169233 77
1747887772637 2.104673667387529 78
1747887775245 2.1045675711198286 79
1747887887480 2.228841781616211 80
1747887890083 2.17794528874484 81
1747887892709 2.1604845307090064 82
1747887895342 2.1072400266473945 83
1747887897972 2.129526138305664 84
1747887900599 2.148216030814431 85
1747887902926 2.132622155276212 86
1747887905523 2.1104201837019487 87
1747887908135 2.110489238392223 88
1747887910757 2.124496026472612 89
1747887913366 2.1243449557911265 90
1747887915995 2.115863626653498 91
1747887918620 2.1056453097950327 92
1747887921242 2.1005502830852163 93
1747887923859 2.1021827350963247 94
1747887926483 2.106642159548673 95
1747887929102 2.108549573204734 96
1747887931728 2.105501239950007 97
1747887934357 2.0994053970683706 98
1747887937178 2.094597187909213 99
1747887939801 2.0940921306610107 100
1747887942429 2.096754312515259 101
1747887944787 2.098272843794389 102
1747887947415 2.0960206551985308 103
1747887950043 2.091665267944336 104
1747887952692 2.0891316804018887 105
1747887955323 2.0898930592970415 106
1747887957964 2.0915492447939785 107
1747887960586 2.091074314984408 108
1747887963223 2.088257811286233 109
1747887965836 2.085942333394831 110
1747887968466 2.086093143983321 111
1747887971110 2.08726581660184 112
1747887973757 2.0867315855893223 113
1747887976391 2.0845589421012183 114
1747887978766 2.083126805045388 115
1747887981403 2.083453741940585 116
1747887984045 2.0837882432070645 117
1747887986886 2.0827513391321357 118
1747887989519 2.0812027237632056 119
1747888103107 2.2980769114060835 120
1747888105771 2.164451685818759 121
1747888108457 2.172720887444236 122
1747888111126 2.088324698534879 123
1747888113781 2.1021500500765713 124
1747888116448 2.1327201453122226 125
1747888119096 2.1246240355751733 126
1747888121736 2.0986937176097524 127
1747888124374 2.0883643843910913 128
1747888127065 2.10038440877741 129
1747888129469 2.1125260049646553 130
1747888132139 2.11063890023665 131
1747888134801 2.102445537393743 132
1747888137478 2.093215595592152 133
1747888140141 2.087605129588734 134
1747888142801 2.0874934629960493 135
1747888145473 2.091017549688166 136
1747888148168 2.094671856273304 137
1747888150830 2.0956533388658003 138
1747888153696 2.093091986396096 139
1747888156366 2.088408188386397 140
1747888159058 2.083992437882857 141
1747888161722 2.0825982960787686 142
1747888164392 2.0819145982915703 143
1747888166806 2.0818823901089756 144
1747888169485 2.082204493609342 145
1747888172152 2.0825315822254526 146
1747888174819 2.0824961228804155 147
1747888177483 2.0819574269381436 148
1747888180146 2.0809426957910713 149
1747888182796 2.0797823559154165 150
1747888185455 2.0787062644958496 151
1747888188105 2.0779315775090996 152
1747888190743 2.0775451876900415 153
1747888193382 2.0774871436032383 154
1747888196041 2.0774588151411577 155
1747888198709 2.0773652466860684 156
1747888201105 2.0770118670030073 157
1747888203962 2.0764559398997915 158
1747888206626 2.0757990967143667 159
1747888320408 2.2482261657714844 160
1747888323052 2.125562646172263 161
1747888325716 2.155945669520985 162
1747888328372 2.088262297890403 163
1747888331040 2.088480754332109 164
1747888333705 2.1152226491407915 165
1747888336369 2.1152706796472724 166
1747888339017 2.095231598073786 167
1747888341668 2.082570509477095 168
1747888344319 2.08995567668568 169
1747888346993 2.100371339104392 170
1747888349383 2.0966711911288174 171
1747888352024 2.0841983448375356 172
1747888354661 2.078236081383445 173
1747888357333 2.082685362208973 174
1747888360023 2.087394280867143 175
1747888362717 2.083870280872692 176
1747888365395 2.0748491937463935 177
1747888368100 2.070309443907304 178
1747888370997 2.0737291032617744 179
1747888373667 2.07639496976679 180
1747888376332 2.0714868632229892 181
1747888379025 2.0652334690093994 182
1747888381685 2.0658047199249268 183
1747888384347 2.068575685674494 184
1747888386744 2.065849109129472 185
1747888389412 2.060894250869751 186
1747888392058 2.0610179250890557 187
1747888394721 2.063049554824829 188
1747888397403 2.0598904219540684 189
1747888400078 2.056254842064597 190
1747888402737 2.056798739866777 191
1747888405400 2.0565176877108486 192
1747888408074 2.053341367027976 193
1747888410759 2.0518409338864414 194
1747888413427 2.052045843817971 195
1747888416118 2.050037470730868 196
1747888418793 2.0478560707785864 197
1747888421654 2.047257986935702 198
1747888424039 2.0461682189594614 199
1747888537422 2.278896071694114 200
1747888540113 2.1035172939300537 201
1747888542802 2.1800623590295967 202
1747888545495 2.0975198528983374 203
1747888548177 2.056729706850919 204
1747888550844 2.075497713955966 205
1747888553507 2.101355184208263 206
1747888556192 2.0945763371207495 207
1747888558858 2.06771165674383 208
1747888561533 2.0535051172429863 209
1747888563922 2.0601717992262407 210
1747888566572 2.07150522145358 211
1747888569229 2.0742250139063056 212
1747888571879 2.06821929324757 213
1747888574532 2.0594673373482446 214
1747888577191 2.0527461875568735 215
1747888579837 2.0507498654452236 216
1747888582488 2.0533768480474297 217
1747888585136 2.055622946132313 218
1747888588002 2.053638393228704 219
1747888590633 2.0486699884588067 220
1747888593283 2.0442339290272105 221
1747888595940 2.042631604454734 222
1747888598596 2.044007908214222 223
1747888600972 2.045718453147195 224
1747888603623 2.0446637977253306 225
1747888606273 2.0404570536179976 226
1747888608928 2.036712234670466 227
1747888611597 2.036798433824019 228
1747888614259 2.0389958945187656 229
1747888616900 2.038846969604492 230
1747888619569 2.0356712991541084 231
1747888622228 2.032839449969205 232
1747888624880 2.033198356628418 233
1747888627535 2.034480636770075 234
1747888630193 2.033284057270397 235
1747888632841 2.0306261669505727 236
1747888635484 2.0295426628806372 237
1747888638087 2.02994721586054 238
1747888640731 2.0294644182378594 239
1747888754131 2.264810171994296 240
1747888756832 2.067539691925049 241
1747888759517 2.161399407820268 242
1747888762185 2.1007826111533423 243
1747888764838 2.050537347793579 244
1747888767530 2.048229932785034 245
1747888770200 2.072370312430642 246
1747888772855 2.0830803350968794 247
1747888775520 2.0676078579642554 248
1747888778203 2.047713041305542 249
1747888780878 2.041666616093029 250
1747888783292 2.048179127953269 251
1747888785981 2.05611345984719 252
1747888788674 2.0580840327522973 253
1747888791321 2.0535929853265937 254
1747888793987 2.045093969865279 255
1747888796657 2.0374871384013784 256
1747888799324 2.035723014311357 257
1747888801981 2.0394863432103936 258
1747888804839 2.042540203441273 259
1747888807513 2.040388995950872 260
1747888810203 2.034460176121105 261
1747888812865 2.0296138633381235 262
1747888815518 2.029213211753152 263
1747888817925 2.0316022742878306 264
1747888820582 2.032479849728671 265
1747888823227 2.029902935028076 266
1747888825896 2.025972604751587 267
1747888828579 2.024270621213046 268
1747888831262 2.025357333096591 269
1747888833892 2.0262600508603184 270
1747888836551 2.0245759920640425 271
1747888839205 2.0216780575838955 272
1747888841847 2.020401044325395 273
1747888844509 2.0209898298436944 274
1747888847176 2.0209171772003174 275
1747888849836 2.0189135508103804 276
1747888852228 2.0168086832219903 277
1747888855365 2.0164087902415884 278
1747888857787 2.016688032583757 279
1747888971893 2.236571095206521 280
1747888974558 2.050486434589733 281
1747888977229 2.1455645344474097 282
1747888979894 2.0866689682006836 283
1747888982556 2.0317635969682173 284
1747888985207 2.0320618369362573 285
1747888987893 2.063197612762451 286
1747888990550 2.071767135099931 287
1747888993214 2.0511551120064477 288
1747888995876 2.03022516857494 289
1747888998572 2.0272367867556484 290
1747889001218 2.0365521907806396 291
1747889003614 2.044640606099909 292
1747889006284 2.04447096044367 293
1747889008981 2.036668474023992 294
1747889011651 2.0264376293529165 295
1747889014317 2.02125131000172 296
1747889017000 2.0238303271206943 297
1747889019657 2.02859564261003 298
1747889022527 2.028565666892312 299
1747889025183 2.023349545218728 300
1747889027879 2.0180857615037398 301
1747889030547 2.016524325717579 302
1747889033203 2.017683982849121 303
1747889035850 2.018373576077548 304
1747889038284 2.0167561877857554 305
1747889040960 2.0139370506460015 306
1747889043654 2.012313062494451 307
1747889046324 2.012287573380904 308
1747889049013 2.0118791081688623 309
1747889051689 2.0101380998438056 310
1747889054373 2.0086350332606924 311
1747889057042 2.008232008327137 312
1747889059703 2.0077356425198642 313
1747889062362 2.0062210343100806 314
1747889065025 2.0045206655155527 315
1747889067711 2.0038952068849043 316
1747889070401 2.003865805539218 317
1747889073247 2.002684712409973 318
1747889075631 2.000774871219288 319
1747889190436 2.2245758446780117 320
1747889193105 2.0399524732069536 321
1747889195486 2.14226111498746 322
1747889198183 2.0928235054016113 323
1747889200871 2.029563535343517 324
1747889203579 2.013112631711093 325
1747889206242 2.0429081483320757 326
1747889208924 2.0635030269622803 327
1747889211581 2.05075985735113 328
1747889214240 2.0268725698644463 329
1747889216909 2.0147493102333764 330
1747889219611 2.018168167634444 331
1747889222288 2.0278735052455557 332
1747889224961 2.030605121092363 333
1747889227629 2.0293592756444756 334
1747889230278 2.024782267483798 335
1747889232675 2.0185647227547387 336
1747889235330 2.012682860547846 337
