1747887460309 0.001 0
1747887462939 0.001 1
1747887465462 0.001 2
1747887467966 0.001 3
1747887470667 0.001 4
1747887473168 0.001 5
1747887475673 0.001 6
1747887478183 0.001 7
1747887480885 0.001 8
1747887483394 0.001 9
1747887485914 0.001 10
1747887488424 0.001 11
1747887491126 0.001 12
1747887493635 0.001 13
1747887496158 0.001 14
1747887498683 0.001 15
1747887501198 0.001 16
1747887503894 0.001 17
1747887506397 0.001 18
1747887509103 0.001 19
1747887511598 0.001 20
1747887514313 0.001 21
1747887516836 0.001 22
1747887519344 0.001 23
1747887521851 0.001 24
1747887524370 0.001 25
1747887527091 0.001 26
1747887529604 0.001 27
1747887532119 0.001 28
1747887534630 0.001 29
1747887537359 0.001 30
1747887539873 0.001 31
1747887542382 0.001 32
1747887544903 0.001 33
1747887547425 0.001 34
1747887550138 0.001 35
1747887552647 0.001 36
1747887555176 0.001 37
1747887558122 0.001 38
1747887560636 0.001 39
1747887674308 0.001 40
1747887676922 0.001 41
1747887679255 0.001 42
1747887681850 0.001 43
1747887684444 0.001 44
1747887687037 0.001 45
1747887689622 0.001 46
1747887692204 0.0005 47
1747887694819 0.0005 48
1747887697418 0.0005 49
1747887699997 0.0005 50
1747887702588 0.0005 51
1747887705189 0.0005 52
1747887707805 0.00025 53
1747887710412 0.00025 54
1747887712727 0.00025 55
1747887715349 0.00025 56
1747887717941 0.00025 57
1747887720546 0.00025 58
1747887723332 0.000125 59
1747887725915 0.000125 60
1747887728495 0.000125 61
1747887731084 0.000125 62
1747887733672 0.000125 63
1747887736277 0.000125 64
1747887738884 6.25e-05 65
1747887741464 6.25e-05 66
1747887744054 6.25e-05 67
1747887746657 6.25e-05 68
1747887749011 6.25e-05 69
1747887751618 6.25e-05 70
1747887754218 3.125e-05 71
1747887756807 3.125e-05 72
1747887759413 3.125e-05 73
1747887762011 3.125e-05 74
1747887764624 3.125e-05 75
1747887767232 3.125e-05 76
1747887769837 1.5625e-05 77
1747887772637 1.5625e-05 78
1747887775245 1.5625e-05 79
1747887887480 0.001 80
1747887890083 0.001 81
1747887892709 0.001 82
1747887895342 0.001 83
1747887897972 0.001 84
1747887900599 0.001 85
1747887902926 0.001 86
1747887905523 0.001 87
1747887908135 0.001 88
1747887910757 0.0005 89
1747887913366 0.0005 90
1747887915995 0.0005 91
1747887918620 0.0005 92
1747887921242 0.0005 93
1747887923859 0.0005 94
1747887926483 0.0005 95
1747887929102 0.0005 96
1747887931728 0.0005 97
1747887934357 0.0005 98
1747887937178 0.0005 99
1747887939801 0.0005 100
1747887942429 0.0005 101
1747887944787 0.0005 102
1747887947415 0.0005 103
1747887950043 0.0005 104
1747887952692 0.0005 105
1747887955323 0.0005 106
1747887957964 0.0005 107
1747887960586 0.0005 108
1747887963223 0.0005 109
1747887965836 0.0005 110
1747887968466 0.0005 111
1747887971110 0.0005 112
1747887973757 0.0005 113
1747887976391 0.0005 114
1747887978766 0.0005 115
1747887981403 0.0005 116
1747887984045 0.0005 117
1747887986886 0.0005 118
1747887989519 0.0005 119
1747888103107 0.001 120
1747888105771 0.001 121
1747888108457 0.001 122
1747888111126 0.001 123
1747888113781 0.001 124
1747888116448 0.001 125
1747888119096 0.001 126
1747888121736 0.001 127
1747888124374 0.001 128
1747888127065 0.0005 129
1747888129469 0.0005 130
1747888132139 0.0005 131
1747888134801 0.0005 132
1747888137478 0.0005 133
1747888140141 0.0005 134
1747888142801 0.0005 135
1747888145473 0.0005 136
1747888148168 0.0005 137
1747888150830 0.0005 138
1747888153696 0.0005 139
1747888156366 0.00025 140
1747888159058 0.00025 141
1747888161722 0.00025 142
1747888164392 0.00025 143
1747888166806 0.00025 144
1747888169485 0.00025 145
1747888172152 0.00025 146
1747888174819 0.00025 147
1747888177483 0.00025 148
1747888180146 0.00025 149
1747888182796 0.00025 150
1747888185455 0.00025 151
1747888188105 0.00025 152
1747888190743 0.00025 153
1747888193382 0.00025 154
1747888196041 0.00025 155
1747888198709 0.00025 156
1747888201105 0.00025 157
1747888203962 0.00025 158
1747888206626 0.00025 159
1747888320408 0.001 160
1747888323052 0.001 161
1747888325716 0.001 162
1747888328372 0.001 163
1747888331040 0.001 164
1747888333705 0.001 165
1747888336369 0.001 166
1747888339017 0.001 167
1747888341668 0.001 168
1747888344319 0.001 169
1747888346993 0.001 170
1747888349383 0.001 171
1747888352024 0.001 172
1747888354661 0.001 173
1747888357333 0.001 174
1747888360023 0.001 175
1747888362717 0.001 176
1747888365395 0.001 177
1747888368100 0.001 178
1747888370997 0.001 179
1747888373667 0.001 180
1747888376332 0.001 181
1747888379025 0.001 182
1747888381685 0.001 183
1747888384347 0.001 184
1747888386744 0.001 185
1747888389412 0.001 186
1747888392058 0.001 187
1747888394721 0.001 188
1747888397403 0.001 189
1747888400078 0.001 190
1747888402737 0.001 191
1747888405400 0.001 192
1747888408074 0.001 193
1747888410759 0.001 194
1747888413427 0.001 195
1747888416118 0.001 196
1747888418793 0.001 197
1747888421654 0.001 198
1747888424039 0.001 199
1747888537422 0.001 200
1747888540113 0.001 201
1747888542802 0.001 202
1747888545495 0.001 203
1747888548177 0.001 204
1747888550844 0.001 205
1747888553507 0.001 206
1747888556192 0.001 207
1747888558858 0.001 208
1747888561533 0.001 209
1747888563922 0.001 210
1747888566572 0.001 211
1747888569229 0.001 212
1747888571879 0.001 213
1747888574532 0.001 214
1747888577191 0.001 215
1747888579837 0.001 216
1747888582488 0.001 217
1747888585136 0.001 218
1747888588002 0.001 219
1747888590633 0.001 220
1747888593283 0.001 221
1747888595940 0.001 222
1747888598596 0.001 223
1747888600972 0.001 224
1747888603623 0.001 225
1747888606273 0.001 226
1747888608928 0.001 227
1747888611597 0.001 228
1747888614259 0.001 229
1747888616900 0.001 230
1747888619569 0.001 231
1747888622228 0.001 232
1747888624880 0.001 233
1747888627535 0.001 234
1747888630193 0.001 235
1747888632841 0.001 236
1747888635484 0.001 237
1747888638087 0.001 238
1747888640731 0.001 239
1747888754131 0.001 240
1747888756832 0.001 241
1747888759517 0.001 242
1747888762185 0.001 243
1747888764838 0.001 244
1747888767530 0.001 245
1747888770200 0.001 246
1747888772855 0.001 247
1747888775520 0.001 248
1747888778203 0.001 249
1747888780878 0.001 250
1747888783292 0.001 251
1747888785981 0.001 252
1747888788674 0.001 253
1747888791321 0.001 254
1747888793987 0.001 255
1747888796657 0.001 256
1747888799324 0.001 257
1747888801981 0.001 258
1747888804839 0.001 259
1747888807513 0.001 260
1747888810203 0.001 261
1747888812865 0.001 262
1747888815518 0.001 263
1747888817925 0.001 264
1747888820582 0.001 265
1747888823227 0.001 266
1747888825896 0.001 267
1747888828579 0.001 268
1747888831262 0.001 269
1747888833892 0.001 270
1747888836551 0.001 271
1747888839205 0.001 272
1747888841847 0.001 273
1747888844509 0.001 274
1747888847176 0.001 275
1747888849836 0.001 276
1747888852228 0.001 277
1747888855365 0.001 278
1747888857787 0.001 279
1747888971893 0.001 280
1747888974558 0.001 281
1747888977229 0.001 282
1747888979894 0.001 283
1747888982556 0.001 284
1747888985207 0.001 285
1747888987893 0.001 286
1747888990550 0.001 287
1747888993214 0.001 288
1747888995876 0.001 289
1747888998572 0.001 290
1747889001218 0.001 291
1747889003614 0.001 292
1747889006284 0.001 293
1747889008981 0.001 294
1747889011651 0.001 295
1747889014317 0.001 296
1747889017000 0.001 297
1747889019657 0.001 298
1747889022527 0.001 299
1747889025183 0.001 300
1747889027879 0.001 301
1747889030547 0.001 302
1747889033203 0.001 303
1747889035850 0.001 304
1747889038284 0.001 305
1747889040960 0.001 306
1747889043654 0.001 307
1747889046324 0.001 308
1747889049013 0.001 309
1747889051689 0.001 310
1747889054373 0.001 311
1747889057042 0.001 312
1747889059703 0.001 313
1747889062362 0.001 314
1747889065025 0.001 315
1747889067711 0.001 316
1747889070401 0.001 317
1747889073247 0.001 318
1747889075631 0.001 319
1747889190436 0.001 320
1747889193105 0.001 321
1747889195486 0.001 322
1747889198183 0.001 323
1747889200871 0.001 324
1747889203579 0.001 325
1747889206242 0.001 326
1747889208924 0.001 327
1747889211581 0.001 328
1747889214240 0.001 329
1747889216909 0.001 330
1747889219611 0.0005 331
1747889222288 0.0005 332
1747889224961 0.0005 333
1747889227629 0.0005 334
1747889230278 0.0005 335
1747889232675 0.0005 336
1747889235330 0.0005 337
