1746681110761 0.2228 0
1746681814983 0.2576 1
1746682524455 0.2738 2
1746683236223 0.312 3
1746683950279 0.3368 4
1746684671987 0.3406 5
1746685392005 0.3508 6
1746686114226 0.3672 7
1746686838527 0.3808 8
1746687567226 0.3934 9
1746688297424 0.4094 10
1746689031957 0.394 11
1746689764791 0.4166 12
1746690497519 0.432 13
1746691232514 0.4346 14
1746691962117 0.4382 15
1746692698645 0.4394 16
1746693431372 0.447 17
1746694161617 0.4502 18
1746694892349 0.4546 19
1746695620979 0.4546 20
1746696349733 0.4602 21
1746697078458 0.4612 22
1746697808470 0.4644 23
1746698537507 0.4656 24
1746699269124 0.4658 25
1746700000572 0.4674 26
1746700737571 0.4656 27
1746701473024 0.476 28
1746702210663 0.4742 29
1746702950247 0.486 30
1746703691550 0.4738 31
1746704435804 0.4818 32
1746705179785 0.483 33
1746705921265 0.485 34
1746706661492 0.4846 35
1746707405382 0.4878 36
1746708149859 0.4866 37
1746708891850 0.4928 38
1746709634278 0.495 39
1746710378295 0.4936 40
1746711126139 0.496 41
1746711881114 0.4914 42
1746712634851 0.4918 43
1746713385992 0.4916 44
1746714141523 0.4936 45
1746714896221 0.491 46
1746715654409 0.489 47
