1747889748941 0.013358670841332704 0
1747889972086 0.8575111326633477 1
1747890196642 0.026372642839001467 2
1747890421249 0.008130618755783355 3
1747890646737 0.012287952405035447 4
1747890872544 0.007655802213609845 5
1747891098589 0.008130618755783355 6
1747891323776 0.01504209305899475 7
1747891548339 0.027915424835918724 8
1747891773510 0.08627845926518404 9
1747892000628 0.254833222755925 10
1747892227208 0.049924059797740214 11
1747892454206 0.06370509085244594 12
1747892680561 0.03788835138649363 13
1747892905868 0.06908868630781197 14
1747893132555 0.01616253584446539 15
1747893360993 0.014020038137732104 16
1747893591238 0.054025910370756575 17
1747893833499 0.0073379011549296585 18
1747894063071 0.007887649125780763 19
1747894292813 0.023776397793475984 20
1747894521094 0.053240510073087666 21
1747894748876 0.002565685233312966 22
1747894978205 0.007084267433765364 23
1747895206897 0.021198835906755763 24
1747895435491 0.013155617496424847 25
1747895665065 0.015343326874111184 26
1747895894216 0.010014487887701087 27
1747896123188 0.007623425027429352 28
1747896353187 0.008130618755783355 29
1747896583533 0.08017444121951195 30
1747896813701 0.010571207231743582 31
1747897043700 0.021008145307759643 32
1747897273246 0.008477101417936606 33
1747897503322 0.04269079761443304 34
1747897733398 0.011067590993476557 35
1747897962447 0.06893812532142458 36
1747898192361 0.03018458440423621 37
1747898421956 0.008130618755783355 38
1747898649142 0.008130618755783355 39
1747898874750 0.005722199635890626 40
1747899096955 0.008130618755783355 41
1747899321070 0.0197781800636538 42
1747899544890 0.025575208429361472 43
1747899769631 0.008130618755783355 44
1747899994311 0.00955793790888913 45
1747900216155 0.008130618755783355 46
1747900437677 0.008130618755783355 47
1747900659309 0.0033073168161423926 48
1747900881753 0.008130618755783355 49
1747901104317 0.008130618755783355 50
1747901326531 0.008130618755783355 51
1747901551211 0.031841522652814425 52
1747901775835 0.008130618755783355 53
1747902000127 0.008130618755783355 54
1747902224846 0.008130618755783355 55
1747902452736 0.008130618755783355 56
1747902680634 0.009921396095137274 57
1747902908805 0.014471105945993944 58
1747903136876 0.0076317076119424765 59
1747903364376 0.008130618755783355 60
1747903593359 0.008130618755783355 61
1747903822438 0.004669014494322034 62
1747904050857 0.008130618755783355 63
1747904277565 0.008130618755783355 64
1747904532270 0.008130618755783355 65
1747904760131 0.008130618755783355 66
1747904987105 0.008130618755783355 67
1747905214772 0.008130618755783355 68
1747905443758 0.008130618755783355 69
1747905669977 0.007814100108533843 70
1747905896388 0.0212862362522082 71
1747906123068 0.008130618755783355 72
1747906350229 0.008130618755783355 73
1747906577657 0.019395045449757193 74
1747906805506 0.008130618755783355 75
1747907033611 0.008130618755783355 76
1747907261842 0.008130618755783355 77
1747907491025 0.008130618755783355 78
1747907720108 0.015631195523565424 79
1747907948307 0.008130618755783355 80
1747908176205 0.008130618755783355 81
1747908403806 0.008130618755783355 82
1747908630970 0.008130618755783355 83
1747908858927 0.008130618755783355 84
1747909086298 0.008130618755783355 85
1747909313877 0.008130618755783355 86
1747909541595 0.008130618755783355 87
1747909768911 0.014546445164330069 88
1747909996179 0.008130618755783355 89
1747910224296 0.013155617496424847 90
1747910450304 0.008130618755783355 91
1747910677127 0.008130618755783355 92
1747910903612 0.008130618755783355 93
1747911131204 0.008130618755783355 94
1747911357870 0.008358831866450298 95
1747911585424 0.008130618755783355 96
1747911812291 0.008130618755783355 97
1747912039096 0.008130618755783355 98
1747912266539 0.008130618755783355 99
1747912493490 0.008454551151661605 100
1747912721312 0.008130618755783355 101
1747912950140 0.008130618755783355 102
1747913179058 0.008130618755783355 103
1747913407556 0.008130618755783355 104
1747913636608 0.008130618755783355 105
1747913865616 0.008130618755783355 106
1747914094596 0.008130618755783355 107
1747914323686 0.0212862362522082 108
1747914552225 0.013155617496424847 109
1747914780149 0.008130618755783355 110
1747915008314 0.008130618755783355 111
1747915236840 0.008130618755783355 112
1747915464174 0.008130618755783355 113
1747915691258 0.018678651726192996 114
1747915918961 0.008130618755783355 115
1747916173907 0.015460631894411077 116
1747916403523 0.008130618755783355 117
1747916632995 0.008130618755783355 118
1747916861010 0.008130618755783355 119
1747917089427 0.008130618755783355 120
1747917318627 0.005825266773659206 121
1747917546950 0.008130618755783355 122
1747917775892 0.012495885574484092 123
1747918004506 0.008130618755783355 124
1747918234612 0.008130618755783355 125
1747918463585 0.006897826623943825 126
1747918692552 0.008130618755783355 127
1747918921192 0.010734440448226745 128
1747919149362 0.008130618755783355 129
1747919376924 0.008130618755783355 130
1747919602922 0.007096490983795054 131
1747919829320 0.008130618755783355 132
1747920056344 0.013155617496424847 133
1747920282264 0.008130618755783355 134
1747920508500 0.008130618755783355 135
1747920753120 0.010399355273081532 136
1747920979573 0.008130618755783355 137
1747921206219 0.006229263516412831 138
1747921434718 0.008130618755783355 139
1747921664381 0.008130618755783355 140
1747921893870 0.015028260908711536 141
1747922123274 0.008130618755783355 142
1747922350912 0.012022424715859747 143
1747922605662 0.008130618755783355 144
1747922834003 0.008130618755783355 145
1747923062803 0.01113245729000039 146
1747923291648 0.008130618755783355 147
1747923519930 0.008108425966604457 148
1747923748759 0.008130618755783355 149
1747923977553 0.023830624716141974 150
1747924205080 0.008130618755783355 151
1747924432329 0.008130618755783355 152
1747924661426 0.008130618755783355 153
1747924888692 0.008130618755783355 154
1747925116422 0.006159563419338958 155
1747925344018 0.008130618755783355 156
1747925593743 0.008130618755783355 157
1747925821135 0.008130618755783355 158
1747926051982 0.02600891786848611 159
1747926319319 0.008130618755783355 160
1747926578803 0.008130618755783355 161
1747926819420 0.008130618755783355 162
1747927060333 0.008130618755783355 163
1747927300638 0.008130618755783355 164
1747927540230 0.008130618755783355 165
1747927780890 0.008130618755783355 166
1747928022062 0.008130618755783355 167
1747928263033 0.008130618755783355 168
1747928504103 0.008130618755783355 169
1747928745231 0.008130618755783355 170
1747928985254 0.008130618755783355 171
1747929225794 0.008130618755783355 172
1747929466766 0.008130618755783355 173
1747929707976 0.008130618755783355 174
1747929950801 0.008130618755783355 175
1747930192916 0.008130618755783355 176
1747930436078 0.008130618755783355 177
1747930679138 0.008130618755783355 178
1747930921735 0.008130618755783355 179
1747931164302 0.008130618755783355 180
1747931407335 0.008130618755783355 181
1747931649912 0.008130618755783355 182
1747931892752 0.008130618755783355 183
1747932135485 0.008130618755783355 184
1747932377944 0.008130618755783355 185
1747932621007 0.008130618755783355 186
1747932906206 0.008130618755783355 187
1747933220630 0.008130618755783355 188
1747933537337 0.008130618755783355 189
1747933853801 0.008130618755783355 190
1747934171171 0.008130618755783355 191
1747934506727 0.006160567109051764 192
1747934835624 0.008130618755783355 193
1747935163760 0.008130618755783355 194
1747935493978 0.008130618755783355 195
1747935823122 0.008130618755783355 196
1747936149081 0.008130618755783355 197
1747936477244 0.008130618755783355 198
1747936804008 0.008130618755783355 199
1747937133239 0.008130618755783355 200
1747937459918 0.008130618755783355 201
1747937788844 0.008130618755783355 202
1747938137718 0.008130618755783355 203
1747938467426 0.008130618755783355 204
1747938794544 0.008130618755783355 205
1747939122222 0.008130618755783355 206
1747939450998 0.008130618755783355 207
1747939778362 0.008130618755783355 208
1747940105441 0.008130618755783355 209
1747940434703 0.008130618755783355 210
1747940763398 0.008130618755783355 211
1747941090095 0.008130618755783355 212
1747941417457 0.008130618755783355 213
1747941746604 0.008130618755783355 214
1747942074180 0.008130618755783355 215
1747942401620 0.008130618755783355 216
1747942729247 0.008130618755783355 217
1747943058413 0.008130618755783355 218
1747943386390 0.008130618755783355 219
1747943714029 0.008130618755783355 220
1747944041042 0.007002482007728958 221
1747944369534 0.008130618755783355 222
1747944697753 0.010294936071715534 223
1747945026228 0.008130618755783355 224
1747945354760 0.013155617496424847 225
1747945698602 0.035910048786470486 226
1747946024791 0.08568924630260995 227
1747946351404 0.008130618755783355 228
1747946678518 0.2360679774997897 229
1747947004238 0.008130618755783355 230
1747947330066 0.011188153389771692 231
1747947655960 0.011879396750350057 232
1747947982414 0.008130618755783355 233
1747948307902 0.007375472720421264 234
1747948633766 0.008130618755783355 235
1747948961426 0.0029797962144163595 236
1747949288403 0.008130618755783355 237
1747949614337 0.008130618755783355 238
1747949939965 0.008130618755783355 239
1747950265620 0.008130618755783355 240
1747950591081 0.008130618755783355 241
1747950916795 0.006196165408926252 242
1747951242581 0.008130618755783355 243
1747951568042 0.008130618755783355 244
1747951893395 0.008130618755783355 245
1747952219516 0.008130618755783355 246
1747952545387 0.008130618755783355 247
1747952871457 0.008130618755783355 248
1747953198554 0.008130618755783355 249
1747953529361 0.008130618755783355 250
1747953855830 0.008130618755783355 251
1747954182661 0.008130618755783355 252
1747954508537 0.008130618755783355 253
1747954835092 0.008130618755783355 254
1747955161325 0.008130618755783355 255
1747955486781 0.008130618755783355 256
1747955813388 0.008130618755783355 257
1747956138986 0.008130618755783355 258
1747956464430 0.008130618755783355 259
1747956790490 0.008130618755783355 260
1747957114773 0.008130618755783355 261
1747957439225 0.008130618755783355 262
1747957762911 0.008130618755783355 263
1747958087527 0.008130618755783355 264
1747958410812 0.008130618755783355 265
1747958735758 0.008130618755783355 266
1747959059239 0.008130618755783355 267
1747959383788 0.013155617496424847 268
1747959708197 0.010710484457861538 269
1747960030870 0.008130618755783355 270
1747960354625 0.008130618755783355 271
1747960679012 0.008130618755783355 272
1747961002892 0.008130618755783355 273
1747961327820 0.003046427628670585 274
1747961654188 0.008130618755783355 275
1747961981450 0.008130618755783355 276
1747962308989 0.008130618755783355 277
1747962635880 0.008130618755783355 278
1747962963438 0.007444211399731577 279
1747963291543 0.0067293040500567575 280
1747963617251 0.013155617496424847 281
1747963944947 0.005045484408839835 282
1747964273221 0.008130618755783355 283
1747964601011 0.010774082161736774 284
1747964928800 0.019719639646054273 285
1747965254760 0.006697510469711682 286
1747965581753 0.008130618755783355 287
1747965907644 0.013155617496424847 288
1747966233319 0.013155617496424847 289
1747966559795 0.008130618755783355 290
1747966886047 0.013155617496424847 291
1747967213762 0.007536780233908942 292
1747967542089 0.01669793222287775 293
1747967870629 0.01756754601204056 294
1747968195715 0.008130618755783355 295
1747968519638 0.007750768569543622 296
1747968843935 0.007405351633436303 297
1747969168983 0.020248140102618162 298
1747969493643 0.041204435348616064 299
1747969817567 0.013155617496424847 300
1747970140856 0.2946765894598215 301
1747970464342 0.20260325086607692 302
1747970788356 0.03410851990444446 303
1747971112686 0.028744422084920274 304
1747971436108 0.022372206978440626 305
1747971758768 0.23640131433457698 306
1747972080270 0.12461179749810727 307
1747972399905 0.6120005586283167 308
1747972721922 0.09016994374947425 309
1747973045451 0.1412546260576571 310
1747973368132 0.0212862362522082 311
1747973691219 0.08277269013235444 312
1747974015469 0.04762795810564629 313
1747974339032 0.2677329952099075 314
1747974662669 0.22989041051946352 315
1747974986886 0.1103589127347566 316
1747975310042 0.03145545412415835 317
1747975632616 0.23917359751493156 318
