1749646856269 2.070456075668335 0
1749647290230 1.992085599899292 1
1749647723369 1.9481215715408324 2
1749648153883 1.9257766723632812 3
1749648582141 1.9031163930892945 4
1749649012260 1.8828948736190796 5
1749649445524 1.8639419078826904 6
1749649879014 1.850409698486328 7
1749650313569 1.8307477474212646 8
1749650751948 1.8107577323913575 9
1749651190758 1.7889973163604735 10
1749651630756 1.7780050039291382 11
1749652068891 1.7544609546661376 12
1749652507836 1.735850191116333 13
1749652947386 1.7175002813339233 14
1749653386929 1.7007723331451416 15
1749653827204 1.701914381980896 16
1749654267011 1.6792024850845337 17
1749654707347 1.6702467203140259 18
1749655147849 1.650624418258667 19
1749655589018 1.640563416481018 20
1749656030572 1.631331467628479 21
1749656471116 1.643185830116272 22
1749656908374 1.6364099502563476 23
1749657347888 1.619288182258606 24
1749657789239 1.606398844718933 25
1749658230088 1.5985118627548218 26
1749658672502 1.5887803316116333 27
1749659114673 1.5794562339782714 28
1749659557176 1.5689819574356079 29
1749659999213 1.5635300159454346 30
1749660436458 1.59888014793396 31
1749660874612 1.5926453828811646 32
1749661316982 1.5735114336013794 33
1749661755366 1.5646679401397705 34
1749662196513 1.549564290046692 35
1749662636714 1.5432481288909912 36
1749663076309 1.5356829643249512 37
1749663518940 1.529717755317688 38
1749663958629 1.5441003561019897 39
1749664401731 1.5266916275024414 40
1749664842024 1.5171207427978515 41
1749665283356 1.5147768259048462 42
1749665727502 1.510239338874817 43
1749666169065 1.5037818431854248 44
1749666612230 1.508009171485901 45
1749667052057 1.5769719362258912 46
1749667492792 1.5707722663879395 47
1749667934253 1.5446906566619873 48
1749668373279 1.5363272905349732 49
1749668815748 1.5129120111465455 50
1749669258163 1.5083699464797973 51
1749669703429 1.4998666048049927 52
1749670147006 1.4943539381027222 53
1749670592271 1.4890925407409668 54
1749671038291 1.485602617263794 55
1749671482777 1.4816158056259154 56
1749671929649 1.4810608148574829 57
1749672376487 1.4771078824996948 58
1749672822979 1.4734743356704711 59
1749673268027 1.4741135597229005 60
1749673713248 1.4703567504882813 61
1749674160003 1.466379427909851 62
1749674607242 1.4665621280670167 63
1749675052496 1.4625187158584594 64
1749675499210 1.4628092765808105 65
1749675945915 1.4585361003875732 66
1749676393423 1.4581687688827514 67
1749676840006 1.4548362970352173 68
1749677285655 1.4541037797927856 69
1749677731057 1.4506616830825805 70
1749678178435 1.4472622394561767 71
1749678625681 1.446349573135376 72
1749679073700 1.4432862281799317 73
1749679519531 1.4423483610153198 74
1749679966925 1.4407184839248657 75
1749680414121 1.447750163078308 76
1749680860214 1.4421629428863525 77
1749681305409 1.4350584030151368 78
1749681752835 1.4379590272903442 79
1749682200510 1.4316918134689331 80
1749682644050 1.4296779394149781 81
1749683089450 1.4257675409317017 82
1749683534129 1.4276881217956543 83
1749683980127 1.4275392532348632 84
1749684426154 1.426897144317627 85
1749684871690 1.4237253189086914 86
1749685317724 1.4208347082138062 87
1749685765474 1.419890570640564 88
1749686213197 1.4205270051956176 89
1749686659249 1.41565260887146 90
1749687104730 1.4192851305007934 91
1749687550821 1.4209512233734132 92
1749687998532 1.4169727563858032 93
1749688446492 1.4178014039993285 94
1749688892946 1.4157897233963013 95
1749689341422 1.412237858772278 96
1749689787914 1.4135252714157105 97
1749690235553 1.4097504615783691 98
1749690682742 1.4117711067199707 99
1749691129427 1.408464288711548 100
1749691578013 1.4091152667999267 101
1749692027038 1.408154010772705 102
1749692475110 1.4042625188827516 103
1749692923770 1.4069516897201537 104
1749693370621 1.4028378009796143 105
1749693818741 1.403485941886902 106
1749694266328 1.403142762184143 107
1749694716675 1.4002647876739502 108
1749695161947 1.3996497869491578 109
1749695610211 1.3955321311950684 110
1749696058620 1.3975833892822265 111
1749696507065 1.393599271774292 112
1749696955696 1.3950956106185912 113
1749697406164 1.3921591758728027 114
1749697853153 1.3919132947921753 115
1749698301492 1.3934759140014648 116
1749698751859 1.3900782823562623 117
1749699200674 1.3885576963424682 118
1749699649065 1.388836884498596 119
1749700096779 1.3895891666412354 120
1749700544702 1.3878193378448487 121
1749700994987 1.3896987676620483 122
1749701445783 1.3846771717071533 123
1749701893349 1.383833146095276 124
1749702342647 1.3856542587280274 125
1749702790459 1.3809621810913086 126
1749703239343 1.3778208255767823 127
1749703687611 1.3805501461029053 128
1749704135893 1.3790496349334718 129
1749704587118 1.3786976099014283 130
1749705038339 1.3756702661514282 131
1749705486315 1.375786828994751 132
1749705936383 1.375929021835327 133
1749706385908 1.3756232738494873 134
1749706833934 1.3728208541870117 135
1749707282477 1.3718764305114746 136
1749707730347 1.374211025238037 137
1749708179348 1.3691386938095094 138
1749708628452 1.3689306497573852 139
1749709077162 1.369164776802063 140
1749709524887 1.369395089149475 141
1749709972709 1.3690481424331664 142
1749710420822 1.369482660293579 143
1749710869611 1.3701154232025146 144
1749711317673 1.3656908035278321 145
1749711766988 1.365312886238098 146
1749712214793 1.3664746046066285 147
1749712663453 1.3679913997650146 148
1749713110791 1.3642707347869873 149
1749713559005 1.365950107574463 150
1749714006607 1.3648012161254883 151
1749714454417 1.364033579826355 152
1749714901601 1.3645827770233154 153
1749715351163 1.3632638454437256 154
1749715797773 1.3628858566284179 155
1749716244748 1.3640052556991578 156
1749716692088 1.361437201499939 157
1749717139268 1.3607118844985961 158
1749717586351 1.3633799314498902 159
1749718032905 1.3592039585113525 160
1749718479628 1.3594282627105714 161
1749718926917 1.3584707975387573 162
1749719372724 1.3599153518676759 163
1749719819932 1.3612603425979615 164
1749720267526 1.3581557989120483 165
1749720714759 1.3601343870162963 166
1749721162580 1.3579862117767334 167
1749721609602 1.358644390106201 168
1749722056525 1.3564310312271117 169
1749722503540 1.3561529874801637 170
1749722951243 1.3578282833099364 171
1749723398288 1.3565048217773437 172
1749723846441 1.35678129196167 173
1749724295168 1.354893183708191 174
1749724743929 1.3554719686508179 175
1749725191498 1.3565918922424316 176
1749725639450 1.356564426422119 177
1749726087780 1.353102207183838 178
1749726534680 1.3541522741317749 179
1749726982666 1.3526410102844237 180
1749727430921 1.3552319049835204 181
1749727878587 1.3558843851089477 182
1749728327004 1.35416100025177 183
1749728774309 1.351440191268921 184
1749729221911 1.3529279232025146 185
1749729669223 1.3521125555038451 186
1749730117760 1.349962091445923 187
1749730567314 1.3521218061447144 188
1749731014876 1.348688817024231 189
1749731462911 1.351448893547058 190
1749731912178 1.3511163949966432 191
1749732361201 1.3511465311050415 192
1749732809600 1.3555876016616821 193
1749733258240 1.348290205001831 194
1749733706485 1.3486008644104004 195
1749734155509 1.3495670557022095 196
1749734603322 1.350481104850769 197
1749735051249 1.3505180835723878 198
1749735500534 1.3486000061035157 199
1749735948989 1.3504786968231202 200
1749736396023 1.3465250968933105 201
1749736843596 1.3480035543441773 202
1749737291235 1.3455607175827027 203
1749737738462 1.3493642807006836 204
1749738186728 1.3487390518188476 205
1749738638225 1.345275616645813 206
1749739087856 1.3470900297164916 207
1749739537498 1.3472732067108155 208
1749739987604 1.3469284057617188 209
1749740436728 1.34530668258667 210
1749740886881 1.348190474510193 211
1749741337035 1.3457654953002929 212
1749741787606 1.348103404045105 213
1749742237891 1.348594856262207 214
1749742688305 1.3437488079071045 215
1749743138798 1.3442179918289185 216
1749743589221 1.3403896808624267 217
1749744039084 1.3442554235458375 218
1749744489770 1.3436389684677124 219
1749744941256 1.342596697807312 220
1749745392546 1.3444004297256469 221
1749745843600 1.340937876701355 222
1749746294872 1.3436811208724975 223
1749746746456 1.341234564781189 224
1749747197373 1.3426263570785522 225
1749747649512 1.3419029235839843 226
1749748100672 1.339863157272339 227
1749748552432 1.3393013715744018 228
1749749003487 1.341378664970398 229
1749749455543 1.3394200563430787 230
1749749907922 1.3407017946243287 231
1749750358496 1.3402808904647827 232
1749750810795 1.338547158241272 233
1749751263002 1.3368468523025512 234
1749751717102 1.3386049032211305 235
1749752167785 1.3362699508666993 236
1749752618319 1.3368499755859375 237
1749753068972 1.3379507303237914 238
1749753520222 1.337877583503723 239
1749753971551 1.3387289762496948 240
1749754422976 1.3341976165771485 241
1749754873103 1.3373811483383178 242
1749755324088 1.3361793756484985 243
1749755773690 1.3354369878768921 244
1749756224392 1.3364124298095703 245
1749756674857 1.3353058099746704 246
1749757125909 1.3367047309875488 247
1749757576729 1.3341498851776123 248
1749758027046 1.3343483686447144 249
1749758478638 1.333790135383606 250
1749758929541 1.334557843208313 251
1749759380088 1.3364058017730713 252
1749759831226 1.3331111431121827 253
1749760282506 1.3334039449691772 254
1749760733990 1.335252618789673 255
1749761185239 1.3320913791656495 256
1749761637430 1.3367487430572509 257
1749762088631 1.329919457435608 258
1749762539508 1.3356730222702027 259
1749762990930 1.3317325115203857 260
1749763441549 1.3328094005584716 261
1749763893034 1.3338095426559449 262
1749764344959 1.3314942121505737 263
1749764794995 1.3335817337036133 264
1749765245875 1.3336058378219604 265
1749765697173 1.3316669702529906 266
1749766147999 1.3323925495147706 267
1749766599250 1.3286792993545533 268
1749767051095 1.3306357383728027 269
1749767502460 1.3284045934677124 270
1749767954414 1.3312949657440185 271
1749768405756 1.3316466331481933 272
1749768857240 1.33057382106781 273
1749769309216 1.3307306289672851 274
1749769761254 1.3294350624084472 275
1749770211454 1.3288675785064696 276
1749770662462 1.329555082321167 277
1749771113268 1.3303273916244507 278
1749771563583 1.329626989364624 279
1749772014560 1.3311940670013427 280
1749772465161 1.3277803897857665 281
1749772916217 1.3288500547409057 282
1749773367417 1.3297658443450928 283
1749773818960 1.3299185276031493 284
1749774270381 1.329231858253479 285
1749774721145 1.330243182182312 286
1749775172801 1.3286758422851563 287
1749775623906 1.3296852588653565 288
1749776074868 1.3259554386138916 289
1749776525545 1.328853726387024 290
1749776977289 1.3309834718704223 291
1749777428102 1.3268373727798461 292
1749777879473 1.3296593189239503 293
1749778331127 1.3289278745651245 294
1749778782339 1.3281389951705933 295
1749779234156 1.3291306495666504 296
1749779685386 1.3272372007369995 297
1749780137291 1.3293818473815917 298
1749780589003 1.3261141777038574 299
