1751912251250 0.2243111111111111 0
1751912279763 0.2734666666666667 1
1751912308256 0.42544444444444446 2
1751912336763 0.47275555555555554 3
1751912365303 0.47271111111111114 4
1751912393812 0.47244444444444444 5
1751912422311 0.4728 6
1751912450840 0.47104444444444443 7
1751912479406 0.4713555555555556 8
1751912507924 0.4719555555555556 9
1751915305986 0.47724444444444447 10
1751915334494 0.4977111111111111 11
1751915362943 0.5004 12
1751915391430 0.5013555555555556 13
1751915419926 0.5016444444444444 14
1751915448439 0.5012888888888889 15
1751915476916 0.5011111111111111 16
1751915505414 0.5006444444444444 17
1751915533905 0.5016 18
1751915562437 0.5015777777777778 19
1751918371805 0.5051333333333333 20
1751918400247 0.5164222222222222 21
1751918428731 0.5167111111111111 22
1751918457190 0.5169555555555555 23
1751918485699 0.5165111111111111 24
1751918514199 0.5168 25
1751918542727 0.5155777777777778 26
1751918571202 0.5166222222222222 27
1751918599687 0.5168 28
1751918628153 0.5166444444444445 29
1751921451335 0.5195333333333333 30
1751921479834 0.5305333333333333 31
1751921508290 0.5303777777777777 32
1751921536761 0.5302 33
1751921565197 0.5300666666666667 34
1751921593734 0.5302888888888889 35
1751921622222 0.5298 36
1751921650698 0.53 37
1751921679143 0.5304222222222222 38
1751921707653 0.5295111111111112 39
1751924531611 0.5349333333333334 40
1751924560039 0.5407777777777778 41
1751924588482 0.5404 42
1751924616958 0.5409111111111111 43
1751924645405 0.5411555555555555 44
1751924673848 0.541 45
1751924702307 0.5408888888888889 46
1751924730741 0.5402 47
1751924759154 0.5410444444444444 48
1751924787558 0.541 49
1751927596014 0.5382444444444444 50
1751927624647 0.5453555555555556 51
1751927653221 0.5449555555555555 52
1751927681806 0.5454888888888889 53
1751927710417 0.5454222222222223 54
1751927739002 0.5448888888888889 55
1751927767619 0.5450222222222222 56
1751927796267 0.5451333333333334 57
1751927824887 0.5449555555555555 58
1751927853514 0.5451555555555555 59
1751930655947 0.5466444444444445 60
1751930684713 0.5510666666666667 61
1751930713246 0.5506444444444445 62
1751930741842 0.5508888888888889 63
1751930770423 0.5501777777777778 64
1751930799026 0.5497555555555556 65
1751930827594 0.5502222222222222 66
1751930856172 0.5507111111111112 67
1751930884737 0.5512666666666667 68
1751930913296 0.5500222222222222 69
1751933722080 0.5493333333333333 70
1751933750668 0.5572666666666667 71
1751933779233 0.5576 72
1751933807796 0.5573333333333333 73
1751933836440 0.5572666666666667 74
1751933865514 0.5577555555555556 75
1751933894007 0.5579333333333333 76
1751933922542 0.5574444444444444 77
1751933951107 0.5575555555555556 78
1751933979688 0.5566222222222222 79
1751936792174 0.5544888888888889 80
1751936820686 0.5617777777777778 81
1751936849207 0.5619333333333333 82
1751936877723 0.5627111111111112 83
1751936906309 0.5619111111111111 84
1751936934846 0.5620888888888889 85
1751936963400 0.5616222222222222 86
1751936991980 0.5618444444444445 87
1751937020532 0.5616888888888889 88
1751937049057 0.5616666666666666 89
1751939876729 0.5641333333333334 90
1751939905450 0.5694888888888889 91
1751939933941 0.5696 92
1751939962440 0.5693777777777778 93
1751939990954 0.5694666666666667 94
1751940019434 0.5695555555555556 95
1751940047972 0.5704666666666667 96
1751940076495 0.5695555555555556 97
1751940105029 0.57 98
1751940133568 0.5694888888888889 99
1751942970357 0.5653777777777778 100
1751942999084 0.573 101
1751943027425 0.5733333333333334 102
1751943056108 0.5729111111111111 103
1751943084776 0.5731111111111111 104
1751943113473 0.5729333333333333 105
1751943142343 0.5729111111111111 106
1751943171549 0.5728222222222222 107
1751943200266 0.5731111111111111 108
1751943229421 0.5734444444444444 109
1751946045915 0.5644666666666667 110
1751946074604 0.5713333333333334 111
1751946103278 0.5715111111111111 112
1751946131980 0.5710444444444445 113
1751946160625 0.5713777777777778 114
1751946189581 0.5706444444444444 115
1751946218310 0.5704444444444444 116
1751946247060 0.5711777777777778 117
1751946276045 0.5712888888888888 118
1751946304733 0.5713777777777778 119
1751949121678 0.5717111111111111 120
1751949150747 0.5788444444444445 121
1751949179428 0.5786222222222223 122
1751949208079 0.5788222222222222 123
1751949236725 0.5788666666666666 124
1751949265594 0.5783777777777778 125
1751949294262 0.5788222222222222 126
1751949322923 0.5784888888888889 127
1751949351789 0.5788 128
1751949380437 0.5788222222222222 129
1751952206903 0.5725555555555556 130
1751952235590 0.5802444444444445 131
1751952264229 0.5796222222222223 132
1751952292817 0.5803555555555555 133
1751952321410 0.5801333333333333 134
1751952350013 0.5800444444444445 135
1751952378589 0.5799555555555556 136
1751952407204 0.5795333333333333 137
1751952436360 0.5802 138
1751952464957 0.5800222222222222 139
1751955303760 0.5781333333333334 140
1751955332348 0.5856666666666667 141
1751955360887 0.5856444444444444 142
1751955389522 0.5846222222222223 143
1751955418104 0.5855111111111111 144
1751955446717 0.5861555555555555 145
1751955475869 0.5853777777777778 146
1751955504499 0.5861333333333333 147
1751955533113 0.585 148
1751955561708 0.5852666666666667 149
1751958403376 0.5763333333333334 150
1751958431967 0.5846888888888889 151
1751958460565 0.5833777777777778 152
1751958489341 0.5837555555555556 153
1751958517900 0.5841555555555555 154
1751958546459 0.5843111111111111 155
1751958574989 0.5844444444444444 156
1751958603885 0.5842888888888889 157
1751958632460 0.5837777777777777 158
1751958660990 0.5843777777777778 159
1751961490768 0.5803333333333334 160
1751961519467 0.5896 161
1751961548197 0.5904666666666667 162
1751961576936 0.5902888888888889 163
1751961605669 0.5903333333333334 164
1751961634347 0.5901777777777778 165
1751961662670 0.5898444444444444 166
1751961690984 0.5898666666666667 167
1751961719667 0.5900444444444445 168
1751961748568 0.5904222222222222 169
1751964567516 0.5809555555555556 170
1751964596206 0.5911555555555555 171
1751964624874 0.5912 172
1751964653571 0.5915555555555555 173
1751964682235 0.5913777777777778 174
1751964710920 0.5912888888888889 175
1751964739629 0.5910666666666666 176
1751964768318 0.5916666666666667 177
1751964797007 0.5914222222222222 178
1751964825717 0.5904666666666667 179
1751967640333 0.5868 180
1751967668971 0.5956888888888889 181
1751967697662 0.5951555555555555 182
1751967726360 0.5955555555555555 183
1751967755011 0.5950444444444445 184
1751967783625 0.5959777777777778 185
1751967812259 0.5952888888888889 186
1751967840941 0.5954444444444444 187
1751967869625 0.5955111111111111 188
1751967898336 0.5957333333333333 189
1751970714647 0.589 190
1751970743307 0.5962444444444445 191
1751970771939 0.5960888888888889 192
1751970800538 0.5967111111111111 193
1751970829176 0.5962666666666666 194
1751970857786 0.5970666666666666 195
1751970886472 0.5964666666666667 196
1751970915103 0.5965777777777778 197
1751970943727 0.5965777777777778 198
1751970972359 0.5969333333333333 199
1751973815793 0.5894444444444444 200
1751973844426 0.5988888888888889 201
1751973872982 0.5986222222222222 202
1751973901597 0.5987777777777777 203
1751973930236 0.5992444444444445 204
1751973958850 0.5991111111111111 205
1751973987468 0.5984666666666667 206
1751974016028 0.5991777777777778 207
1751974044657 0.5992888888888889 208
1751974073239 0.5982222222222222 209
1751976912773 0.5918222222222222 210
1751976941364 0.6006666666666667 211
1751976970370 0.6007555555555556 212
1751976999334 0.6001333333333333 213
1751977027944 0.6 214
1751977056997 0.6003555555555555 215
1751977085590 0.6002222222222222 216
1751977114182 0.6005555555555555 217
1751977142808 0.6000222222222222 218
1751977171465 0.6001777777777778 219
1751980001940 0.5892666666666667 220
1751980030278 0.5999333333333333 221
1751980058633 0.6000222222222222 222
1751980087005 0.5993777777777778 223
1751980115417 0.5993333333333334 224
1751980143817 0.5997777777777777 225
1751980172145 0.5995333333333334 226
1751980200524 0.6 227
1751980228868 0.5999555555555556 228
1751980257600 0.5991555555555556 229
1751983073811 0.5905777777777778 230
1751983102560 0.5995777777777778 231
1751983131226 0.6000888888888889 232
1751983159949 0.5993777777777778 233
1751983188623 0.5998 234
1751983217309 0.5997333333333333 235
1751983246001 0.6 236
1751983274689 0.5998888888888889 237
1751983303436 0.5999555555555556 238
1751983332154 0.6001111111111112 239
1751986147953 0.5958444444444444 240
1751986176676 0.6069333333333333 241
1751986205360 0.6074 242
1751986234063 0.6066222222222222 243
1751986262769 0.6072444444444445 244
1751986291446 0.6075777777777778 245
1751986320167 0.6070444444444445 246
1751986348852 0.6073555555555555 247
1751986377525 0.6070888888888889 248
1751986406237 0.6063333333333333 249
1751989223426 0.5975333333333334 250
1751989252060 0.6080444444444445 251
1751989280710 0.6077333333333333 252
1751989309323 0.6084888888888889 253
1751989337957 0.608 254
1751989366611 0.6081555555555556 255
1751989395318 0.6077111111111111 256
1751989423926 0.6080222222222222 257
1751989452570 0.608 258
1751989481206 0.6079555555555556 259
1751992314374 0.5982888888888889 260
1751992343005 0.6059555555555556 261
1751992371654 0.6057555555555556 262
1751992400267 0.6061777777777778 263
1751992428891 0.6058 264
1751992457545 0.6062 265
1751992486164 0.6056888888888889 266
1751992514825 0.6059333333333333 267
1751992543442 0.6061777777777778 268
1751992572099 0.6057777777777777 269
1751995414404 0.5982 270
1751995443013 0.6086222222222222 271
1751995471600 0.6089333333333333 272
1751995500191 0.6087111111111111 273
1751995528807 0.6087777777777778 274
1751995557451 0.6086 275
1751995586117 0.6086222222222222 276
1751995614723 0.6085111111111111 277
1751995643344 0.6082222222222222 278
1751995672009 0.6081111111111112 279
1751998501747 0.6036888888888889 280
1751998530090 0.6132666666666666 281
1751998558458 0.6130444444444444 282
1751998586825 0.6127555555555556 283
1751998615204 0.6130888888888889 284
1751998643586 0.6129555555555556 285
1751998671903 0.6129111111111111 286
1751998700336 0.6131333333333333 287
1751998728724 0.6132222222222222 288
1751998757083 0.6131555555555556 289
1752001572617 0.6045333333333334 290
1752001601321 0.6150444444444444 291
1752001630018 0.6142222222222222 292
1752001658808 0.6141333333333333 293
1752001687564 0.6133555555555555 294
1752001716300 0.6144666666666667 295
1752001744985 0.6142444444444445 296
1752001773684 0.6144 297
1752001802436 0.6142888888888889 298
1752001831158 0.6141777777777778 299
1752004658512 0.6051333333333333 300
1752004687189 0.6170666666666667 301
1752004716423 0.6174444444444445 302
1752004745127 0.6166 303
1752004773788 0.6168 304
1752004802480 0.6168222222222223 305
1752004832161 0.6163777777777778 306
1752004861114 0.6169777777777777 307
1752004889967 0.6161111111111112 308
1752004918623 0.6163111111111111 309
1752007737571 0.6062444444444445 310
1752007766485 0.6160888888888889 311
1752007795098 0.6162666666666666 312
1752007823969 0.6157777777777778 313
1752007852576 0.6154 314
1752007881211 0.6154444444444445 315
1752007910252 0.6160222222222222 316
1752007938967 0.6155777777777778 317
1752007967634 0.6160666666666667 318
1752007996300 0.6156222222222222 319
1752010829590 0.6038666666666667 320
1752010858212 0.6160666666666667 321
1752010886885 0.6162444444444445 322
1752010915521 0.6162444444444445 323
1752010944140 0.6162222222222222 324
1752010972740 0.6164666666666667 325
1752011001384 0.6160666666666667 326
1752011030035 0.6159333333333333 327
1752011058632 0.6159555555555556 328
1752011087282 0.6158444444444444 329
1752013929687 0.6085333333333334 330
1752013958231 0.6202666666666666 331
1752013986802 0.6201111111111111 332
1752014015438 0.6201555555555556 333
1752014044013 0.6202 334
1752014072675 0.6203555555555555 335
1752014101254 0.6204444444444445 336
1752014129825 0.6200444444444444 337
1752014158444 0.6200222222222223 338
1752014187042 0.6201111111111111 339
1752017019776 0.6083555555555555 340
1752017048153 0.6184888888888889 341
1752017076554 0.6191333333333333 342
1752017104989 0.6187111111111111 343
1752017133332 0.6184222222222222 344
1752017161722 0.6193555555555555 345
1752017190101 0.6186222222222222 346
1752017218503 0.6195111111111111 347
1752017246855 0.6186888888888888 348
1752017275226 0.6194 349
1752020090819 0.6124888888888889 350
1752020119564 0.6248222222222222 351
1752020148291 0.6253333333333333 352
1752020177028 0.6245777777777778 353
1752020205706 0.6244888888888889 354
1752020234466 0.6244 355
1752020263201 0.6248444444444444 356
1752020291944 0.6248 357
1752020320676 0.6248888888888889 358
1752020349389 0.6245555555555555 359
1752023166086 0.6158666666666667 360
1752023194808 0.6240222222222223 361
1752023223529 0.6241555555555556 362
1752023252264 0.6237555555555555 363
1752023280899 0.6238222222222222 364
1752023309605 0.6244 365
1752023338290 0.6238666666666667 366
1752023367008 0.6239111111111111 367
1752023395705 0.6238444444444444 368
1752023424389 0.6238 369
1752026240700 0.6141333333333333 370
1752026269338 0.6246666666666667 371
1752026298016 0.6248 372
1752026326667 0.6251555555555556 373
1752026355311 0.6236222222222222 374
1752026383991 0.6243333333333333 375
1752026412630 0.6251333333333333 376
1752026441297 0.6238666666666667 377
1752026469992 0.6246222222222222 378
1752026498690 0.6248222222222222 379
1752029330584 0.6160888888888889 380
1752029359261 0.6264444444444445 381
1752029387940 0.6259555555555556 382
1752029416590 0.6265777777777778 383
1752029445243 0.6260888888888889 384
1752029473878 0.6256222222222222 385
1752029502517 0.6260666666666667 386
1752029531190 0.6260666666666667 387
1752029559806 0.6254222222222222 388
1752029588429 0.6258 389
1752032430488 0.6205333333333334 390
1752032459154 0.6296 391
1752032487768 0.6291333333333333 392
1752032516422 0.6291555555555556 393
1752032545006 0.6297555555555555 394
1752032573592 0.6294222222222222 395
1752032602238 0.6298444444444444 396
1752032630831 0.6298666666666667 397
1752032659489 0.6296 398
1752032688082 0.6291111111111111 399
1752035532438 0.6188444444444444 400
1752035560912 0.6261333333333333 401
1752035589296 0.6266666666666667 402
1752035617650 0.6266444444444444 403
1752035646045 0.6270666666666667 404
1752035674382 0.6265555555555555 405
1752035702747 0.6272666666666666 406
1752035731166 0.6270666666666667 407
1752035759543 0.6265333333333334 408
1752035787884 0.6269555555555556 409
1752038604558 0.6212666666666666 410
1752038633299 0.6300888888888889 411
1752038662057 0.6296 412
1752038690781 0.6299777777777777 413
1752038719510 0.6300666666666667 414
1752038748263 0.6305333333333333 415
1752038777023 0.6298666666666667 416
1752038805737 0.6299555555555556 417
1752038834490 0.6300444444444444 418
1752038863237 0.6303777777777778 419
1752041678581 0.6252 420
1752041707264 0.6341777777777777 421
1752041735956 0.6341777777777777 422
1752041764636 0.6340444444444444 423
1752041793358 0.6338444444444444 424
1752041822015 0.6338888888888888 425
1752041850747 0.6342 426
1752041879517 0.6338222222222222 427
1752041908209 0.6340444444444444 428
1752041936890 0.6338888888888888 429
1752044753777 0.6257111111111111 430
1752044782465 0.6357555555555555 431
1752044811111 0.6353777777777778 432
1752044839760 0.6355777777777778 433
1752044868399 0.6347777777777778 434
1752044897086 0.6353555555555556 435
1752044925735 0.6355555555555555 436
1752044954406 0.6356444444444445 437
1752044983105 0.6355111111111111 438
1752045011765 0.6359555555555556 439
1752047841355 0.6266444444444444 440
1752047869981 0.6364 441
1752047898646 0.6376444444444445 442
1752047927286 0.6364888888888889 443
1752047955895 0.6370888888888889 444
1752047984476 0.6364222222222222 445
1752048013165 0.6368888888888888 446
1752048041838 0.6373777777777778 447
1752048070535 0.6374666666666666 448
1752048099136 0.6363777777777778 449
1752050942110 0.6258 450
1752050970722 0.6359111111111111 451
1752050999417 0.6357111111111111 452
1752051028002 0.6356444444444445 453
1752051056622 0.6361111111111111 454
1752051085209 0.6358888888888888 455
1752051113878 0.6362444444444444 456
1752051142446 0.6358 457
1752051171034 0.6362222222222222 458
1752051199650 0.6360444444444444 459
1752054051091 0.6269777777777777 460
1752054079900 0.6357111111111111 461
1752054110194 0.6358222222222222 462
1752054138564 0.6354 463
1752054166929 0.6362 464
1752054195651 0.6358 465
1752054224049 0.6352888888888889 466
1752054252420 0.6354 467
1752054280731 0.6351777777777777 468
1752054309118 0.6353777777777778 469
1752057145097 0.6306666666666667 470
1752057174447 0.6381555555555556 471
1752057203170 0.6387555555555555 472
1752057232283 0.6388666666666667 473
1752057261654 0.6387777777777778 474
1752057290981 0.6386444444444445 475
1752057320140 0.6388888888888888 476
1752057349616 0.6390666666666667 477
1752057378911 0.6386444444444445 478
1752057408156 0.6387111111111111 479
1752060227365 0.6291111111111111 480
1752060256099 0.6379111111111111 481
1752060284810 0.6378888888888888 482
1752060313534 0.6380444444444444 483
1752060342278 0.6379111111111111 484
1752060370966 0.6382222222222222 485
1752060399635 0.6383111111111112 486
1752060428361 0.6374222222222222 487
1752060457025 0.6376666666666667 488
1752060485729 0.6375777777777778 489
1752063304208 0.6290444444444444 490
1752063332876 0.6374 491
1752063361538 0.6374444444444445 492
1752063390185 0.6378888888888888 493
1752063418795 0.6372666666666666 494
1752063447461 0.6374444444444445 495
1752063476131 0.6372222222222222 496
1752063504778 0.6372888888888889 497
1752063533406 0.6375555555555555 498
1752063562037 0.6380888888888889 499
1752066407116 0.6330888888888889 500
1752066435710 0.6384888888888889 501
1752066464372 0.6382666666666666 502
1752066493094 0.6385333333333333 503
1752066521730 0.6384 504
1752066550360 0.6383333333333333 505
1752066579035 0.6390222222222223 506
1752066608028 0.6388444444444444 507
1752066636722 0.6381777777777777 508
1752066665397 0.6386666666666667 509
1752069511218 0.6310888888888889 510
1752069540239 0.6389777777777778 511
1752069568888 0.6391555555555556 512
1752069597551 0.639 513
1752069626170 0.6388888888888888 514
1752069654816 0.6390888888888889 515
1752069683906 0.6388666666666667 516
1752069712549 0.6390888888888889 517
1752069741133 0.6392444444444444 518
1752069769742 0.6391111111111111 519
1752072614265 0.6319333333333333 520
1752072642968 0.6389555555555556 521
1752072671351 0.6385777777777778 522
1752072700058 0.6392 523
1752072728422 0.6394222222222222 524
1752072756850 0.6387555555555555 525
1752072785183 0.6392 526
1752072813615 0.6389555555555556 527
1752072842011 0.6391111111111111 528
1752072870430 0.6386 529
1752075691974 0.6335555555555555 530
1752075720856 0.6403333333333333 531
1752075749579 0.64 532
1752075778300 0.6396888888888889 533
1752075807013 0.6401777777777777 534
1752075835742 0.6401777777777777 535
1752075864505 0.6400222222222223 536
1752075893216 0.64 537
1752075921946 0.6396666666666667 538
1752075950628 0.6402 539
1752078770511 0.6348888888888888 540
1752078799337 0.6419111111111111 541
1752078828100 0.6421555555555556 542
1752078856860 0.6415777777777778 543
1752078885553 0.6416444444444445 544
1752078914242 0.6422444444444444 545
1752078942955 0.642 546
1752078971682 0.6418444444444444 547
1752079000588 0.6421333333333333 548
1752079029344 0.6417333333333334 549
1752081848910 0.6338222222222222 550
1752081877653 0.6411777777777777 551
1752081906791 0.6409333333333334 552
1752081935450 0.6415555555555555 553
1752081964189 0.6409333333333334 554
1752081992853 0.6412888888888889 555
1752082021561 0.6410888888888889 556
1752082050210 0.6409777777777778 557
