1749093644673 0.1042 0
1749093717897 0.2054 19
1749093791343 0.2092 38
1749094116740 0.1398 40
1749094190167 0.2392 59
1749094263219 0.2626 78
1749094589090 0.1656 80
1749094663741 0.257 99
1749094738153 0.2712 118
1749095067716 0.1558 120
1749095142501 0.2698 139
1749095217640 0.275 158
1749095548842 0.1672 160
1749095624005 0.2802 179
1749095699719 0.284 198
1749096031963 0.1636 200
1749096107348 0.2706 219
1749096183215 0.283 238
1749096519377 0.1524 240
1749096595594 0.273 259
1749096671388 0.284 278
1749097010439 0.157 280
1749097086884 0.2706 299
1749097162926 0.2874 318
1749097500466 0.1656 320
1749097577103 0.2862 339
1749097653127 0.2956 358
1749097991975 0.1876 360
1749098068141 0.2932 379
1749098144286 0.2986 398
1749098483255 0.1992 400
1749098559999 0.2918 419
1749098636198 0.3014 438
1749098975381 0.2108 440
1749099052222 0.2944 459
1749099128930 0.2996 478
1749099464618 0.2058 480
1749099540415 0.2936 499
1749099615882 0.3002 518
1749099951529 0.2108 520
1749100027188 0.2996 539
1749100102537 0.2988 558
1749100445041 0.222 560
1749100522197 0.3008 579
1749100599600 0.3094 598
1749100942746 0.2528 600
1749101020190 0.3044 619
1749101098201 0.3088 638
1749101441754 0.253 640
1749101519098 0.3074 659
1749101596198 0.3086 678
1749101936364 0.2378 680
1749102014137 0.3058 699
1749102090792 0.3154 718
1749102433362 0.2584 720
1749102510045 0.3154 739
1749102586350 0.3198 758
1749102927811 0.2786 760
1749103004972 0.3126 779
1749103081855 0.3196 798
1749103425322 0.2898 800
1749103502694 0.3132 819
1749103578781 0.3226 838
1749103914478 0.262 840
1749103991794 0.3158 859
1749104068972 0.3228 878
1749104411239 0.2456 880
1749104488680 0.3122 899
1749104566386 0.3228 918
1749104910233 0.2366 920
1749104987298 0.3126 939
1749105064602 0.3224 958
1749105406337 0.2364 960
1749105483184 0.314 979
1749105560447 0.3264 998
1749105903074 0.2364 1000
1749105979909 0.3118 1019
1749106057061 0.3232 1038
1749106401121 0.237 1040
1749106478847 0.3184 1059
1749106556685 0.3244 1078
1749106902120 0.2472 1080
1749106980302 0.3162 1099
1749107057867 0.327 1118
1749107395660 0.2486 1120
1749107471811 0.3176 1139
1749107547430 0.3264 1158
1749107884744 0.2484 1160
1749107960533 0.318 1179
1749108036786 0.3278 1198
1749108379622 0.2532 1200
1749108456999 0.3216 1219
1749108535330 0.3284 1238
1749108878092 0.2484 1240
1749108955517 0.3236 1259
1749109033544 0.3336 1278
1749109377688 0.2334 1280
1749109455254 0.3304 1299
1749109532727 0.3354 1318
1749109877310 0.2454 1320
1749109954850 0.3276 1339
1749110032189 0.3368 1358
1749110371044 0.2558 1360
1749110448141 0.3292 1379
1749110523830 0.337 1398
1749110862001 0.2546 1400
1749110939438 0.3296 1419
1749111015437 0.342 1438
1749111356331 0.2376 1440
1749111432856 0.3298 1459
1749111508927 0.3386 1478
1749111854717 0.2356 1480
1749111933010 0.3264 1499
1749112010346 0.3382 1518
1749112352749 0.247 1520
1749112429659 0.3232 1539
1749112507109 0.3444 1558
1749112845322 0.2246 1560
1749112920947 0.331 1579
1749112996932 0.3408 1598
1749113333911 0.1872 1600
1749113409394 0.3292 1619
1749113485448 0.3362 1638
1749113824316 0.1784 1640
1749113900034 0.3298 1659
1749113975954 0.336 1678
1749114315168 0.1692 1680
1749114391492 0.3232 1699
1749114467011 0.3348 1718
1749114810342 0.1434 1720
1749114886622 0.3134 1739
1749114963811 0.3304 1758
1749115306909 0.1434 1760
1749115384373 0.3148 1779
1749115461283 0.3294 1798
1749115803098 0.1404 1800
1749115880261 0.3144 1819
1749115956953 0.3312 1838
1749116298046 0.1408 1840
1749116374650 0.3096 1859
1749116451520 0.3304 1878
1749116790766 0.1948 1880
1749116866380 0.3166 1899
1749116941585 0.331 1918
1749117281148 0.1654 1920
1749117357509 0.3162 1939
1749117434428 0.3286 1958
1749117775917 0.1826 1960
1749117852458 0.3138 1979
1749117929145 0.3318 1998
1749118269004 0.1602 2000
1749118345353 0.3112 2019
1749118421638 0.3318 2038
1749118762780 0.123 2040
1749118838860 0.2952 2059
1749118914550 0.3192 2078
1749119250481 0.172 2080
1749119327233 0.3118 2099
1749119403472 0.3242 2118
1749119739660 0.1054 2120
1749119814796 0.2526 2139
1749119890192 0.2926 2158
1749120226890 0.2162 2160
1749120302892 0.322 2179
1749120379147 0.3398 2198
1749120719289 0.1016 2200
1749120795039 0.2608 2219
1749120871068 0.2998 2238
1749121211900 0.1002 2240
1749121288177 0.2442 2259
1749121364877 0.2944 2278
1749121704886 0.2166 2280
1749121781174 0.3204 2299
1749121857505 0.342 2318
1749122197065 0.1206 2320
1749122273632 0.284 2339
1749122350194 0.3132 2358
1749122691065 0.0972 2360
1749122767136 0.2362 2379
1749122843065 0.2918 2398
1749123186382 0.2128 2400
1749123263487 0.3176 2419
1749123339474 0.3334 2438
1749123681078 0.2206 2440
1749123757784 0.318 2459
1749123834961 0.3354 2478
1749124175715 0.0966 2480
1749124251518 0.237 2499
1749124327078 0.2948 2518
1749124668056 0.1076 2520
1749124744574 0.2578 2539
1749124820026 0.3014 2558
1749125159709 0.2106 2560
1749125237085 0.3114 2579
1749125313309 0.3328 2598
1749125656084 0.0982 2600
1749125733605 0.2524 2619
1749125811630 0.2976 2638
1749126155493 0.0956 2640
1749126232775 0.2504 2659
1749126310547 0.2962 2678
1749126656634 0.1936 2680
1749126734131 0.323 2699
1749126811127 0.3418 2718
1749127153170 0.1044 2720
1749127230740 0.2614 2739
1749127307666 0.2968 2758
1749127649382 0.095 2760
1749127726726 0.2458 2779
1749127803179 0.2938 2798
1749128147635 0.1938 2800
1749128224969 0.3188 2819
1749128302195 0.3324 2838
1749128643698 0.1036 2840
1749128721446 0.2728 2859
1749128798577 0.298 2878
1749129142105 0.0946 2880
1749129218577 0.253 2899
1749129294639 0.2986 2918
1749129636302 0.1908 2920
1749129713551 0.322 2939
1749129791635 0.3324 2958
1749130135868 0.0946 2960
1749130212194 0.2632 2979
1749130290040 0.3032 2998
1749130635441 0.0964 3000
1749130712703 0.2618 3019
1749130790796 0.3052 3038
1749131136996 0.227 3040
1749131214390 0.3046 3059
1749131292316 0.3312 3078
1749131637069 0.0944 3080
1749131715002 0.2592 3099
1749131791563 0.301 3118
1749132132248 0.2198 3120
1749132207849 0.2992 3139
1749132284249 0.337 3158
1749132624295 0.096 3160
1749132701655 0.2468 3179
1749132778166 0.301 3198
1749133117764 0.0932 3200
1749133192945 0.2458 3219
1749133268750 0.3058 3238
1749133605999 0.0946 3240
1749133681899 0.2408 3259
1749133757274 0.3048 3278
1749134095516 0.0922 3280
1749134170805 0.2326 3299
1749134245887 0.2488 3318
1749134587603 0.1722 3320
1749134663685 0.308 3339
1749134739150 0.3204 3358
1749135075640 0.111 3360
1749135150381 0.3112 3379
1749135226498 0.3462 3398
1749135563721 0.1876 3400
1749135640102 0.3286 3419
1749135716121 0.3526 3438
1749136053793 0.1436 3440
1749136129615 0.328 3459
1749136205796 0.3572 3478
1749136544061 0.1484 3480
1749136621398 0.341 3499
1749136698432 0.3564 3518
1749137044529 0.2002 3520
1749137120814 0.3408 3539
1749137197515 0.362 3558
1749137538440 0.2244 3560
1749137614857 0.3502 3579
1749137690931 0.362 3598
1749138029110 0.329 3600
1749138104831 0.362 3619
1749138181067 0.3674 3638
1749138519084 0.3218 3640
1749138595467 0.3622 3659
1749138671432 0.3708 3678
1749139012812 0.3194 3680
1749139090005 0.3632 3699
1749139167926 0.3732 3718
1749139509977 0.326 3720
1749139587896 0.3634 3739
1749139663975 0.3754 3758
1749140006737 0.3412 3760
1749140083469 0.372 3779
1749140161300 0.368 3798
1749140502172 0.3322 3800
1749140578504 0.367 3819
1749140654340 0.3638 3838
1749140997412 0.3254 3840
1749141074073 0.364 3859
1749141150214 0.373 3878
1749141493504 0.3228 3880
1749141570713 0.3658 3899
1749141648231 0.3724 3918
1749141992120 0.321 3920
1749142069593 0.3646 3939
1749142146561 0.373 3958
1749142489767 0.3232 3960
1749142566622 0.3642 3979
1749142643308 0.3762 3998
1749142980498 0.3278 4000
1749143056135 0.3666 4019
1749143131335 0.376 4038
1749143469437 0.3354 4040
1749143544573 0.365 4059
1749143620200 0.3732 4078
1749143954928 0.3418 4080
1749144031841 0.3682 4099
1749144108667 0.372 4118
1749144449635 0.3418 4120
1749144526341 0.3728 4139
1749144602785 0.3734 4158
1749144942291 0.3358 4160
1749145018808 0.3712 4179
1749145095976 0.3776 4198
1749145439012 0.3246 4200
1749145516250 0.3638 4219
1749145593001 0.3728 4238
1749145934131 0.315 4240
1749146010466 0.3576 4259
1749146086283 0.3766 4278
1749146425770 0.3106 4280
1749146501430 0.36 4299
1749146576678 0.3736 4318
1749146912826 0.3112 4320
1749146988016 0.361 4339
1749147063684 0.375 4358
1749147400424 0.3124 4360
1749147475788 0.364 4379
1749147551538 0.375 4398
1749147891481 0.323 4400
1749147967929 0.358 4419
1749148043788 0.3738 4438
1749148383633 0.3324 4440
1749148459438 0.3736 4459
1749148580492 0.3742 4478
1749149073023 0.3336 4480
1749149182106 0.3754 4499
1749149293284 0.371 4518
1749149781107 0.3284 4520
1749149891147 0.3748 4539
1749150001267 0.3782 4558
1749150490321 0.3204 4560
1749150599551 0.3614 4579
1749150710699 0.3708 4598
1749151204550 0.3118 4600
1749151315355 0.3588 4619
1749151427400 0.372 4638
1749151921742 0.3084 4640
1749152032253 0.3632 4659
1749152142262 0.3742 4678
1749152634508 0.3074 4680
1749152744936 0.3642 4699
1749152854647 0.372 4718
1749153288234 0.3104 4720
1749153384387 0.3568 4739
1749153479893 0.3722 4758
1749153900173 0.3152 4760
1749153994070 0.3576 4779
1749154088350 0.3714 4798
1749154508541 0.3152 4800
1749154602386 0.3576 4819
1749154696820 0.371 4838
1749155114957 0.3122 4840
1749155209497 0.3566 4859
1749155303111 0.371 4878
1749155721244 0.3074 4880
1749155815116 0.3636 4899
1749155909007 0.3728 4918
1749156326961 0.3052 4920
1749156420972 0.3664 4939
1749156514668 0.3738 4958
1749156932920 0.3026 4960
1749157026568 0.3668 4979
1749157121646 0.3726 4998
1749157540874 0.3072 5000
1749157634745 0.3664 5019
1749157728607 0.373 5038
1749158147652 0.3086 5040
1749158241555 0.363 5059
1749158335145 0.3724 5078
1749158752402 0.3122 5080
1749158846061 0.3594 5099
1749158939722 0.3718 5118
1749159358375 0.3122 5120
1749159452096 0.3604 5139
1749159546397 0.3722 5158
1749159965641 0.3082 5160
1749160060065 0.363 5179
1749160154405 0.3724 5198
1749160575161 0.3064 5200
1749160669063 0.3674 5219
1749160762557 0.3734 5238
1749161180350 0.307 5240
1749161274425 0.3662 5259
1749161367425 0.3726 5278
1749161794590 0.3082 5280
1749161892284 0.3612 5299
1749161990129 0.374 5318
1749162426063 0.3144 5320
1749162523799 0.3564 5339
1749162621761 0.3732 5358
1749163058015 0.314 5360
1749163155689 0.3596 5379
1749163253287 0.373 5398
1749163688251 0.3116 5400
1749163785565 0.3594 5419
1749163883418 0.374 5438
1749164317515 0.3078 5440
1749164415104 0.3606 5459
1749164513212 0.3738 5478
1749164947744 0.304 5480
1749165045861 0.3666 5499
1749165143176 0.3736 5518
1749165577668 0.3064 5520
1749165674994 0.366 5539
1749165772069 0.3736 5558
1749166206650 0.3128 5560
1749166303774 0.3596 5579
1749166401361 0.375 5598
1749166834087 0.3132 5600
1749166931616 0.3668 5619
1749167028623 0.3728 5638
1749167461041 0.3124 5640
1749167558385 0.3646 5659
1749167656159 0.3742 5678
1749168088155 0.3114 5680
1749168184905 0.3634 5699
1749168282697 0.3748 5718
1749168715451 0.3072 5720
1749168812476 0.3642 5739
1749168910269 0.3746 5758
1749169343797 0.3082 5760
1749169441529 0.3628 5779
1749169538184 0.375 5798
1749169971834 0.3104 5800
1749170068648 0.3656 5819
1749170165783 0.3756 5838
1749170599687 0.3138 5840
1749170696826 0.369 5859
1749170794727 0.3722 5878
1749171226882 0.3116 5880
1749171324336 0.3706 5899
1749171421691 0.3738 5918
1749171854695 0.3106 5920
1749171951803 0.372 5939
1749172048914 0.374 5958
1749172483027 0.3072 5960
1749172580118 0.3678 5979
1749172677115 0.375 5998
1749173112276 0.31 6000
1749173209613 0.3704 6019
1749173306743 0.3746 6038
1749173740511 0.3116 6040
1749173837923 0.3708 6059
1749173935309 0.3742 6078
1749174370023 0.3126 6080
1749174467555 0.3782 6099
1749174564549 0.3756 6118
1749174997522 0.3104 6120
1749175094797 0.3802 6139
1749175191878 0.3826 6158
1749175626036 0.3116 6160
1749175723122 0.3778 6179
1749175820223 0.3764 6198
1749176253562 0.3096 6200
1749176351205 0.3696 6219
1749176448371 0.375 6238
1749176880541 0.3078 6240
1749176977156 0.3684 6259
1749177074767 0.3752 6278
1749177509101 0.3088 6280
1749177606247 0.3772 6299
1749177703423 0.3776 6318
1749178138149 0.3106 6320
1749178235515 0.3792 6339
1749178332446 0.3776 6358
1749178766701 0.3088 6360
1749178863875 0.3772 6379
1749178961050 0.3772 6398
1749179393644 0.307 6400
1749179490976 0.3718 6419
1749179588084 0.3756 6438
