1749093644673 2.302185893058777 0
1749093717897 2.1680303812026978 19
1749093791343 2.0675268173217773 38
1749094116740 2.199281096458435 40
1749094190167 2.053720235824585 59
1749094263219 2.0054497718811035 78
1749094589090 2.228796601295471 80
1749094663741 2.000289738178253 99
1749094738153 1.9873043894767761 118
1749095067716 2.2887781858444214 120
1749095142501 1.9990341067314148 139
1749095217640 1.9710533618927002 158
1749095548842 2.2236499786376953 160
1749095624005 1.9817616939544678 179
1749095699719 1.962575078010559 198
1749096031963 2.1954113245010376 200
1749096107348 1.9741215109825134 219
1749096183215 1.952125072479248 238
1749096519377 2.2252663373947144 240
1749096595594 1.9721115231513977 259
1749096671388 1.9651761054992676 278
1749097010439 2.2376253604888916 280
1749097086884 1.9683199524879456 299
1749097162926 1.94168621301651 318
1749097500466 2.193047285079956 320
1749097577103 1.9521164894104004 339
1749097653127 1.9265820384025574 358
1749097991975 2.1740673780441284 360
1749098068141 1.9376262426376343 379
1749098144286 1.9207307696342468 398
1749098483255 2.148329257965088 400
1749098559999 1.9290243983268738 419
1749098636198 1.9157155752182007 438
1749098975381 2.1400506496429443 440
1749099052222 1.9364271759986877 459
1749099128930 1.9198545813560486 478
1749099464618 2.1611127853393555 480
1749099540415 1.9388436079025269 499
1749099615882 1.9200439453125 518
1749099951529 2.142164468765259 520
1749100027188 1.928152084350586 539
1749100102537 1.9139419794082642 558
1749100445041 2.1219815015792847 560
1749100522197 1.9182385802268982 579
1749100599600 1.9006568789482117 598
1749100942746 2.038426995277405 600
1749101020190 1.90770423412323 619
1749101098201 1.883630096912384 638
1749101441754 1.9874741435050964 640
1749101519098 1.904657244682312 659
1749101596198 1.8897521495819092 678
1749101936364 2.009636878967285 680
1749102014137 1.9016869068145752 699
1749102090792 1.8815831542015076 718
1749102433362 1.9825685024261475 720
1749102510045 1.881251037120819 739
1749102586350 1.872255265712738 758
1749102927811 1.9549227356910706 760
1749103004972 1.8785935640335083 779
1749103081855 1.867894470691681 798
1749103425322 1.9220048189163208 800
1749103502694 1.878580927848816 819
1749103578781 1.861943542957306 838
1749103914478 1.975659191608429 840
1749103991794 1.8705504536628723 859
1749104068972 1.8591914772987366 878
1749104411239 2.028467297554016 880
1749104488680 1.8745160698890686 899
1749104566386 1.8597250580787659 918
1749104910233 2.0702874660491943 920
1749104987298 1.8729076385498047 939
1749105064602 1.8622854948043823 958
1749105406337 2.092527985572815 960
1749105483184 1.8686626553535461 979
1749105560447 1.8591524958610535 998
1749105903074 2.0771732330322266 1000
1749105979909 1.869656503200531 1019
1749106057061 1.8565884828567505 1038
1749106401121 2.066045641899109 1040
1749106478847 1.8639370799064636 1059
1749106556685 1.8502959609031677 1078
1749106902120 2.0311968326568604 1080
1749106980302 1.8594343066215515 1099
1749107057867 1.8456422686576843 1118
1749107395660 2.040107250213623 1120
1749107471811 1.8577539324760437 1139
1749107547430 1.8444713354110718 1158
1749107884744 2.032386302947998 1160
1749107960533 1.8547735214233398 1179
1749108036786 1.8419415354728699 1198
1749108379622 2.0022292137145996 1200
1749108456999 1.8477721810340881 1219
1749108535330 1.8374945521354675 1238
1749108878092 1.9966720938682556 1240
1749108955517 1.8570721745491028 1259
1749109033544 1.833083152770996 1278
1749109377688 2.0335358381271362 1280
1749109455254 1.8448297381401062 1299
1749109532727 1.834773302078247 1318
1749109877310 1.9948679208755493 1320
1749109954850 1.8471302390098572 1339
1749110032189 1.8201979398727417 1358
1749110371044 1.9709426164627075 1360
1749110448141 1.8340875506401062 1379
1749110523830 1.8222301602363586 1398
1749110862001 1.9803271293640137 1400
1749110939438 1.8436944484710693 1419
1749111015437 1.8167670369148254 1438
1749111356331 2.0597563982009888 1440
1749111432856 1.840860664844513 1459
1749111508927 1.824913203716278 1478
1749111854717 2.0572190284729004 1480
1749111933010 1.8318350911140442 1499
1749112010346 1.8165547847747803 1518
1749112352749 2.004713773727417 1520
1749112429659 1.8398363590240479 1539
1749112507109 1.8141157031059265 1558
1749112845322 2.1096675395965576 1560
1749112920947 1.835816740989685 1579
1749112996932 1.8189963698387146 1598
1749113333911 2.3001041412353516 1600
1749113409394 1.8359663486480713 1619
1749113485448 1.8294447660446167 1638
1749113824316 2.313604235649109 1640
1749113900034 1.8378818035125732 1659
1749113975954 1.8298985958099365 1678
1749114315168 2.3746649026870728 1680
1749114391492 1.8440560698509216 1699
1749114467011 1.8310271501541138 1718
1749114810342 2.6915831565856934 1720
1749114886622 1.872855544090271 1739
1749114963811 1.833604335784912 1758
1749115306909 2.671400785446167 1760
1749115384373 1.8731864094734192 1779
1749115461283 1.8312121033668518 1798
1749115803098 2.6935824155807495 1800
1749115880261 1.8776208758354187 1819
1749115956953 1.831203043460846 1838
1749116298046 2.7239882946014404 1840
1749116374650 1.8823099732398987 1859
1749116451520 1.8324977159500122 1878
1749116790766 2.2559155225753784 1880
1749116866380 1.8743407130241394 1899
1749116941585 1.8305100202560425 1918
1749117281148 2.5008424520492554 1920
1749117357509 1.8775790929794312 1939
1749117434428 1.838006615638733 1958
1749117775917 2.3636878728866577 1960
1749117852458 1.8794625401496887 1979
1749117929145 1.8356093168258667 1998
1749118269004 2.531647801399231 2000
1749118345353 1.876625895500183 2019
1749118421638 1.8297427296638489 2038
1749118762780 2.9352930784225464 2040
1749118838860 1.921429455280304 2059
1749118914550 1.8605588674545288 2078
1749119250481 2.368242383003235 2080
1749119327233 1.8873773217201233 2099
1749119403472 1.8510531187057495 2118
1749119739660 4.284451246261597 2120
1749119814796 1.9819027185440063 2139
1749119890192 1.910607397556305 2158
1749120226890 2.5189489126205444 2160
1749120302892 1.8558567762374878 2179
1749120379147 1.8125799298286438 2198
1749120719289 4.6017677783966064 2200
1749120795039 1.9851069450378418 2219
1749120871068 1.9228525757789612 2238
1749121211900 4.758173227310181 2240
1749121288177 1.99559086561203 2259
1749121364877 1.9186145067214966 2278
1749121704886 2.483769655227661 2280
1749121781174 1.8528653979301453 2299
1749121857505 1.8117594718933105 2318
1749122197065 3.077704906463623 2320
1749122273632 1.9373283386230469 2339
1749122350194 1.8698288202285767 2358
1749122691065 5.1791558265686035 2360
1749122767136 2.010011076927185 2379
1749122843065 1.9301528930664062 2398
1749123186382 2.3464561700820923 2400
1749123263487 1.8791942596435547 2419
1749123339474 1.8317275047302246 2438
1749123681078 2.211282968521118 2440
1749123757784 1.869996190071106 2459
1749123834961 1.8228992819786072 2478
1749124175715 5.31455397605896 2480
1749124251518 2.0128417015075684 2499
1749124327078 1.9249929785728455 2518
1749124668056 3.594225287437439 2520
1749124744574 1.9698160886764526 2539
1749124820026 1.8916205763816833 2558
1749125159709 2.4749914407730103 2560
1749125237085 1.8795812129974365 2579
1749125313309 1.8278788924217224 2598
1749125656084 4.898975133895874 2600
1749125733605 1.9839380979537964 2619
1749125811630 1.9011065363883972 2638
1749126155493 5.335109233856201 2640
1749126232775 1.9900618195533752 2659
1749126310547 1.9069031476974487 2678
1749126656634 2.685420870780945 2680
1749126734131 1.8540359735488892 2699
1749126811127 1.814532995223999 2718
1749127153170 4.012975692749023 2720
1749127230740 1.977748155593872 2739
1749127307666 1.9032989144325256 2758
1749127649382 5.983078718185425 2760
1749127726726 2.0013071298599243 2779
1749127803179 1.9140200018882751 2798
1749128147635 2.5687668323516846 2800
1749128224969 1.8735721707344055 2819
1749128302195 1.8311261534690857 2838
1749128643698 3.920090079307556 2840
1749128721446 1.9823752045631409 2859
1749128798577 1.905808687210083 2878
1749129142105 6.012351989746094 2880
1749129218577 1.9978893399238586 2899
1749129294639 1.9128029346466064 2918
1749129636302 2.64025342464447 2920
1749129713551 1.8684147596359253 2939
1749129791635 1.8283629417419434 2958
1749130135868 5.807379484176636 2960
1749130212194 1.9939868450164795 2979
1749130290040 1.9122247099876404 2998
1749130635441 5.063768148422241 3000
1749130712703 1.9924445152282715 3019
1749130790796 1.9222277998924255 3038
1749131136996 2.4430068731307983 3040
1749131214390 1.906032383441925 3059
1749131292316 1.8422340750694275 3078
1749131637069 5.435866117477417 3080
1749131715002 1.9999268651008606 3099
1749131791563 1.9303603768348694 3118
1749132132248 2.674625873565674 3120
1749132207849 1.9138756394386292 3139
1749132284249 1.818184733390808 3158
1749132624295 4.440361976623535 3160
1749132701655 2.0114036798477173 3179
1749132778166 1.9399256110191345 3198
1749133117764 6.067772388458252 3200
1749133192945 2.010803461074829 3219
1749133268750 1.9237613081932068 3238
1749133605999 5.213902711868286 3240
1749133681899 2.017105221748352 3259
1749133757274 1.9323940873146057 3278
1749134095516 8.751901626586914 3280
1749134170805 2.125972867012024 3299
1749134245887 2.020057201385498 3318
1749134587603 3.528368353843689 3320
1749134663685 1.9141037464141846 3339
1749134739150 1.8661618828773499 3358
1749135075640 5.009866714477539 3360
1749135150381 1.8493140935897827 3379
1749135226498 1.8036489486694336 3398
1749135563721 2.534632444381714 3400
1749135640102 1.8406269550323486 3419
1749135716121 1.7705968022346497 3438
1749136053793 3.1607062816619873 3440
1749136129615 1.8249061703681946 3459
1749136205796 1.7738655805587769 3478
1749136544061 3.0289946794509888 3480
1749136621398 1.802291452884674 3499
1749136698432 1.761582612991333 3518
1749137044529 2.4617172479629517 3520
1749137120814 1.826948344707489 3539
1749137197515 1.7518888711929321 3558
1749137538440 2.3109675645828247 3560
1749137614857 1.811069905757904 3579
1749137690931 1.7475336790084839 3598
1749138029110 1.8247855305671692 3600
1749138104831 1.7390658259391785 3619
1749138181067 1.7242157459259033 3638
1749138519084 1.8338967561721802 3640
1749138595467 1.7382732629776 3659
1749138671432 1.7208396792411804 3678
1749139012812 1.8308274149894714 3680
1749139090005 1.7367351055145264 3699
1749139167926 1.7171064019203186 3718
1749139509977 1.8029862642288208 3720
1749139587896 1.7347736954689026 3739
1749139663975 1.7149903178215027 3758
1749140006737 1.7793411016464233 3760
1749140083469 1.7214738726615906 3779
1749140161300 1.718827724456787 3798
1749140502172 1.7869778871536255 3800
1749140578504 1.728493094444275 3819
1749140654340 1.7246206402778625 3838
1749140997412 1.810652256011963 3840
1749141074073 1.723924458026886 3859
1749141150214 1.7138583660125732 3878
1749141493504 1.8282251358032227 3880
1749141570713 1.723866879940033 3899
1749141648231 1.7136645913124084 3918
1749141992120 1.8355889320373535 3920
1749142069593 1.7233478426933289 3939
1749142146561 1.71282958984375 3958
1749142489767 1.8284586071968079 3960
1749142566622 1.7234529852867126 3979
1749142643308 1.7119507789611816 3998
1749142980498 1.8051317930221558 4000
1749143056135 1.7255594730377197 4019
1749143131335 1.713495135307312 4038
1749143469437 1.785493552684784 4040
1749143544573 1.7238785028457642 4059
1749143620200 1.7137203216552734 4078
1749143954928 1.774921953678131 4080
1749144031841 1.7155095338821411 4099
1749144108667 1.7123834490776062 4118
1749144449635 1.774356186389923 4120
1749144526341 1.7152342200279236 4139
1749144602785 1.7117910385131836 4158
1749144942291 1.7807068228721619 4160
1749145018808 1.7188087105751038 4179
1749145095976 1.7101589441299438 4198
1749145439012 1.8163062930107117 4200
1749145516250 1.7252177000045776 4219
1749145593001 1.71150141954422 4238
1749145934131 1.8593616485595703 4240
1749146010466 1.72749263048172 4259
1749146086283 1.7089632153511047 4278
1749146425770 1.8851177096366882 4280
1749146501430 1.7246506810188293 4299
1749146576678 1.7083107829093933 4318
1749146912826 1.8898102641105652 4320
1749146988016 1.7222416996955872 4339
1749147063684 1.7073500156402588 4358
1749147400424 1.8675970435142517 4360
1749147475788 1.7182557582855225 4379
1749147551538 1.7078078389167786 4398
1749147891481 1.8254133462905884 4400
1749147967929 1.727710247039795 4419
1749148043788 1.7101128101348877 4438
1749148383633 1.7987992763519287 4440
1749148459438 1.711915671825409 4459
1749148580492 1.7082446217536926 4478
1749149073023 1.7960074543952942 4480
1749149182106 1.710641324520111 4499
1749149293284 1.709004521369934 4518
1749149781107 1.8060932755470276 4520
1749149891147 1.7117944955825806 4539
1749150001267 1.704288125038147 4558
1749150490321 1.8362212777137756 4560
1749150599551 1.721378207206726 4579
1749150710699 1.7149826884269714 4598
1749151204550 1.8800252676010132 4600
1749151315355 1.7195141315460205 4619
1749151427400 1.7105650305747986 4638
1749151921742 1.9072821140289307 4640
1749152032253 1.7209925055503845 4659
1749152142262 1.7072925567626953 4678
1749152634508 1.9049230813980103 4680
1749152744936 1.7196195721626282 4699
1749152854647 1.7079162001609802 4718
1749153288234 1.8906301856040955 4720
1749153384387 1.7201783061027527 4739
1749153479893 1.7109249234199524 4758
1749153900173 1.867944598197937 4760
1749153994070 1.722794234752655 4779
1749154088350 1.714466631412506 4798
1749154508541 1.8608065843582153 4800
1749154602386 1.720923125743866 4819
1749154696820 1.7142215371131897 4838
1749155114957 1.8834101557731628 4840
1749155209497 1.7222434282302856 4859
1749155303111 1.7138718366622925 4878
1749155721244 1.9183242321014404 4880
1749155815116 1.7157822251319885 4899
1749155909007 1.7089238166809082 4918
1749156326961 1.9378679394721985 4920
1749156420972 1.7164924144744873 4939
1749156514668 1.7061073780059814 4958
1749156932920 1.9458451867103577 4960
1749157026568 1.7164456844329834 4979
1749157121646 1.7055991888046265 4998
1749157540874 1.9337944984436035 5000
1749157634745 1.7143775820732117 5019
1749157728607 1.706334412097931 5038
1749158147652 1.9048835635185242 5040
1749158241555 1.7156222462654114 5059
1749158335145 1.7111493349075317 5078
1749158752402 1.8921741843223572 5080
1749158846061 1.7204281687736511 5099
1749158939722 1.7124801874160767 5118
1749159358375 1.8947249054908752 5120
1749159452096 1.7189908623695374 5139
1749159546397 1.712062954902649 5158
1749159965641 1.9114384651184082 5160
1749160060065 1.7134330868721008 5179
1749160154405 1.7105011940002441 5198
1749160575161 1.9391590356826782 5200
1749160669063 1.7108567357063293 5219
1749160762557 1.7057833671569824 5238
1749161180350 1.9387580156326294 5240
1749161274425 1.7117988467216492 5259
1749161367425 1.7062832713127136 5278
1749161794590 1.9213625192642212 5280
1749161892284 1.7150437235832214 5299
1749161990129 1.709734320640564 5318
1749162426063 1.8973287343978882 5320
1749162523799 1.7208982110023499 5339
1749162621761 1.7106871604919434 5358
1749163058015 1.8870879411697388 5360
1749163155689 1.7179521322250366 5379
1749163253287 1.71097332239151 5398
1749163688251 1.9021928310394287 5400
1749163785565 1.719135582447052 5419
1749163883418 1.7104128003120422 5438
1749164317515 1.92580646276474 5440
1749164415104 1.7152300477027893 5459
1749164513212 1.7090316414833069 5478
1749164947744 1.9461559057235718 5480
1749165045861 1.71040940284729 5499
1749165143176 1.7058926224708557 5518
1749165577668 1.9405438899993896 5520
1749165674994 1.7112338542938232 5539
1749165772069 1.7063735723495483 5558
1749166206650 1.9056094884872437 5560
1749166303774 1.7187911868095398 5579
1749166401361 1.709395706653595 5598
1749166834087 1.8887525796890259 5600
1749166931616 1.71383935213089 5619
1749167028623 1.7080617547035217 5638
1749167461041 1.9018430709838867 5640
1749167558385 1.7157368659973145 5659
1749167656159 1.7084051966667175 5678
1749168088155 1.9166962504386902 5680
1749168184905 1.7158105969429016 5699
1749168282697 1.7075468301773071 5718
1749168715451 1.9405999779701233 5720
1749168812476 1.7137650847434998 5739
1749168910269 1.7065242528915405 5758
1749169343797 1.9342718720436096 5760
1749169441529 1.7157521843910217 5779
1749169538184 1.7066954374313354 5798
1749169971834 1.9124214053153992 5800
1749170068648 1.7142530679702759 5819
1749170165783 1.7067534923553467 5838
1749170599687 1.894036889076233 5840
1749170696826 1.716063916683197 5859
1749170794727 1.7046149373054504 5878
1749171226882 1.8992761969566345 5880
1749171324336 1.7132282257080078 5899
1749171421691 1.7041707634925842 5918
1749171854695 1.9043912887573242 5920
1749171951803 1.712890863418579 5939
1749172048914 1.7041029930114746 5958
1749172483027 1.9256746768951416 5960
1749172580118 1.7132986187934875 5979
1749172677115 1.7043855786323547 5998
1749173112276 1.915101706981659 6000
1749173209613 1.7157344818115234 6019
1749173306743 1.7029339671134949 6038
1749173740511 1.9055724740028381 6040
1749173837923 1.714050829410553 6059
1749173935309 1.701236367225647 6078
1749174370023 1.8977322578430176 6080
1749174467555 1.6979277729988098 6099
1749174564549 1.6995750069618225 6118
1749174997522 1.890928566455841 6120
1749175094797 1.6967363357543945 6139
1749175191878 1.6914291381835938 6158
1749175626036 1.9035441279411316 6160
1749175723122 1.6994394063949585 6179
1749175820223 1.699984073638916 6198
1749176253562 1.915166974067688 6200
1749176351205 1.7161189317703247 6219
1749176448371 1.7006052732467651 6238
1749176880541 1.9224942922592163 6240
1749176977156 1.7185285091400146 6259
1749177074767 1.7009942531585693 6278
1749177509101 1.91066312789917 6280
1749177606247 1.7026601433753967 6299
1749177703423 1.6995837688446045 6318
1749178138149 1.9063990712165833 6320
1749178235515 1.6957088112831116 6339
1749178332446 1.6973356008529663 6358
1749178766701 1.9149848818778992 6360
1749178863875 1.699690818786621 6379
1749178961050 1.6988677978515625 6398
1749179393644 1.9210767149925232 6400
1749179490976 1.712082326412201 6419
1749179588084 1.6991719603538513 6438
