1747297813132 2.3079525232315063 0
1747297863573 2.307952404022217 19
1747297914364 2.307952404022217 38
1747298037735 2.3012419939041138 40
1747298088178 2.301241874694824 59
1747298138991 2.3012421131134033 78
1747298260880 2.2925453186035156 80
1747298312232 2.292545437812805 99
1747298363482 2.2925455570220947 118
1747298485281 2.281450867652893 120
1747298536543 2.281450629234314 139
1747298589558 2.2814507484436035 158
1747298714664 2.2670663595199585 160
1747298767413 2.2670665979385376 179
1747298820514 2.267066717147827 198
1747298945969 2.2493228912353516 200
1747298998949 2.249323010444641 219
1747299051950 2.2493231296539307 238
1747299178566 2.228370428085327 240
1747299232084 2.2283709049224854 259
1747299285398 2.228370428085327 278
1747299412291 2.205629587173462 280
1747299465777 2.205629348754883 299
1747299518795 2.205628991127014 318
1747299645169 2.181672215461731 320
1747299698635 2.1816723346710205 339
1747299751713 2.1816723346710205 358
1747299878111 2.1579943895339966 360
1747299931600 2.1579936742782593 379
1747299984476 2.1579943895339966 398
1747300109930 2.1363282203674316 400
1747300162847 2.1363282203674316 419
1747300215231 2.1363285779953003 438
1747300339846 2.118476629257202 440
1747300392823 2.118475914001465 459
1747300445420 2.1184765100479126 478
1747300570017 2.104859948158264 480
1747300623247 2.1048604249954224 499
1747300676267 2.104859471321106 518
1747300801859 2.0972352027893066 520
1747300854937 2.0972352027893066 539
1747300907846 2.0972354412078857 558
1747301033140 2.0936925411224365 560
1747301086345 2.0936942100524902 579
1747301139336 2.0936933755874634 598
1747301264645 2.091033458709717 600
1747301317500 2.0910340547561646 619
1747301370740 2.0910346508026123 638
1747301496661 2.0884714126586914 640
1747301549575 2.0884705781936646 659
1747301602762 2.0884710550308228 678
1747301728401 2.0859622955322266 680
1747301781355 2.085963010787964 699
1747301834740 2.0859639644622803 718
1747301959854 2.083070158958435 720
1747302012854 2.0830713510513306 739
1747302065848 2.083070993423462 758
1747302191422 2.080304265022278 760
1747302244417 2.0803035497665405 779
1747302297056 2.0803037881851196 798
1747302422067 2.077376365661621 800
1747302474712 2.0773775577545166 819
1747302527766 2.077376365661621 838
1747302652907 2.0742322206497192 840
1747302705794 2.0742331743240356 859
1747302758899 2.0742326974868774 878
1747302883701 2.0711822509765625 880
1747302937050 2.0711827278137207 899
1747302990050 2.071182608604431 918
1747303115844 2.0681365728378296 920
1747303168567 2.0681374073028564 939
1747303221937 2.068138003349304 958
1747303347912 2.0650335550308228 960
1747303400930 2.0650323629379272 979
1747303454371 2.0650317668914795 998
1747303579999 2.061467409133911 1000
1747303633483 2.0614676475524902 1019
1747303686582 2.0614676475524902 1038
1747303812617 2.058270573616028 1040
1747303865627 2.0582700967788696 1059
1747303918626 2.0582700967788696 1078
1747304040783 2.054896593093872 1080
1747304092687 2.054896116256714 1099
1747304144400 2.054897904396057 1118
1747304267169 2.0515732765197754 1120
