1749729915716 0.001 0
1749731182618 0.001 1
1749732451103 0.001 2
1749733720031 0.001 3
1749734988981 0.001 4
1749736259985 0.001 5
1749737530635 0.001 6
1749738801473 0.001 7
1749740069815 0.001 8
1749741338671 0.001 9
1749742608340 0.001 10
1749743878990 0.001 11
1749745153544 0.001 12
1749746427732 0.001 13
1749747706066 0.001 14
1749748984162 0.001 15
1749750259047 0.001 16
1749751535104 0.001 17
1749752809939 0.001 18
1749754085965 0.001 19
1749755364530 0.0005 20
1749756645062 0.0005 21
1749757926284 0.0005 22
1749759207703 0.0005 23
1749760490404 0.0005 24
1749761772962 0.0005 25
1749763054279 0.0005 26
1749764336243 0.0005 27
1749765618790 0.0005 28
1749766902600 0.00025 29
1749768191479 0.00025 30
1749769478497 0.00025 31
1749770767426 0.00025 32
1749772058782 0.00025 33
1749773346846 0.00025 34
1749774637741 0.00025 35
1749775926691 0.00025 36
1749777219660 0.00025 37
1749778510194 0.000125 38
1749779802870 0.000125 39
1749781096462 0.000125 40
1749782389777 0.000125 41
1749783683798 0.000125 42
1749784979524 0.000125 43
1749786270301 6.25e-05 44
1749787564394 6.25e-05 45
1749788857446 6.25e-05 46
1749790150832 6.25e-05 47
1749791446107 6.25e-05 48
1749792739410 6.25e-05 49
1749794034595 3.125e-05 50
1749795331604 3.125e-05 51
1749796626823 3.125e-05 52
1749797924230 3.125e-05 53
1749799219886 3.125e-05 54
1749800514206 3.125e-05 55
1749801809946 1.5625e-05 56
1749803106962 1.5625e-05 57
1749804401936 1.5625e-05 58
1749805716555 1.5625e-05 59
1749807008275 1.5625e-05 60
1749808298757 1.5625e-05 61
1749809588843 7.8125e-06 62
1749810882552 7.8125e-06 63
1749812178966 7.8125e-06 64
1749813473908 7.8125e-06 65
1749814769658 7.8125e-06 66
1749816062412 7.8125e-06 67
1749817354827 3.90625e-06 68
1749818650913 3.90625e-06 69
1749819946268 3.90625e-06 70
1749821248723 3.90625e-06 71
1749822543692 3.90625e-06 72
1749823840864 3.90625e-06 73
1749825133782 3.90625e-06 74
1749826432326 3.90625e-06 75
1749827728552 1.953125e-06 76
1749829026962 1.953125e-06 77
1749830324776 1.953125e-06 78
1749831621670 1.953125e-06 79
1749832928986 1.953125e-06 80
1749834228035 1.953125e-06 81
1749835530545 9.765625e-07 82
1749836833698 9.765625e-07 83
1749838132892 9.765625e-07 84
1749839435242 9.765625e-07 85
1749840737863 9.765625e-07 86
1749842043986 9.765625e-07 87
1749843347419 4.8828125e-07 88
1749844649487 4.8828125e-07 89
1749845956227 4.8828125e-07 90
1749847264983 4.8828125e-07 91
1749848568245 4.8828125e-07 92
1749849877304 4.8828125e-07 93
1749851183786 2.44140625e-07 94
1749852493581 2.44140625e-07 95
1749853797005 2.44140625e-07 96
1749855108609 2.44140625e-07 97
1749856413769 2.44140625e-07 98
1749857722575 2.44140625e-07 99
1749859032023 1.220703125e-07 100
1749860338739 1.220703125e-07 101
1749861647120 1.220703125e-07 102
1749862957772 1.220703125e-07 103
1749864260028 1.220703125e-07 104
1749865573297 1.220703125e-07 105
1749866879698 6.103515625e-08 106
1749868185087 6.103515625e-08 107
1749869491366 6.103515625e-08 108
1749870798945 6.103515625e-08 109
1749872106621 6.103515625e-08 110
1749873412544 6.103515625e-08 111
1749874721230 3.0517578125e-08 112
1749876027770 3.0517578125e-08 113
1749877333021 3.0517578125e-08 114
1749878633563 3.0517578125e-08 115
1749879932323 3.0517578125e-08 116
1749881234897 3.0517578125e-08 117
1749882539224 1.52587890625e-08 118
1749883847297 1.52587890625e-08 119
1749885155480 1.52587890625e-08 120
1749886462227 1.52587890625e-08 121
1749887763354 1.52587890625e-08 122
1749889064594 1.52587890625e-08 123
1749890370517 1.52587890625e-08 124
1749891673169 1.52587890625e-08 125
1749892979603 1.52587890625e-08 126
1749894278251 1.52587890625e-08 127
1749895584512 1.52587890625e-08 128
1749896889586 1.52587890625e-08 129
1749898191872 1.52587890625e-08 130
1749899499012 1.52587890625e-08 131
