1746679793718 2.3110415041446686 0
1746679797944 2.306091457605362 1
1746679802114 2.2964380383491516 2
1746679806577 2.287160634994507 3
1746679810753 2.27413909137249 4
1746679814960 2.2846235781908035 5
1746679819439 2.307684764266014 6
1746679823657 2.253354549407959 7
1746679827841 2.2668595761060715 8
1746679832006 2.268193855881691 9
1746679836463 2.2511436343193054 10
1746679840632 2.2390674501657486 11
1746679844800 2.237811490893364 12
1746679849231 2.229535549879074 13
1746679853409 2.2164231091737747 14
1746679857612 2.2150444984436035 15
1746679861780 2.1936864405870438 16
1746679866280 2.1887257248163223 17
1746679870454 2.173120930790901 18
1746679874849 2.1668249666690826 19
1746679879356 2.1679103523492813 20
1746679883548 2.1522048115730286 21
1746679887776 2.1446949541568756 22
1746679892248 2.1576310098171234 23
1746679896503 2.202344983816147 24
1746679900757 2.1648067086935043 25
1746679904975 2.1472546607255936 26
1746679909449 2.1563365012407303 27
1746679913630 2.1442670673131943 28
1746679917871 2.14165897667408 29
1746679922388 2.146635591983795 30
1746679926656 2.1351444125175476 31
1746679930903 2.145836219191551 32
1746679935136 2.134658768773079 33
1746679939620 2.1369241923093796 34
1746679943816 2.1355727910995483 35
1746679948015 2.1288100630044937 36
1746679952474 2.1325739324092865 37
1746679956854 2.122658282518387 38
1746679961001 2.126798614859581 39
