1746680137843 2.1520093828439713 0
1746680142033 2.246256098151207 1
1746680146533 2.3918679505586624 2
1746680150742 2.1673121005296707 3
1746680154958 2.207012563943863 4
1746680159465 2.23798768222332 5
1746680163639 2.240806818008423 6
1746680167877 2.2292665392160416 7
1746680172069 2.2214318066835403 8
1746680176560 2.2127714306116104 9
1746680180756 2.2039158195257187 10
1746680184974 2.1945082545280457 11
1746680189464 2.1845017820596695 12
1746680193667 2.174573764204979 13
1746680197916 2.1695975959300995 14
1746680202134 2.1644295752048492 15
1746680206667 2.159293979406357 16
