1746679793718 0.005 0
1746679797944 0.005 1
1746679802114 0.005 2
1746679806577 0.005 3
1746679810753 0.005 4
1746679814960 0.005 5
1746679819439 0.005 6
1746679823657 0.005 7
1746679827841 0.005 8
1746679832006 0.005 9
1746679836463 0.005 10
1746679840632 0.005 11
1746679844800 0.005 12
1746679849231 0.005 13
1746679853409 0.005 14
1746679857612 0.005 15
1746679861780 0.005 16
1746679866280 0.005 17
1746679870454 0.005 18
1746679874849 0.005 19
1746679879356 0.005 20
1746679883548 0.005 21
1746679887776 0.005 22
1746679892248 0.005 23
1746679896503 0.005 24
1746679900757 0.005 25
1746679904975 0.005 26
1746679909449 0.005 27
1746679913630 0.005 28
1746679917871 0.005 29
1746679922388 0.005 30
1746679926656 0.005 31
1746679930903 0.005 32
1746679935136 0.005 33
1746679939620 0.005 34
1746679943816 0.005 35
1746679948015 0.005 36
1746679952474 0.005 37
1746679956854 0.005 38
1746679961001 0.005 39
