1746679965730 0.005 0
1746679969904 0.005 1
1746679974099 0.005 2
1746679978292 0.005 3
1746679982730 0.005 4
1746679986933 0.005 5
1746679991123 0.0025 6
1746679995666 0.0025 7
1746679999907 0.0025 8
1746680004098 0.0025 9
1746680008277 0.0025 10
1746680012718 0.0025 11
1746680016965 0.00125 12
1746680021217 0.00125 13
1746680025758 0.00125 14
1746680029924 0.00125 15
1746680034171 0.00125 16
1746680038425 0.00125 17
1746680042933 0.000625 18
1746680047391 0.000625 19
1746680051565 0.000625 20
1746680056067 0.000625 21
1746680060217 0.000625 22
1746680064396 0.000625 23
1746680068603 0.0003125 24
1746680073090 0.0003125 25
1746680077295 0.0003125 26
1746680081520 0.0003125 27
1746680085717 0.0003125 28
1746680090200 0.0003125 29
1746680094419 0.00015625 30
1746680098635 0.00015625 31
1746680103140 0.00015625 32
1746680107362 0.00015625 33
1746680111572 0.00015625 34
1746680116087 0.00015625 35
1746680120267 7.8125e-05 36
1746680124489 7.8125e-05 37
1746680128906 7.8125e-05 38
1746680133394 7.8125e-05 39
