1747887662095 1.0 0
1747888074324 1.0 1
1747888498923 1.0 2
1747888925676 1.0 3
1747889355475 1.0 4
1747889783119 1.0 5
1747890206641 1.0 6
1747890635746 1.0 7
1747891064735 1.0 8
1747891497059 1.0 9
1747891932102 1.0 10
1747892366190 1.0 11
1747892803212 1.0 12
1747893242266 1.0 13
1747893678589 1.0 14
1747894126317 1.0 15
1747894567613 1.0 16
1747895005566 1.0 17
1747895442786 1.0 18
1747895880012 1.0 19
1747896316522 1.0 20
1747896752616 1.0 21
1747897189662 1.0 22
1747897627032 1.0 23
1747898064655 1.0 24
1747898502480 1.0 25
1747898940423 1.0 26
1747899379677 1.0 27
1747899817281 1.0 28
1747900254606 1.0 29
1747900691163 1.0 30
1747901127409 1.0 31
1747901565793 1.0 32
1747902003011 1.0 33
1747902441847 1.0 34
1747902878191 1.0 35
1747903313020 1.0 36
1747903750159 1.0 37
1747904186521 1.0 38
1747904646462 1.0 39
1747905084084 1.0 40
1747905521278 1.0 41
1747905958600 1.0 42
1747906395182 1.0 43
1747906832506 1.0 44
1747907270333 1.0 45
1747907707484 1.0 46
1747908143420 1.0 47
1747908579770 1.0 48
1747909016865 1.0 49
1747909454147 1.0 50
1747909889623 1.0 51
1747910326708 1.0 52
1747910763801 1.0 53
1747911202436 1.0 54
1747911639478 1.0 55
1747912077496 1.0 56
1747912515075 1.0 57
1747912953239 1.0 58
1747913393635 1.0 59
1747913833385 1.0 60
1747914273472 0.5 61
1747914712908 1.0 62
1747915153206 0.5 63
1747915595639 0.5 64
1747916051326 0.5 65
1747916507956 0.5 66
1747916951533 0.5 67
1747917394668 0.5 68
1747917837956 0.25 69
1747918277767 0.25 70
1747918717800 0.25 71
1747919157367 0.25 72
1747919596001 0.125 73
1747920033879 0.0625 74
1747920472035 0.0625 75
1747920926807 0.03125 76
1747921365624 0.0078125 77
1747921804069 0.00390625 78
1747922241011 0.0009765625 79
1747922700890 0.0009765625 80
1747923137752 0.0009765625 81
1747923573306 0.001953125 82
1747924008726 0.0009765625 83
1747924445934 0.0009765625 84
1747924885398 0.0009765625 85
1747925325078 0.0009765625 86
1747925785584 0.0009765625 87
1747926249957 0.0009765625 88
1747926708429 0.0009765625 89
1747927148018 0.0009765625 90
1747927587571 0.0009765625 91
1747928029270 0.00390625 92
1747928467915 0.0009765625 93
1747928907103 0.001953125 94
1747929342783 0.0009765625 95
1747929779965 0.001953125 96
1747930216644 0.0009765625 97
1747930654302 0.0009765625 98
1747931092833 0.0009765625 99
1747931537590 0.0009765625 100
1747931984121 0.0009765625 101
1747932430275 0.0009765625 102
1747932877123 0.0009765625 103
1747933322903 0.001953125 104
1747933762383 0.0009765625 105
1747934195995 0.0009765625 106
1747934628887 0.0009765625 107
1747935063367 0.0009765625 108
1747935498243 0.0009765625 109
1747935932041 0.00390625 110
1747936367834 0.0009765625 111
1747936802649 0.0009765625 112
1747937236445 0.0009765625 113
1747937670128 0.0009765625 114
1747938126391 0.001953125 115
1747938566899 0.0009765625 116
1747939000725 0.0009765625 117
1747939433919 0.0009765625 118
1747939867346 0.0009765625 119
1747940302037 0.0009765625 120
1747940736326 0.0009765625 121
1747941168640 0.0009765625 122
1747941601799 0.0009765625 123
1747942040925 0.0009765625 124
1747942479220 0.0009765625 125
1747942920015 0.0009765625 126
1747943356195 0.0009765625 127
1747943791721 0.0009765625 128
1747944227101 0.0009765625 129
1747944662871 0.0009765625 130
1747945096210 0.0009765625 131
1747945556985 0.001953125 132
1747946002888 0.0009765625 133
1747946446122 0.0009765625 134
1747946889921 0.001953125 135
1747947335144 0.0009765625 136
1747947779731 0.0009765625 137
1747948226505 0.0009765625 138
1747948672347 0.001953125 139
1747949115865 0.0009765625 140
1747949562407 0.0009765625 141
1747950007595 0.0009765625 142
1747950451865 0.0009765625 143
1747950891227 0.0009765625 144
1747951334276 0.0009765625 145
1747951779852 0.001953125 146
1747952226953 0.0009765625 147
1747952673940 0.0009765625 148
1747953118344 0.0009765625 149
1747953567549 0.0009765625 150
1747954012520 0.0009765625 151
1747954457163 0.0009765625 152
1747954903269 0.0009765625 153
1747955349088 0.0009765625 154
1747955796410 0.0009765625 155
1747956244586 0.001953125 156
1747956689746 0.001953125 157
1747957128029 0.0009765625 158
1747957572844 0.0009765625 159
1747958016545 0.001953125 160
1747958462015 0.0009765625 161
1747958908792 0.0009765625 162
1747959358922 0.0009765625 163
1747959810874 0.0009765625 164
1747960252108 0.001953125 165
1747960693064 0.001953125 166
1747961129308 0.0009765625 167
1747961573025 0.0009765625 168
1747962017937 0.0009765625 169
1747962458381 0.0009765625 170
1747962899286 0.0009765625 171
1747963340389 0.0009765625 172
1747963780027 0.0009765625 173
1747964219166 0.0009765625 174
1747964661822 0.0009765625 175
1747965104988 0.0009765625 176
1747965549343 0.0009765625 177
1747965992733 0.001953125 178
1747966431108 0.0009765625 179
1747966871407 0.0009765625 180
1747967309041 0.0009765625 181
1747967747490 0.0009765625 182
1747968189483 0.0009765625 183
1747968630191 0.001953125 184
1747969067809 0.00390625 185
1747969505116 0.0009765625 186
1747969941880 0.001953125 187
1747970376894 0.0009765625 188
1747970817534 0.0009765625 189
1747971253538 0.0009765625 190
1747971694231 0.0009765625 191
1747972135047 0.0009765625 192
1747972578154 0.0009765625 193
1747973012877 0.0009765625 194
1747973451768 0.00390625 195
