1747887663257 0.0625 0
1747888076723 0.0009765625 1
1747888500403 0.0625 2
1747888926667 0.125 3
1747889357958 0.0009765625 4
1747889784790 0.03125 5
1747890209109 0.0009765625 6
1747890638217 0.0009765625 7
1747891067214 0.0009765625 8
1747891499551 0.0009765625 9
1747891934602 0.0009765625 10
1747892368672 0.0009765625 11
1747892805698 0.0009765625 12
1747893244762 0.0009765625 13
1747893681064 0.0009765625 14
1747894128801 0.0009765625 15
1747894570109 0.0009765625 16
1747895008067 0.0009765625 17
1747895445278 0.0009765625 18
1747895882526 0.0009765625 19
1747896319022 0.0009765625 20
1747896755084 0.0009765625 21
1747897192177 0.0009765625 22
1747897629521 0.0009765625 23
1747898067139 0.0009765625 24
1747898504982 0.0009765625 25
1747898942903 0.0009765625 26
1747899381865 0.0009765625 27
1747899819770 0.0009765625 28
1747900257100 0.0009765625 29
1747900693343 0.0009765625 30
1747901129910 0.0009765625 31
1747901568266 0.0009765625 32
1747902005230 0.0009765625 33
1747902444350 0.0009765625 34
1747902880697 0.0009765625 35
1747903315206 0.0009765625 36
1747903752650 0.0009765625 37
1747904189031 0.0009765625 38
1747904648968 0.0009765625 39
1747905086558 0.0009765625 40
1747905523806 0.0009765625 41
1747905961227 0.0009765625 42
1747906397684 0.0009765625 43
1747906835019 0.0009765625 44
1747907272849 0.0009765625 45
1747907709990 0.0009765625 46
1747908145930 0.0009765625 47
1747908582288 0.0009765625 48
1747909019369 0.0009765625 49
1747909456659 0.0009765625 50
1747909892118 0.0009765625 51
1747910329217 0.0009765625 52
1747910766297 0.0009765625 53
1747911204947 0.0009765625 54
1747911641984 0.0009765625 55
1747912079999 0.0009765625 56
1747912517290 0.0009765625 57
1747912955743 0.0009765625 58
1747913395861 0.0009765625 59
1747913835908 0.0009765625 60
1747914274988 0.0625 61
1747914715421 0.0009765625 62
1747915155714 0.001953125 63
1747915598155 0.0009765625 64
1747916055027 0.0009765625 65
1747916510483 0.0009765625 66
1747916954055 0.0009765625 67
1747917397191 0.0009765625 68
1747917840490 0.001953125 69
1747918280276 0.0009765625 70
1747918720006 0.0009765625 71
1747919159887 0.0009765625 72
1747919598220 0.0009765625 73
1747920035496 0.015625 74
1747920474546 0.0009765625 75
1747920928731 0.015625 76
1747921367923 0.00390625 77
1747921806565 0.0009765625 78
1747922243122 0.0078125 79
1747922703377 0.0009765625 80
1747923140048 0.00390625 81
1747923575514 0.0009765625 82
1747924010923 0.0009765625 83
1747924448138 0.0009765625 84
1747924887911 0.0009765625 85
1747925327289 0.0009765625 86
1747925788086 0.0009765625 87
1747926252464 0.0009765625 88
1747926710945 0.0009765625 89
1747927150538 0.0009765625 90
1747927589790 0.0009765625 91
1747928031792 0.0009765625 92
1747928470418 0.0009765625 93
1747928909302 0.0009765625 94
1747929345292 0.0009765625 95
1747929782456 0.0009765625 96
1747930219154 0.001953125 97
1747930656804 0.0009765625 98
1747931095042 0.0009765625 99
1747931539828 0.0009765625 100
1747931986647 0.0009765625 101
1747932432814 0.0009765625 102
1747932879650 0.0009765625 103
1747933325430 0.0009765625 104
1747933764859 0.0009765625 105
1747934198490 0.0009765625 106
1747934631383 0.0009765625 107
1747935065865 0.0009765625 108
1747935500541 0.00390625 109
1747935934551 0.0009765625 110
1747936370340 0.0009765625 111
1747936805130 0.0009765625 112
1747937238941 0.0009765625 113
1747937672614 0.0009765625 114
1747938129115 0.0009765625 115
1747938569395 0.0009765625 116
1747939003208 0.0009765625 117
1747939436117 0.001953125 118
1747939869832 0.0009765625 119
1747940304538 0.0009765625 120
1747940738830 0.0009765625 121
1747941171124 0.0009765625 122
1747941604015 0.0009765625 123
1747942043428 0.0009765625 124
1747942481724 0.0009765625 125
1747942922517 0.0009765625 126
1747943358699 0.0009765625 127
1747943793924 0.0009765625 128
1747944229609 0.001953125 129
1747944665359 0.0009765625 130
1747945098703 0.0009765625 131
1747945559524 0.0009765625 132
1747946005406 0.0009765625 133
1747946448647 0.0009765625 134
1747946892431 0.0009765625 135
1747947337677 0.0009765625 136
1747947782268 0.001953125 137
1747948228733 0.0009765625 138
1747948674554 0.0009765625 139
1747949118395 0.0009765625 140
1747949564935 0.0009765625 141
1747950010131 0.001953125 142
1747950454400 0.0009765625 143
1747950893744 0.0009765625 144
1747951336796 0.0009765625 145
1747951782373 0.0009765625 146
1747952229181 0.0009765625 147
1747952676474 0.0009765625 148
1747953120875 0.0009765625 149
1747953570085 0.0009765625 150
1747954014758 0.0009765625 151
1747954459701 0.001953125 152
1747954905803 0.0009765625 153
1747955351630 0.0009765625 154
1747955798945 0.001953125 155
1747956247105 0.0009765625 156
1747956691944 0.0009765625 157
1747957130519 0.0009765625 158
1747957575380 0.0009765625 159
1747958019069 0.0009765625 160
1747958464532 0.0009765625 161
1747958910995 0.0009765625 162
1747959361260 0.00390625 163
1747959813404 0.0009765625 164
1747960254627 0.0009765625 165
1747960695258 0.0009765625 166
1747961131798 0.0009765625 167
1747961575552 0.0009765625 168
1747962020138 0.0009765625 169
1747962460581 0.0009765625 170
1747962901490 0.0009765625 171
1747963342913 0.0009765625 172
1747963782212 0.0009765625 173
1747964221670 0.001953125 174
1747964663814 0.00390625 175
1747965107497 0.001953125 176
1747965551844 0.0009765625 177
1747965995240 0.0009765625 178
1747966433289 0.0009765625 179
1747966873923 0.0009765625 180
1747967311554 0.0009765625 181
1747967749690 0.0009765625 182
1747968191784 0.00390625 183
1747968632708 0.0009765625 184
1747969070433 0.0009765625 185
1747969507612 0.0009765625 186
1747969944059 0.0009765625 187
1747970379382 0.0009765625 188
1747970820045 0.001953125 189
1747971256050 0.001953125 190
1747971696744 0.0009765625 191
1747972137545 0.0009765625 192
1747972580353 0.0009765625 193
1747973015369 0.0009765625 194
1747973454260 0.0009765625 195
