1751838652996 0.18233333333333332 0
1751838671466 0.19177777777777777 1
1751838690000 0.20082222222222224 2
1751838708463 0.2084 3
1751838726947 0.21486666666666668 4
1751838745486 0.22273333333333334 5
1751838763957 0.23 6
1751838782596 0.23653333333333335 7
1751838801148 0.2408 8
1751838819637 0.24473333333333333 9
1751841052867 0.2000888888888889 10
1751841071775 0.20886666666666667 11
1751841090544 0.21897777777777777 12
1751841109526 0.23595555555555556 13
1751841128439 0.26468888888888886 14
1751841147373 0.2914888888888889 15
1751841166325 0.3128 16
1751841185175 0.3257777777777778 17
1751841204101 0.3343777777777778 18
1751841222917 0.3389333333333333 19
1751843524338 0.2806222222222222 20
1751843543207 0.3085555555555556 21
1751843562130 0.3320666666666667 22
1751843580991 0.3510666666666667 23
1751843599787 0.3636 24
1751843618610 0.37191111111111114 25
1751843637431 0.3768222222222222 26
1751843656253 0.37933333333333336 27
1751843675139 0.38104444444444446 28
1751843694033 0.3821777777777778 29
1751845996766 0.33775555555555553 30
1751846016626 0.35186666666666666 31
1751846036412 0.3661111111111111 32
1751846056179 0.37755555555555553 33
1751846076025 0.3858666666666667 34
1751846095958 0.3908 35
1751846115692 0.3952 36
1751846135479 0.3980222222222222 37
1751846155249 0.39913333333333334 38
1751846175021 0.3994888888888889 39
1751848447306 0.3504888888888889 40
1751848465834 0.3659777777777778 41
1751848484340 0.38175555555555557 42
1751848502925 0.39168888888888886 43
1751848521670 0.39973333333333333 44
1751848540343 0.4051777777777778 45
1751848558902 0.4084 46
1751848577412 0.41115555555555555 47
1751848596119 0.41255555555555556 48
1751848614822 0.41284444444444446 49
1751850824886 0.24317777777777777 50
1751850843442 0.26842222222222223 51
1751850861996 0.2968222222222222 52
1751850880593 0.3260888888888889 53
1751850899218 0.3530888888888889 54
1751850917801 0.37475555555555556 55
1751850936421 0.39095555555555556 56
1751850954936 0.40171111111111113 57
1751850973451 0.40786666666666666 58
1751850991968 0.4138 59
1751853222564 0.3569555555555556 60
1751853241482 0.3766 61
1751853260394 0.39024444444444445 62
1751853279302 0.40324444444444446 63
1751853298222 0.4128888888888889 64
1751853317100 0.42031111111111114 65
1751853335928 0.4243111111111111 66
1751853354868 0.4272 67
1751853373716 0.429 68
1751853392752 0.43044444444444446 69
1751855695570 0.35757777777777777 70
1751855714452 0.3758 71
1751855733270 0.39024444444444445 72
1751855752111 0.40273333333333333 73
1751855770893 0.41313333333333335 74
1751855789745 0.4209111111111111 75
1751855808717 0.42595555555555553 76
1751855827657 0.4296888888888889 77
1751855846459 0.4330888888888889 78
1751855865468 0.43477777777777776 79
1751858169624 0.31277777777777777 80
1751858189534 0.34171111111111113 81
1751858209318 0.36748888888888886 82
1751858229249 0.38797777777777775 83
1751858249029 0.40324444444444446 84
1751858267863 0.41546666666666665 85
1751858287731 0.4239777777777778 86
1751858307657 0.4290888888888889 87
1751858327409 0.4325555555555556 88
1751858347201 0.4344222222222222 89
1751860624733 0.3678 90
1751860643397 0.384 91
1751860661934 0.3993111111111111 92
1751860680588 0.412 93
1751860699202 0.4216888888888889 94
1751860717822 0.42833333333333334 95
1751860736446 0.4338888888888889 96
1751860755034 0.43835555555555555 97
1751860773556 0.44008888888888886 98
1751860792155 0.44237777777777776 99
1751863041604 0.41457777777777777 100
1751863060586 0.4208 101
1751863079599 0.42775555555555556 102
1751863098655 0.4331111111111111 103
1751863117758 0.43653333333333333 104
1751863136878 0.43955555555555553 105
1751863155884 0.44155555555555553 106
1751863174936 0.4439111111111111 107
1751863194148 0.4455777777777778 108
1751863213311 0.4469111111111111 109
1751865530458 0.42962222222222224 110
1751865549494 0.4348888888888889 111
1751865568679 0.4394888888888889 112
1751865587777 0.44135555555555556 113
1751865606775 0.4428 114
1751865625821 0.4439777777777778 115
1751865645100 0.44482222222222223 116
1751865664196 0.44593333333333335 117
1751865683293 0.44626666666666664 118
1751865702323 0.4472 119
1751868030534 0.28546666666666665 120
1751868050626 0.31337777777777776 121
1751868070942 0.3405111111111111 122
1751868091060 0.3664 123
1751868111323 0.3887777777777778 124
1751868130297 0.4072222222222222 125
1751868149359 0.4203777777777778 126
1751868168478 0.4313111111111111 127
1751868188718 0.4391555555555556 128
1751868208938 0.4442888888888889 129
1751870541207 0.43115555555555557 130
1751870561224 0.43524444444444443 131
1751870581315 0.43922222222222224 132
1751870601521 0.44237777777777776 133
1751870621558 0.44595555555555555 134
1751870641651 0.4484222222222222 135
1751870661732 0.4505777777777778 136
1751870682006 0.45235555555555557 137
1751870702161 0.45413333333333333 138
1751870722247 0.4544888888888889 139
1751872948508 0.4288666666666667 140
1751872967261 0.43544444444444447 141
1751872986076 0.44062222222222225 142
1751873004793 0.4452 143
1751873023690 0.4496222222222222 144
1751873042420 0.4530888888888889 145
1751873061118 0.4552222222222222 146
1751873079832 0.45668888888888887 147
1751873098720 0.45742222222222223 148
1751873117517 0.45826666666666666 149
1751875349252 0.43837777777777776 150
1751875368416 0.44266666666666665 151
1751875387126 0.44651111111111114 152
1751875405833 0.45011111111111113 153
1751875424978 0.45297777777777776 154
1751875444122 0.4548888888888889 155
1751875463226 0.4565777777777778 156
1751875482430 0.45811111111111114 157
1751875501581 0.4587333333333333 158
1751875520706 0.4597333333333333 159
1751877795105 0.4311111111111111 160
1751877814336 0.43746666666666667 161
1751877833332 0.44366666666666665 162
1751877852419 0.44837777777777776 163
1751877871680 0.4526222222222222 164
1751877890805 0.4558 165
1751877909847 0.45868888888888887 166
1751877928971 0.4608888888888889 167
1751877948080 0.4620666666666667 168
1751877967166 0.46286666666666665 169
1751880299166 0.4242444444444444 170
1751880318377 0.43344444444444447 171
1751880337514 0.4408222222222222 172
1751880356713 0.4476 173
1751880375856 0.45193333333333335 174
1751880394921 0.4556222222222222 175
1751880414087 0.45855555555555555 176
1751880434253 0.4605111111111111 177
1751880454457 0.4617777777777778 178
1751880474602 0.46268888888888887 179
1751882807652 0.43653333333333333 180
1751882827793 0.4421111111111111 181
1751882847885 0.4486888888888889 182
1751882867961 0.45226666666666665 183
1751882888292 0.4552888888888889 184
1751882908393 0.4580444444444444 185
1751882928473 0.46068888888888887 186
1751882948659 0.4630888888888889 187
1751882968921 0.46426666666666666 188
1751882989035 0.4650666666666667 189
1751885246828 0.4381777777777778 190
1751885265601 0.44326666666666664 191
1751885284418 0.4485777777777778 192
1751885303177 0.45197777777777776 193
1751885322017 0.4557777777777778 194
1751885340832 0.4587555555555556 195
1751885359602 0.4612888888888889 196
1751885378361 0.46273333333333333 197
1751885397089 0.46424444444444446 198
1751885415853 0.4657777777777778 199
1751887659888 0.4452 200
1751887678569 0.44895555555555555 201
1751887697271 0.45204444444444447 202
1751887715976 0.4562 203
1751887734660 0.4594666666666667 204
1751887753343 0.46271111111111113 205
1751887772043 0.4643777777777778 206
1751887790722 0.46628888888888886 207
1751887809410 0.46715555555555555 208
1751887828166 0.46873333333333334 209
1751890081967 0.45264444444444446 210
1751890101003 0.4557777777777778 211
1751890120015 0.45844444444444443 212
1751890139149 0.46066666666666667 213
1751890158258 0.4641777777777778 214
1751890177382 0.46597777777777777 215
1751890196430 0.4673777777777778 216
1751890215470 0.4681777777777778 217
1751890234666 0.4698888888888889 218
1751890253700 0.4706 219
1751892582467 0.4524888888888889 220
1751892601536 0.456 221
1751892620740 0.4592888888888889 222
1751892639885 0.4624888888888889 223
1751892659005 0.4649111111111111 224
1751892677986 0.46771111111111113 225
1751892697068 0.46828888888888887 226
1751892716169 0.47002222222222223 227
1751892735167 0.4708888888888889 228
1751892754185 0.4713777777777778 229
1751895085474 0.4609333333333333 230
1751895105553 0.46342222222222224 231
1751895125730 0.46475555555555553 232
1751895145859 0.46715555555555555 233
1751895165958 0.46875555555555554 234
1751895186119 0.4702 235
1751895206275 0.4719555555555556 236
1751895226332 0.4729111111111111 237
1751895246474 0.4737777777777778 238
1751895266616 0.4739777777777778 239
1751897554644 0.46186666666666665 240
1751897573518 0.4644 241
1751897592407 0.46728888888888886 242
1751897611131 0.46975555555555554 243
1751897629865 0.4714 244
1751897648588 0.47226666666666667 245
1751897667305 0.47333333333333333 246
1751897686149 0.4743777777777778 247
1751897704842 0.4749333333333333 248
1751897723655 0.4754 249
1751900077430 0.46055555555555555 250
1751900096228 0.4630444444444444 251
1751900115033 0.46582222222222225 252
1751900133769 0.46828888888888887 253
1751900152469 0.4706 254
1751900171323 0.4719777777777778 255
1751900190121 0.47444444444444445 256
1751900208827 0.4753777777777778 257
1751900227525 0.47626666666666667 258
1751900246237 0.47617777777777776 259
1751902491845 0.45975555555555553 260
1751902510898 0.46264444444444447 261
1751902529996 0.46542222222222224 262
1751902549143 0.4685111111111111 263
1751902568228 0.47053333333333336 264
1751902587462 0.4732222222222222 265
1751902606609 0.4747111111111111 266
1751902625696 0.4757111111111111 267
1751902644777 0.4766222222222222 268
1751902663956 0.47717777777777776 269
1751904996202 0.4633111111111111 270
1751905015296 0.46682222222222225 271
1751905034369 0.46853333333333336 272
1751905053455 0.4703333333333333 273
1751905072499 0.4736 274
1751905091536 0.47515555555555555 275
1751905110630 0.47673333333333334 276
1751905129835 0.4777111111111111 277
1751905148869 0.47817777777777776 278
1751905167920 0.47906666666666664 279
1751907500360 0.465 280
1751907520537 0.46797777777777777 281
1751907540714 0.47028888888888887 282
1751907560875 0.4725111111111111 283
1751907581102 0.47435555555555553 284
1751907600074 0.47533333333333333 285
1751907620317 0.4766888888888889 286
1751907640467 0.4777777777777778 287
1751907660717 0.4788 288
1751907680977 0.4799333333333333 289
