1750863913081 -1.6373296976089478 0
1750866145328 -0.8483985662460327 1
1750868573271 -0.18148557841777802 2
1750871012732 -0.15845482051372528 3
1750873365399 -0.1908847838640213 4
1750875707372 -0.10575295984745026 5
1750878108167 -0.1319655030965805 6
1750880538572 -0.1478388011455536 7
1750882979129 -0.12266377359628677 8
1750885320725 -0.09897878766059875 9
1750887684394 -0.07290775328874588 10
1750890122613 -0.04252178221940994 11
1750892558182 -0.10345371067523956 12
1750894967504 -0.11836116015911102 13
1750897298700 -0.11391891539096832 14
1750899656599 -0.15367025136947632 15
1750902123721 -0.049221016466617584 16
1750904582499 -0.04122691601514816 17
1750906992022 -0.08126671612262726 18
1750909340416 -0.0348067507147789 19
1750911707608 -0.16323965787887573 20
1750914156436 -0.05286184325814247 21
1750916595132 -0.12182826548814774 22
1750918987020 -0.08672389388084412 23
1750921341826 -0.09639565646648407 24
1750923710634 -0.11368466168642044 25
1750926142767 -0.10394822061061859 26
1750928582963 -0.0889035239815712 27
1750930970955 -0.07777205854654312 28
1750933328032 -0.07114245742559433 29
1750935843576 0.008576306514441967 30
1750938297644 -0.02732652612030506 31
1750940779468 -0.030203789472579956 32
1750943138087 -0.030483625829219818 33
1750945593601 -0.03695888817310333 34
1750948026171 -0.0032392614521086216 35
1750950467221 -0.07868324220180511 36
1750952919870 -0.05917830020189285 37
1750955264396 -0.08161859214305878 38
1750957599177 -0.09040643274784088 39
1750960043255 -0.05962312966585159 40
1750962552662 0.002756419824436307 41
1750965017605 -0.013770661316812038 42
1750967404148 9.723100811243057e-05 43
1750969873295 -0.009626956656575203 44
1750972359661 -0.003791588358581066 45
1750974837455 -0.052246563136577606 46
1750977265263 -0.03392364829778671 47
1750979664732 -0.009891617111861706 48
1750982093230 -0.03228507190942764 49
1750984546469 -0.06544839590787888 50
1750987011880 -0.06742042303085327 51
1750989466103 -0.012232555076479912 52
1750991829884 -0.005040292162448168 53
1750994233122 -0.04746329039335251 54
1750996761648 0.012337088584899902 55
1750999332657 -0.0192804504185915 56
1751001786626 0.012781782075762749 57
1751004179087 -0.0004373163392301649 58
1751006648224 0.01849910244345665 59
1751009181981 -0.0076299202628433704 60
1751011629748 0.02926192805171013 61
1751014007106 0.003250517649576068 62
1751016494307 -0.002191402018070221 63
1751019019145 0.020214075222611427 64
1751021614669 0.012297716923058033 65
1751024119379 0.01314142532646656 66
1751026525250 0.00345367263071239 67
1751029042525 0.020402519032359123 68
1751031576817 0.009787464514374733 69
1751034069091 0.01478106901049614 70
