1750863913097 34.511714935302734 0
1750866145342 54.641822814941406 1
1750868573286 86.0632095336914 2
1750871012746 118.01856231689453 3
1750873365413 150.01416015625 4
1750875707386 182.0070037841797 5
1750878108181 214.0043487548828 6
1750880538587 246.0035400390625 7
1750882979143 278.0021667480469 8
1750885320739 310.0005187988281 9
1750887684407 342.000244140625 10
1750890122627 374.00030517578125 11
1750892558196 406.0008544921875 12
1750894967518 438.0008850097656 13
1750897298714 470.0009765625 14
1750899656613 502.0006103515625 15
1750902123736 534.0 16
1750904582513 566.0000610351562 17
1750906992036 598.0000610351562 18
1750909340430 630.0001220703125 19
1750911707622 662.000244140625 20
1750914156451 694.0000610351562 21
1750916595147 726.0001831054688 22
1750918987034 758.0001831054688 23
1750921341841 790.0000610351562 24
1750923710648 822.0001831054688 25
1750926142782 854.000244140625 26
1750928582977 886.0000610351562 27
1750930970969 918.0000610351562 28
1750933328046 950.0 29
1750935843591 982.0 30
1750938297659 1014.0 31
1750940779484 1046.0 32
1750943138100 1078.0 33
1750945593618 1110.0 34
1750948026186 1142.0 35
1750950467235 1174.0 36
1750952919927 1206.0 37
1750955264425 1238.0 38
1750957599207 1270.0 39
1750960043281 1302.0 40
1750962552690 1334.0 41
1750965017639 1366.0 42
1750967404179 1398.0 43
1750969873328 1430.0 44
1750972359694 1462.0 45
1750974837485 1494.0 46
1750977265293 1526.0 47
1750979664758 1558.0 48
1750982093257 1590.0 49
1750984546498 1622.0 50
1750987011913 1654.0 51
1750989466129 1686.0 52
1750991829904 1718.0 53
1750994233150 1750.0 54
1750996761668 1782.0 55
1750999332676 1814.0 56
1751001786647 1846.0 57
1751004179108 1878.0 58
1751006648244 1910.0 59
1751009182001 1942.0 60
1751011629767 1974.0 61
1751014007127 2006.0 62
1751016494327 2038.0 63
1751019019164 2070.0 64
1751021614688 2102.0 65
1751024119399 2134.0 66
1751026525270 2166.0 67
1751029042546 2198.0 68
1751031576838 2230.0 69
1751034069111 2262.0 70
