1750086408763 0.00661160255020315 0
1750086408887 0.006558208980343558 1
1750086409008 0.006537282331423326 2
1750086409129 0.006564570421522314 3
1750086409256 0.006496419283476743 4
1750086409382 0.006470517678694291 5
1750086409499 0.006431111557917161 6
1750086409634 0.006469106132333929 7
1750086409765 0.006359609013253992 8
1750086409899 0.006361090324141763 9
1750086410034 0.006331062452359633 10
1750086410165 0.006415804001418027 11
1750086410291 0.006278306923129342 12
1750086410422 0.006284291771325198 13
1750086410557 0.0062582127072594385 14
1750086410695 0.006358404051173817 15
1750086410836 0.006230270998044448 16
1750086410972 0.006231334399093281 17
1750086411113 0.006292553110556169 18
1750086411254 0.006336572495373813 19
1750086441382 0.006134138865904374 20
1750086441522 0.006386840885335749 21
1750086441670 0.006054277447136966 22
1750086441815 0.006294413723728873 23
1750086441952 0.006477670913392847 24
1750086442093 0.00618460706689141 25
1750086442234 0.006071538410403512 26
1750086442379 0.005982212044975974 27
1750086442516 0.006302700801329179 28
1750086442657 0.006196844984184612 29
1750086442797 0.006053788418119604 30
1750086442945 0.006085541437972675 31
1750086443089 0.006013631820678711 32
1750086443239 0.006072307174856012 33
1750086443384 0.006041803143241189 34
1750086443530 0.006139979443766854 35
1750086443677 0.006036618216471238 36
1750086443822 0.005886304107579318 37
1750086443968 0.005842133001847701 38
1750086444115 0.006108754737810655 39
