1750197171675 -0.031425846372381196 0
1750199434258 -0.0033034532869092815 1
1750201608014 -0.0012676401582010508 2
1750203806339 -0.0008468352710587091 3
1750206071981 -0.00048593544474215267 4
1750208338952 -0.00031794666464771923 5
1750210610099 -0.0003933909429433337 6
1750212789894 -0.0004398283761089978 7
1750214989145 -0.00014860654525109072 8
1750217257314 -0.00011212285048834786 9
1750219523551 -5.614922701176578e-05 10
1750221794033 -0.00010907405683570793 11
1750223979777 -8.778192806191323e-05 12
1750226180198 -8.148431313149749e-05 13
1750228450540 -0.00012222157834368118 14
1750230715768 -0.00018976525438449196 15
1750232987316 -2.1483964607434755e-05 16
1750235163839 -1.8084851051718767e-05 17
1750237379451 -9.845519211069153e-06 18
1750239648757 -7.815985757271604e-06 19
1750241917087 3.6453497485150546e-06 20
1750244190567 -9.784328432170357e-06 21
1750246371822 -6.5768796004991305e-06 22
1750248588176 -1.57937106527655e-05 23
1750250854205 -1.1302178642495517e-05 24
1750253119056 -9.34736869560545e-06 25
1750255363073 -5.458199186788134e-06 26
1750257544459 -8.471217893968923e-06 27
1750259777443 -4.799318965112186e-06 28
1750262045565 -8.265195554319626e-06 29
1750264314118 -6.611830833256368e-06 30
1750266552463 -1.269324965648882e-05 31
1750268736946 -6.8524862525409065e-06 32
1750270982378 -8.809791836692629e-06 33
1750273250247 -6.2961160602403e-06 34
1750275520257 -6.100397507622168e-06 35
1750277742225 -5.725435641962165e-06 36
1750279931282 -4.0542728127391704e-06 37
1750282191861 -5.4241981971557454e-06 38
1750284460627 -4.008299693678104e-06 39
1750286732737 -2.781253729153855e-06 40
1750288920930 -3.3967576404449798e-06 41
1750291118260 -3.7835387591207407e-06 42
1750293387437 -2.5554312067370593e-06 43
1750295656725 -3.1990928976331817e-06 44
1750297931925 -3.6389972318782267e-06 45
1750300113972 -3.6920403131029967e-06 46
1750302320187 -2.509615105084172e-06 47
1750304589091 -2.4297108070231114e-06 48
1750306858026 -3.6836479192421545e-06 49
1750309128658 -3.104858409043748e-06 50
1750311311658 -4.9770022808032995e-06 51
1750313521482 -1.6457583708591264e-06 52
1750315791321 3.4794262185016867e-07 53
1750318061426 4.0685582845562965e-07 54
1750320323150 2.010273715627612e-06 55
1750322502469 3.399161620726714e-07 56
1750324727577 1.1601639153426526e-06 57
1750326997191 -1.0464506301268054e-06 58
1750329268090 1.5729162148972592e-07 59
1750331512855 -1.5443553789376306e-06 60
1750333696825 -2.012075574489743e-08 61
1750335942077 -1.3786687022867588e-06 62
1750338211467 2.221012099450393e-08 63
1750340479596 -1.6864429676542584e-06 64
1750342700408 2.235193893958678e-07 65
1750344889182 -9.452926128378821e-07 66
1750347145941 1.4726183898850088e-06 67
1750349412698 5.88970852757062e-07 68
1750351679880 1.3164935135745671e-06 69
1750353897503 1.1613029848523157e-06 70
1750356084250 1.326868298581944e-06 71
1750358339472 8.887405935502042e-07 72
1750360608862 1.3973882652529031e-06 73
1750362878735 1.4655040718961454e-06 74
1750365096588 1.0061834711689726e-06 75
1750367284407 1.2542657092975589e-06 76
