1750197171675 10.71203327178955 0
1750199434258 50.06343460083008 1
1750201608014 90.01461791992188 2
1750203806339 130.0115966796875 3
1750206071981 170.00540161132812 4
1750208338952 210.00350952148438 5
1750210610099 250.00335693359375 6
1750212789894 290.001708984375 7
1750214989145 330.0015563964844 8
1750217257314 370.0004577636719 9
1750219523551 410.00079345703125 10
1750221794033 450.00067138671875 11
1750223979777 490.00054931640625 12
1750226180198 530.0001831054688 13
1750228450540 570.0003662109375 14
1750230715768 610.0003051757812 15
1750232987316 650.0001831054688 16
1750235163839 690.0000610351562 17
1750237379451 730.0000610351562 18
1750239648757 770.0 19
1750241917087 810.0000610351562 20
1750244190567 850.0000610351562 21
1750246371822 890.0 22
1750248588176 930.0000610351562 23
1750250854205 970.0000610351562 24
1750253119056 1010.0000610351562 25
1750255363073 1050.0 26
1750257544459 1090.0 27
1750259777443 1130.0 28
1750262045565 1170.0 29
1750264314118 1210.0 30
1750266552463 1250.0 31
1750268736946 1290.0 32
1750270982378 1330.0 33
1750273250247 1370.0 34
1750275520257 1410.0 35
1750277742225 1450.0 36
1750279931282 1490.0 37
1750282191861 1530.0 38
1750284460627 1570.0 39
1750286732737 1610.0 40
1750288920930 1650.0 41
1750291118260 1690.0 42
1750293387437 1730.0 43
1750295656725 1770.0 44
1750297931925 1810.0 45
1750300113972 1850.0 46
1750302320187 1890.0 47
1750304589091 1930.0 48
1750306858026 1970.0 49
1750309128658 2010.0 50
1750311311658 2050.0 51
1750313521482 2090.0 52
1750315791321 2130.0 53
1750318061426 2170.0 54
1750320323150 2210.0 55
1750322502469 2250.0 56
1750324727577 2290.0 57
1750326997191 2330.0 58
1750329268090 2370.0 59
1750331512855 2410.0 60
1750333696825 2450.0 61
1750335942077 2490.0 62
1750338211467 2530.0 63
1750340479596 2570.0 64
1750342700408 2610.0 65
1750344889182 2650.0 66
1750347145941 2690.0 67
1750349412698 2730.0 68
1750351679880 2770.0 69
1750353897503 2810.0 70
1750356084250 2850.0 71
1750358339472 2890.0 72
1750360608862 2930.0 73
1750362878735 2970.0 74
1750365096588 3010.0 75
1750367284407 3050.0 76
