1750197201285 -1.2175006866455078 0
1750199464024 -1.4201250076293945 1
1750201634720 -0.9680153131484985 2
1750203836212 -0.43981170654296875 3
1750206101847 -0.3891867399215698 4
1750208368780 -0.2747165560722351 5
1750210639992 -0.7096750140190125 6
1750212816655 -0.41126298904418945 7
1750215018978 -0.38790076971054077 8
1750217287179 -0.13740193843841553 9
1750219553337 -0.12385286390781403 10
1750221823842 -0.5520647764205933 11
1750224006459 0.08579118549823761 12
1750226209993 0.561703085899353 13
1750228480306 0.7492014765739441 14
1750230745572 -0.5128363966941833 15
1750233015211 -2.1687710285186768 16
1750235190567 -0.4852544367313385 17
1750237409391 -0.3818916082382202 18
1750239678623 -0.4318121075630188 19
1750241946979 -0.9521225690841675 20
1750244220348 -1.1729239225387573 21
1750246398646 -2.9393396377563477 22
1750248618001 -1.4118618965148926 23
1750250884016 -2.0293843746185303 24
1750253148845 -0.8946552276611328 25
1750255389828 -1.3151097297668457 26
1750257571210 -0.7043555974960327 27
1750259807334 -1.427312970161438 28
1750262075445 -0.84853196144104 29
1750264344041 -2.0552287101745605 30
1750266579252 -1.3446550369262695 31
1750268764578 -2.3636770248413086 32
1750271012324 -0.9793443083763123 33
1750273280116 -1.5432934761047363 34
1750275550080 -1.0530824661254883 35
1750277769012 -1.7765263319015503 36
1750279960647 -1.0706806182861328 37
1750282221723 -1.735772967338562 38
1750284490523 -1.0687992572784424 39
1750286762557 -1.5433858633041382 40
1750288947744 -1.026077389717102 41
1750291147888 -1.4694759845733643 42
1750293417404 -0.9627487659454346 43
1750295686667 -1.5065608024597168 44
1750297961990 -0.9771252870559692 45
1750300140734 -1.535485863685608 46
1750302350019 -1.007155418395996 47
1750304618948 -1.4460065364837646 48
1750306887857 -0.8768960237503052 49
1750309158510 -1.3223440647125244 50
1750311338422 -0.46523866057395935 51
1750313551433 -0.33567100763320923 52
1750315821146 -0.08665483444929123 53
1750318091274 -0.05321443825960159 54
1750320349940 -0.04572188854217529 55
1750322529278 -0.056340768933296204 56
1750324757463 -0.09230262041091919 57
1750327027055 -0.08202303946018219 58
1750329298004 -0.2937754988670349 59
1750331539660 -0.3408738672733307 60
1750333723900 -0.75774085521698 61
1750335971990 -0.8091789484024048 62
1750338241314 -0.9071301817893982 63
1750340509453 -0.5782347917556763 64
1750342727197 -0.11431309580802917 65
1750344918439 -0.03109917975962162 66
1750347175822 -0.007181266322731972 67
1750349442599 -0.007917612791061401 68
1750351709754 -0.00039852416375651956 69
1750353924287 -0.003391109872609377 70
1750356113520 0.0002040724066318944 71
1750358369415 -0.004224645439535379 72
1750360638808 -0.0009342125267721713 73
1750362908651 -0.0017229531658813357 74
1750365123382 -0.0018116949358955026 75
1750367314057 -0.004295550286769867 76
