1746681114792 0.005 0
1746681817497 0.005 1
1746682527009 0.005 2
1746683238805 0.005 3
1746683952873 0.005 4
1746684674589 0.005 5
1746685394611 0.005 6
1746686116837 0.005 7
1746686841116 0.005 8
1746687569543 0.005 9
1746688300045 0.005 10
1746689034572 0.005 11
1746689767422 0.005 12
1746690500159 0.005 13
1746691235134 0.005 14
1746691964727 0.005 15
1746692701267 0.005 16
1746693433999 0.005 17
1746694163937 0.005 18
1746694894983 0.005 19
1746695623605 0.005 20
1746696352343 0.005 21
1746697081086 0.005 22
1746697811112 0.005 23
1746698540129 0.005 24
1746699271759 0.005 25
1746700003227 0.005 26
1746700740209 0.005 27
1746701475672 0.005 28
1746702213307 0.005 29
1746702952900 0.005 30
1746703694213 0.005 31
1746704438490 0.005 32
1746705182145 0.005 33
1746705923913 0.005 34
1746706664158 0.005 35
1746707408027 0.005 36
1746708152501 0.005 37
1746708894494 0.0025 38
1746709636922 0.0025 39
1746710380947 0.0025 40
1746711128819 0.0025 41
1746711883810 0.0025 42
1746712637531 0.0025 43
1746713388679 0.0025 44
1746714144220 0.00125 45
1746714898914 0.00125 46
1746715656803 0.00125 47
