1749098438131 0.2468 0
1749098494760 0.3354 19
1749098551760 0.3654 38
1749098686847 0.3794 40
1749098743256 0.3974 59
1749098800837 0.4026 78
1749098938716 0.389 80
1749098997389 0.4168 99
1749099055249 0.4162 118
1749099193970 0.4166 120
1749099252408 0.429 139
1749099310658 0.4316 158
1749099450032 0.4104 160
1749099508230 0.4386 179
1749099566716 0.4428 198
1749099706007 0.4152 200
1749099764665 0.441 219
1749099823407 0.4494 238
1749099964276 0.4328 240
1749100023316 0.4464 259
1749100082468 0.4562 278
1749100223309 0.4222 280
1749100281755 0.451 299
1749100340794 0.4566 318
1749100482347 0.432 320
1749100541679 0.4476 339
1749100600771 0.4646 358
1749100741364 0.4386 360
1749100800530 0.4616 379
1749100859657 0.4604 398
1749101000076 0.4322 400
1749101058919 0.4698 419
1749101118308 0.467 438
1749101259068 0.4496 440
1749101318221 0.4704 459
1749101377048 0.469 478
1749101517860 0.4474 480
1749101576618 0.459 499
1749101635799 0.4726 518
1749101776209 0.458 520
1749101835465 0.4666 539
1749101893962 0.476 558
1749102034743 0.454 560
1749102094043 0.467 579
1749102152991 0.4784 598
1749102292985 0.4646 600
1749102351792 0.4674 619
1749102411427 0.4812 638
1749102551764 0.464 640
1749102610931 0.479 659
1749102669790 0.4828 678
1749102812180 0.4596 680
1749102870810 0.4842 699
1749102929872 0.4812 718
1749103071047 0.4628 720
1749103130579 0.485 739
1749103189738 0.4818 758
1749103330983 0.4694 760
1749103390028 0.4734 779
1749103449679 0.4852 798
1749103591365 0.4584 800
1749103650554 0.4794 819
1749103709905 0.4846 838
1749103850978 0.4628 840
1749103910186 0.471 859
1749103969333 0.4898 878
1749104110373 0.4786 880
1749104169041 0.4788 899
1749104228602 0.4874 918
1749104370009 0.4758 920
1749104429430 0.478 939
1749104488363 0.4898 958
1749104630207 0.4666 960
1749104689068 0.4906 979
1749104747652 0.4906 998
1749104886773 0.481 1000
1749104945134 0.4964 1019
1749105002862 0.4938 1038
1749105141558 0.4714 1040
1749105199776 0.4952 1059
1749105258041 0.4942 1078
1749105398760 0.4654 1080
1749105457575 0.4836 1099
1749105516797 0.4978 1118
1749105657928 0.4786 1120
1749105717116 0.4946 1139
1749105776703 0.4954 1158
1749105916958 0.48 1160
1749105975829 0.499 1179
1749106035324 0.5004 1198
1749106176525 0.4688 1200
1749106236065 0.4904 1219
1749106294691 0.494 1238
1749106435528 0.4906 1240
1749106494839 0.4978 1259
1749106554189 0.4998 1278
1749106695395 0.4976 1280
1749106754254 0.5006 1299
1749106813097 0.5006 1318
1749106953846 0.4966 1320
1749107012677 0.5022 1339
1749107072131 0.5064 1358
1749107213216 0.4934 1360
1749107271521 0.5014 1379
1749107329329 0.5 1398
1749107468217 0.4998 1400
1749107526469 0.5024 1419
1749107585093 0.5026 1438
1749107723959 0.5014 1440
1749107782121 0.5036 1459
1749107840783 0.5048 1478
1749107980577 0.5024 1480
1749108039137 0.5042 1499
1749108097364 0.5028 1518
1749108236754 0.499 1520
1749108294656 0.502 1539
1749108352953 0.5066 1558
1749108491522 0.5004 1560
1749108549127 0.5042 1579
1749108607070 0.5064 1598
1749108746419 0.4984 1600
1749108805089 0.5044 1619
1749108863335 0.5066 1638
1749109002547 0.4984 1640
1749109060953 0.502 1659
1749109119602 0.5036 1678
1749109258373 0.5004 1680
1749109316257 0.5034 1699
1749109374365 0.5068 1718
1749109513421 0.5032 1720
1749109571950 0.5088 1739
1749109630035 0.5048 1758
1749109769673 0.5018 1760
1749109827988 0.5084 1779
1749109886028 0.5094 1798
1749110024871 0.5046 1800
1749110082959 0.4994 1819
1749110141528 0.5102 1838
1749110280643 0.5062 1840
1749110338946 0.5 1859
1749110397129 0.508 1878
1749110536433 0.5062 1880
1749110595039 0.5104 1899
1749110653799 0.5096 1918
1749110791444 0.497 1920
1749110849671 0.505 1939
1749110907832 0.5108 1958
1749111046435 0.5066 1960
1749111104483 0.4996 1979
1749111162736 0.5092 1998
1749111301721 0.4964 2000
1749111360221 0.507 2019
1749111418385 0.5098 2038
1749111557544 0.5112 2040
1749111615710 0.5074 2059
1749111674042 0.51 2078
1749111813512 0.5088 2080
1749111871769 0.5098 2099
1749111930129 0.5094 2118
1749112069266 0.5064 2120
1749112127511 0.5062 2139
1749112185845 0.5124 2158
1749112324275 0.5126 2160
1749112382384 0.5068 2179
1749112440759 0.5114 2198
1749112579761 0.5052 2200
1749112638153 0.5112 2219
1749112695573 0.5108 2238
1749112834966 0.5098 2240
1749112892917 0.5094 2259
1749112951459 0.5104 2278
1749113091807 0.5152 2280
1749113150327 0.5056 2299
1749113208295 0.509 2318
1749113347867 0.5082 2320
1749113406337 0.511 2339
1749113464864 0.511 2358
1749113604988 0.5128 2360
1749113663074 0.5078 2379
1749113721609 0.5042 2398
1749113861414 0.5118 2400
1749113920080 0.5086 2419
1749113979222 0.512 2438
1749114119047 0.5196 2440
1749114176772 0.509 2459
1749114235313 0.513 2478
1749114375168 0.5078 2480
1749114433589 0.5076 2499
1749114491737 0.5122 2518
1749114631261 0.5116 2520
1749114689897 0.5112 2539
1749114748662 0.5126 2558
1749114888475 0.5142 2560
1749114946957 0.5122 2579
1749115005023 0.514 2598
1749115145149 0.5198 2600
1749115204138 0.513 2619
1749115262694 0.5134 2638
1749115403948 0.5174 2640
1749115462393 0.512 2659
1749115521350 0.5142 2678
1749115662060 0.5152 2680
1749115720817 0.5108 2699
1749115779132 0.512 2718
1749115919792 0.512 2720
1749115978125 0.516 2739
1749116036920 0.512 2758
1749116177494 0.5122 2760
1749116236184 0.5116 2779
1749116294074 0.5148 2798
1749116434241 0.514 2800
1749116492486 0.5092 2819
1749116551031 0.5092 2838
1749116691524 0.519 2840
1749116750357 0.5148 2859
1749116808903 0.5134 2878
1749116950119 0.5114 2880
1749117008462 0.5116 2899
1749117067304 0.5134 2918
1749117208209 0.5146 2920
1749117266901 0.5122 2939
1749117325169 0.5132 2958
1749117465999 0.515 2960
1749117524405 0.5142 2979
1749117583284 0.5126 2998
1749117722973 0.52 3000
1749117781198 0.5178 3019
1749117839457 0.5142 3038
1749117980575 0.5122 3040
1749118039092 0.517 3059
1749118097933 0.513 3078
1749118238979 0.5086 3080
1749118297579 0.5136 3099
1749118356269 0.511 3118
1749118497012 0.5162 3120
1749118555880 0.5136 3139
1749118613912 0.5112 3158
1749118754128 0.5194 3160
1749118812125 0.5162 3179
1749118870400 0.514 3198
1749119010822 0.5138 3200
1749119069430 0.5168 3219
1749119127782 0.5098 3238
1749119267708 0.5124 3240
1749119326287 0.5098 3259
1749119384804 0.518 3278
1749119524826 0.5102 3280
1749119582965 0.516 3299
1749119641683 0.516 3318
1749119782572 0.516 3320
1749119841090 0.5138 3339
1749119899693 0.5144 3358
1749120039975 0.5138 3360
1749120098350 0.5164 3379
1749120156874 0.5162 3398
1749120296685 0.5134 3400
1749120355405 0.513 3419
1749120413318 0.5164 3438
1749120553836 0.514 3440
1749120612755 0.5142 3459
1749120670460 0.5154 3478
1749120810898 0.5124 3480
1749120869599 0.5174 3499
1749120928256 0.5158 3518
1749121069273 0.512 3520
1749121127611 0.5162 3539
1749121186592 0.5128 3558
1749121327751 0.516 3560
1749121386161 0.5144 3579
1749121444835 0.5156 3598
1749121585787 0.5176 3600
1749121644668 0.515 3619
1749121703100 0.5188 3638
1749121844304 0.5164 3640
1749121902286 0.5168 3659
1749121960630 0.516 3678
1749122100913 0.5188 3680
1749122159455 0.5126 3699
1749122217547 0.5164 3718
1749122358277 0.5172 3720
1749122416358 0.519 3739
1749122474768 0.5178 3758
1749122615271 0.517 3760
1749122673876 0.5162 3779
1749122732616 0.516 3798
1749122873340 0.5182 3800
1749122931860 0.515 3819
1749122990015 0.518 3838
1749123130613 0.5192 3840
1749123189259 0.5174 3859
1749123247388 0.5152 3878
1749123389613 0.5176 3880
1749123448292 0.5162 3899
1749123506287 0.517 3918
1749123647029 0.5184 3920
1749123704829 0.516 3939
1749123763148 0.5158 3958
1749123903085 0.5184 3960
1749123961404 0.5174 3979
1749124018946 0.517 3998
1749124159154 0.5184 4000
1749124217193 0.516 4019
1749124276142 0.5166 4038
1749124418537 0.5198 4040
1749124477110 0.518 4059
1749124535487 0.5172 4078
1749124677020 0.5198 4080
1749124735487 0.5146 4099
1749124794318 0.5162 4118
1749124936535 0.5194 4120
1749124994772 0.5168 4139
1749125053069 0.5156 4158
1749125193587 0.519 4160
1749125252014 0.5146 4179
1749125309982 0.516 4198
1749125451256 0.5204 4200
1749125509630 0.5152 4219
1749125568040 0.5168 4238
1749125709867 0.52 4240
1749125768932 0.5164 4259
1749125827351 0.516 4278
1749125969386 0.5214 4280
1749126028214 0.5178 4299
1749126086794 0.5172 4318
1749126228852 0.521 4320
1749126287001 0.5162 4339
1749126345702 0.5168 4358
1749126486699 0.52 4360
1749126545075 0.5184 4379
1749126603038 0.516 4398
1749126744233 0.5196 4400
1749126802826 0.5168 4419
1749126861624 0.5174 4438
1749127003562 0.5202 4440
1749127062432 0.5156 4459
1749127120708 0.5154 4478
1749127262374 0.521 4480
1749127321337 0.5154 4499
1749127379830 0.516 4518
1749127522181 0.5202 4520
1749127580549 0.517 4539
1749127639412 0.5168 4558
1749127782070 0.5194 4560
1749127840601 0.5166 4579
1749127899760 0.5152 4598
1749128041808 0.5216 4600
1749128100827 0.5164 4619
1749128159668 0.518 4638
1749128303254 0.523 4640
1749128361747 0.5186 4659
1749128419984 0.5172 4678
1749128562768 0.5218 4680
1749128621502 0.517 4699
1749128681299 0.5172 4718
1749128824076 0.5216 4720
1749128883326 0.5192 4739
1749128942583 0.5168 4758
1749129085298 0.5218 4760
1749129143815 0.5166 4779
1749129202917 0.5168 4798
1749129346889 0.522 4800
1749129405245 0.5168 4819
1749129464187 0.5166 4838
1749129607299 0.52 4840
1749129666553 0.5188 4859
1749129725373 0.5158 4878
1749129868152 0.522 4880
1749129927012 0.5182 4899
1749129986086 0.5166 4918
1749130128289 0.5216 4920
1749130186040 0.5174 4939
1749130244201 0.5164 4958
1749130385705 0.5212 4960
1749130444328 0.5178 4979
1749130503740 0.5174 4998
1749130646434 0.522 5000
1749130705833 0.5172 5019
1749130764810 0.5154 5038
1749130907968 0.5208 5040
1749130966464 0.518 5059
1749131025259 0.5162 5078
1749131167526 0.5204 5080
1749131226483 0.5176 5099
1749131284945 0.5174 5118
1749131426261 0.5206 5120
1749131483974 0.516 5139
1749131542141 0.517 5158
1749131683039 0.5208 5160
1749131741233 0.5176 5179
1749131798789 0.5172 5198
1749131939156 0.5204 5200
1749131996809 0.5166 5219
1749132055161 0.5174 5238
1749132197091 0.5202 5240
1749132254811 0.5166 5259
1749132313106 0.5178 5278
1749132454210 0.521 5280
1749132511711 0.5162 5299
1749132569965 0.5174 5318
1749132711925 0.5204 5320
1749132770849 0.5164 5339
1749132829289 0.5172 5358
1749132969371 0.5196 5360
1749133027776 0.5172 5379
1749133085743 0.5166 5398
1749133227498 0.5186 5400
1749133285712 0.5162 5419
1749133343955 0.517 5438
1749133485482 0.5208 5440
1749133543408 0.5172 5459
1749133601562 0.5166 5478
1749133742181 0.521 5480
1749133800637 0.5174 5499
1749133858478 0.5168 5518
1749134000227 0.5196 5520
1749134058679 0.5174 5539
1749134116795 0.517 5558
1749134257353 0.5198 5560
1749134314963 0.5174 5579
1749134373465 0.5164 5598
1749134514112 0.5194 5600
1749134572487 0.5176 5619
1749134630579 0.5172 5638
1749134773533 0.5204 5640
1749134832082 0.5198 5659
1749134890180 0.517 5678
1749135032754 0.5194 5680
1749135091601 0.5194 5699
1749135149624 0.5172 5718
1749135291046 0.52 5720
1749135349189 0.5192 5739
1749135407346 0.5164 5758
1749135549107 0.521 5760
1749135607181 0.5196 5779
1749135665818 0.5176 5798
1749135806813 0.52 5800
1749135865346 0.5198 5819
1749135923595 0.5172 5838
1749136066132 0.5196 5840
1749136124622 0.5192 5859
1749136182761 0.5174 5878
1749136325311 0.5204 5880
1749136384024 0.5208 5899
1749136442146 0.5198 5918
1749136582615 0.5196 5920
1749136640461 0.5214 5939
1749136698918 0.5194 5958
1749136840729 0.521 5960
1749136898929 0.5208 5979
1749136957242 0.5196 5998
1749137098081 0.5208 6000
1749137156484 0.5214 6019
1749137214467 0.5192 6038
1749137355590 0.521 6040
1749137413621 0.5204 6059
1749137472006 0.519 6078
1749137612459 0.5216 6080
1749137671044 0.5208 6099
1749137729213 0.5186 6118
1749137869433 0.5212 6120
1749137927997 0.5208 6139
1749137986297 0.5214 6158
1749138127839 0.522 6160
1749138186086 0.5214 6179
1749138244650 0.52 6198
1749138385340 0.522 6200
1749138443587 0.5208 6219
1749138501567 0.5194 6238
1749138644553 0.5216 6240
1749138703412 0.5208 6259
1749138761158 0.5196 6278
1749138902409 0.5212 6280
1749138960590 0.521 6299
1749139019295 0.5198 6318
1749139160296 0.5214 6320
1749139218895 0.5206 6339
1749139277245 0.5204 6358
1749139419159 0.5224 6360
1749139477277 0.5218 6379
1749139535981 0.5206 6398
1749139677413 0.5228 6400
1749139735857 0.521 6419
1749139793584 0.5208 6438
1749139934617 0.5222 6440
1749139992882 0.521 6459
1749140051679 0.5206 6478
1749140192361 0.5224 6480
1749140251027 0.5216 6499
1749140309087 0.5212 6518
1749140450132 0.5222 6520
1749140508923 0.521 6539
1749140567321 0.5208 6558
1749140709573 0.5212 6560
1749140767813 0.5212 6579
1749140826149 0.5212 6598
1749140965492 0.5214 6600
1749141023449 0.5216 6619
1749141081061 0.5212 6638
1749141221263 0.5224 6640
1749141279341 0.5222 6659
1749141337089 0.5216 6678
1749141476347 0.5206 6680
1749141534786 0.5214 6699
1749141593040 0.5206 6718
1749141732429 0.5208 6720
1749141790801 0.5216 6739
1749141848869 0.5208 6758
1749141989470 0.5216 6760
1749142048085 0.5218 6779
1749142106647 0.5198 6798
1749142247738 0.5212 6800
1749142306961 0.5212 6819
1749142365544 0.5202 6838
1749142506201 0.5212 6840
1749142565062 0.5226 6859
1749142623758 0.5208 6878
1749142766459 0.5216 6880
1749142825075 0.5224 6899
1749142884349 0.5212 6918
1749143025688 0.5212 6920
1749143084547 0.5214 6939
1749143143518 0.5202 6958
1749143285972 0.521 6960
1749143345122 0.5212 6979
1749143403904 0.5204 6998
1749143547352 0.5212 7000
1749143606038 0.5212 7019
1749143664722 0.5206 7038
1749143807588 0.5214 7040
1749143866149 0.5214 7059
1749143924624 0.5206 7078
1749144067105 0.5224 7080
1749144126209 0.5212 7099
1749144184964 0.5208 7118
1749144328013 0.5216 7120
1749144386566 0.5204 7139
1749144445299 0.5204 7158
1749144587489 0.5224 7160
1749144646725 0.5212 7179
1749144705540 0.5208 7198
1749144846057 0.5218 7200
1749144904782 0.5202 7219
1749144962971 0.52 7238
1749145104588 0.5212 7240
1749145163721 0.5218 7259
1749145222301 0.5202 7278
1749145365550 0.5224 7280
1749145424338 0.5208 7299
1749145483321 0.5206 7318
1749145625841 0.5216 7320
1749145685049 0.5202 7339
1749145743826 0.52 7358
1749145885550 0.5214 7360
1749145944565 0.52 7379
1749146003599 0.5206 7398
1749146146014 0.5206 7400
1749146204941 0.52 7419
1749146263135 0.5206 7438
1749146404817 0.5226 7440
1749146462675 0.5212 7459
1749146520462 0.5206 7478
1749146661707 0.522 7480
1749146719922 0.5216 7499
1749146777955 0.5208 7518
1749146917999 0.5208 7520
1749146976501 0.5194 7539
1749147034498 0.5188 7558
1749147175232 0.5218 7560
1749147234086 0.5208 7579
1749147292114 0.52 7598
1749147434645 0.5218 7600
1749147492716 0.5206 7619
1749147551284 0.521 7638
1749147693706 0.521 7640
1749147752381 0.5206 7659
1749147810966 0.5208 7678
1749147952873 0.5196 7680
1749148011566 0.5192 7699
1749148069527 0.5194 7718
1749148210274 0.522 7720
1749148268751 0.5204 7739
1749148327071 0.5206 7758
1749148469881 0.5214 7760
1749148528361 0.5194 7779
1749148587218 0.5198 7798
1749148727956 0.5208 7800
1749148786611 0.5206 7819
1749148845325 0.52 7838
1749148985597 0.5208 7840
1749149043997 0.5196 7859
1749149102767 0.5198 7878
1749149244233 0.5206 7880
1749149302833 0.5206 7899
1749149361555 0.5208 7918
1749149502759 0.521 7920
1749149561437 0.52 7939
1749149619954 0.5194 7958
1749149761636 0.5214 7960
1749149820446 0.5206 7979
1749149878764 0.5192 7998
1749150019888 0.5206 8000
1749150078342 0.5194 8019
1749150136396 0.5198 8038
1749150279307 0.5212 8040
1749150337998 0.5206 8059
1749150396810 0.5198 8078
1749150538618 0.5212 8080
1749150596573 0.5198 8099
1749150655195 0.519 8118
1749150795587 0.5208 8120
1749150853708 0.5196 8139
1749150911420 0.52 8158
1749151051221 0.5204 8160
1749151110091 0.5208 8179
1749151168250 0.5202 8198
1749151310230 0.52 8200
1749151369110 0.5198 8219
1749151428001 0.5196 8238
1749151569727 0.5212 8240
1749151628648 0.5198 8259
1749151687206 0.5196 8278
1749151828702 0.5206 8280
1749151887728 0.5196 8299
1749151946125 0.52 8318
1749152085962 0.5202 8320
1749152144496 0.5182 8339
1749152203069 0.5186 8358
1749152343892 0.5198 8360
1749152402225 0.5192 8379
1749152460015 0.519 8398
1749152601380 0.5204 8400
1749152660434 0.5202 8419
1749152719263 0.519 8438
1749152860618 0.521 8440
1749152919385 0.5194 8459
1749152978046 0.5192 8478
1749153119817 0.5208 8480
1749153178562 0.5198 8499
1749153238100 0.52 8518
1749153380582 0.521 8520
1749153439180 0.5188 8539
1749153498566 0.5188 8558
1749153641323 0.521 8560
1749153700625 0.52 8579
1749153759380 0.5196 8598
1749153902501 0.5208 8600
1749153961775 0.5196 8619
1749154020580 0.5194 8638
1749154163925 0.5206 8640
1749154222647 0.5188 8659
1749154281740 0.5184 8678
1749154424569 0.5202 8680
1749154483184 0.519 8699
1749154541989 0.5194 8718
1749154683423 0.5204 8720
1749154742226 0.5192 8739
1749154801583 0.5194 8758
1749154943773 0.5194 8760
1749155002295 0.5178 8779
1749155061420 0.5186 8798
1749155203159 0.5204 8800
1749155261617 0.5196 8819
1749155320734 0.5188 8838
1749155462244 0.5196 8840
1749155521465 0.519 8859
1749155580296 0.5192 8878
1749155721031 0.5208 8880
1749155779838 0.5192 8899
1749155838145 0.5194 8918
1749155979504 0.5198 8920
1749156038667 0.5196 8939
1749156097089 0.5188 8958
1749156238497 0.52 8960
1749156297417 0.5194 8979
1749156355374 0.5188 8998
1749156497453 0.5196 9000
1749156556298 0.5188 9019
1749156615088 0.5188 9038
1749156757930 0.521 9040
1749156816727 0.5192 9059
1749156875856 0.5192 9078
1749157017186 0.52 9080
1749157075538 0.519 9099
1749157134028 0.5196 9118
1749157276601 0.5206 9120
1749157334859 0.519 9139
1749157393888 0.5186 9158
1749157536416 0.52 9160
1749157595178 0.5192 9179
1749157654204 0.5192 9198
1749157796715 0.5208 9200
1749157855368 0.5196 9219
1749157914336 0.5194 9238
1749158057322 0.5192 9240
1749158116422 0.5192 9259
1749158175314 0.519 9278
1749158316766 0.5194 9280
1749158375234 0.5184 9299
1749158434435 0.519 9318
1749158576762 0.5192 9320
1749158635728 0.519 9339
1749158694074 0.519 9358
1749158835638 0.5198 9360
1749158894371 0.5194 9379
1749158952744 0.5192 9398
1749159094975 0.5206 9400
1749159153232 0.5196 9419
1749159211415 0.5192 9438
1749159353149 0.5198 9440
1749159411838 0.5184 9459
1749159470952 0.5188 9478
1749159612861 0.5198 9480
1749159671657 0.5184 9499
1749159731047 0.5186 9518
1749159874021 0.519 9520
1749159933013 0.5186 9539
1749159992243 0.5184 9558
1749160135069 0.5192 9560
1749160194507 0.5192 9579
1749160253509 0.519 9598
1749160396337 0.5186 9600
1749160455612 0.5178 9619
1749160514012 0.518 9638
1749160655523 0.5188 9640
1749160714197 0.5178 9659
1749160773027 0.5182 9678
1749160916356 0.5202 9680
1749160975535 0.5192 9699
1749161034467 0.5188 9718
1749161175988 0.519 9720
1749161234718 0.5182 9739
1749161293334 0.5182 9758
1749161434194 0.5196 9760
1749161493479 0.5188 9779
1749161552162 0.5188 9798
1749161695687 0.5186 9800
1749161754719 0.5184 9819
1749161813728 0.5188 9838
1749161955601 0.5192 9840
1749162015061 0.5194 9859
1749162073615 0.5188 9878
1749162215563 0.5192 9880
1749162274640 0.5192 9899
1749162333966 0.519 9918
1749162475865 0.519 9920
1749162534519 0.5196 9939
1749162593073 0.5194 9958
1749162735461 0.5182 9960
1749162793782 0.5192 9979
1749162852326 0.5186 9998
1749162993583 0.5186 10000
1749163052602 0.5184 10019
1749163111150 0.518 10038
1749163251877 0.5182 10040
1749163310443 0.5176 10059
1749163368579 0.5188 10078
1749163510779 0.5192 10080
1749163569253 0.519 10099
1749163627462 0.5186 10118
1749163768576 0.5194 10120
1749163827624 0.518 10139
1749163886201 0.5184 10158
1749164026841 0.5194 10160
1749164085330 0.5188 10179
1749164143794 0.5186 10198
1749164285974 0.5192 10200
1749164344809 0.5188 10219
1749164404178 0.5186 10238
1749164544103 0.519 10240
1749164603195 0.5186 10259
1749164661697 0.5184 10278
1749164803318 0.519 10280
1749164862397 0.5184 10299
1749164921119 0.5186 10318
1749165062306 0.5186 10320
1749165120412 0.5184 10339
1749165179163 0.518 10358
1749165320599 0.5192 10360
1749165379175 0.52 10379
1749165438068 0.52 10398
1749165579117 0.5194 10400
1749165637888 0.5188 10419
1749165696525 0.5176 10438
1749165837132 0.5194 10440
1749165895844 0.5184 10459
1749165954264 0.5184 10478
1749166095518 0.5176 10480
1749166153789 0.517 10499
1749166212486 0.5174 10518
1749166353763 0.5184 10520
1749166411763 0.5184 10539
1749166470428 0.5184 10558
1749166611235 0.5188 10560
1749166670191 0.5184 10579
1749166728837 0.5178 10598
1749166870237 0.5192 10600
1749166928973 0.5192 10619
1749166987842 0.518 10638
1749167128802 0.5196 10640
1749167187070 0.5182 10659
1749167245243 0.5182 10678
1749167387550 0.5184 10680
1749167445990 0.5182 10699
1749167504686 0.5184 10718
1749167647982 0.5178 10720
1749167706584 0.5178 10739
1749167765177 0.5174 10758
1749167905958 0.5192 10760
1749167964613 0.5176 10779
1749168022661 0.5174 10798
1749168163732 0.5188 10800
1749168222210 0.5174 10819
1749168281145 0.5178 10838
1749168423467 0.5198 10840
1749168482227 0.5188 10859
1749168541179 0.5182 10878
1749168681799 0.5192 10880
1749168741070 0.5174 10899
1749168799277 0.5174 10918
1749168940333 0.518 10920
1749168998888 0.5182 10939
1749169057779 0.5182 10958
1749169199443 0.5184 10960
1749169257559 0.5176 10979
1749169316549 0.5176 10998
1749169458474 0.5184 11000
1749169516715 0.5182 11019
1749169575902 0.5176 11038
1749169717895 0.519 11040
1749169776388 0.5184 11059
1749169835177 0.518 11078
1749169975763 0.5192 11080
1749170034834 0.5172 11099
1749170093154 0.5174 11118
1749170233800 0.5194 11120
1749170292512 0.518 11139
1749170350968 0.5176 11158
1749170492120 0.5192 11160
1749170550626 0.5174 11179
1749170608911 0.5178 11198
1749170750248 0.5188 11200
1749170809090 0.518 11219
1749170867694 0.5178 11238
1749171009426 0.519 11240
1749171068159 0.519 11259
1749171127486 0.5188 11278
1749171270850 0.518 11280
1749171329375 0.5182 11299
1749171388248 0.519 11318
1749171530658 0.5194 11320
1749171589849 0.5178 11339
1749171648571 0.5174 11358
1749171789732 0.5198 11360
1749171848142 0.5196 11379
1749171907271 0.5194 11398
1749172049753 0.5184 11400
1749172108696 0.5182 11419
1749172167436 0.5178 11438
1749172309086 0.5186 11440
1749172368087 0.5192 11459
1749172426364 0.5188 11478
1749172568736 0.5184 11480
1749172627818 0.5178 11499
1749172686569 0.5188 11518
1749172827753 0.5174 11520
1749172886446 0.5176 11539
1749172945165 0.518 11558
1749173088400 0.5182 11560
1749173147217 0.5178 11579
1749173206024 0.518 11598
1749173348156 0.5188 11600
1749173407256 0.5186 11619
1749173465867 0.519 11638
1749173607465 0.5186 11640
1749173666203 0.5182 11659
1749173725141 0.5188 11678
1749173866621 0.5182 11680
1749173924859 0.517 11699
1749173983153 0.5168 11718
1749174124726 0.5182 11720
1749174183568 0.5176 11739
1749174241647 0.517 11758
1749174384057 0.5184 11760
1749174443181 0.5176 11779
1749174501954 0.5184 11798
1749174643413 0.5186 11800
1749174701674 0.5184 11819
1749174760719 0.519 11838
1749174902417 0.5164 11840
1749174961081 0.5172 11859
1749175019311 0.5174 11878
1749175162183 0.5176 11880
1749175220748 0.5178 11899
1749175279577 0.5184 11918
1749175420101 0.5176 11920
1749175479246 0.518 11939
1749175537406 0.519 11958
1749175678891 0.5174 11960
1749175737780 0.518 11979
1749175797066 0.519 11998
1749175938549 0.5184 12000
1749175997165 0.5182 12019
1749176056129 0.5182 12038
1749176198455 0.5174 12040
1749176257379 0.5174 12059
1749176316410 0.5176 12078
1749176459037 0.5194 12080
1749176517923 0.519 12099
1749176577215 0.5186 12118
1749176719470 0.5194 12120
1749176778279 0.5188 12139
1749176837128 0.5196 12158
1749176979784 0.5186 12160
1749177039099 0.5182 12179
1749177097918 0.518 12198
1749177239665 0.5184 12200
1749177298669 0.5186 12219
1749177357819 0.5196 12238
1749177500332 0.5186 12240
1749177559263 0.5184 12259
1749177617913 0.5186 12278
1749177758973 0.5192 12280
1749177818270 0.5184 12299
1749177876990 0.5178 12318
1749178019177 0.5178 12320
1749178078429 0.518 12339
1749178137829 0.5178 12358
1749178281417 0.5182 12360
1749178340341 0.5182 12379
1749178399560 0.5176 12398
1749178543049 0.5182 12400
1749178602127 0.518 12419
1749178661167 0.5174 12438
1749178804408 0.5186 12440
1749178862828 0.5178 12459
1749178921491 0.5172 12478
1749179062843 0.5174 12480
1749179122062 0.5176 12499
1749179180807 0.5178 12518
1749179322997 0.519 12520
1749179381894 0.5184 12539
1749179440930 0.5176 12558
1749179583202 0.5184 12560
1749179642336 0.5182 12579
1749179701657 0.5178 12598
1749179843944 0.5184 12600
1749179902980 0.518 12619
1749179961771 0.5178 12638
1749180104025 0.5172 12640
1749180163122 0.5176 12659
1749180222533 0.5176 12678
1749180365870 0.518 12680
1749180424813 0.5178 12699
1749180483877 0.518 12718
1749180626579 0.5186 12720
1749180685507 0.5176 12739
1749180744919 0.5178 12758
1749180887046 0.5196 12760
1749180946452 0.5194 12779
1749181005586 0.5198 12798
1749181148193 0.5188 12800
1749181207228 0.518 12819
1749181266647 0.5176 12838
1749181408361 0.5174 12840
1749181467998 0.518 12859
1749181527099 0.519 12878
1749181671192 0.519 12880
1749181730398 0.5186 12899
1749181789914 0.5192 12918
1749181933718 0.5182 12920
1749181992936 0.5174 12939
1749182052641 0.518 12958
1749182195130 0.5176 12960
1749182254503 0.518 12979
1749182313606 0.5174 12998
1749182456315 0.5184 13000
1749182515627 0.5182 13019
1749182574657 0.5188 13038
1749182716478 0.5176 13040
1749182775688 0.5176 13059
1749182835250 0.5178 13078
1749182977432 0.5184 13080
1749183036804 0.5184 13099
1749183095710 0.5188 13118
1749183239268 0.5188 13120
1749183299128 0.5188 13139
1749183358493 0.5186 13158
1749183502145 0.5182 13160
1749183561527 0.518 13179
1749183620942 0.5182 13198
1749183765739 0.519 13200
1749183824877 0.5188 13219
1749183883717 0.5188 13238
1749184026219 0.5178 13240
1749184084891 0.5182 13259
1749184144356 0.5184 13278
1749184288745 0.519 13280
1749184348199 0.5192 13299
1749184407511 0.5184 13318
1749184551118 0.5186 13320
1749184610715 0.5188 13339
1749184669659 0.5186 13358
