1747297918928 2.0907222032546997 0
1747297968511 2.09072208404541 19
1747298017557 2.0907214879989624 38
1747298134523 2.0870126485824585 40
1747298184436 2.0870128870010376 59
1747298234445 2.0870128870010376 78
1747298352343 2.0885095596313477 80
1747298402056 2.0885103940963745 99
1747298451739 2.088510274887085 118
1747298569818 2.0416738986968994 120
1747298619879 2.041675090789795 139
1747298670233 2.0416741371154785 158
1747298789133 2.008221209049225 160
1747298839605 2.008219599723816 179
1747298889929 2.008219361305237 198
1747299009795 1.9923490285873413 200
1747299059692 1.9923487901687622 219
1747299110014 1.9923497438430786 238
1747299229240 1.9889225959777832 240
1747299279076 1.9889219403266907 259
1747299329227 1.988922655582428 278
1747299448496 1.9813108444213867 280
1747299498855 1.981311023235321 299
1747299548908 1.9813106060028076 318
1747299667765 1.9729271531105042 320
1747299717599 1.9729256629943848 339
1747299767814 1.9729271531105042 358
1747299887192 1.9691059589385986 360
1747299937300 1.9691064357757568 379
1747299987787 1.969106137752533 398
