1747299746938 2.3060788959264755 0
1747299752844 2.3054045289754868 1
1747299758709 2.3047472536563873 2
1747299765119 2.304105266928673 3
1747299770978 2.3034971058368683 4
1747299776870 2.302929565310478 5
1747299782689 2.3023954182863235 6
1747299789091 2.3018950819969177 7
1747299794945 2.301434427499771 8
1747299800775 2.300993263721466 9
1747299807182 2.300578758120537 10
1747299812995 2.3001812398433685 11
1747299818855 2.2997991889715195 12
1747299824698 2.299433097243309 13
1747299831124 2.299078017473221 14
1747299836962 2.29873888194561 15
1747299842758 2.2984042167663574 16
1747299849160 2.298082932829857 17
1747299854955 2.2977664321660995 18
1747299861037 2.29745389521122 19
1747299867399 2.2971517145633698 20
1747299873249 2.296854004263878 21
1747299879052 2.2965609431266785 22
1747299884904 2.2962742000818253 23
1747299891275 2.2959970980882645 24
1747299897061 2.2957247346639633 25
1747299902839 2.295463502407074 26
1747299909213 2.2952109277248383 27
1747299914944 2.2949671149253845 28
1747299920699 2.2947280406951904 29
1747299926486 2.2945002615451813 30
1747299932867 2.2942791879177094 31
1747299938666 2.2940662801265717 32
1747299944458 2.293855369091034 33
1747299950283 2.293647348880768 34
1747299956645 2.2934487760066986 35
1747299962456 2.2932481914758682 36
1747299968255 2.2930545806884766 37
1747299974845 2.292857512831688 38
1747299980625 2.2926652878522873 39
1747300693220 2.2987407743930817 40
1747300698914 2.2979274690151215 41
1747300704617 2.2971448451280594 42
1747300710269 2.2963919937610626 43
1747300715939 2.295674756169319 44
1747300721554 2.2949921935796738 45
1747300727331 2.294346511363983 46
1747300732960 2.2937357276678085 47
1747300738671 2.2931622564792633 48
1747300744321 2.292614683508873 49
1747300750018 2.2921017557382584 50
1747300755686 2.2916116565465927 51
1747300761353 2.29115654528141 52
1747300767017 2.2907119393348694 53
1747300772682 2.2902830690145493 54
1747300778391 2.289874702692032 55
1747300784053 2.289481058716774 56
1747300789678 2.2890996783971786 57
1747300795305 2.288729101419449 58
1747300801256 2.288372829556465 59
1747300806928 2.2880260199308395 60
1747300812639 2.287694826722145 61
1747300818310 2.2873771339654922 62
1747300824030 2.287063091993332 63
1747300829747 2.286761462688446 64
1747300835398 2.2864648401737213 65
1747300841016 2.2861830443143845 66
1747300846671 2.2859087735414505 67
1747300852318 2.2856534272432327 68
1747300857942 2.285410925745964 69
1747300863527 2.285174995660782 70
1747300869131 2.2849414944648743 71
1747300874744 2.2847231030464172 72
1747300880328 2.284511387348175 73
1747300885925 2.284302517771721 74
1747300891594 2.2840955704450607 75
1747300897242 2.2838897705078125 76
1747300902896 2.283694088459015 77
1747300908785 2.2834949791431427 78
1747300914412 2.283299520611763 79
1747301616367 2.289835140109062 80
1747301621987 2.288895756006241 81
1747301627662 2.2880009561777115 82
1747301633282 2.287154257297516 83
1747301638911 2.2863602489233017 84
1747301644534 2.28560608625412 85
1747301650157 2.284888058900833 86
1747301655813 2.284209653735161 87
1747301661458 2.283566936850548 88
1747301667082 2.2829458713531494 89
1747301672733 2.282349944114685 90
1747301678408 2.2817912101745605 91
1747301684058 2.2812594324350357 92
1747301689691 2.2807367891073227 93
1747301695353 2.280235692858696 94
1747301700992 2.279769390821457 95
1747301706662 2.2793152034282684 96
1747301712292 2.2788794189691544 97
1747301717915 2.278453528881073 98
1747301723829 2.2780402302742004 99
1747301729452 2.2776365131139755 100
1747301735085 2.27724826335907 101
1747301740689 2.2768625169992447 102
1747301746291 2.276494711637497 103
1747301751892 2.276133671402931 104
1747301757524 2.275784656405449 105
1747301763177 2.2754461765289307 106
1747301768789 2.275116592645645 107
1747301774420 2.274802342057228 108
1747301780041 2.274498000741005 109
1747301785678 2.2742064595222473 110
1747301791323 2.273934692144394 111
1747301796956 2.273667588829994 112
1747301802620 2.2734227776527405 113
1747301808273 2.273172065615654 114
1747301813919 2.272931456565857 115
1747301819495 2.2726952731609344 116
1747301825147 2.2724592685699463 117
1747301831029 2.2722248286008835 118
1747301836619 2.2719856649637222 119
1747302536867 2.2792034298181534 120
1747302542452 2.27816241979599 121
1747302548034 2.2771691381931305 122
1747302553624 2.2762230932712555 123
1747302559225 2.275325521826744 124
1747302564811 2.27446348965168 125
1747302570387 2.273641139268875 126
1747302576000 2.272849529981613 127
1747302581605 2.272110730409622 128
1747302587182 2.2713897675275803 129
1747302592770 2.270696073770523 130
1747302598340 2.2700316309928894 131
1747302603947 2.2693804055452347 132
1747302609512 2.268761456012726 133
1747302615089 2.268159359693527 134
1747302620639 2.2675620913505554 135
1747302626197 2.2669925540685654 136
1747302631806 2.266442283987999 137
1747302637380 2.265913039445877 138
1747302643186 2.265394225716591 139
1747302648764 2.2648907899856567 140
1747302654352 2.264415144920349 141
1747302659937 2.2639542520046234 142
1747302665536 2.2635060846805573 143
1747302671107 2.2630848437547684 144
1747302676706 2.2626731991767883 145
1747302682283 2.2622860819101334 146
1747302687863 2.2619045823812485 147
1747302693448 2.2615588307380676 148
1747302699038 2.2612001448869705 149
1747302704620 2.260873571038246 150
1747302710237 2.260550335049629 151
1747302715832 2.2602419704198837 152
1747302721420 2.259933739900589 153
1747302727011 2.259639173746109 154
1747302732609 2.2593428194522858 155
1747302738206 2.2590591460466385 156
1747302743794 2.2587510496377945 157
1747302749607 2.258458748459816 158
1747302755178 2.2581633776426315 159
1747303451360 2.267118737101555 160
1747303456958 2.265917181968689 161
1747303462538 2.2647461742162704 162
1747303468171 2.2636157274246216 163
1747303473808 2.2625410705804825 164
1747303479413 2.261503592133522 165
1747303485017 2.2604909241199493 166
1747303490598 2.259528562426567 167
1747303496218 2.258615255355835 168
1747303501819 2.2577216029167175 169
1747303507416 2.2568638622760773 170
1747303513023 2.2560294717550278 171
1747303518640 2.2552275508642197 172
1747303524254 2.2544556111097336 173
1747303529881 2.253710016608238 174
1747303535492 2.2530045062303543 175
1747303541101 2.2523176670074463 176
1747303546698 2.2516685277223587 177
1747303552328 2.2510412335395813 178
1747303558182 2.2504407465457916 179
1747303563819 2.2498668879270554 180
1747303569467 2.249319836497307 181
1747303575080 2.2488083094358444 182
1747303580707 2.2482983618974686 183
1747303586318 2.2478332966566086 184
1747303591928 2.2473731487989426 185
1747303597560 2.2469321936368942 186
1747303603173 2.246503323316574 187
1747303608817 2.2460990101099014 188
1747303614443 2.245707631111145 189
1747303620048 2.2453284561634064 190
1747303625678 2.244956448674202 191
1747303631286 2.2445971965789795 192
1747303636895 2.244238570332527 193
1747303642503 2.243896171450615 194
1747303648148 2.243560880422592 195
1747303653766 2.2432206720113754 196
1747303659401 2.242885112762451 197
1747303665224 2.2425532191991806 198
1747303670823 2.2422400563955307 199
