1747299989894 3e-05 0
1747299996281 3e-05 1
1747300002073 3e-05 2
1747300007876 3e-05 3
1747300013682 3e-05 4
1747300020039 3e-05 5
1747300025811 3e-05 6
1747300031510 3e-05 7
1747300037873 3e-05 8
1747300043624 3e-05 9
1747300049390 3e-05 10
1747300055137 3e-05 11
1747300061386 3e-05 12
1747300067152 3e-05 13
1747300072921 3e-05 14
1747300078651 3e-05 15
1747300084983 3e-05 16
1747300090676 3e-05 17
1747300096430 3e-05 18
1747300102985 3e-05 19
1747300108736 3e-05 20
1747300114482 3e-05 21
1747300120207 3e-05 22
1747300126480 3e-05 23
1747300132271 3e-05 24
1747300137987 3e-05 25
1747300144286 3e-05 26
1747300150033 3e-05 27
1747300155791 3e-05 28
1747300162082 3e-05 29
1747300167794 3e-05 30
1747300173485 3e-05 31
1747300179245 3e-05 32
1747300185528 3e-05 33
1747300191259 3e-05 34
1747300197000 3e-05 35
1747300202705 3e-05 36
1747300208971 3e-05 37
1747300214955 3e-05 38
1747300220693 3e-05 39
1747300923502 3e-05 40
1747300929127 3e-05 41
1747300934738 3e-05 42
1747300940395 3e-05 43
1747300946031 3e-05 44
1747300951661 3e-05 45
1747300957274 3e-05 46
1747300962869 3e-05 47
1747300968495 3e-05 48
1747300974180 3e-05 49
1747300979838 3e-05 50
1747300985459 3e-05 51
1747300991102 3e-05 52
1747300996743 3e-05 53
1747301002389 3e-05 54
1747301008041 3e-05 55
1747301013674 3e-05 56
1747301019312 3e-05 57
1747301024934 3e-05 58
1747301030775 3e-05 59
1747301037061 3e-05 60
1747301042040 3e-05 61
1747301048311 3e-05 62
1747301053947 3e-05 63
1747301059600 3e-05 64
1747301065230 3e-05 65
1747301070881 3e-05 66
1747301076487 3e-05 67
1747301082072 3e-05 68
1747301087678 3e-05 69
1747301093307 3e-05 70
1747301098938 3e-05 71
1747301104595 3e-05 72
1747301110241 3e-05 73
1747301115887 3e-05 74
1747301121515 3e-05 75
1747301127103 3e-05 76
1747301132691 3e-05 77
1747301138533 3e-05 78
1747301144162 3e-05 79
1747301845721 3e-05 80
1747301851342 3e-05 81
1747301856982 3e-05 82
1747301862600 3e-05 83
1747301868200 3e-05 84
1747301873848 3e-05 85
1747301879483 3e-05 86
1747301885128 3e-05 87
1747301890719 3e-05 88
1747301896372 3e-05 89
1747301902006 3e-05 90
1747301907642 3e-05 91
1747301913251 3e-05 92
1747301918898 3e-05 93
1747301924538 3e-05 94
1747301930191 3e-05 95
1747301935832 3e-05 96
1747301941482 3e-05 97
1747301947085 3e-05 98
1747301953023 3e-05 99
1747301958633 3e-05 100
1747301964247 3e-05 101
1747301969857 3e-05 102
1747301975497 3e-05 103
1747301981128 3e-05 104
1747301986756 3e-05 105
1747301992336 3e-05 106
1747301997928 3e-05 107
1747302003511 3e-05 108
1747302009078 3e-05 109
1747302014687 3e-05 110
1747302020298 3e-05 111
1747302025928 3e-05 112
1747302031560 3e-05 113
1747302037132 3e-05 114
1747302042704 3e-05 115
1747302048282 3e-05 116
1747302053872 3e-05 117
1747302059676 3e-05 118
1747302065317 3e-05 119
1747302764198 3e-05 120
1747302769758 3e-05 121
1747302775336 3e-05 122
1747302780914 3e-05 123
1747302786474 3e-05 124
1747302792058 3e-05 125
1747302797644 3e-05 126
1747302803245 3e-05 127
1747302808825 3e-05 128
1747302814408 3e-05 129
1747302819975 3e-05 130
1747302825582 3e-05 131
1747302831155 3e-05 132
1747302836754 3e-05 133
1747302842354 3e-05 134
1747302847934 3e-05 135
1747302853497 3e-05 136
1747302859086 3e-05 137
1747302864648 3e-05 138
1747302870472 3e-05 139
1747302876058 3e-05 140
1747302881640 3e-05 141
1747302887220 3e-05 142
1747302892800 3e-05 143
1747302898380 3e-05 144
1747302903934 3e-05 145
1747302909517 3e-05 146
1747302915104 3e-05 147
1747302920678 3e-05 148
1747302926262 3e-05 149
1747302931852 3e-05 150
1747302937440 3e-05 151
1747302943003 3e-05 152
1747302948595 3e-05 153
1747302954172 3e-05 154
1747302959794 3e-05 155
1747302965390 3e-05 156
1747302970984 3e-05 157
1747302976809 3e-05 158
1747302982373 3e-05 159
1747303679898 3e-05 160
1747303685509 3e-05 161
1747303691119 3e-05 162
1747303696721 3e-05 163
1747303702352 3e-05 164
1747303707982 3e-05 165
1747303713578 3e-05 166
1747303719180 3e-05 167
1747303724765 3e-05 168
1747303730364 3e-05 169
1747303735966 3e-05 170
1747303741545 3e-05 171
1747303747130 3e-05 172
1747303752753 3e-05 173
1747303758325 3e-05 174
1747303763929 3e-05 175
1747303769518 3e-05 176
1747303775117 3e-05 177
1747303780719 3e-05 178
1747303786596 3e-05 179
1747303792209 3e-05 180
1747303797799 3e-05 181
1747303803382 3e-05 182
1747303808987 3e-05 183
1747303814574 3e-05 184
1747303820192 3e-05 185
1747303825750 3e-05 186
1747303831345 3e-05 187
1747303836931 3e-05 188
1747303842532 3e-05 189
1747303848122 3e-05 190
1747303853727 3e-05 191
1747303859293 3e-05 192
1747303864873 3e-05 193
1747303870470 3e-05 194
1747303876083 3e-05 195
1747303881672 3e-05 196
1747303887296 3e-05 197
1747303893121 3e-05 198
1747303898705 3e-05 199
