1751912532890 1.7156338474967263 40
1751912555600 1.6110649955543606 41
1751912578284 1.5733817751434716 42
1751915587472 1.537790658460422 83
1751915610131 1.4685530591417442 84
1751915632819 1.4485471804033627 85
1751918653100 1.454968506639654 126
1751918675742 1.4060472619127145 127
1751918698366 1.3887925838882273 128
1751921732920 1.4214487891982903 169
1751921755492 1.3701905276287685 170
1751921778071 1.3590854741632938 171
1751924812802 1.3792575563896785 212
1751924835365 1.342016973617402 213
1751924858004 1.330429009077224 214
1751927878606 1.3332038650458509 255
1751927901387 1.31849424473264 256
1751927924129 1.3080730438232422 257
1751930938365 1.340050154111602 298
1751930961051 1.3113160272213547 299
1751930983811 1.3001935908740216 300
1751934004759 1.3119564239274373 341
1751934027468 1.2974610382860357 342
1751934050121 1.288906146179546 343
1751937074325 1.2907276885076002 384
1751937097257 1.2763269906016914 385
1751937119920 1.269475680860606 386
1751940159087 1.2802301242270253 427
1751940181769 1.2678051499480552 428
1751940204422 1.2588846507397564 429
1751943254813 1.2732829878276044 470
1751943277693 1.2552928968586705 471
1751943300586 1.2463164122944528 472
1751946330030 1.254562072455883 513
1751946352884 1.2442423721606082 514
1751946375837 1.237515076994896 515
1751949405532 1.2544861705127088 556
1751949428335 1.2361300452189012 557
1751949451717 1.227752686901526 558
1751952490041 1.2408505011011253 599
1751952512763 1.234659141945568 600
1751952535511 1.2241655229167505 601
1751955587126 1.2358633845367215 642
1751955609842 1.2182179872285237 643
1751955632567 1.213750833645463 644
1751958686360 1.2270853720944037 685
1751958709051 1.2127192926339128 686
1751958732316 1.2114748812534593 687
1751961773355 1.215280895544724 728
1751961796177 1.209763444790786 729
1751961819057 1.2061124144291335 730
1751964851298 1.2058649496598677 771
1751964874110 1.201436715539206 772
1751964896937 1.1918649515983732 773
1751967923449 1.2055967170745134 814
1751967946269 1.200232511724938 815
1751967969047 1.1907907941124656 816
1751970997452 1.199070018292828 857
1751971020231 1.183401519432664 858
1751971042992 1.1793877382508733 859
1751974098652 1.1942899156023155 900
1751974121437 1.1796344853937626 901
1751974144171 1.1801157153465531 902
1751977196829 1.1847526558082213 943
1751977219611 1.1781849383630536 944
1751977242325 1.1733767552809282 945
1751980282856 1.1817530545998702 986
1751980305698 1.1783652165057985 987
1751980328208 1.1660056815228679 988
1751983357288 1.1769826075231486 1029
1751983380139 1.1685669264671477 1030
1751983403005 1.1610637727108868 1031
1751986431341 1.1650504979558967 1072
1751986454209 1.1625129275701263 1073
1751986476984 1.1591519200327722 1074
1751989506322 1.1698174505409868 1115
1751989529107 1.1570614300329576 1116
1751989551878 1.1597850002687087 1117
1751992597576 1.1608031271872195 1158
1751992620292 1.1538466682488269 1159
1751992643009 1.1479718141596427 1160
1751995697426 1.1657798219133506 1201
1751995720121 1.1584987056187608 1202
1751995742848 1.149305933578448 1203
1751998781926 1.1577196356586434 1244
1751998804425 1.153909408910708 1245
1751998826866 1.142582968385382 1246
1752001856340 1.152621015906334 1287
1752001879123 1.1473698348484256 1288
1752001901981 1.1461123356764966 1289
1752004943759 1.145350632173094 1330
1752004966558 1.1393046499314634 1331
1752004989382 1.1414590149440549 1332
1752008021391 1.1452111132781615 1373
1752008044160 1.1390944787047126 1374
1752008066918 1.1347904096950183 1375
1752011112817 1.1473869186910717 1416
1752011135543 1.1366851680319419 1417
1752011158300 1.1313370523804969 1418
1752014212512 1.1393471251834522 1459
1752014235300 1.1286302015862681 1460
1752014258025 1.1301114825023846 1461
1752017300062 1.1413980526002971 1502
1752017322561 1.1359319507398389 1503
1752017345053 1.1250777437605641 1504
1752020374543 1.1154838480393996 1545
1752020397473 1.1068639975379815 1546
1752020420334 1.1039096987382933 1547
1752023449577 1.1229218048128216 1588
1752023472371 1.1102668605744839 1589
1752023495186 1.109166662462733 1590
1752026523899 1.1058879162777553 1631
1752026546700 1.1039889063686132 1632
1752026569467 1.1043208590285345 1633
1752029613913 1.105603658340194 1674
1752029636677 1.1016022202304818 1675
1752029659465 1.0996188958260147 1676
1752032713486 1.1001799499446696 1717
1752032736173 1.1028080111877485 1718
1752032758944 1.0929337069392204 1719
1752035812727 1.0990487094968557 1760
1752035835271 1.0959523672407323 1761
1752035857762 1.0933982592753388 1762
1752038888506 1.083709543062882 1803
1752038911374 1.0814865060489287 1804
1752038934229 1.072348370470784 1805
1752041962052 1.075181410563263 1846
1752041984877 1.075362428514795 1847
1752042007668 1.0715887753123587 1848
1752045036871 1.081329365006902 1889
1752045059652 1.0755997400053523 1890
1752045082475 1.07663780704818 1891
1752048124588 1.0716077309440484 1932
1752048147352 1.0696624725718389 1933
1752048170134 1.0755819226191803 1934
1752051225061 1.0758436290039257 1975
1752051247778 1.0731866005808115 1976
1752051270594 1.068379090760242 1977
1752054334009 1.0771323833614588 2018
1752054356503 1.072098966349255 2019
1752054379082 1.068836922333999 2020
1752057433526 1.0681589636951685 2061
1752057457146 1.0635004160417751 2062
1752057479998 1.0601713171398097 2063
1752060510858 1.0676656825975939 2104
1752060533708 1.067050045694817 2105
1752060556572 1.063161383975636 2106
1752063587178 1.0698155867443844 2147
1752063609989 1.0644605215638876 2148
1752063632833 1.0661951249296016 2149
1752066690975 1.0646892701360313 2190
1752066713757 1.0622032829983667 2191
1752066736594 1.0622438569976524 2192
1752069795467 1.0676855294203216 2233
1752069818236 1.0633779718455942 2234
1752069840991 1.0607749928127637 2235
1752072895379 1.0648285436697982 2276
1752072917915 1.0599065744741396 2277
1752072940480 1.0582048163156619 2278
1752075975862 1.0581965549764307 2319
1752075998743 1.0570449031550775 2320
1752076021652 1.0548005442727695 2321
1752079054761 1.0594759817150505 2362
1752079077638 1.056211950934746 2363
1752079100482 1.0541356776586988 2364
