1747304983703 3e-05 0
1747304988055 3e-05 1
1747304992631 3e-05 2
1747304996973 3e-05 3
1747305001296 3e-05 4
1747305005614 3e-05 5
1747305010201 3e-05 6
1747305014535 3e-05 7
1747305018873 3e-05 8
1747305023477 3e-05 9
1747305027848 3e-05 10
1747305032208 3e-05 11
1747305036548 3e-05 12
1747305041084 3e-05 13
1747305045397 3e-05 14
1747305049690 3e-05 15
1747305054236 3e-05 16
1747305058602 3e-05 17
1747305062945 3e-05 18
1747305067506 3e-05 19
1747305072061 3e-05 20
1747305076436 3e-05 21
1747305080812 3e-05 22
1747305085404 3e-05 23
1747305089771 3e-05 24
1747305094170 3e-05 25
1747305098528 3e-05 26
1747305103131 3e-05 27
1747305107511 3e-05 28
1747305111868 3e-05 29
1747305116460 3e-05 30
1747305120827 3e-05 31
1747305125146 3e-05 32
1747305129507 3e-05 33
1747305134106 3e-05 34
1747305138481 3e-05 35
1747305142830 3e-05 36
1747305147436 3e-05 37
1747305152015 3e-05 38
1747305156374 3e-05 39
1747305690852 3e-05 40
1747305695199 3e-05 41
1747305699218 3e-05 42
1747305703853 3e-05 43
1747305707857 3e-05 44
1747305712452 3e-05 45
1747305716465 3e-05 46
1747305721096 3e-05 47
1747305725065 3e-05 48
1747305729680 3e-05 49
1747305733675 3e-05 50
1747305738265 3e-05 51
1747305742222 3e-05 52
1747305746798 3e-05 53
1747305750733 3e-05 54
1747305755298 3e-05 55
1747305759231 3e-05 56
1747305763785 3e-05 57
1747305767774 3e-05 58
1747305772563 3e-05 59
1747305776846 3e-05 60
1747305781108 3e-05 61
1747305785382 3e-05 62
1747305789657 3e-05 63
1747305793921 3e-05 64
1747305798179 3e-05 65
1747305802430 3e-05 66
1747305806704 3e-05 67
1747305810974 3e-05 68
1747305815273 3e-05 69
1747305819610 3e-05 70
1747305823913 3e-05 71
1747305828230 3e-05 72
1747305832492 3e-05 73
1747305836796 3e-05 74
1747305841114 3e-05 75
1747305845407 3e-05 76
1747305849730 3e-05 77
1747305854239 3e-05 78
1747305858571 3e-05 79
1747306399896 3e-05 80
1747306404215 3e-05 81
1747306408623 3e-05 82
1747306413018 3e-05 83
1747306417390 3e-05 84
1747306421692 3e-05 85
1747306426053 3e-05 86
1747306430446 3e-05 87
1747306434807 3e-05 88
1747306439181 3e-05 89
1747306443563 3e-05 90
1747306447938 3e-05 91
1747306452345 3e-05 92
1747306456706 3e-05 93
1747306461082 3e-05 94
1747306465436 3e-05 95
1747306469801 3e-05 96
1747306474155 3e-05 97
1747306478553 3e-05 98
1747306483155 3e-05 99
1747306487539 3e-05 100
1747306491942 3e-05 101
1747306496319 3e-05 102
1747306500688 3e-05 103
1747306505069 3e-05 104
1747306509449 3e-05 105
1747306513821 3e-05 106
1747306518171 3e-05 107
1747306522529 3e-05 108
1747306526886 3e-05 109
1747306531205 3e-05 110
1747306535519 3e-05 111
1747306539847 3e-05 112
1747306544162 3e-05 113
1747306548524 3e-05 114
1747306552891 3e-05 115
1747306557252 3e-05 116
1747306561599 3e-05 117
1747306566140 3e-05 118
1747306570454 3e-05 119
1747307139262 3e-05 120
1747307146847 3e-05 121
1747307153524 3e-05 122
1747307159623 3e-05 123
1747307165668 3e-05 124
1747307171051 3e-05 125
1747307175814 3e-05 126
1747307180272 3e-05 127
1747307185036 3e-05 128
1747307189597 3e-05 129
1747307194273 3e-05 130
1747307198861 3e-05 131
1747307203157 3e-05 132
1747307207629 3e-05 133
1747307212057 3e-05 134
1747307216439 3e-05 135
1747307220844 3e-05 136
1747307225244 3e-05 137
1747307229622 3e-05 138
1747307234209 3e-05 139
1747307238515 3e-05 140
1747307242806 3e-05 141
1747307247092 3e-05 142
1747307251369 3e-05 143
1747307255629 3e-05 144
1747307259888 3e-05 145
1747307264130 3e-05 146
1747307268365 3e-05 147
1747307272620 3e-05 148
1747307276953 3e-05 149
1747307281303 3e-05 150
1747307285652 3e-05 151
1747307290026 3e-05 152
1747307294353 3e-05 153
1747307298655 3e-05 154
1747307302927 3e-05 155
1747307307226 3e-05 156
1747307311582 3e-05 157
1747307316122 3e-05 158
1747307320427 3e-05 159
1747307863996 3e-05 160
1747307868336 3e-05 161
1747307872695 3e-05 162
1747307877062 3e-05 163
1747307881410 3e-05 164
1747307885697 3e-05 165
1747307890036 3e-05 166
1747307894395 3e-05 167
1747307898757 3e-05 168
1747307903093 3e-05 169
1747307907431 3e-05 170
1747307911789 3e-05 171
1747307916164 3e-05 172
1747307920583 3e-05 173
1747307924984 3e-05 174
1747307929398 3e-05 175
1747307933788 3e-05 176
1747307938154 3e-05 177
1747307942507 3e-05 178
1747307947057 3e-05 179
1747307951446 3e-05 180
1747307955884 3e-05 181
1747307960280 3e-05 182
1747307964634 3e-05 183
1747307969038 3e-05 184
1747307973399 3e-05 185
1747307977791 3e-05 186
1747307982141 3e-05 187
1747307986428 3e-05 188
1747307990781 3e-05 189
1747307995154 3e-05 190
1747307999523 3e-05 191
1747308003916 3e-05 192
1747308008309 3e-05 193
1747308012721 3e-05 194
1747308017123 3e-05 195
1747308021520 3e-05 196
1747308025923 3e-05 197
1747308030521 3e-05 198
1747308034902 3e-05 199
1747308579072 3e-05 200
1747308583441 3e-05 201
1747308587802 3e-05 202
1747308592163 3e-05 203
1747308596503 3e-05 204
1747308600907 3e-05 205
1747308605281 3e-05 206
1747308609676 3e-05 207
1747308614083 3e-05 208
1747308618461 3e-05 209
1747308622882 3e-05 210
1747308627297 3e-05 211
1747308631696 3e-05 212
1747308636077 3e-05 213
1747308640489 3e-05 214
1747308644898 3e-05 215
1747308649283 3e-05 216
1747308653630 3e-05 217
1747308657986 3e-05 218
1747308662596 3e-05 219
1747308666977 3e-05 220
1747308671353 3e-05 221
1747308675704 3e-05 222
1747308680063 3e-05 223
1747308684461 3e-05 224
1747308688844 3e-05 225
1747308693205 3e-05 226
1747308697548 3e-05 227
1747308701924 3e-05 228
1747308706289 3e-05 229
1747308710662 3e-05 230
1747308715058 3e-05 231
1747308719473 3e-05 232
1747308723893 3e-05 233
1747308728299 3e-05 234
1747308732699 3e-05 235
1747308737091 3e-05 236
1747308741463 3e-05 237
1747308746028 3e-05 238
1747308750424 3e-05 239
1747309290615 3e-05 240
1747309294975 3e-05 241
1747309299282 3e-05 242
1747309303598 3e-05 243
1747309307906 3e-05 244
1747309312297 3e-05 245
1747309316684 3e-05 246
1747309320993 3e-05 247
1747309325275 3e-05 248
1747309329623 3e-05 249
1747309333988 3e-05 250
1747309338345 3e-05 251
1747309342674 3e-05 252
1747309346931 3e-05 253
1747309351315 3e-05 254
1747309355724 3e-05 255
1747309360119 3e-05 256
1747309364469 3e-05 257
1747309368754 3e-05 258
1747309373229 3e-05 259
1747309377821 3e-05 260
1747309381798 3e-05 261
1747309386386 3e-05 262
1747309390380 3e-05 263
1747309394964 3e-05 264
1747309398940 3e-05 265
1747309403231 3e-05 266
1747309407493 3e-05 267
1747309411827 3e-05 268
1747309416103 3e-05 269
1747309420460 3e-05 270
1747309424767 3e-05 271
1747309429100 3e-05 272
1747309433438 3e-05 273
1747309437755 3e-05 274
1747309442155 3e-05 275
1747309446467 3e-05 276
1747309450853 3e-05 277
1747309455493 3e-05 278
1747309460222 3e-05 279
1747310002516 3e-05 280
1747310006882 3e-05 281
1747310011291 3e-05 282
1747310015700 3e-05 283
1747310020073 3e-05 284
1747310024191 3e-05 285
1747310028877 3e-05 286
1747310032942 3e-05 287
1747310037599 3e-05 288
1747310041670 3e-05 289
1747310046321 3e-05 290
1747310050374 3e-05 291
1747310055011 3e-05 292
1747310058983 3e-05 293
1747310063676 3e-05 294
1747310067677 3e-05 295
1747310072389 3e-05 296
1747310076472 3e-05 297
1747310081150 3e-05 298
1747310085781 3e-05 299
1747310090147 3e-05 300
1747310094539 3e-05 301
1747310098934 3e-05 302
1747310103309 3e-05 303
1747310107632 3e-05 304
1747310112006 3e-05 305
1747310116361 3e-05 306
1747310120731 3e-05 307
1747310125098 3e-05 308
1747310129436 3e-05 309
1747310133851 3e-05 310
1747310138175 3e-05 311
1747310142555 3e-05 312
1747310146871 3e-05 313
1747310151183 3e-05 314
1747310155475 3e-05 315
1747310159803 3e-05 316
1747310164107 3e-05 317
1747310168618 3e-05 318
1747310172964 3e-05 319
1747310709516 3e-05 320
1747310713797 3e-05 321
1747310718085 3e-05 322
1747310722383 3e-05 323
1747310726676 3e-05 324
1747310730952 3e-05 325
1747310735215 3e-05 326
1747310739486 3e-05 327
1747310743785 3e-05 328
1747310748032 3e-05 329
1747310752301 3e-05 330
1747310756574 3e-05 331
1747310760851 3e-05 332
1747310765134 3e-05 333
1747310769411 3e-05 334
1747310773735 3e-05 335
1747310778007 3e-05 336
1747310782281 3e-05 337
1747310786581 3e-05 338
1747310791079 3e-05 339
1747310795351 3e-05 340
1747310799617 3e-05 341
1747310803897 3e-05 342
1747310808173 3e-05 343
1747310812472 3e-05 344
1747310816762 3e-05 345
1747310821031 3e-05 346
1747310825308 3e-05 347
1747310829588 3e-05 348
1747310833924 3e-05 349
1747310838220 3e-05 350
1747310842532 3e-05 351
1747310846841 3e-05 352
1747310851126 3e-05 353
1747310855427 3e-05 354
1747310859708 3e-05 355
1747310864018 3e-05 356
1747310868279 3e-05 357
1747310872741 3e-05 358
1747310876966 3e-05 359
1747311414140 3e-05 360
1747311418475 3e-05 361
1747311422749 3e-05 362
1747311427004 3e-05 363
1747311431274 3e-05 364
1747311435583 3e-05 365
1747311439827 3e-05 366
1747311444116 3e-05 367
1747311448367 3e-05 368
1747311452660 3e-05 369
1747311456932 3e-05 370
1747311461201 3e-05 371
1747311465461 3e-05 372
1747311469721 3e-05 373
1747311474068 3e-05 374
1747311478323 3e-05 375
1747311482620 3e-05 376
1747311486908 3e-05 377
1747311491180 3e-05 378
1747311495649 3e-05 379
1747311499881 3e-05 380
1747311504224 3e-05 381
1747311508504 3e-05 382
1747311512816 3e-05 383
1747311517112 3e-05 384
1747311521395 3e-05 385
1747311525664 3e-05 386
1747311529916 3e-05 387
1747311534203 3e-05 388
1747311538484 3e-05 389
1747311542809 3e-05 390
1747311547164 3e-05 391
1747311551494 3e-05 392
1747311555852 3e-05 393
1747311560170 3e-05 394
1747311564485 3e-05 395
1747311568812 3e-05 396
1747311573143 3e-05 397
1747311577728 3e-05 398
1747311582069 3e-05 399
1747312120823 3e-05 400
1747312125118 3e-05 401
1747312129381 3e-05 402
1747312133696 3e-05 403
1747312137955 3e-05 404
1747312142237 3e-05 405
1747312146599 3e-05 406
1747312150905 3e-05 407
1747312155239 3e-05 408
1747312159613 3e-05 409
1747312163974 3e-05 410
1747312168344 3e-05 411
1747312172665 3e-05 412
1747312177050 3e-05 413
1747312181337 3e-05 414
1747312185657 3e-05 415
1747312189958 3e-05 416
1747312194296 3e-05 417
1747312198663 3e-05 418
1747312203208 3e-05 419
1747312207564 3e-05 420
1747312211859 3e-05 421
1747312216269 3e-05 422
1747312220657 3e-05 423
1747312225051 3e-05 424
1747312229414 3e-05 425
1747312233786 3e-05 426
1747312238186 3e-05 427
1747312242575 3e-05 428
1747312246874 3e-05 429
1747312251173 3e-05 430
1747312255526 3e-05 431
1747312259807 3e-05 432
1747312264148 3e-05 433
1747312268473 3e-05 434
1747312272771 3e-05 435
1747312277187 3e-05 436
1747312281524 3e-05 437
1747312286079 3e-05 438
1747312290456 3e-05 439
1747312826648 3e-05 440
1747312830940 3e-05 441
1747312835290 3e-05 442
1747312839635 3e-05 443
1747312843975 3e-05 444
1747312848272 3e-05 445
1747312852558 3e-05 446
1747312856903 3e-05 447
1747312861185 3e-05 448
1747312865502 3e-05 449
1747312869854 3e-05 450
1747312874181 3e-05 451
1747312878508 3e-05 452
1747312882833 3e-05 453
1747312887211 3e-05 454
1747312891484 3e-05 455
1747312895836 3e-05 456
1747312900157 3e-05 457
1747312904467 3e-05 458
1747312909038 3e-05 459
1747312913386 3e-05 460
1747312917786 3e-05 461
1747312922122 3e-05 462
1747312926519 3e-05 463
1747312930895 3e-05 464
1747312935298 3e-05 465
1747312939688 3e-05 466
1747312944080 3e-05 467
1747312948466 3e-05 468
1747312952849 3e-05 469
1747312957246 3e-05 470
1747312961630 3e-05 471
1747312965963 3e-05 472
1747312970289 3e-05 473
1747312974594 3e-05 474
1747312978956 3e-05 475
1747312983242 3e-05 476
1747312987600 3e-05 477
1747312992124 3e-05 478
1747312996487 3e-05 479
1747313533428 3e-05 480
1747313537763 3e-05 481
1747313542083 3e-05 482
1747313546434 3e-05 483
1747313550742 3e-05 484
1747313555017 3e-05 485
1747313559370 3e-05 486
1747313563717 3e-05 487
1747313568056 3e-05 488
1747313572377 3e-05 489
1747313576706 3e-05 490
1747313581033 3e-05 491
1747313585325 3e-05 492
1747313589653 3e-05 493
1747313593919 3e-05 494
1747313598204 3e-05 495
1747313602447 3e-05 496
1747313606742 3e-05 497
1747313611068 3e-05 498
1747313615636 3e-05 499
1747313619941 3e-05 500
1747313624241 3e-05 501
1747313628613 3e-05 502
1747313632863 3e-05 503
1747313637162 3e-05 504
1747313641479 3e-05 505
1747313645786 3e-05 506
1747313650157 3e-05 507
1747313654483 3e-05 508
1747313658827 3e-05 509
1747313663185 3e-05 510
1747313667510 3e-05 511
1747313671834 3e-05 512
1747313676119 3e-05 513
1747313680397 3e-05 514
1747313684650 3e-05 515
1747313688985 3e-05 516
1747313693242 3e-05 517
1747313697760 3e-05 518
1747313701993 3e-05 519
1747314237399 3e-05 520
1747314241659 3e-05 521
1747314245919 3e-05 522
1747314250302 3e-05 523
1747314254683 3e-05 524
1747314259060 3e-05 525
1747314263422 3e-05 526
1747314267809 3e-05 527
1747314272150 3e-05 528
1747314276508 3e-05 529
1747314280914 3e-05 530
1747314285258 3e-05 531
1747314289636 3e-05 532
1747314294057 3e-05 533
1747314298426 3e-05 534
1747314302757 3e-05 535
1747314307064 3e-05 536
1747314311378 3e-05 537
1747314315672 3e-05 538
1747314320242 3e-05 539
1747314324549 3e-05 540
1747314328898 3e-05 541
1747314333201 3e-05 542
1747314337505 3e-05 543
1747314341886 3e-05 544
1747314346279 3e-05 545
1747314350613 3e-05 546
1747314354881 3e-05 547
1747314359206 3e-05 548
1747314363523 3e-05 549
1747314367880 3e-05 550
1747314372260 3e-05 551
1747314376593 3e-05 552
1747314380909 3e-05 553
1747314385194 3e-05 554
1747314389545 3e-05 555
1747314393903 3e-05 556
1747314398254 3e-05 557
1747314402774 3e-05 558
1747314407104 3e-05 559
1747314945621 3e-05 560
1747314949978 3e-05 561
1747314954266 3e-05 562
1747314958559 3e-05 563
1747314962843 3e-05 564
1747314967123 3e-05 565
1747314971408 3e-05 566
1747314975658 3e-05 567
1747314980017 3e-05 568
1747314984300 3e-05 569
1747314988591 3e-05 570
1747314992860 3e-05 571
1747314997159 3e-05 572
1747315001472 3e-05 573
1747315005738 3e-05 574
1747315010096 3e-05 575
1747315014414 3e-05 576
1747315018741 3e-05 577
1747315023027 3e-05 578
1747315027527 3e-05 579
1747315031819 3e-05 580
1747315036122 3e-05 581
1747315040397 3e-05 582
1747315044677 3e-05 583
1747315048967 3e-05 584
1747315053248 3e-05 585
1747315057544 3e-05 586
1747315061835 3e-05 587
1747315066101 3e-05 588
1747315070427 3e-05 589
1747315074692 3e-05 590
1747315079034 3e-05 591
1747315083317 3e-05 592
1747315087619 3e-05 593
1747315091886 3e-05 594
1747315096164 3e-05 595
1747315100457 3e-05 596
1747315104746 3e-05 597
1747315109215 3e-05 598
1747315113449 3e-05 599
1747315649838 3e-05 600
1747315654157 3e-05 601
1747315658428 3e-05 602
1747315662718 3e-05 603
1747315667004 3e-05 604
1747315671296 3e-05 605
1747315675567 3e-05 606
1747315679858 3e-05 607
1747315684100 3e-05 608
1747315688420 3e-05 609
1747315692700 3e-05 610
1747315696979 3e-05 611
1747315701282 3e-05 612
1747315705557 3e-05 613
1747315709889 3e-05 614
1747315714235 3e-05 615
1747315718548 3e-05 616
1747315722830 3e-05 617
1747315727106 3e-05 618
1747315731658 3e-05 619
1747315735947 3e-05 620
1747315740295 3e-05 621
1747315744600 3e-05 622
1747315748922 3e-05 623
1747315753239 3e-05 624
1747315757508 3e-05 625
1747315761838 3e-05 626
1747315766121 3e-05 627
1747315770512 3e-05 628
1747315774796 3e-05 629
1747315779064 3e-05 630
1747315783315 3e-05 631
1747315787612 3e-05 632
1747315791965 3e-05 633
1747315796244 3e-05 634
1747315800605 3e-05 635
1747315804894 3e-05 636
1747315809224 3e-05 637
1747315813707 3e-05 638
1747315818007 3e-05 639
1747316355059 3e-05 640
1747316359393 3e-05 641
1747316363721 3e-05 642
1747316368047 3e-05 643
1747316372402 3e-05 644
1747316376709 3e-05 645
1747316381050 3e-05 646
1747316385362 3e-05 647
1747316389664 3e-05 648
1747316393980 3e-05 649
1747316398264 3e-05 650
1747316402573 3e-05 651
1747316406881 3e-05 652
1747316411249 3e-05 653
1747316415555 3e-05 654
1747316419893 3e-05 655
1747316424242 3e-05 656
1747316428557 3e-05 657
1747316432905 3e-05 658
1747316437430 3e-05 659
1747316441788 3e-05 660
1747316446055 3e-05 661
1747316450378 3e-05 662
1747316454678 3e-05 663
1747316459009 3e-05 664
1747316463315 3e-05 665
1747316467603 3e-05 666
1747316471935 3e-05 667
1747316476228 3e-05 668
1747316480585 3e-05 669
1747316484903 3e-05 670
1747316489235 3e-05 671
1747316493643 3e-05 672
1747316498021 3e-05 673
1747316502321 3e-05 674
1747316506581 3e-05 675
1747316510940 3e-05 676
1747316515243 3e-05 677
1747316519795 3e-05 678
1747316524179 3e-05 679
1747317061079 3e-05 680
1747317065372 3e-05 681
1747317069665 3e-05 682
1747317073932 3e-05 683
1747317078185 3e-05 684
1747317082535 3e-05 685
1747317086866 3e-05 686
1747317091170 3e-05 687
1747317095416 3e-05 688
1747317099711 3e-05 689
1747317104041 3e-05 690
1747317108386 3e-05 691
1747317112670 3e-05 692
1747317116894 3e-05 693
1747317121206 3e-05 694
1747317125538 3e-05 695
1747317129834 3e-05 696
1747317134178 3e-05 697
1747317138517 3e-05 698
1747317143026 3e-05 699
1747317147273 3e-05 700
1747317151592 3e-05 701
1747317155944 3e-05 702
1747317160262 3e-05 703
1747317164591 3e-05 704
1747317168849 3e-05 705
1747317173175 3e-05 706
1747317177461 3e-05 707
1747317181788 3e-05 708
1747317186063 3e-05 709
1747317190385 3e-05 710
1747317194665 3e-05 711
1747317198904 3e-05 712
1747317203218 3e-05 713
1747317207560 3e-05 714
1747317211893 3e-05 715
1747317216250 3e-05 716
1747317220584 3e-05 717
1747317225084 3e-05 718
1747317229364 3e-05 719
1747317762739 3e-05 720
1747317767015 3e-05 721
1747317771279 3e-05 722
1747317775526 3e-05 723
1747317779761 3e-05 724
1747317784012 3e-05 725
1747317788240 3e-05 726
1747317792515 3e-05 727
1747317796760 3e-05 728
1747317801021 3e-05 729
1747317805307 3e-05 730
1747317809553 3e-05 731
1747317813855 3e-05 732
1747317818131 3e-05 733
1747317822395 3e-05 734
1747317826632 3e-05 735
1747317830871 3e-05 736
1747317835146 3e-05 737
1747317839391 3e-05 738
1747317843908 3e-05 739
1747317848156 3e-05 740
1747317852400 3e-05 741
1747317856647 3e-05 742
1747317860895 3e-05 743
1747317865170 3e-05 744
1747317869372 3e-05 745
1747317873626 3e-05 746
1747317877858 3e-05 747
1747317882126 3e-05 748
1747317886376 3e-05 749
1747317890666 3e-05 750
1747317894989 3e-05 751
1747317899242 3e-05 752
1747317903530 3e-05 753
1747317907787 3e-05 754
1747317912074 3e-05 755
1747317916346 3e-05 756
1747317920597 3e-05 757
1747317925072 3e-05 758
1747317929311 3e-05 759
1747318462977 3e-05 760
1747318467286 3e-05 761
1747318471567 3e-05 762
1747318475866 3e-05 763
1747318480460 3e-05 764
1747318484498 3e-05 765
1747318489162 3e-05 766
1747318493125 3e-05 767
1747318497700 3e-05 768
1747318501968 3e-05 769
1747318506272 3e-05 770
1747318510542 3e-05 771
1747318514883 3e-05 772
1747318519206 3e-05 773
1747318523540 3e-05 774
1747318527877 3e-05 775
1747318532238 3e-05 776
1747318536578 3e-05 777
1747318540917 3e-05 778
1747318545448 3e-05 779
1747318549727 3e-05 780
1747318554100 3e-05 781
1747318558411 3e-05 782
1747318562749 3e-05 783
1747318567136 3e-05 784
1747318571505 3e-05 785
1747318575899 3e-05 786
1747318580290 3e-05 787
1747318584685 3e-05 788
1747318589080 3e-05 789
1747318593120 3e-05 790
1747318597443 3e-05 791
1747318601793 3e-05 792
1747318606159 3e-05 793
1747318610485 3e-05 794
1747318614900 3e-05 795
1747318619268 3e-05 796
1747318623676 3e-05 797
1747318628584 3e-05 798
1747318632945 3e-05 799
1747319173167 3e-05 800
1747319177523 3e-05 801
1747319181837 3e-05 802
1747319186093 3e-05 803
1747319190356 3e-05 804
1747319194698 3e-05 805
1747319199078 3e-05 806
1747319203414 3e-05 807
1747319207814 3e-05 808
1747319212271 3e-05 809
1747319216649 3e-05 810
1747319220984 3e-05 811
1747319225364 3e-05 812
1747319229743 3e-05 813
1747319234877 3e-05 814
1747319239258 3e-05 815
1747319243664 3e-05 816
1747319248084 3e-05 817
1747319252492 3e-05 818
1747319257111 3e-05 819
1747319261493 3e-05 820
1747319265922 3e-05 821
1747319270300 3e-05 822
1747319274689 3e-05 823
1747319278962 3e-05 824
1747319283295 3e-05 825
1747319287649 3e-05 826
1747319291979 3e-05 827
1747319296364 3e-05 828
1747319300735 3e-05 829
1747319305120 3e-05 830
1747319309521 3e-05 831
1747319313892 3e-05 832
1747319318270 3e-05 833
1747319322632 3e-05 834
1747319327014 3e-05 835
1747319331319 3e-05 836
1747319335713 3e-05 837
1747319340318 3e-05 838
1747319344712 3e-05 839
1747319884137 3e-05 840
1747319888508 3e-05 841
1747319892866 3e-05 842
1747319897255 3e-05 843
1747319901626 3e-05 844
1747319905972 3e-05 845
1747319910276 3e-05 846
1747319914585 3e-05 847
1747319918922 3e-05 848
1747319923256 3e-05 849
1747319927645 3e-05 850
1747319932012 3e-05 851
1747319936392 3e-05 852
1747319940758 3e-05 853
1747319945126 3e-05 854
1747319949461 3e-05 855
1747319953814 3e-05 856
1747319958193 3e-05 857
1747319962597 3e-05 858
1747319967189 3e-05 859
1747319971492 3e-05 860
1747319975873 3e-05 861
1747319980258 3e-05 862
1747319984632 3e-05 863
1747319989019 3e-05 864
1747319993371 3e-05 865
1747319997697 3e-05 866
1747320001971 3e-05 867
1747320006278 3e-05 868
1747320010568 3e-05 869
1747320014897 3e-05 870
1747320019266 3e-05 871
1747320023632 3e-05 872
1747320027995 3e-05 873
1747320032325 3e-05 874
1747320036702 3e-05 875
1747320041014 3e-05 876
1747320045375 3e-05 877
1747320049970 3e-05 878
1747320054348 3e-05 879
1747320594042 3e-05 880
1747320598362 3e-05 881
1747320602643 3e-05 882
1747320606991 3e-05 883
1747320611402 3e-05 884
1747320615808 3e-05 885
1747320620216 3e-05 886
1747320624611 3e-05 887
1747320628936 3e-05 888
1747320633248 3e-05 889
1747320637606 3e-05 890
1747320641995 3e-05 891
1747320646349 3e-05 892
1747320650613 3e-05 893
1747320654918 3e-05 894
1747320659278 3e-05 895
1747320663659 3e-05 896
1747320668023 3e-05 897
1747320672373 3e-05 898
1747320676931 3e-05 899
1747320681307 3e-05 900
1747320685702 3e-05 901
1747320690082 3e-05 902
1747320694474 3e-05 903
1747320698875 3e-05 904
1747320703152 3e-05 905
1747320707536 3e-05 906
1747320711900 3e-05 907
1747320716263 3e-05 908
1747320720542 3e-05 909
1747320724843 3e-05 910
1747320729203 3e-05 911
1747320733551 3e-05 912
1747320737936 3e-05 913
1747320742300 3e-05 914
1747320746583 3e-05 915
1747320750863 3e-05 916
1747320755191 3e-05 917
1747320759791 3e-05 918
1747320764151 3e-05 919
1747321305070 3e-05 920
1747321309416 3e-05 921
1747321313802 3e-05 922
1747321318147 3e-05 923
1747321322426 3e-05 924
1747321326774 3e-05 925
1747321331117 3e-05 926
1747321335414 3e-05 927
1747321339805 3e-05 928
1747321344143 3e-05 929
1747321348532 3e-05 930
1747321352858 3e-05 931
1747321357199 3e-05 932
1747321361542 3e-05 933
1747321365934 3e-05 934
1747321370315 3e-05 935
1747321374639 3e-05 936
1747321378698 3e-05 937
1747321383048 3e-05 938
1747321387929 3e-05 939
1747321392006 3e-05 940
1747321396385 3e-05 941
1747321400695 3e-05 942
1747321404998 3e-05 943
1747321409315 3e-05 944
1747321413628 3e-05 945
1747321417969 3e-05 946
1747321422254 3e-05 947
1747321426564 3e-05 948
1747321430906 3e-05 949
1747321435181 3e-05 950
1747321439468 3e-05 951
1747321443739 3e-05 952
1747321448103 3e-05 953
1747321452503 3e-05 954
1747321456879 3e-05 955
1747321461246 3e-05 956
1747321465600 3e-05 957
1747321470203 3e-05 958
1747321474506 3e-05 959
1747322016359 3e-05 960
1747322020767 3e-05 961
1747322025198 3e-05 962
1747322029542 3e-05 963
1747322033890 3e-05 964
1747322038275 3e-05 965
1747322042594 3e-05 966
1747322046942 3e-05 967
1747322051356 3e-05 968
1747322055637 3e-05 969
1747322059998 3e-05 970
1747322064347 3e-05 971
1747322068706 3e-05 972
1747322073031 3e-05 973
1747322077359 3e-05 974
1747322081670 3e-05 975
1747322086016 3e-05 976
1747322090422 3e-05 977
1747322094720 3e-05 978
1747322099258 3e-05 979
1747322103507 3e-05 980
1747322107819 3e-05 981
1747322112188 3e-05 982
1747322116541 3e-05 983
1747322120891 3e-05 984
1747322125223 3e-05 985
1747322129579 3e-05 986
1747322133938 3e-05 987
1747322138299 3e-05 988
1747322142658 3e-05 989
1747322146996 3e-05 990
1747322151290 3e-05 991
1747322155590 3e-05 992
1747322159955 3e-05 993
1747322164255 3e-05 994
1747322168624 3e-05 995
1747322172993 3e-05 996
1747322177364 3e-05 997
1747322181976 3e-05 998
1747322186389 3e-05 999
1747322728511 3e-05 1000
1747322732850 3e-05 1001
1747322737180 3e-05 1002
1747322741558 3e-05 1003
1747322745889 3e-05 1004
1747322750274 3e-05 1005
1747322754673 3e-05 1006
1747322759074 3e-05 1007
1747322763448 3e-05 1008
1747322767818 3e-05 1009
1747322772143 3e-05 1010
1747322776448 3e-05 1011
1747322780846 3e-05 1012
1747322785143 3e-05 1013
1747322789526 3e-05 1014
1747322793875 3e-05 1015
1747322798222 3e-05 1016
1747322802631 3e-05 1017
1747322807025 3e-05 1018
1747322811631 3e-05 1019
1747322816009 3e-05 1020
1747322820363 3e-05 1021
1747322824712 3e-05 1022
1747322829095 3e-05 1023
1747322833483 3e-05 1024
1747322837885 3e-05 1025
1747322842292 3e-05 1026
1747322846658 3e-05 1027
1747322851055 3e-05 1028
1747322855457 3e-05 1029
1747322859829 3e-05 1030
1747322864133 3e-05 1031
1747322868439 3e-05 1032
1747322872783 3e-05 1033
1747322877121 3e-05 1034
1747322881522 3e-05 1035
1747322885886 3e-05 1036
1747322890275 3e-05 1037
1747322894860 3e-05 1038
1747322899266 3e-05 1039
1747323443673 3e-05 1040
1747323448063 3e-05 1041
1747323452425 3e-05 1042
1747323456724 3e-05 1043
1747323461128 3e-05 1044
1747323465499 3e-05 1045
1747323469901 3e-05 1046
1747323474287 3e-05 1047
1747323478676 3e-05 1048
1747323482983 3e-05 1049
1747323487286 3e-05 1050
1747323491599 3e-05 1051
1747323495908 3e-05 1052
1747323500244 3e-05 1053
1747323504640 3e-05 1054
1747323509016 3e-05 1055
1747323513424 3e-05 1056
1747323517773 3e-05 1057
1747323522166 3e-05 1058
1747323526739 3e-05 1059
1747323531161 3e-05 1060
1747323535494 3e-05 1061
1747323539894 3e-05 1062
1747323544273 3e-05 1063
1747323548681 3e-05 1064
1747323553092 3e-05 1065
1747323557509 3e-05 1066
1747323561921 3e-05 1067
1747323566324 3e-05 1068
1747323570713 3e-05 1069
1747323575104 3e-05 1070
1747323579486 3e-05 1071
1747323583876 3e-05 1072
1747323588210 3e-05 1073
1747323592591 3e-05 1074
1747323596970 3e-05 1075
1747323601321 3e-05 1076
1747323605644 3e-05 1077
1747323610195 3e-05 1078
1747323614466 3e-05 1079
1747324154985 3e-05 1080
1747324159322 3e-05 1081
1747324163715 3e-05 1082
1747324168070 3e-05 1083
1747324172424 3e-05 1084
1747324176763 3e-05 1085
1747324181103 3e-05 1086
1747324185417 3e-05 1087
1747324189769 3e-05 1088
1747324194140 3e-05 1089
1747324198529 3e-05 1090
1747324202865 3e-05 1091
1747324207166 3e-05 1092
1747324211521 3e-05 1093
1747324215803 3e-05 1094
1747324220138 3e-05 1095
1747324224528 3e-05 1096
1747324228942 3e-05 1097
1747324233299 3e-05 1098
1747324237769 3e-05 1099
1747324242142 3e-05 1100
1747324246536 3e-05 1101
1747324250931 3e-05 1102
1747324255330 3e-05 1103
1747324259681 3e-05 1104
1747324264040 3e-05 1105
1747324268387 3e-05 1106
1747324272762 3e-05 1107
1747324277106 3e-05 1108
1747324281456 3e-05 1109
1747324285826 3e-05 1110
1747324290180 3e-05 1111
1747324294591 3e-05 1112
1747324298983 3e-05 1113
1747324303366 3e-05 1114
1747324307697 3e-05 1115
1747324312070 3e-05 1116
1747324316435 3e-05 1117
1747324321016 1.5e-05 1118
1747324325326 1.5e-05 1119
1747324866735 3e-05 1120
1747324871094 3e-05 1121
1747324875491 3e-05 1122
1747324879883 3e-05 1123
1747324884273 3e-05 1124
1747324888647 3e-05 1125
1747324893001 3e-05 1126
1747324897382 3e-05 1127
1747324901745 3e-05 1128
1747324906158 3e-05 1129
1747324910537 3e-05 1130
1747324914927 3e-05 1131
1747324919263 3e-05 1132
1747324923617 3e-05 1133
1747324927899 3e-05 1134
1747324932258 3e-05 1135
1747324936642 3e-05 1136
1747324941024 3e-05 1137
1747324945360 3e-05 1138
1747324949908 3e-05 1139
1747324954269 3e-05 1140
1747324958588 3e-05 1141
1747324962941 3e-05 1142
1747324967270 3e-05 1143
1747324971661 3e-05 1144
1747324976015 3e-05 1145
1747324980390 3e-05 1146
1747324984763 3e-05 1147
1747324989107 3e-05 1148
1747324993498 3e-05 1149
1747324997890 3e-05 1150
1747325002257 3e-05 1151
1747325006631 3e-05 1152
1747325011021 3e-05 1153
1747325015354 3e-05 1154
1747325019687 3e-05 1155
1747325024065 3e-05 1156
1747325028372 3e-05 1157
1747325032955 3e-05 1158
1747325037331 3e-05 1159
1747325578108 3e-05 1160
1747325582379 3e-05 1161
1747325586655 3e-05 1162
1747325590951 3e-05 1163
1747325595210 3e-05 1164
1747325599470 3e-05 1165
1747325603730 3e-05 1166
1747325607990 3e-05 1167
1747325612252 3e-05 1168
1747325616518 3e-05 1169
1747325620812 3e-05 1170
1747325625066 3e-05 1171
1747325629353 3e-05 1172
1747325633626 3e-05 1173
1747325637905 3e-05 1174
1747325642194 3e-05 1175
1747325646484 3e-05 1176
1747325650769 3e-05 1177
1747325655042 3e-05 1178
1747325659518 3e-05 1179
1747325663810 3e-05 1180
1747325668090 3e-05 1181
1747325672371 3e-05 1182
1747325676645 3e-05 1183
1747325680923 3e-05 1184
1747325685212 3e-05 1185
1747325689493 3e-05 1186
1747325693782 3e-05 1187
1747325698084 3e-05 1188
1747325702368 3e-05 1189
1747325706660 3e-05 1190
1747325710945 3e-05 1191
1747325715236 3e-05 1192
1747325719490 3e-05 1193
1747325723782 3e-05 1194
1747325728076 3e-05 1195
1747325732355 3e-05 1196
1747325736623 3e-05 1197
1747325741130 3e-05 1198
1747325745398 3e-05 1199
1747326281575 3e-05 1200
1747326285830 3e-05 1201
1747326290064 3e-05 1202
1747326294378 3e-05 1203
1747326298663 3e-05 1204
1747326302964 3e-05 1205
1747326307267 3e-05 1206
1747326311549 3e-05 1207
1747326315902 3e-05 1208
1747326320187 3e-05 1209
1747326324520 3e-05 1210
1747326328853 3e-05 1211
1747326333163 3e-05 1212
1747326337439 3e-05 1213
1747326341740 3e-05 1214
1747326346110 3e-05 1215
1747326350441 3e-05 1216
1747326354790 3e-05 1217
1747326359139 3e-05 1218
1747326363652 3e-05 1219
1747326367917 3e-05 1220
1747326372176 3e-05 1221
1747326376491 3e-05 1222
1747326380840 3e-05 1223
1747326385193 3e-05 1224
1747326389554 3e-05 1225
1747326393894 3e-05 1226
1747326398207 3e-05 1227
1747326402571 3e-05 1228
1747326406894 3e-05 1229
1747326411167 3e-05 1230
1747326415545 3e-05 1231
1747326419885 3e-05 1232
1747326424263 3e-05 1233
1747326428639 3e-05 1234
1747326432984 3e-05 1235
1747326437383 3e-05 1236
1747326441758 3e-05 1237
1747326446356 3e-05 1238
1747326450698 3e-05 1239
1747326993170 3e-05 1240
1747326997490 3e-05 1241
1747327001783 3e-05 1242
1747327006177 3e-05 1243
1747327010500 3e-05 1244
1747327014857 3e-05 1245
1747327019146 3e-05 1246
1747327023493 3e-05 1247
1747327027875 3e-05 1248
1747327032173 3e-05 1249
1747327036516 3e-05 1250
1747327040851 3e-05 1251
1747327045202 3e-05 1252
1747327049546 3e-05 1253
1747327053875 3e-05 1254
1747327058244 3e-05 1255
1747327062567 3e-05 1256
1747327066951 3e-05 1257
1747327071275 3e-05 1258
1747327075802 3e-05 1259
1747327080070 3e-05 1260
1747327084397 3e-05 1261
1747327088794 3e-05 1262
1747327093158 3e-05 1263
1747327097504 3e-05 1264
1747327101829 3e-05 1265
1747327106208 3e-05 1266
1747327110251 3e-05 1267
1747327114973 3e-05 1268
1747327119010 3e-05 1269
1747327123337 3e-05 1270
1747327127686 3e-05 1271
1747327132035 3e-05 1272
1747327136424 3e-05 1273
1747327140768 3e-05 1274
1747327145149 3e-05 1275
1747327149522 3e-05 1276
1747327153850 3e-05 1277
1747327158433 3e-05 1278
1747327162814 3e-05 1279
1747327704908 3e-05 1280
1747327709256 3e-05 1281
1747327713583 3e-05 1282
1747327717965 3e-05 1283
1747327722278 3e-05 1284
1747327726645 3e-05 1285
1747327731065 3e-05 1286
1747327735475 3e-05 1287
1747327739878 3e-05 1288
1747327744272 3e-05 1289
1747327748657 3e-05 1290
1747327753067 3e-05 1291
1747327757485 3e-05 1292
1747327761851 3e-05 1293
1747327766205 3e-05 1294
1747327770588 3e-05 1295
1747327774954 3e-05 1296
1747327779298 3e-05 1297
1747327783595 3e-05 1298
1747327788182 3e-05 1299
1747327792463 3e-05 1300
1747327796753 3e-05 1301
1747327801061 3e-05 1302
1747327805362 3e-05 1303
1747327809643 3e-05 1304
1747327813928 3e-05 1305
1747327818294 3e-05 1306
1747327822621 3e-05 1307
1747327826982 3e-05 1308
1747327831324 3e-05 1309
1747327835695 3e-05 1310
1747327839994 3e-05 1311
1747327844327 3e-05 1312
1747327848641 3e-05 1313
1747327852932 3e-05 1314
1747327857300 3e-05 1315
1747327861618 3e-05 1316
1747327865943 3e-05 1317
1747327870510 3e-05 1318
1747327874823 3e-05 1319
1747328417055 3e-05 1320
1747328421376 3e-05 1321
1747328425702 3e-05 1322
1747328430101 3e-05 1323
1747328434433 3e-05 1324
1747328438807 3e-05 1325
1747328443104 3e-05 1326
1747328447481 3e-05 1327
1747328451912 3e-05 1328
1747328456311 3e-05 1329
1747328460620 3e-05 1330
1747328464970 3e-05 1331
1747328469377 3e-05 1332
1747328473691 3e-05 1333
1747328478027 3e-05 1334
1747328482361 3e-05 1335
1747328486718 3e-05 1336
1747328491075 3e-05 1337
1747328495430 3e-05 1338
1747328500041 3e-05 1339
1747328504451 3e-05 1340
1747328508834 3e-05 1341
1747328513214 3e-05 1342
1747328517593 3e-05 1343
1747328521982 3e-05 1344
1747328526349 3e-05 1345
1747328530753 3e-05 1346
1747328535119 3e-05 1347
1747328539548 3e-05 1348
1747328543965 3e-05 1349
1747328548380 3e-05 1350
1747328552787 3e-05 1351
1747328557166 3e-05 1352
1747328561520 3e-05 1353
1747328565850 3e-05 1354
1747328570231 3e-05 1355
1747328574560 3e-05 1356
1747328578917 3e-05 1357
1747328583422 3e-05 1358
1747328587772 3e-05 1359
1747329128972 3e-05 1360
1747329133327 3e-05 1361
1747329137694 3e-05 1362
1747329142102 3e-05 1363
1747329146502 3e-05 1364
1747329150937 3e-05 1365
1747329155240 3e-05 1366
1747329159575 3e-05 1367
1747329163867 3e-05 1368
1747329168211 3e-05 1369
1747329172559 3e-05 1370
1747329176904 3e-05 1371
1747329181264 3e-05 1372
1747329185588 3e-05 1373
1747329189970 3e-05 1374
1747329194378 3e-05 1375
1747329198812 3e-05 1376
1747329203253 3e-05 1377
1747329207701 3e-05 1378
1747329212278 3e-05 1379
1747329216987 3e-05 1380
1747329221068 3e-05 1381
1747329225828 3e-05 1382
1747329229951 3e-05 1383
1747329234699 3e-05 1384
1747329238812 3e-05 1385
1747329243570 3e-05 1386
1747329248000 3e-05 1387
1747329252450 3e-05 1388
1747329256920 3e-05 1389
1747329261325 3e-05 1390
1747329265684 3e-05 1391
1747329270122 3e-05 1392
1747329274485 3e-05 1393
1747329278890 3e-05 1394
1747329283190 3e-05 1395
1747329287599 3e-05 1396
1747329292025 3e-05 1397
1747329296664 3e-05 1398
1747329300988 3e-05 1399
1747329845024 3e-05 1400
1747329849395 3e-05 1401
1747329853750 3e-05 1402
1747329858105 3e-05 1403
1747329862507 3e-05 1404
1747329866870 3e-05 1405
1747329871293 3e-05 1406
1747329875622 3e-05 1407
1747329880025 3e-05 1408
1747329884342 3e-05 1409
1747329888695 3e-05 1410
1747329892993 3e-05 1411
1747329897317 3e-05 1412
1747329901668 3e-05 1413
1747329905975 3e-05 1414
1747329910281 3e-05 1415
1747329914574 3e-05 1416
1747329918972 3e-05 1417
1747329923298 3e-05 1418
1747329927844 3e-05 1419
1747329932140 3e-05 1420
1747329936466 3e-05 1421
1747329940855 3e-05 1422
1747329945223 3e-05 1423
1747329949550 3e-05 1424
1747329953849 3e-05 1425
1747329958215 3e-05 1426
1747329962549 3e-05 1427
1747329966862 3e-05 1428
1747329971179 3e-05 1429
1747329975472 3e-05 1430
1747329979807 3e-05 1431
1747329984120 3e-05 1432
1747329988477 3e-05 1433
1747329992784 3e-05 1434
1747329997118 3e-05 1435
1747330001442 3e-05 1436
1747330005756 3e-05 1437
1747330010251 3e-05 1438
1747330014541 3e-05 1439
1747330558878 3e-05 1440
1747330563183 3e-05 1441
1747330567513 3e-05 1442
1747330571971 3e-05 1443
1747330576338 3e-05 1444
1747330580747 3e-05 1445
1747330585135 3e-05 1446
1747330589573 3e-05 1447
1747330593949 3e-05 1448
1747330598291 3e-05 1449
1747330602637 3e-05 1450
1747330606953 3e-05 1451
1747330611360 3e-05 1452
1747330615790 3e-05 1453
1747330620145 3e-05 1454
1747330624485 3e-05 1455
1747330628834 3e-05 1456
1747330633169 3e-05 1457
1747330637462 3e-05 1458
1747330642437 3e-05 1459
1747330646806 3e-05 1460
1747330651213 3e-05 1461
1747330655605 3e-05 1462
1747330659676 3e-05 1463
1747330664014 3e-05 1464
1747330668314 3e-05 1465
1747330672642 3e-05 1466
1747330676918 3e-05 1467
1747330681208 3e-05 1468
1747330685476 3e-05 1469
1747330689812 3e-05 1470
1747330694095 3e-05 1471
1747330698415 3e-05 1472
1747330702708 3e-05 1473
1747330706980 3e-05 1474
1747330711362 3e-05 1475
1747330715730 3e-05 1476
1747330720083 3e-05 1477
1747330724607 3e-05 1478
1747330728944 3e-05 1479
1747331273961 3e-05 1480
1747331278332 3e-05 1481
1747331282748 3e-05 1482
1747331287121 3e-05 1483
1747331291518 3e-05 1484
1747331295850 3e-05 1485
1747331300206 3e-05 1486
1747331304584 3e-05 1487
1747331308946 3e-05 1488
1747331313313 3e-05 1489
1747331317632 3e-05 1490
1747331321961 3e-05 1491
1747331326254 3e-05 1492
1747331330253 3e-05 1493
1747331334554 3e-05 1494
1747331338855 3e-05 1495
1747331343162 3e-05 1496
1747331347454 3e-05 1497
1747331351850 3e-05 1498
1747331356350 3e-05 1499
1747331360681 3e-05 1500
1747331365087 3e-05 1501
1747331369405 3e-05 1502
1747331373873 3e-05 1503
1747331378292 3e-05 1504
1747331382637 3e-05 1505
1747331386956 3e-05 1506
1747331391308 3e-05 1507
1747331395639 3e-05 1508
1747331400029 3e-05 1509
1747331404366 3e-05 1510
1747331408729 3e-05 1511
1747331413121 3e-05 1512
1747331417454 3e-05 1513
1747331421868 3e-05 1514
1747331426229 3e-05 1515
1747331430603 3e-05 1516
1747331434952 3e-05 1517
1747331439538 3e-05 1518
1747331443904 3e-05 1519
1747331992497 3e-05 1520
1747331996925 3e-05 1521
1747332001343 3e-05 1522
1747332005771 3e-05 1523
1747332010122 3e-05 1524
1747332014589 3e-05 1525
1747332018968 3e-05 1526
1747332023409 3e-05 1527
1747332027895 3e-05 1528
1747332032364 3e-05 1529
1747332036797 3e-05 1530
1747332041259 3e-05 1531
1747332045681 3e-05 1532
1747332050079 3e-05 1533
1747332054545 3e-05 1534
1747332058953 3e-05 1535
1747332063410 3e-05 1536
1747332067858 3e-05 1537
1747332072293 3e-05 1538
1747332076931 3e-05 1539
1747332081354 3e-05 1540
1747332085789 3e-05 1541
1747332090177 3e-05 1542
1747332094521 3e-05 1543
1747332098843 3e-05 1544
1747332103243 3e-05 1545
1747332107558 3e-05 1546
1747332111972 3e-05 1547
1747332116431 3e-05 1548
1747332120865 3e-05 1549
1747332125270 3e-05 1550
1747332129623 3e-05 1551
1747332134071 3e-05 1552
1747332138489 3e-05 1553
1747332142939 3e-05 1554
1747332147306 3e-05 1555
1747332151692 3e-05 1556
1747332156056 3e-05 1557
1747332160626 3e-05 1558
1747332165078 3e-05 1559
1747332710745 3e-05 1560
1747332715193 3e-05 1561
1747332719652 3e-05 1562
1747332724111 3e-05 1563
1747332728540 3e-05 1564
1747332732968 3e-05 1565
1747332737451 3e-05 1566
1747332741886 3e-05 1567
1747332746351 3e-05 1568
1747332750800 3e-05 1569
1747332755228 3e-05 1570
1747332759569 3e-05 1571
1747332763976 3e-05 1572
1747332768009 3e-05 1573
1747332772396 3e-05 1574
1747332776760 3e-05 1575
1747332781176 3e-05 1576
1747332785530 3e-05 1577
1747332789904 3e-05 1578
1747332794557 3e-05 1579
1747332798940 3e-05 1580
1747332803381 3e-05 1581
1747332807757 3e-05 1582
1747332812157 3e-05 1583
1747332816540 3e-05 1584
1747332820905 3e-05 1585
1747332825262 3e-05 1586
1747332829616 3e-05 1587
1747332834040 3e-05 1588
1747332838390 3e-05 1589
1747332842827 3e-05 1590
1747332847242 3e-05 1591
1747332851646 3e-05 1592
1747332856086 3e-05 1593
1747332860442 3e-05 1594
1747332864876 3e-05 1595
1747332869247 3e-05 1596
1747332873683 3e-05 1597
1747332878248 3e-05 1598
1747332882640 3e-05 1599
1747333432632 3e-05 1600
1747333437039 3e-05 1601
1747333441451 3e-05 1602
1747333445889 3e-05 1603
1747333450235 3e-05 1604
1747333454659 3e-05 1605
1747333459028 3e-05 1606
1747333463436 3e-05 1607
1747333467894 3e-05 1608
1747333472341 3e-05 1609
1747333476731 3e-05 1610
1747333481114 3e-05 1611
1747333485527 3e-05 1612
1747333489873 3e-05 1613
1747333494320 3e-05 1614
1747333498764 3e-05 1615
1747333503185 3e-05 1616
1747333507680 3e-05 1617
1747333512157 3e-05 1618
1747333516798 3e-05 1619
1747333521232 3e-05 1620
1747333525675 3e-05 1621
1747333530069 3e-05 1622
1747333534522 3e-05 1623
1747333538982 3e-05 1624
1747333543388 3e-05 1625
1747333547806 3e-05 1626
1747333552201 3e-05 1627
1747333556651 3e-05 1628
1747333561072 3e-05 1629
1747333565457 3e-05 1630
1747333569811 3e-05 1631
1747333574231 3e-05 1632
1747333578602 3e-05 1633
1747333583034 3e-05 1634
1747333587502 3e-05 1635
1747333591888 3e-05 1636
1747333596244 3e-05 1637
1747333600835 3e-05 1638
1747333605312 3e-05 1639
1747334153996 3e-05 1640
1747334158409 3e-05 1641
1747334162814 3e-05 1642
1747334167291 3e-05 1643
1747334171736 3e-05 1644
1747334176208 3e-05 1645
1747334180647 3e-05 1646
1747334185072 3e-05 1647
1747334189450 3e-05 1648
1747334193861 3e-05 1649
1747334198228 3e-05 1650
1747334202648 3e-05 1651
1747334207108 3e-05 1652
1747334211496 3e-05 1653
1747334215892 3e-05 1654
1747334220267 3e-05 1655
1747334224678 3e-05 1656
1747334229065 3e-05 1657
1747334233460 3e-05 1658
1747334238083 3e-05 1659
1747334242468 3e-05 1660
1747334246881 3e-05 1661
1747334251249 3e-05 1662
1747334255646 3e-05 1663
1747334260016 3e-05 1664
1747334264406 3e-05 1665
1747334268815 3e-05 1666
1747334273195 3e-05 1667
1747334277580 3e-05 1668
1747334281944 3e-05 1669
1747334286308 3e-05 1670
1747334290670 3e-05 1671
1747334295120 3e-05 1672
1747334299550 3e-05 1673
1747334303986 3e-05 1674
1747334308438 3e-05 1675
1747334312861 3e-05 1676
1747334317284 3e-05 1677
1747334321911 3e-05 1678
1747334326295 3e-05 1679
1747334872786 3e-05 1680
1747334877203 3e-05 1681
1747334881603 3e-05 1682
1747334886034 3e-05 1683
1747334890422 3e-05 1684
1747334894847 3e-05 1685
1747334899255 3e-05 1686
1747334903676 3e-05 1687
1747334908113 3e-05 1688
1747334912513 3e-05 1689
1747334916936 3e-05 1690
1747334921330 3e-05 1691
1747334925755 3e-05 1692
1747334930145 3e-05 1693
1747334934521 3e-05 1694
1747334938896 3e-05 1695
1747334943292 3e-05 1696
1747334947702 3e-05 1697
1747334952114 3e-05 1698
1747334956781 3e-05 1699
1747334961197 3e-05 1700
1747334965609 3e-05 1701
1747334970026 3e-05 1702
1747334974438 3e-05 1703
1747334978799 3e-05 1704
1747334983158 3e-05 1705
1747334987519 3e-05 1706
1747334991862 3e-05 1707
1747334996247 3e-05 1708
1747335000612 3e-05 1709
1747335004987 3e-05 1710
1747335009344 3e-05 1711
1747335013718 3e-05 1712
1747335017754 3e-05 1713
1747335022147 3e-05 1714
1747335026527 3e-05 1715
1747335030940 3e-05 1716
1747335035365 3e-05 1717
1747335039964 3e-05 1718
1747335044347 3e-05 1719
1747335591701 3e-05 1720
1747335596102 3e-05 1721
1747335600152 3e-05 1722
1747335604886 3e-05 1723
1747335608927 3e-05 1724
1747335613311 3e-05 1725
1747335617766 3e-05 1726
1747335622161 3e-05 1727
1747335626568 3e-05 1728
1747335630965 3e-05 1729
1747335635351 3e-05 1730
1747335639746 3e-05 1731
1747335644106 3e-05 1732
1747335648455 3e-05 1733
1747335652825 3e-05 1734
1747335657273 3e-05 1735
1747335661719 3e-05 1736
1747335666165 3e-05 1737
1747335670596 3e-05 1738
1747335675254 3e-05 1739
1747335679643 3e-05 1740
1747335684014 3e-05 1741
1747335688476 3e-05 1742
1747335692865 3e-05 1743
1747335697274 3e-05 1744
1747335701711 3e-05 1745
1747335706129 3e-05 1746
1747335710520 3e-05 1747
1747335714939 3e-05 1748
1747335719384 3e-05 1749
1747335723777 3e-05 1750
1747335728240 3e-05 1751
1747335732663 3e-05 1752
1747335737087 3e-05 1753
1747335741503 3e-05 1754
1747335745912 3e-05 1755
1747335750326 3e-05 1756
1747335754772 3e-05 1757
1747335759450 3e-05 1758
1747335763877 3e-05 1759
1747336313646 3e-05 1760
1747336318048 3e-05 1761
1747336322430 3e-05 1762
1747336326838 3e-05 1763
1747336331298 3e-05 1764
1747336335694 3e-05 1765
1747336340101 3e-05 1766
1747336344463 3e-05 1767
1747336348887 3e-05 1768
1747336353278 3e-05 1769
1747336357702 3e-05 1770
1747336362126 3e-05 1771
1747336366534 3e-05 1772
1747336370941 3e-05 1773
1747336375343 3e-05 1774
1747336379465 3e-05 1775
1747336383915 3e-05 1776
1747336388369 3e-05 1777
1747336392792 3e-05 1778
1747336397399 3e-05 1779
1747336401773 3e-05 1780
1747336406195 3e-05 1781
1747336410661 3e-05 1782
1747336415130 3e-05 1783
1747336419523 3e-05 1784
1747336423897 3e-05 1785
1747336428335 3e-05 1786
1747336432774 3e-05 1787
1747336437208 3e-05 1788
1747336441675 3e-05 1789
1747336446091 3e-05 1790
1747336450497 3e-05 1791
1747336454857 3e-05 1792
1747336459157 3e-05 1793
1747336463460 3e-05 1794
1747336467770 3e-05 1795
1747336472053 3e-05 1796
1747336476385 3e-05 1797
1747336480888 3e-05 1798
1747336485180 3e-05 1799
1747337026988 3e-05 1800
1747337031368 3e-05 1801
1747337035753 3e-05 1802
1747337040156 3e-05 1803
1747337044525 3e-05 1804
1747337048887 3e-05 1805
1747337053222 3e-05 1806
1747337057545 3e-05 1807
1747337061895 3e-05 1808
1747337065892 3e-05 1809
1747337070533 3e-05 1810
1747337074511 3e-05 1811
1747337078903 3e-05 1812
1747337083277 3e-05 1813
1747337087664 3e-05 1814
1747337092041 3e-05 1815
1747337096416 3e-05 1816
1747337100820 3e-05 1817
1747337105135 3e-05 1818
1747337109715 3e-05 1819
1747337114049 3e-05 1820
1747337118429 3e-05 1821
1747337122774 3e-05 1822
1747337127125 3e-05 1823
1747337131470 3e-05 1824
1747337135814 3e-05 1825
1747337140180 3e-05 1826
1747337144531 3e-05 1827
1747337148889 3e-05 1828
1747337153204 3e-05 1829
1747337157527 3e-05 1830
1747337161873 3e-05 1831
1747337166242 3e-05 1832
1747337170662 3e-05 1833
1747337175016 3e-05 1834
1747337179385 3e-05 1835
1747337183761 3e-05 1836
1747337188140 3e-05 1837
1747337192760 3e-05 1838
1747337197121 3e-05 1839
1747337737647 3e-05 1840
1747337741982 3e-05 1841
1747337746302 3e-05 1842
1747337750674 3e-05 1843
1747337755016 3e-05 1844
1747337759379 3e-05 1845
1747337763729 3e-05 1846
1747337768087 3e-05 1847
1747337772415 3e-05 1848
1747337776705 3e-05 1849
1747337780701 3e-05 1850
1747337785033 3e-05 1851
1747337789399 3e-05 1852
1747337793729 3e-05 1853
1747337798086 3e-05 1854
1747337802478 3e-05 1855
1747337806832 3e-05 1856
1747337811216 3e-05 1857
1747337815591 3e-05 1858
1747337820168 3e-05 1859
1747337824496 3e-05 1860
1747337828854 3e-05 1861
1747337833214 3e-05 1862
1747337837568 3e-05 1863
1747337841926 3e-05 1864
1747337846265 3e-05 1865
1747337850600 3e-05 1866
1747337854924 3e-05 1867
1747337859287 3e-05 1868
1747337863652 3e-05 1869
1747337868038 3e-05 1870
1747337872402 3e-05 1871
1747337876741 3e-05 1872
1747337881086 3e-05 1873
1747337885413 3e-05 1874
1747337889754 3e-05 1875
1747337894097 3e-05 1876
1747337898451 3e-05 1877
1747337902995 3e-05 1878
1747337907341 3e-05 1879
1747338472159 3e-05 1880
1747338477329 3e-05 1881
1747338482527 3e-05 1882
1747338487739 3e-05 1883
1747338492810 3e-05 1884
1747338497957 3e-05 1885
1747338503075 3e-05 1886
1747338508278 3e-05 1887
1747338513433 3e-05 1888
1747338518560 3e-05 1889
1747338523691 3e-05 1890
1747338528815 3e-05 1891
1747338533987 3e-05 1892
1747338539150 3e-05 1893
1747338544317 3e-05 1894
1747338549543 3e-05 1895
1747338554721 3e-05 1896
1747338559902 3e-05 1897
1747338565107 3e-05 1898
1747338570513 3e-05 1899
1747338575649 3e-05 1900
1747338580869 3e-05 1901
1747338586067 3e-05 1902
1747338591307 3e-05 1903
1747338596497 3e-05 1904
1747338601735 3e-05 1905
1747338606910 3e-05 1906
1747338612072 3e-05 1907
1747338617223 3e-05 1908
1747338622402 3e-05 1909
1747338627545 3e-05 1910
1747338632790 3e-05 1911
1747338637996 3e-05 1912
1747338643208 3e-05 1913
1747338648364 3e-05 1914
1747338653535 3e-05 1915
1747338658723 3e-05 1916
1747338663961 3e-05 1917
1747338669362 3e-05 1918
1747338674556 3e-05 1919
1747339315077 3e-05 1920
1747339320290 3e-05 1921
1747339325409 3e-05 1922
1747339330537 3e-05 1923
1747339335746 3e-05 1924
1747339340967 3e-05 1925
1747339346120 3e-05 1926
1747339351255 3e-05 1927
1747339356416 3e-05 1928
1747339361550 3e-05 1929
1747339366723 3e-05 1930
1747339371916 3e-05 1931
1747339377107 3e-05 1932
1747339382271 3e-05 1933
1747339387458 3e-05 1934
1747339392607 3e-05 1935
1747339397705 3e-05 1936
1747339402907 3e-05 1937
1747339408098 3e-05 1938
1747339413546 3e-05 1939
1747339418646 3e-05 1940
1747339423857 3e-05 1941
1747339428974 3e-05 1942
1747339434175 3e-05 1943
1747339439363 3e-05 1944
1747339444536 3e-05 1945
1747339449731 3e-05 1946
1747339454927 3e-05 1947
1747339460034 3e-05 1948
1747339465231 3e-05 1949
1747339470396 3e-05 1950
1747339475584 3e-05 1951
1747339480367 3e-05 1952
1747339485487 3e-05 1953
1747339490674 3e-05 1954
1747339495842 3e-05 1955
1747339500972 3e-05 1956
1747339506099 3e-05 1957
1747339511520 3e-05 1958
1747339516735 3e-05 1959
1747340162511 3e-05 1960
1747340167714 3e-05 1961
1747340172849 3e-05 1962
1747340177983 3e-05 1963
1747340183227 3e-05 1964
1747340188419 3e-05 1965
1747340193604 3e-05 1966
1747340198803 3e-05 1967
1747340204002 3e-05 1968
1747340209194 3e-05 1969
1747340214386 3e-05 1970
1747340219566 3e-05 1971
1747340224807 3e-05 1972
1747340230046 3e-05 1973
1747340235228 3e-05 1974
1747340240440 3e-05 1975
1747340245692 3e-05 1976
1747340250954 3e-05 1977
1747340256143 3e-05 1978
1747340261618 3e-05 1979
1747340266799 3e-05 1980
1747340271998 3e-05 1981
1747340277196 3e-05 1982
1747340282473 3e-05 1983
1747340287711 3e-05 1984
1747340292961 3e-05 1985
1747340298141 3e-05 1986
1747340303284 3e-05 1987
1747340308466 3e-05 1988
1747340313687 3e-05 1989
1747340318909 3e-05 1990
1747340324181 3e-05 1991
1747340329349 3e-05 1992
1747340334618 3e-05 1993
1747340339849 3e-05 1994
1747340345082 3e-05 1995
1747340350358 3e-05 1996
1747340355559 3e-05 1997
1747340361017 3e-05 1998
1747340366188 3e-05 1999
