1747304593702 3e-05 0
1747304597893 3e-05 1
1747304602205 3e-05 2
1747304606680 3e-05 3
1747304610930 3e-05 4
1747304615155 3e-05 5
1747304619604 3e-05 6
1747304623807 3e-05 7
1747304628010 3e-05 8
1747304632214 3e-05 9
1747304636712 3e-05 10
1747304640985 3e-05 11
1747304645235 3e-05 12
1747304649739 3e-05 13
1747304653984 3e-05 14
1747304658253 3e-05 15
1747304662517 3e-05 16
1747304667070 3e-05 17
1747304671392 3e-05 18
1747304675936 3e-05 19
1747304680533 3e-05 20
1747304684808 3e-05 21
1747304689164 3e-05 22
1747304693450 3e-05 23
1747304698053 3e-05 24
1747304702379 3e-05 25
1747304706721 3e-05 26
1747304711310 3e-05 27
1747304715647 3e-05 28
1747304719901 3e-05 29
1747304724169 3e-05 30
1747304728702 3e-05 31
1747304732983 3e-05 32
1747304737330 3e-05 33
1747304741805 3e-05 34
1747304746135 3e-05 35
1747304750435 3e-05 36
1747304754755 3e-05 37
1747304759517 3e-05 38
1747304763794 3e-05 39
1747305346663 3e-05 40
1747305350792 3e-05 41
1747305354952 3e-05 42
1747305359089 3e-05 43
1747305363210 3e-05 44
1747305367402 3e-05 45
1747305371524 3e-05 46
1747305375659 3e-05 47
1747305379807 3e-05 48
1747305383934 3e-05 49
1747305388048 3e-05 50
1747305392166 3e-05 51
1747305396328 3e-05 52
1747305400479 3e-05 53
1747305404645 3e-05 54
1747305408788 3e-05 55
1747305412911 3e-05 56
1747305417078 3e-05 57
1747305421263 3e-05 58
1747305425646 3e-05 59
1747305429819 3e-05 60
1747305433988 3e-05 61
1747305438179 3e-05 62
1747305442373 3e-05 63
1747305446573 3e-05 64
1747305450768 3e-05 65
1747305454988 3e-05 66
1747305459208 3e-05 67
1747305463388 3e-05 68
1747305467603 3e-05 69
1747305471775 3e-05 70
1747305475967 3e-05 71
1747305480136 3e-05 72
1747305484297 3e-05 73
1747305488529 3e-05 74
1747305492707 3e-05 75
1747305496922 3e-05 76
1747305501128 3e-05 77
1747305505551 3e-05 78
1747305509752 3e-05 79
1747306045482 3e-05 80
1747306049828 3e-05 81
1747306054111 3e-05 82
1747306058453 3e-05 83
1747306062813 3e-05 84
1747306067163 3e-05 85
1747306071462 3e-05 86
1747306075770 3e-05 87
1747306080047 3e-05 88
1747306084331 3e-05 89
1747306088656 3e-05 90
1747306092950 3e-05 91
1747306097261 3e-05 92
1747306101549 3e-05 93
1747306105848 3e-05 94
1747306110116 3e-05 95
1747306114402 3e-05 96
1747306118681 3e-05 97
1747306122943 3e-05 98
1747306127456 3e-05 99
1747306131753 3e-05 100
1747306136072 3e-05 101
1747306140365 3e-05 102
1747306144642 3e-05 103
1747306148983 3e-05 104
1747306153319 3e-05 105
1747306157631 3e-05 106
1747306161954 3e-05 107
1747306166268 3e-05 108
1747306170609 3e-05 109
1747306174953 3e-05 110
1747306179272 3e-05 111
1747306183597 3e-05 112
1747306187984 3e-05 113
1747306192353 3e-05 114
1747306196722 3e-05 115
1747306201108 3e-05 116
1747306205486 3e-05 117
1747306210107 3e-05 118
1747306214452 3e-05 119
1747306758465 3e-05 120
1747306762798 3e-05 121
1747306767144 3e-05 122
1747306771539 3e-05 123
1747306775896 3e-05 124
1747306780223 3e-05 125
1747306784552 3e-05 126
1747306788901 3e-05 127
1747306793212 3e-05 128
1747306797553 3e-05 129
1747306801932 3e-05 130
1747306806321 3e-05 131
1747306810695 3e-05 132
1747306815070 3e-05 133
1747306819400 3e-05 134
1747306823733 3e-05 135
1747306828098 3e-05 136
1747306832479 3e-05 137
1747306836859 3e-05 138
1747306841462 3e-05 139
1747306845807 3e-05 140
1747306850175 3e-05 141
1747306854527 3e-05 142
1747306858884 3e-05 143
1747306863221 3e-05 144
1747306867580 3e-05 145
1747306871949 3e-05 146
1747306876338 3e-05 147
1747306880693 3e-05 148
1747306885056 3e-05 149
1747306889416 3e-05 150
1747306893738 3e-05 151
1747306898068 3e-05 152
1747306902379 3e-05 153
1747306906689 3e-05 154
1747306911039 3e-05 155
1747306915406 3e-05 156
1747306919797 3e-05 157
1747306924396 3e-05 158
1747306928736 3e-05 159
1747307506802 3e-05 160
1747307511182 3e-05 161
1747307515594 3e-05 162
1747307520009 3e-05 163
1747307524415 3e-05 164
1747307528805 3e-05 165
1747307533210 3e-05 166
1747307537577 3e-05 167
1747307541910 3e-05 168
1747307546217 3e-05 169
1747307550615 3e-05 170
1747307555018 3e-05 171
1747307559418 3e-05 172
1747307563823 3e-05 173
1747307568208 3e-05 174
1747307572612 3e-05 175
1747307576990 3e-05 176
1747307581387 3e-05 177
1747307585763 3e-05 178
1747307590381 3e-05 179
1747307594799 3e-05 180
1747307599211 3e-05 181
1747307603598 3e-05 182
1747307607985 3e-05 183
1747307612411 3e-05 184
1747307616805 3e-05 185
1747307621159 3e-05 186
1747307625507 3e-05 187
1747307629871 3e-05 188
1747307634229 3e-05 189
1747307638631 3e-05 190
1747307643028 3e-05 191
1747307647411 3e-05 192
1747307651832 3e-05 193
1747307656227 3e-05 194
1747307660603 3e-05 195
1747307664912 3e-05 196
1747307669227 3e-05 197
1747307673712 3e-05 198
1747307678004 3e-05 199
1747308222309 3e-05 200
1747308226686 3e-05 201
1747308231092 3e-05 202
1747308235486 3e-05 203
1747308239900 3e-05 204
1747308244287 3e-05 205
1747308248702 3e-05 206
1747308253110 3e-05 207
1747308257491 3e-05 208
1747308261880 3e-05 209
1747308266254 3e-05 210
1747308270597 3e-05 211
1747308274934 3e-05 212
1747308279309 3e-05 213
1747308283656 3e-05 214
1747308287977 3e-05 215
1747308292300 3e-05 216
1747308296613 3e-05 217
1747308300902 3e-05 218
1747308305418 3e-05 219
1747308309743 3e-05 220
1747308314051 3e-05 221
1747308318374 3e-05 222
1747308322673 3e-05 223
1747308326958 3e-05 224
1747308331275 3e-05 225
1747308335569 3e-05 226
1747308339947 3e-05 227
1747308344358 3e-05 228
1747308348736 3e-05 229
1747308353096 3e-05 230
1747308357420 3e-05 231
1747308361820 3e-05 232
1747308366163 3e-05 233
1747308370580 3e-05 234
1747308374998 3e-05 235
1747308379412 3e-05 236
1747308383819 3e-05 237
1747308388431 3e-05 238
1747308392863 3e-05 239
1747308937789 3e-05 240
1747308942091 3e-05 241
1747308946375 3e-05 242
1747308950755 3e-05 243
1747308955140 3e-05 244
1747308959544 3e-05 245
1747308963929 3e-05 246
1747308968294 3e-05 247
1747308972643 3e-05 248
1747308976969 3e-05 249
1747308981390 3e-05 250
1747308985759 3e-05 251
1747308990072 3e-05 252
1747308994376 3e-05 253
1747308998735 3e-05 254
1747309003125 3e-05 255
1747309007447 3e-05 256
1747309011829 3e-05 257
1747309016196 3e-05 258
1747309020772 3e-05 259
1747309025071 3e-05 260
1747309029437 3e-05 261
1747309033762 3e-05 262
1747309038087 3e-05 263
1747309042389 3e-05 264
1747309046662 3e-05 265
1747309050981 3e-05 266
1747309055281 3e-05 267
1747309059581 3e-05 268
1747309063878 3e-05 269
1747309068181 3e-05 270
1747309072515 3e-05 271
1747309076808 3e-05 272
1747309081149 3e-05 273
1747309085453 3e-05 274
1747309089750 3e-05 275
1747309094025 3e-05 276
1747309098362 3e-05 277
1747309102926 3e-05 278
1747309107217 3e-05 279
1747309647460 3e-05 280
1747309651838 3e-05 281
1747309656231 3e-05 282
1747309660583 3e-05 283
1747309664904 3e-05 284
1747309669232 3e-05 285
1747309673533 3e-05 286
1747309677812 3e-05 287
1747309682108 3e-05 288
1747309686389 3e-05 289
1747309690696 3e-05 290
1747309694993 3e-05 291
1747309699300 3e-05 292
1747309703602 3e-05 293
1747309707893 3e-05 294
1747309712195 3e-05 295
1747309716509 3e-05 296
1747309720831 3e-05 297
1747309725151 3e-05 298
1747309729714 3e-05 299
1747309734102 3e-05 300
1747309738433 3e-05 301
1747309742815 3e-05 302
1747309747120 3e-05 303
1747309751540 3e-05 304
1747309755950 3e-05 305
1747309760329 3e-05 306
1747309764736 3e-05 307
1747309769087 3e-05 308
1747309773439 3e-05 309
1747309777770 3e-05 310
1747309782154 3e-05 311
1747309786465 3e-05 312
1747309790836 3e-05 313
1747309795233 3e-05 314
1747309799575 3e-05 315
1747309803987 3e-05 316
1747309808331 3e-05 317
1747309812878 3e-05 318
1747309817164 3e-05 319
1747310358656 3e-05 320
1747310363004 3e-05 321
1747310367329 3e-05 322
1747310371637 3e-05 323
1747310375931 3e-05 324
1747310380226 3e-05 325
1747310384529 3e-05 326
1747310388838 3e-05 327
1747310393165 3e-05 328
1747310397469 3e-05 329
1747310401763 3e-05 330
1747310406052 3e-05 331
1747310410386 3e-05 332
1747310414697 3e-05 333
1747310418981 3e-05 334
1747310423288 3e-05 335
1747310427584 3e-05 336
1747310431936 3e-05 337
1747310436214 3e-05 338
1747310440741 3e-05 339
1747310445061 3e-05 340
1747310449375 3e-05 341
1747310453722 3e-05 342
1747310458012 3e-05 343
1747310462368 3e-05 344
1747310466713 3e-05 345
1747310471061 3e-05 346
1747310475410 3e-05 347
1747310479744 3e-05 348
1747310484090 3e-05 349
1747310488406 3e-05 350
1747310492766 3e-05 351
1747310497090 3e-05 352
1747310501433 3e-05 353
1747310505734 3e-05 354
1747310510046 3e-05 355
1747310514335 3e-05 356
1747310518620 3e-05 357
1747310523179 3e-05 358
1747310527474 3e-05 359
1747311062164 3e-05 360
1747311066477 3e-05 361
1747311070745 3e-05 362
1747311075030 3e-05 363
1747311079287 3e-05 364
1747311083614 3e-05 365
1747311087911 3e-05 366
1747311092215 3e-05 367
1747311096528 3e-05 368
1747311100838 3e-05 369
1747311105157 3e-05 370
1747311109426 3e-05 371
1747311113735 3e-05 372
1747311118047 3e-05 373
1747311122366 3e-05 374
1747311126657 3e-05 375
1747311130966 3e-05 376
1747311135317 3e-05 377
1747311139598 3e-05 378
1747311144183 3e-05 379
1747311148513 3e-05 380
1747311152888 3e-05 381
1747311157186 3e-05 382
1747311161510 3e-05 383
1747311165882 3e-05 384
1747311170210 3e-05 385
1747311174558 3e-05 386
1747311178837 3e-05 387
1747311183185 3e-05 388
1747311187561 3e-05 389
1747311191934 3e-05 390
1747311196279 3e-05 391
1747311200553 3e-05 392
1747311204885 3e-05 393
1747311209215 3e-05 394
1747311213565 3e-05 395
1747311217909 3e-05 396
1747311222213 3e-05 397
1747311226698 3e-05 398
1747311230977 3e-05 399
1747311766902 3e-05 400
1747311771172 3e-05 401
1747311775541 3e-05 402
1747311779825 3e-05 403
1747311784191 3e-05 404
1747311788541 3e-05 405
1747311793195 3e-05 406
1747311797154 3e-05 407
1747311801757 3e-05 408
1747311806095 3e-05 409
1747311810419 3e-05 410
1747311814768 3e-05 411
1747311819120 3e-05 412
1747311823479 3e-05 413
1747311827753 3e-05 414
1747311832036 3e-05 415
1747311836352 3e-05 416
1747311840617 3e-05 417
1747311844963 3e-05 418
1747311849460 3e-05 419
1747311853794 3e-05 420
1747311858142 3e-05 421
1747311862483 3e-05 422
1747311866863 3e-05 423
1747311871215 3e-05 424
1747311875605 3e-05 425
1747311879916 3e-05 426
1747311884220 3e-05 427
1747311888499 3e-05 428
1747311892821 3e-05 429
1747311897182 3e-05 430
1747311901488 3e-05 431
1747311905871 3e-05 432
1747311910262 3e-05 433
1747311914652 3e-05 434
1747311918951 3e-05 435
1747311923265 3e-05 436
1747311927609 3e-05 437
1747311932144 3e-05 438
1747311936483 3e-05 439
1747312476100 3e-05 440
1747312480437 3e-05 441
1747312484768 3e-05 442
1747312489071 3e-05 443
1747312493357 3e-05 444
1747312497672 3e-05 445
1747312501955 3e-05 446
1747312506282 3e-05 447
1747312510558 3e-05 448
1747312514868 3e-05 449
1747312519141 3e-05 450
1747312523398 3e-05 451
1747312527682 3e-05 452
1747312531955 3e-05 453
1747312536264 3e-05 454
1747312540552 3e-05 455
1747312544880 3e-05 456
1747312549157 3e-05 457
1747312553449 3e-05 458
1747312557931 3e-05 459
1747312562193 3e-05 460
1747312566523 3e-05 461
1747312570786 3e-05 462
1747312575114 3e-05 463
1747312579392 3e-05 464
1747312583659 3e-05 465
1747312587941 3e-05 466
1747312592209 3e-05 467
1747312596519 3e-05 468
1747312600800 3e-05 469
1747312605099 3e-05 470
1747312609321 3e-05 471
1747312613604 3e-05 472
1747312617901 3e-05 473
1747312622152 3e-05 474
1747312626460 3e-05 475
1747312630721 3e-05 476
1747312635029 3e-05 477
1747312639516 3e-05 478
1747312643782 3e-05 479
1747313182749 3e-05 480
1747313187031 3e-05 481
1747313191004 3e-05 482
1747313195619 3e-05 483
1747313199618 3e-05 484
1747313204205 3e-05 485
1747313208198 3e-05 486
1747313212796 3e-05 487
1747313216766 3e-05 488
1747313221353 3e-05 489
1747313225284 3e-05 490
1747313229892 3e-05 491
1747313233891 3e-05 492
1747313238515 3e-05 493
1747313242488 3e-05 494
1747313247084 3e-05 495
1747313251054 3e-05 496
1747313255638 3e-05 497
1747313259597 3e-05 498
1747313264398 3e-05 499
1747313268638 3e-05 500
1747313272848 3e-05 501
1747313277106 3e-05 502
1747313281363 3e-05 503
1747313285603 3e-05 504
1747313289904 3e-05 505
1747313294198 3e-05 506
1747313298537 3e-05 507
1747313302844 3e-05 508
1747313307159 3e-05 509
1747313311471 3e-05 510
1747313315792 3e-05 511
1747313320132 3e-05 512
1747313324411 3e-05 513
1747313328687 3e-05 514
1747313332925 3e-05 515
1747313337224 3e-05 516
1747313341491 3e-05 517
1747313345974 3e-05 518
1747313350306 3e-05 519
1747313886664 3e-05 520
1747313890976 3e-05 521
1747313895303 3e-05 522
1747313899621 3e-05 523
1747313903922 3e-05 524
1747313908198 3e-05 525
1747313912450 3e-05 526
1747313916718 3e-05 527
1747313921025 3e-05 528
1747313925273 3e-05 529
1747313929589 3e-05 530
1747313933895 3e-05 531
1747313938189 3e-05 532
1747313942398 3e-05 533
1747313946661 3e-05 534
1747313950968 3e-05 535
1747313955228 3e-05 536
1747313959510 3e-05 537
1747313963773 3e-05 538
1747313968284 3e-05 539
1747313972579 3e-05 540
1747313976903 3e-05 541
1747313981235 3e-05 542
1747313985479 3e-05 543
1747313989814 3e-05 544
1747313994093 3e-05 545
1747313998367 3e-05 546
1747314002638 3e-05 547
1747314006945 3e-05 548
1747314011268 3e-05 549
1747314015566 3e-05 550
1747314019929 3e-05 551
1747314024265 3e-05 552
1747314028622 3e-05 553
1747314032970 3e-05 554
1747314037283 3e-05 555
1747314041583 3e-05 556
1747314045865 3e-05 557
1747314050394 3e-05 558
1747314054672 3e-05 559
1747314594179 3e-05 560
1747314598458 3e-05 561
1747314602720 3e-05 562
1747314607017 3e-05 563
1747314611322 3e-05 564
1747314615615 3e-05 565
1747314620024 3e-05 566
1747314624394 3e-05 567
1747314628753 3e-05 568
1747314633134 3e-05 569
1747314637477 3e-05 570
1747314641824 3e-05 571
1747314646109 3e-05 572
1747314650429 3e-05 573
1747314654699 3e-05 574
1747314659076 3e-05 575
1747314663389 3e-05 576
1747314667743 3e-05 577
1747314672090 3e-05 578
1747314676608 3e-05 579
1747314680960 3e-05 580
1747314685272 3e-05 581
1747314689662 3e-05 582
1747314693979 3e-05 583
1747314698350 3e-05 584
1747314702685 3e-05 585
1747314706996 3e-05 586
1747314711272 3e-05 587
1747314715556 3e-05 588
1747314719938 3e-05 589
1747314724236 3e-05 590
1747314728552 3e-05 591
1747314732896 3e-05 592
1747314737198 3e-05 593
1747314741574 3e-05 594
1747314745891 3e-05 595
1747314750186 3e-05 596
1747314754452 3e-05 597
1747314759357 3e-05 598
1747314763634 3e-05 599
1747315298361 3e-05 600
1747315302656 3e-05 601
1747315306919 3e-05 602
1747315311245 3e-05 603
1747315315521 3e-05 604
1747315319874 3e-05 605
1747315324225 3e-05 606
1747315328548 3e-05 607
1747315332894 3e-05 608
1747315337199 3e-05 609
1747315341584 3e-05 610
1747315345869 3e-05 611
1747315350225 3e-05 612
1747315354507 3e-05 613
1747315358870 3e-05 614
1747315363193 3e-05 615
1747315367493 3e-05 616
1747315371845 3e-05 617
1747315376152 3e-05 618
1747315380739 3e-05 619
1747315385021 3e-05 620
1747315389322 3e-05 621
1747315393571 3e-05 622
1747315397864 3e-05 623
1747315402163 3e-05 624
1747315406441 3e-05 625
1747315410751 3e-05 626
1747315415007 3e-05 627
1747315419362 3e-05 628
1747315423637 3e-05 629
1747315427939 3e-05 630
1747315432267 3e-05 631
1747315436532 3e-05 632
1747315440818 3e-05 633
1747315445104 3e-05 634
1747315449434 3e-05 635
1747315453750 3e-05 636
1747315458054 3e-05 637
1747315462601 3e-05 638
1747315466874 3e-05 639
1747316003404 3e-05 640
1747316007653 3e-05 641
1747316012011 3e-05 642
1747316016307 3e-05 643
1747316020669 3e-05 644
1747316024955 3e-05 645
1747316029295 3e-05 646
1747316033587 3e-05 647
1747316037899 3e-05 648
1747316042208 3e-05 649
1747316046466 3e-05 650
1747316050779 3e-05 651
1747316055037 3e-05 652
1747316059337 3e-05 653
1747316063621 3e-05 654
1747316067891 3e-05 655
1747316072164 3e-05 656
1747316076420 3e-05 657
1747316080716 3e-05 658
1747316085198 3e-05 659
1747316089546 3e-05 660
1747316093839 3e-05 661
1747316098092 3e-05 662
1747316102416 3e-05 663
1747316106686 3e-05 664
1747316111056 3e-05 665
1747316115368 3e-05 666
1747316119721 3e-05 667
1747316124022 3e-05 668
1747316128318 3e-05 669
1747316132642 3e-05 670
1747316136938 3e-05 671
1747316141271 3e-05 672
1747316145614 3e-05 673
1747316149959 3e-05 674
1747316154339 3e-05 675
1747316158663 3e-05 676
1747316163060 3e-05 677
1747316167574 3e-05 678
1747316171920 3e-05 679
1747316710052 3e-05 680
1747316714359 3e-05 681
1747316718635 3e-05 682
1747316722914 3e-05 683
1747316727198 3e-05 684
1747316731486 3e-05 685
1747316735784 3e-05 686
1747316740083 3e-05 687
1747316744391 3e-05 688
1747316748699 3e-05 689
1747316753055 3e-05 690
1747316757323 3e-05 691
1747316761642 3e-05 692
1747316765892 3e-05 693
1747316770185 3e-05 694
1747316774537 3e-05 695
1747316778882 3e-05 696
1747316783167 3e-05 697
1747316787416 3e-05 698
1747316791911 3e-05 699
1747316796186 3e-05 700
1747316800468 3e-05 701
1747316804726 3e-05 702
1747316809008 3e-05 703
1747316813336 3e-05 704
1747316817603 3e-05 705
1747316821931 3e-05 706
1747316826258 3e-05 707
1747316830600 3e-05 708
1747316834917 3e-05 709
1747316839218 3e-05 710
1747316843466 3e-05 711
1747316847717 3e-05 712
1747316852055 3e-05 713
1747316856401 3e-05 714
1747316860738 3e-05 715
1747316865042 3e-05 716
1747316869349 3e-05 717
1747316873855 3e-05 718
1747316878091 3e-05 719
1747317413960 3e-05 720
1747317418263 3e-05 721
1747317422584 3e-05 722
1747317426853 3e-05 723
1747317431161 3e-05 724
1747317435517 3e-05 725
1747317439903 3e-05 726
1747317444212 3e-05 727
1747317448522 3e-05 728
1747317452853 3e-05 729
1747317457188 3e-05 730
1747317461521 3e-05 731
1747317465816 3e-05 732
1747317470085 3e-05 733
1747317474363 3e-05 734
1747317478592 3e-05 735
1747317482925 3e-05 736
1747317487231 3e-05 737
1747317491566 3e-05 738
1747317496108 3e-05 739
1747317500401 3e-05 740
1747317504712 3e-05 741
1747317508987 3e-05 742
1747317513346 3e-05 743
1747317517625 3e-05 744
1747317521940 3e-05 745
1747317526205 3e-05 746
1747317530492 3e-05 747
1747317534832 3e-05 748
1747317539125 3e-05 749
1747317543394 3e-05 750
1747317547633 3e-05 751
1747317551896 3e-05 752
1747317556144 3e-05 753
1747317560389 3e-05 754
1747317564693 3e-05 755
1747317568945 3e-05 756
1747317573236 3e-05 757
1747317577716 3e-05 758
1747317581976 3e-05 759
1747318113625 3e-05 760
1747318117826 3e-05 761
1747318122098 3e-05 762
1747318126377 3e-05 763
1747318130637 3e-05 764
1747318134940 3e-05 765
1747318139214 3e-05 766
1747318143546 3e-05 767
1747318147849 3e-05 768
1747318152130 3e-05 769
1747318156390 3e-05 770
1747318160631 3e-05 771
1747318164872 3e-05 772
1747318169111 3e-05 773
1747318173337 3e-05 774
1747318177537 3e-05 775
1747318181774 3e-05 776
1747318185998 3e-05 777
1747318190243 3e-05 778
1747318194681 3e-05 779
1747318198902 3e-05 780
1747318203201 3e-05 781
1747318207518 3e-05 782
1747318211874 3e-05 783
1747318216230 3e-05 784
1747318220560 3e-05 785
1747318224856 3e-05 786
1747318229150 3e-05 787
1747318233464 3e-05 788
1747318237743 3e-05 789
1747318242043 3e-05 790
1747318246292 3e-05 791
1747318250522 3e-05 792
1747318254849 3e-05 793
1747318259174 3e-05 794
1747318263523 3e-05 795
1747318267787 3e-05 796
1747318272103 3e-05 797
1747318276640 3e-05 798
1747318280959 3e-05 799
1747318820109 3e-05 800
1747318824432 3e-05 801
1747318828714 3e-05 802
1747318833017 3e-05 803
1747318837303 3e-05 804
1747318841609 3e-05 805
1747318845997 3e-05 806
1747318850306 3e-05 807
1747318854679 3e-05 808
1747318859066 3e-05 809
1747318863417 3e-05 810
1747318867729 3e-05 811
1747318872053 3e-05 812
1747318876401 3e-05 813
1747318880774 3e-05 814
1747318885150 3e-05 815
1747318889483 3e-05 816
1747318893831 3e-05 817
1747318898194 3e-05 818
1747318902734 3e-05 819
1747318907125 3e-05 820
1747318911502 3e-05 821
1747318915824 3e-05 822
1747318920091 3e-05 823
1747318924429 3e-05 824
1747318928820 3e-05 825
1747318933209 3e-05 826
1747318937582 3e-05 827
1747318941964 3e-05 828
1747318946338 3e-05 829
1747318950667 3e-05 830
1747318955022 3e-05 831
1747318959354 3e-05 832
1747318963710 3e-05 833
1747318968076 3e-05 834
1747318972424 3e-05 835
1747318976765 3e-05 836
1747318981079 3e-05 837
1747318985666 3e-05 838
1747318989986 3e-05 839
1747319530813 3e-05 840
1747319535176 3e-05 841
1747319539559 3e-05 842
1747319543900 3e-05 843
1747319548197 3e-05 844
1747319552491 3e-05 845
1747319556821 3e-05 846
1747319561135 3e-05 847
1747319565468 3e-05 848
1747319569742 3e-05 849
1747319574045 3e-05 850
1747319578391 3e-05 851
1747319582712 3e-05 852
1747319587079 3e-05 853
1747319591414 3e-05 854
1747319595795 3e-05 855
1747319600153 3e-05 856
1747319604508 3e-05 857
1747319608815 3e-05 858
1747319613326 3e-05 859
1747319617680 3e-05 860
1747319621982 3e-05 861
1747319626351 3e-05 862
1747319630695 3e-05 863
1747319635060 3e-05 864
1747319639353 3e-05 865
1747319643644 3e-05 866
1747319647994 3e-05 867
1747319652272 3e-05 868
1747319656654 3e-05 869
1747319661052 3e-05 870
1747319665448 3e-05 871
1747319669744 3e-05 872
1747319674053 3e-05 873
1747319678450 3e-05 874
1747319682804 3e-05 875
1747319687195 3e-05 876
1747319691487 3e-05 877
1747319695998 3e-05 878
1747319700271 3e-05 879
1747320241056 3e-05 880
1747320245364 3e-05 881
1747320249640 3e-05 882
1747320253967 3e-05 883
1747320258368 3e-05 884
1747320262792 3e-05 885
1747320267132 3e-05 886
1747320271432 3e-05 887
1747320275774 3e-05 888
1747320280085 3e-05 889
1747320284362 3e-05 890
1747320288752 3e-05 891
1747320293043 3e-05 892
1747320297413 3e-05 893
1747320301706 3e-05 894
1747320306028 3e-05 895
1747320310299 3e-05 896
1747320314597 3e-05 897
1747320318915 3e-05 898
1747320323439 3e-05 899
1747320327811 3e-05 900
1747320332184 3e-05 901
1747320336570 3e-05 902
1747320340933 3e-05 903
1747320345259 3e-05 904
1747320349583 3e-05 905
1747320353914 3e-05 906
1747320358215 3e-05 907
1747320362467 3e-05 908
1747320366803 3e-05 909
1747320371137 3e-05 910
1747320375460 3e-05 911
1747320379878 3e-05 912
1747320384251 3e-05 913
1747320388549 3e-05 914
1747320392792 3e-05 915
1747320397133 3e-05 916
1747320401464 3e-05 917
1747320406041 3e-05 918
1747320410357 3e-05 919
1747320950451 3e-05 920
1747320954784 3e-05 921
1747320959072 3e-05 922
1747320963311 3e-05 923
1747320967666 3e-05 924
1747320972003 3e-05 925
1747320976316 3e-05 926
1747320980722 3e-05 927
1747320985109 3e-05 928
1747320989493 3e-05 929
1747320993825 3e-05 930
1747320998225 3e-05 931
1747321002542 3e-05 932
1747321006910 3e-05 933
1747321011250 3e-05 934
1747321015543 3e-05 935
1747321019893 3e-05 936
1747321024212 3e-05 937
1747321028551 3e-05 938
1747321033129 3e-05 939
1747321037532 3e-05 940
1747321041849 3e-05 941
1747321046247 3e-05 942
1747321050611 3e-05 943
1747321054950 3e-05 944
1747321059315 3e-05 945
1747321063608 3e-05 946
1747321067967 3e-05 947
1747321072368 3e-05 948
1747321076721 3e-05 949
1747321081006 3e-05 950
1747321085277 3e-05 951
1747321089640 3e-05 952
1747321094008 3e-05 953
1747321098322 3e-05 954
1747321102596 3e-05 955
1747321106947 3e-05 956
1747321111333 3e-05 957
1747321115891 3e-05 958
1747321120296 3e-05 959
1747321662402 3e-05 960
1747321666791 3e-05 961
1747321671203 3e-05 962
1747321675582 3e-05 963
1747321679933 3e-05 964
1747321684230 3e-05 965
1747321688538 3e-05 966
1747321692842 3e-05 967
1747321697144 3e-05 968
1747321701461 3e-05 969
1747321705758 3e-05 970
1747321710088 3e-05 971
1747321714391 3e-05 972
1747321718713 3e-05 973
1747321723010 3e-05 974
1747321727335 3e-05 975
1747321731650 3e-05 976
1747321735966 3e-05 977
1747321740382 3e-05 978
1747321744989 3e-05 979
1747321749607 3e-05 980
1747321753557 3e-05 981
1747321758260 3e-05 982
1747321762284 3e-05 983
1747321766983 3e-05 984
1747321771338 3e-05 985
1747321775649 3e-05 986
1747321779977 3e-05 987
1747321784271 3e-05 988
1747321788647 3e-05 989
1747321793056 3e-05 990
1747321797438 3e-05 991
1747321801747 3e-05 992
1747321806038 3e-05 993
1747321810436 3e-05 994
1747321814768 3e-05 995
1747321819193 3e-05 996
1747321823574 3e-05 997
1747321828180 3e-05 998
1747321832539 3e-05 999
1747322373219 3e-05 1000
1747322377910 3e-05 1001
1747322381981 3e-05 1002
1747322386710 3e-05 1003
1747322391076 3e-05 1004
1747322395442 3e-05 1005
1747322399772 3e-05 1006
1747322404085 3e-05 1007
1747322408414 3e-05 1008
1747322412805 3e-05 1009
1747322417192 3e-05 1010
1747322421599 3e-05 1011
1747322425953 3e-05 1012
1747322430362 3e-05 1013
1747322434712 3e-05 1014
1747322439106 3e-05 1015
1747322443455 3e-05 1016
1747322447806 3e-05 1017
1747322452166 3e-05 1018
1747322456745 3e-05 1019
1747322461124 3e-05 1020
1747322465503 3e-05 1021
1747322469892 3e-05 1022
1747322474225 3e-05 1023
1747322478585 3e-05 1024
1747322482963 3e-05 1025
1747322487334 3e-05 1026
1747322491719 3e-05 1027
1747322496079 3e-05 1028
1747322500474 3e-05 1029
1747322504819 3e-05 1030
1747322508858 3e-05 1031
1747322513255 3e-05 1032
1747322517609 3e-05 1033
1747322521905 3e-05 1034
1747322526181 3e-05 1035
1747322530543 3e-05 1036
1747322534851 3e-05 1037
1747322539455 3e-05 1038
1747322543748 3e-05 1039
1747323086986 3e-05 1040
1747323091373 3e-05 1041
1747323095772 3e-05 1042
1747323100175 3e-05 1043
1747323104538 3e-05 1044
1747323108946 3e-05 1045
1747323113319 3e-05 1046
1747323117700 3e-05 1047
1747323122044 3e-05 1048
1747323126342 3e-05 1049
1747323130747 3e-05 1050
1747323135147 3e-05 1051
1747323139523 3e-05 1052
1747323143941 3e-05 1053
1747323148348 3e-05 1054
1747323152687 3e-05 1055
1747323156992 3e-05 1056
1747323161400 3e-05 1057
1747323165751 3e-05 1058
1747323170363 3e-05 1059
1747323174696 3e-05 1060
1747323179050 3e-05 1061
1747323183430 3e-05 1062
1747323187776 3e-05 1063
1747323192133 3e-05 1064
1747323196447 3e-05 1065
1747323200794 3e-05 1066
1747323205133 3e-05 1067
1747323209515 3e-05 1068
1747323213891 3e-05 1069
1747323218290 3e-05 1070
1747323222658 3e-05 1071
1747323227140 3e-05 1072
1747323231535 3e-05 1073
1747323235924 3e-05 1074
1747323240296 3e-05 1075
1747323244606 3e-05 1076
1747323248971 3e-05 1077
1747323253619 3e-05 1078
1747323258023 3e-05 1079
1747323801870 3e-05 1080
1747323806159 3e-05 1081
1747323810459 3e-05 1082
1747323815192 3e-05 1083
1747323819514 3e-05 1084
1747323823776 3e-05 1085
1747323828089 3e-05 1086
1747323832388 3e-05 1087
1747323836670 3e-05 1088
1747323841045 3e-05 1089
1747323845330 3e-05 1090
1747323849621 3e-05 1091
1747323853969 3e-05 1092
1747323858306 3e-05 1093
1747323862624 3e-05 1094
1747323866906 3e-05 1095
1747323871210 3e-05 1096
1747323875507 3e-05 1097
1747323879821 3e-05 1098
1747323884303 3e-05 1099
1747323888587 3e-05 1100
1747323892906 3e-05 1101
1747323897180 3e-05 1102
1747323901470 3e-05 1103
1747323905779 3e-05 1104
1747323910103 3e-05 1105
1747323914386 3e-05 1106
1747323918692 3e-05 1107
1747323923038 3e-05 1108
1747323927412 3e-05 1109
1747323931689 3e-05 1110
1747323935950 3e-05 1111
1747323940283 3e-05 1112
1747323944586 3e-05 1113
1747323948895 3e-05 1114
1747323953188 3e-05 1115
1747323957454 3e-05 1116
1747323961774 3e-05 1117
1747323966261 3e-05 1118
1747323970588 3e-05 1119
1747324513008 3e-05 1120
1747324517421 3e-05 1121
1747324521842 3e-05 1122
1747324526228 3e-05 1123
1747324530587 3e-05 1124
1747324534994 3e-05 1125
1747324539352 3e-05 1126
1747324543745 3e-05 1127
1747324548140 3e-05 1128
1747324552550 3e-05 1129
1747324556932 3e-05 1130
1747324561297 3e-05 1131
1747324565570 3e-05 1132
1747324569899 3e-05 1133
1747324574222 3e-05 1134
1747324578592 3e-05 1135
1747324582955 3e-05 1136
1747324587320 3e-05 1137
1747324591694 3e-05 1138
1747324596215 3e-05 1139
1747324600564 3e-05 1140
1747324604846 3e-05 1141
1747324609132 3e-05 1142
1747324613412 3e-05 1143
1747324617654 3e-05 1144
1747324621947 3e-05 1145
1747324626191 3e-05 1146
1747324630453 3e-05 1147
1747324634704 3e-05 1148
1747324638982 3e-05 1149
1747324643385 3e-05 1150
1747324647792 3e-05 1151
1747324652187 3e-05 1152
1747324656595 3e-05 1153
1747324660995 3e-05 1154
1747324665319 3e-05 1155
1747324669624 3e-05 1156
1747324673995 3e-05 1157
1747324678622 3e-05 1158
1747324682946 3e-05 1159
1747325225093 3e-05 1160
1747325229037 3e-05 1161
1747325233644 3e-05 1162
1747325237577 3e-05 1163
1747325242452 3e-05 1164
1747325246762 3e-05 1165
1747325251121 3e-05 1166
1747325255509 3e-05 1167
1747325259846 3e-05 1168
1747325264169 3e-05 1169
1747325268749 3e-05 1170
1747325273106 3e-05 1171
1747325277492 3e-05 1172
1747325281847 3e-05 1173
1747325286137 3e-05 1174
1747325290429 3e-05 1175
1747325294778 3e-05 1176
1747325299080 3e-05 1177
1747325303378 3e-05 1178
1747325307862 3e-05 1179
1747325312153 3e-05 1180
1747325316409 3e-05 1181
1747325320683 3e-05 1182
1747325324963 3e-05 1183
1747325328896 3e-05 1184
1747325333556 3e-05 1185
1747325337533 3e-05 1186
1747325341881 3e-05 1187
1747325346255 3e-05 1188
1747325350593 3e-05 1189
1747325354985 3e-05 1190
1747325359377 3e-05 1191
1747325363785 3e-05 1192
1747325368184 3e-05 1193
1747325372601 3e-05 1194
1747325376987 3e-05 1195
1747325381359 3e-05 1196
1747325385761 3e-05 1197
1747325390335 3e-05 1198
1747325394690 3e-05 1199
1747325929089 3e-05 1200
1747325933382 3e-05 1201
1747325937670 3e-05 1202
1747325941940 3e-05 1203
1747325946240 3e-05 1204
1747325950520 3e-05 1205
1747325954812 3e-05 1206
1747325959119 3e-05 1207
1747325963431 3e-05 1208
1747325967724 3e-05 1209
1747325972023 3e-05 1210
1747325976310 3e-05 1211
1747325980601 3e-05 1212
1747325984886 3e-05 1213
1747325989195 3e-05 1214
1747325993503 3e-05 1215
1747325997776 3e-05 1216
1747326002072 3e-05 1217
1747326006363 3e-05 1218
1747326010853 3e-05 1219
1747326015135 3e-05 1220
1747326019428 3e-05 1221
1747326023722 3e-05 1222
1747326028012 3e-05 1223
1747326032326 3e-05 1224
1747326036621 3e-05 1225
1747326040944 3e-05 1226
1747326045201 3e-05 1227
1747326049461 3e-05 1228
1747326053822 3e-05 1229
1747326058219 3e-05 1230
1747326062596 3e-05 1231
1747326066960 3e-05 1232
1747326071295 3e-05 1233
1747326075674 3e-05 1234
1747326080041 3e-05 1235
1747326084420 3e-05 1236
1747326088802 3e-05 1237
1747326093385 3e-05 1238
1747326097774 3e-05 1239
1747326638409 3e-05 1240
1747326642822 3e-05 1241
1747326647121 3e-05 1242
1747326651437 3e-05 1243
1747326655845 3e-05 1244
1747326660174 3e-05 1245
1747326664537 3e-05 1246
1747326668857 3e-05 1247
1747326673199 3e-05 1248
1747326677503 3e-05 1249
1747326681814 3e-05 1250
1747326686159 3e-05 1251
1747326690469 3e-05 1252
1747326694829 3e-05 1253
1747326699165 3e-05 1254
1747326703510 3e-05 1255
1747326707822 3e-05 1256
1747326712142 3e-05 1257
1747326716497 3e-05 1258
1747326721024 3e-05 1259
1747326725362 3e-05 1260
1747326729704 3e-05 1261
1747326734027 3e-05 1262
1747326738354 3e-05 1263
1747326742671 3e-05 1264
1747326746985 3e-05 1265
1747326751301 3e-05 1266
1747326755691 3e-05 1267
1747326760043 3e-05 1268
1747326764433 3e-05 1269
1747326768832 3e-05 1270
1747326773238 3e-05 1271
1747326777658 3e-05 1272
1747326782046 3e-05 1273
1747326786448 3e-05 1274
1747326790833 3e-05 1275
1747326795243 3e-05 1276
1747326799624 3e-05 1277
1747326804220 3e-05 1278
1747326808638 3e-05 1279
1747327350086 3e-05 1280
1747327354082 3e-05 1281
1747327358748 3e-05 1282
1747327362733 3e-05 1283
1747327367379 3e-05 1284
1747327371344 3e-05 1285
1747327376036 3e-05 1286
1747327380021 3e-05 1287
1747327384661 3e-05 1288
1747327388942 3e-05 1289
1747327393251 3e-05 1290
1747327397608 3e-05 1291
1747327401987 3e-05 1292
1747327406368 3e-05 1293
1747327410774 3e-05 1294
1747327415151 3e-05 1295
1747327419531 3e-05 1296
1747327423894 3e-05 1297
1747327428253 3e-05 1298
1747327432752 3e-05 1299
1747327437111 3e-05 1300
1747327441456 3e-05 1301
1747327445795 3e-05 1302
1747327450087 3e-05 1303
1747327454082 3e-05 1304
1747327458410 3e-05 1305
1747327462700 3e-05 1306
1747327467059 3e-05 1307
1747327471383 3e-05 1308
1747327475750 3e-05 1309
1747327480044 3e-05 1310
1747327484363 3e-05 1311
1747327488744 3e-05 1312
1747327493126 3e-05 1313
1747327497506 3e-05 1314
1747327501879 3e-05 1315
1747327506263 3e-05 1316
1747327510593 3e-05 1317
1747327515144 3e-05 1318
1747327519483 3e-05 1319
1747328062133 3e-05 1320
1747328066499 3e-05 1321
1747328070854 3e-05 1322
1747328075175 3e-05 1323
1747328079480 3e-05 1324
1747328083776 3e-05 1325
1747328088104 3e-05 1326
1747328092418 3e-05 1327
1747328096764 3e-05 1328
1747328101068 3e-05 1329
1747328105378 3e-05 1330
1747328109767 3e-05 1331
1747328114051 3e-05 1332
1747328118432 3e-05 1333
1747328122765 3e-05 1334
1747328127150 3e-05 1335
1747328131429 3e-05 1336
1747328135764 3e-05 1337
1747328140165 3e-05 1338
1747328144768 3e-05 1339
1747328149179 3e-05 1340
1747328153503 3e-05 1341
1747328157863 3e-05 1342
1747328162196 3e-05 1343
1747328166586 3e-05 1344
1747328170939 3e-05 1345
1747328175295 3e-05 1346
1747328179361 3e-05 1347
1747328183685 3e-05 1348
1747328188085 3e-05 1349
1747328192477 3e-05 1350
1747328196818 3e-05 1351
1747328201123 3e-05 1352
1747328205434 3e-05 1353
1747328209762 3e-05 1354
1747328214088 3e-05 1355
1747328218472 3e-05 1356
1747328222816 3e-05 1357
1747328227427 3e-05 1358
1747328231750 3e-05 1359
1747328774742 3e-05 1360
1747328779018 3e-05 1361
1747328783327 3e-05 1362
1747328787642 3e-05 1363
1747328791940 3e-05 1364
1747328796297 3e-05 1365
1747328800633 3e-05 1366
1747328804964 3e-05 1367
1747328809346 3e-05 1368
1747328813628 3e-05 1369
1747328818002 3e-05 1370
1747328822305 3e-05 1371
1747328826627 3e-05 1372
1747328830945 3e-05 1373
1747328835237 3e-05 1374
1747328839584 3e-05 1375
1747328843905 3e-05 1376
1747328848255 3e-05 1377
1747328852538 3e-05 1378
1747328857086 3e-05 1379
1747328861445 3e-05 1380
1747328865805 3e-05 1381
1747328870166 3e-05 1382
1747328874542 3e-05 1383
1747328878882 3e-05 1384
1747328883244 3e-05 1385
1747328887592 3e-05 1386
1747328891890 3e-05 1387
1747328896210 3e-05 1388
1747328900513 3e-05 1389
1747328904808 3e-05 1390
1747328909204 3e-05 1391
1747328913563 3e-05 1392
1747328917973 3e-05 1393
1747328922355 3e-05 1394
1747328926700 3e-05 1395
1747328931069 3e-05 1396
1747328935431 3e-05 1397
1747328940073 3e-05 1398
1747328944464 3e-05 1399
1747329489504 3e-05 1400
1747329493778 3e-05 1401
1747329498103 3e-05 1402
1747329502390 3e-05 1403
1747329506710 3e-05 1404
1747329511022 3e-05 1405
1747329515326 3e-05 1406
1747329519725 3e-05 1407
1747329524043 3e-05 1408
1747329528437 3e-05 1409
1747329532870 3e-05 1410
1747329537295 3e-05 1411
1747329541713 3e-05 1412
1747329546104 3e-05 1413
1747329550496 3e-05 1414
1747329554837 3e-05 1415
1747329559245 3e-05 1416
1747329563677 3e-05 1417
1747329568095 3e-05 1418
1747329572707 3e-05 1419
1747329577067 3e-05 1420
1747329581496 3e-05 1421
1747329585923 3e-05 1422
1747329590318 3e-05 1423
1747329594653 3e-05 1424
1747329599007 3e-05 1425
1747329603326 3e-05 1426
1747329607695 3e-05 1427
1747329612110 3e-05 1428
1747329616452 3e-05 1429
1747329620876 3e-05 1430
1747329625246 3e-05 1431
1747329629668 3e-05 1432
1747329634072 3e-05 1433
1747329638427 3e-05 1434
1747329642763 3e-05 1435
1747329647111 3e-05 1436
1747329651425 3e-05 1437
1747329655957 3e-05 1438
1747329660249 3e-05 1439
1747330202470 3e-05 1440
1747330206801 3e-05 1441
1747330211233 3e-05 1442
1747330215629 3e-05 1443
1747330220062 3e-05 1444
1747330224433 3e-05 1445
1747330228809 3e-05 1446
1747330233070 3e-05 1447
1747330237370 3e-05 1448
1747330241720 3e-05 1449
1747330246016 3e-05 1450
1747330250316 3e-05 1451
1747330254600 3e-05 1452
1747330258946 3e-05 1453
1747330263368 3e-05 1454
1747330267769 3e-05 1455
1747330272193 3e-05 1456
1747330276513 3e-05 1457
1747330280888 3e-05 1458
1747330285478 3e-05 1459
1747330289874 3e-05 1460
1747330294316 3e-05 1461
1747330298737 3e-05 1462
1747330303080 3e-05 1463
1747330307431 3e-05 1464
1747330311809 3e-05 1465
1747330316132 3e-05 1466
1747330320567 3e-05 1467
1747330324948 3e-05 1468
1747330329330 3e-05 1469
1747330333754 3e-05 1470
1747330338183 3e-05 1471
1747330342608 3e-05 1472
1747330347037 3e-05 1473
1747330351393 3e-05 1474
1747330355689 3e-05 1475
1747330360074 3e-05 1476
1747330364415 3e-05 1477
1747330369024 3e-05 1478
1747330373447 3e-05 1479
1747330916438 3e-05 1480
1747330920824 3e-05 1481
1747330925217 3e-05 1482
1747330929600 3e-05 1483
1747330933976 3e-05 1484
1747330938321 3e-05 1485
1747330942739 3e-05 1486
1747330947164 3e-05 1487
1747330951529 3e-05 1488
1747330955863 3e-05 1489
1747330960229 3e-05 1490
1747330964617 3e-05 1491
1747330969005 3e-05 1492
1747330973438 3e-05 1493
1747330977835 3e-05 1494
1747330982211 3e-05 1495
1747330986582 3e-05 1496
1747330990987 3e-05 1497
1747330995376 3e-05 1498
1747330999986 3e-05 1499
1747331004388 3e-05 1500
1747331008768 3e-05 1501
1747331013230 3e-05 1502
1747331017643 3e-05 1503
1747331022088 3e-05 1504
1747331026463 3e-05 1505
1747331030866 3e-05 1506
1747331035309 3e-05 1507
1747331039740 3e-05 1508
1747331044185 3e-05 1509
1747331048603 3e-05 1510
1747331053047 3e-05 1511
1747331057480 3e-05 1512
1747331061934 3e-05 1513
1747331066381 3e-05 1514
1747331070856 3e-05 1515
1747331075295 3e-05 1516
1747331079727 3e-05 1517
1747331084322 3e-05 1518
1747331088667 3e-05 1519
1747331632614 3e-05 1520
1747331637034 3e-05 1521
1747331641490 3e-05 1522
1747331645883 3e-05 1523
1747331650290 3e-05 1524
1747331654738 3e-05 1525
1747331659155 3e-05 1526
1747331663541 3e-05 1527
1747331667911 3e-05 1528
1747331672286 3e-05 1529
1747331676728 3e-05 1530
1747331681148 3e-05 1531
1747331685516 3e-05 1532
1747331689889 3e-05 1533
1747331694365 3e-05 1534
1747331698788 3e-05 1535
1747331703239 3e-05 1536
1747331707677 3e-05 1537
1747331712119 3e-05 1538
1747331716740 3e-05 1539
1747331721144 3e-05 1540
1747331725557 3e-05 1541
1747331729960 3e-05 1542
1747331734418 3e-05 1543
1747331738798 3e-05 1544
1747331743205 3e-05 1545
1747331747552 3e-05 1546
1747331751956 3e-05 1547
1747331756403 3e-05 1548
1747331760826 3e-05 1549
1747331765289 3e-05 1550
1747331769685 3e-05 1551
1747331774127 3e-05 1552
1747331778543 3e-05 1553
1747331782628 3e-05 1554
1747331786998 3e-05 1555
1747331791393 3e-05 1556
1747331795817 3e-05 1557
1747331800414 3e-05 1558
1747331804807 3e-05 1559
1747332352297 3e-05 1560
1747332356652 3e-05 1561
1747332361054 3e-05 1562
1747332365495 3e-05 1563
1747332369889 3e-05 1564
1747332374303 3e-05 1565
1747332378658 3e-05 1566
1747332383054 3e-05 1567
1747332387419 3e-05 1568
1747332391826 3e-05 1569
1747332396246 3e-05 1570
1747332400631 3e-05 1571
1747332405018 3e-05 1572
1747332409365 3e-05 1573
1747332413814 3e-05 1574
1747332418281 3e-05 1575
1747332422731 3e-05 1576
1747332427145 3e-05 1577
1747332431562 3e-05 1578
1747332436186 3e-05 1579
1747332440543 3e-05 1580
1747332444977 3e-05 1581
1747332449360 3e-05 1582
1747332453813 3e-05 1583
1747332458194 3e-05 1584
1747332462623 3e-05 1585
1747332467085 3e-05 1586
1747332471529 3e-05 1587
1747332475977 3e-05 1588
1747332480384 3e-05 1589
1747332484779 3e-05 1590
1747332489107 3e-05 1591
1747332493519 3e-05 1592
1747332497951 3e-05 1593
1747332502341 3e-05 1594
1747332506698 3e-05 1595
1747332511079 3e-05 1596
1747332515458 3e-05 1597
1747332520010 3e-05 1598
1747332524414 3e-05 1599
1747333072459 3e-05 1600
1747333076837 3e-05 1601
1747333081250 3e-05 1602
1747333085728 3e-05 1603
1747333090087 3e-05 1604
1747333094561 3e-05 1605
1747333098992 3e-05 1606
1747333103437 3e-05 1607
1747333107911 3e-05 1608
1747333112348 3e-05 1609
1747333116728 3e-05 1610
1747333121122 3e-05 1611
1747333125543 3e-05 1612
1747333129923 3e-05 1613
1747333134376 3e-05 1614
1747333138787 3e-05 1615
1747333143202 3e-05 1616
1747333147587 3e-05 1617
1747333151999 3e-05 1618
1747333156593 3e-05 1619
1747333160946 3e-05 1620
1747333165409 3e-05 1621
1747333169817 3e-05 1622
1747333174248 3e-05 1623
1747333178651 3e-05 1624
1747333183094 3e-05 1625
1747333187498 3e-05 1626
1747333191883 3e-05 1627
1747333196363 3e-05 1628
1747333200801 3e-05 1629
1747333205278 3e-05 1630
1747333209677 3e-05 1631
1747333214140 3e-05 1632
1747333218632 3e-05 1633
1747333223098 3e-05 1634
1747333227531 3e-05 1635
1747333231953 3e-05 1636
1747333236330 3e-05 1637
1747333240901 3e-05 1638
1747333245311 3e-05 1639
1747333795007 3e-05 1640
1747333799469 3e-05 1641
1747333803935 3e-05 1642
1747333808334 3e-05 1643
1747333812756 3e-05 1644
1747333817163 3e-05 1645
1747333821521 3e-05 1646
1747333825880 3e-05 1647
1747333830231 3e-05 1648
1747333834635 3e-05 1649
1747333838992 3e-05 1650
1747333843398 3e-05 1651
1747333847770 3e-05 1652
1747333852162 3e-05 1653
1747333856529 3e-05 1654
1747333860875 3e-05 1655
1747333865270 3e-05 1656
1747333869631 3e-05 1657
1747333874044 3e-05 1658
1747333878666 3e-05 1659
1747333883073 3e-05 1660
1747333887540 3e-05 1661
1747333891973 3e-05 1662
1747333896371 3e-05 1663
1747333900753 3e-05 1664
1747333905162 3e-05 1665
1747333909553 3e-05 1666
1747333913965 3e-05 1667
1747333918401 3e-05 1668
1747333922831 3e-05 1669
1747333927272 3e-05 1670
1747333931693 3e-05 1671
1747333936114 3e-05 1672
1747333940490 3e-05 1673
1747333944888 3e-05 1674
1747333949273 3e-05 1675
1747333953706 3e-05 1676
1747333958101 3e-05 1677
1747333962680 3e-05 1678
1747333967058 3e-05 1679
1747334514910 3e-05 1680
1747334519251 3e-05 1681
1747334523644 3e-05 1682
1747334528003 3e-05 1683
1747334532393 3e-05 1684
1747334536779 3e-05 1685
1747334541126 3e-05 1686
1747334545488 3e-05 1687
1747334549844 3e-05 1688
1747334554217 3e-05 1689
1747334558586 3e-05 1690
1747334562943 3e-05 1691
1747334567282 3e-05 1692
1747334571627 3e-05 1693
1747334576019 3e-05 1694
1747334580353 3e-05 1695
1747334584733 3e-05 1696
1747334589113 3e-05 1697
1747334593483 3e-05 1698
1747334598061 3e-05 1699
1747334602436 3e-05 1700
1747334606800 3e-05 1701
1747334611167 3e-05 1702
1747334615586 3e-05 1703
1747334619975 3e-05 1704
1747334624364 3e-05 1705
1747334628724 3e-05 1706
1747334633097 3e-05 1707
1747334637491 3e-05 1708
1747334641866 3e-05 1709
1747334646342 3e-05 1710
1747334650735 3e-05 1711
1747334655158 3e-05 1712
1747334659547 3e-05 1713
1747334663929 3e-05 1714
1747334668293 3e-05 1715
1747334672672 3e-05 1716
1747334677122 3e-05 1717
1747334681743 3e-05 1718
1747334686143 3e-05 1719
1747335232606 3e-05 1720
1747335237045 3e-05 1721
1747335241486 3e-05 1722
1747335245944 3e-05 1723
1747335250378 3e-05 1724
1747335254804 3e-05 1725
1747335259194 3e-05 1726
1747335263611 3e-05 1727
1747335268022 3e-05 1728
1747335272405 3e-05 1729
1747335276786 3e-05 1730
1747335281196 3e-05 1731
1747335285575 3e-05 1732
1747335289964 3e-05 1733
1747335294350 3e-05 1734
1747335298753 3e-05 1735
1747335303124 3e-05 1736
1747335307531 3e-05 1737
1747335311889 3e-05 1738
1747335316544 3e-05 1739
1747335321290 3e-05 1740
1747335325390 3e-05 1741
1747335330224 3e-05 1742
1747335334332 3e-05 1743
1747335339127 3e-05 1744
1747335343195 3e-05 1745
1747335347925 3e-05 1746
1747335351953 3e-05 1747
1747335356747 3e-05 1748
1747335360823 3e-05 1749
1747335365582 3e-05 1750
1747335369603 3e-05 1751
1747335374367 3e-05 1752
1747335378443 3e-05 1753
1747335383220 3e-05 1754
1747335387304 3e-05 1755
1747335392025 3e-05 1756
1747335396125 3e-05 1757
1747335401065 3e-05 1758
1747335405485 3e-05 1759
1747335954126 3e-05 1760
1747335958538 3e-05 1761
1747335962943 3e-05 1762
1747335967368 3e-05 1763
1747335971773 3e-05 1764
1747335976177 3e-05 1765
1747335980635 3e-05 1766
1747335985052 3e-05 1767
1747335989476 3e-05 1768
1747335993855 3e-05 1769
1747335998283 3e-05 1770
1747336002636 3e-05 1771
1747336007078 3e-05 1772
1747336011463 3e-05 1773
1747336015889 3e-05 1774
1747336020313 3e-05 1775
1747336024709 3e-05 1776
1747336029164 3e-05 1777
1747336033657 3e-05 1778
1747336038306 3e-05 1779
1747336042705 3e-05 1780
1747336047125 3e-05 1781
1747336051513 3e-05 1782
1747336055949 3e-05 1783
1747336060386 3e-05 1784
1747336064787 3e-05 1785
1747336069259 3e-05 1786
1747336073663 3e-05 1787
1747336078110 3e-05 1788
1747336082540 3e-05 1789
1747336087004 3e-05 1790
1747336091471 3e-05 1791
1747336095906 3e-05 1792
1747336100289 3e-05 1793
1747336104672 3e-05 1794
1747336109143 3e-05 1795
1747336113558 3e-05 1796
1747336117997 3e-05 1797
1747336122598 3e-05 1798
1747336126978 3e-05 1799
1747336672147 3e-05 1800
1747336676466 3e-05 1801
1747336680834 3e-05 1802
1747336685188 3e-05 1803
1747336689578 3e-05 1804
1747336693899 3e-05 1805
1747336698258 3e-05 1806
1747336702607 3e-05 1807
1747336706964 3e-05 1808
1747336711301 3e-05 1809
1747336715655 3e-05 1810
1747336720048 3e-05 1811
1747336724446 3e-05 1812
1747336728819 3e-05 1813
1747336733126 3e-05 1814
1747336737451 3e-05 1815
1747336741788 3e-05 1816
1747336746122 3e-05 1817
1747336750476 3e-05 1818
1747336755036 3e-05 1819
1747336759431 3e-05 1820
1747336763793 3e-05 1821
1747336768164 3e-05 1822
1747336772511 3e-05 1823
1747336776876 3e-05 1824
1747336781190 3e-05 1825
1747336785521 3e-05 1826
1747336789865 3e-05 1827
1747336794194 3e-05 1828
1747336798571 3e-05 1829
1747336802948 3e-05 1830
1747336807342 3e-05 1831
1747336811730 3e-05 1832
1747336816086 3e-05 1833
1747336820481 3e-05 1834
1747336824798 3e-05 1835
1747336829165 3e-05 1836
1747336833536 3e-05 1837
1747336838138 3e-05 1838
1747336842464 3e-05 1839
1747337383804 3e-05 1840
1747337388163 3e-05 1841
1747337392566 3e-05 1842
1747337396916 3e-05 1843
1747337401276 3e-05 1844
1747337405592 3e-05 1845
1747337409978 3e-05 1846
1747337414306 3e-05 1847
1747337418648 3e-05 1848
1747337423018 3e-05 1849
1747337427374 3e-05 1850
1747337431753 3e-05 1851
1747337436082 3e-05 1852
1747337440427 3e-05 1853
1747337444787 3e-05 1854
1747337449151 3e-05 1855
1747337453475 3e-05 1856
1747337457791 3e-05 1857
1747337462155 3e-05 1858
1747337466685 3e-05 1859
1747337471092 3e-05 1860
1747337475448 3e-05 1861
1747337479832 3e-05 1862
1747337484187 3e-05 1863
1747337488563 3e-05 1864
1747337492923 3e-05 1865
1747337497290 3e-05 1866
1747337501644 3e-05 1867
1747337505953 3e-05 1868
1747337510325 3e-05 1869
1747337514706 3e-05 1870
1747337519066 3e-05 1871
1747337523423 3e-05 1872
1747337527760 3e-05 1873
1747337532074 3e-05 1874
1747337536378 3e-05 1875
1747337540676 3e-05 1876
1747337544956 3e-05 1877
1747337549529 3e-05 1878
1747337553855 3e-05 1879
1747338094354 3e-05 1880
1747338098724 3e-05 1881
1747338103091 3e-05 1882
1747338107414 3e-05 1883
1747338111815 3e-05 1884
1747338116169 3e-05 1885
1747338120555 3e-05 1886
1747338124884 3e-05 1887
1747338129215 3e-05 1888
1747338133550 3e-05 1889
1747338137879 3e-05 1890
1747338142216 3e-05 1891
1747338146544 3e-05 1892
1747338150911 3e-05 1893
1747338155271 3e-05 1894
1747338159630 3e-05 1895
1747338163943 3e-05 1896
1747338168272 3e-05 1897
1747338172612 3e-05 1898
1747338177129 3e-05 1899
1747338181437 3e-05 1900
1747338185758 3e-05 1901
1747338190079 3e-05 1902
1747338194396 3e-05 1903
1747338198708 3e-05 1904
1747338203021 3e-05 1905
1747338207332 3e-05 1906
1747338211626 3e-05 1907
1747338215937 3e-05 1908
1747338220273 3e-05 1909
1747338224581 3e-05 1910
1747338228914 3e-05 1911
1747338233267 3e-05 1912
1747338237583 3e-05 1913
1747338241899 3e-05 1914
1747338246209 3e-05 1915
1747338250499 3e-05 1916
1747338254804 3e-05 1917
1747338259345 3e-05 1918
1747338263661 3e-05 1919
1747338896193 3e-05 1920
1747338901354 3e-05 1921
1747338906509 3e-05 1922
1747338911663 3e-05 1923
1747338916836 3e-05 1924
1747338922000 3e-05 1925
1747338927159 3e-05 1926
1747338932322 3e-05 1927
1747338937443 3e-05 1928
1747338942604 3e-05 1929
1747338947733 3e-05 1930
1747338952892 3e-05 1931
1747338958019 3e-05 1932
1747338963173 3e-05 1933
1747338968305 3e-05 1934
1747338973486 3e-05 1935
1747338978640 3e-05 1936
1747338983780 3e-05 1937
1747338988992 3e-05 1938
1747338994333 3e-05 1939
1747338999488 3e-05 1940
1747339004580 3e-05 1941
1747339009700 3e-05 1942
1747339014851 3e-05 1943
1747339020024 3e-05 1944
1747339025219 3e-05 1945
1747339030370 3e-05 1946
1747339035558 3e-05 1947
1747339040794 3e-05 1948
1747339045929 3e-05 1949
1747339050696 3e-05 1950
1747339055881 3e-05 1951
1747339061010 3e-05 1952
1747339066165 3e-05 1953
1747339071291 3e-05 1954
1747339076488 3e-05 1955
1747339081643 3e-05 1956
1747339086799 3e-05 1957
1747339092226 3e-05 1958
1747339097328 3e-05 1959
1747339738789 3e-05 1960
1747339743937 3e-05 1961
1747339749150 3e-05 1962
1747339754376 3e-05 1963
1747339759581 3e-05 1964
1747339764754 3e-05 1965
1747339769918 3e-05 1966
1747339775158 3e-05 1967
1747339780393 3e-05 1968
1747339785606 3e-05 1969
1747339790828 3e-05 1970
1747339796079 3e-05 1971
1747339801286 3e-05 1972
1747339806494 3e-05 1973
1747339811734 3e-05 1974
1747339816915 3e-05 1975
1747339822150 3e-05 1976
1747339827359 3e-05 1977
1747339832570 3e-05 1978
1747339837993 3e-05 1979
1747339843193 3e-05 1980
1747339848377 3e-05 1981
1747339853579 3e-05 1982
1747339858745 3e-05 1983
1747339863885 3e-05 1984
1747339869054 3e-05 1985
1747339874265 3e-05 1986
1747339879432 3e-05 1987
1747339884631 3e-05 1988
1747339889822 3e-05 1989
1747339894976 3e-05 1990
1747339900180 3e-05 1991
1747339905405 3e-05 1992
1747339910642 3e-05 1993
1747339915915 3e-05 1994
1747339921157 3e-05 1995
1747339926000 3e-05 1996
1747339931273 3e-05 1997
1747339936660 3e-05 1998
1747339941894 3e-05 1999
