1750090092920 2.0745784765617414 0
1750090834910 2.019897399978204 1
1750091578447 1.9620653824372725 2
1750092321787 1.9437329948625781 3
1750093056987 1.9205941019410437 4
1750093797035 1.8990949321199546 5
1750094544307 1.887418400834907 6
1750095299420 1.8784300369972533 7
1750096046292 1.8647140559147706 8
1750096790555 1.8531526357612826 9
1750097546910 1.8443596725436775 10
1750098286532 1.8378704207187349 11
1750099033999 1.824306407096711 12
1750099785694 1.81372490322048 13
1750100542580 1.8029499670321292 14
1750101298691 1.7915309369564056 15
1750102050319 1.7802315926687284 16
1750102800206 1.7689520384777675 17
1750103556937 1.762081480500373 18
1750104315350 1.7516532370989972 19
1750105073285 1.7392132763158192 20
1750105825455 1.7306754443455825 21
1750106574541 1.720612009479241 22
1750107333520 1.7094954397868027 23
1750108090565 1.7045451246879317 24
1750108849674 1.689487216824835 25
1750109608549 1.6802679757502945 26
1750110366818 1.6715547229078682 27
1750111126301 1.6650591336868026 28
1750111884999 1.6575841774994677 29
1750112644087 1.6502215642143379 30
1750113397519 1.6468594064089386 31
1750114152463 1.6380124302072958 32
1750114910527 1.6329313597895883 33
1750115666474 1.6311184201728215 34
1750116409355 1.7205908030948855 35
1750117169880 1.697434383698485 36
1750117924727 1.6749302457002075 37
1750118679724 1.6600003408437425 38
1750119435797 1.6482203196395526 39
1750120185852 1.6357112763957544 40
1750120946042 1.629843271252784 41
1750121706648 1.623198737475005 42
1750122468810 1.6184411814266986 43
1750123230742 1.615443560548804 44
1750123991494 1.6098443781110374 45
1750124750610 1.6067579825493423 46
1750125512658 1.6042973477054725 47
1750126271191 1.6001660285348243 48
1750127032294 1.5971508273346857 49
1750127793397 1.593923280523582 50
1750128553011 1.5920155387033115 51
1750129315799 1.5892917540940372 52
1750130077746 1.5860619964924725 53
1750130839989 1.5828867927193642 54
1750131601484 1.5805088434029708 55
1750132361769 1.5783478820865804 56
1750133120072 1.5761370574208824 57
1750133882955 1.573517801409418 58
1750134643560 1.570861322635954 59
1750135404295 1.56960728764534 60
1750136161174 1.570469962263649 61
1750136924133 1.5655264177105643 62
1750137688141 1.5624139952388676 63
1750138446819 1.5604425008324059 64
1750139204381 1.5597331869331272 65
1750139968093 1.5551727292212574 66
1750140732382 1.5547441921450875 67
1750141490800 1.5520461506464265 68
1750142250875 1.5528879602524368 69
1750143013708 1.5475966215810992 70
1750143773998 1.547533536499197 71
1750144533426 1.5428064621307633 72
1750145293370 1.5440897677432408 73
1750146058659 1.537871819328178 74
1750146818098 1.5350165421312505 75
1750147581640 1.5334107692946086 76
1750148342094 1.5319328047335148 77
1750149099528 1.5417859378186138 78
1750149856116 1.5639152591201393 79
1750150619535 1.5770208053290844 80
1750151384290 1.5466652715748006 81
1750152142053 1.5423799854787914 82
1750152902035 1.538714156232097 83
1750153659977 1.5376536033370278 84
1750154420918 1.5315400446680458 85
1750155180036 1.529112241823565 86
1750155939965 1.528237204321406 87
1750156700482 1.5252065919339657 88
1750157465542 1.5246280391107907 89
1750158223240 1.5230874788354745 90
1750158988803 1.5219813612374393 91
1750159748632 1.519728303632953 92
1750160512033 1.5202116756276651 93
1750161273010 1.5170344910161062 94
1750162036768 1.5164483602751384 95
1750162797162 1.5149436041035436 96
1750163563070 1.5138817202638497 97
1750164326224 1.5125131508843466 98
1750165091452 1.5113746899772773 99
