1750090092920 0.001 0
1750090834910 0.001 1
1750091578447 0.001 2
1750092321787 0.001 3
1750093056987 0.001 4
1750093797035 0.001 5
1750094544307 0.001 6
1750095299420 0.001 7
1750096046292 0.001 8
1750096790555 0.001 9
1750097546910 0.001 10
1750098286532 0.001 11
1750099033999 0.001 12
1750099785694 0.001 13
1750100542580 0.001 14
1750101298691 0.001 15
1750102050319 0.001 16
1750102800206 0.001 17
1750103556937 0.001 18
1750104315350 0.001 19
1750105073285 0.001 20
1750105825455 0.001 21
1750106574541 0.001 22
1750107333520 0.001 23
1750108090565 0.001 24
1750108849674 0.001 25
1750109608549 0.001 26
1750110366818 0.001 27
1750111126301 0.001 28
1750111884999 0.001 29
1750112644087 0.001 30
1750113397519 0.001 31
1750114152463 0.001 32
1750114910527 0.001 33
1750115666474 0.001 34
1750116409355 0.001 35
1750117169880 0.001 36
1750117924727 0.001 37
1750118679724 0.001 38
1750119435797 0.0005 39
1750120185852 0.0005 40
1750120946042 0.0005 41
1750121706648 0.0005 42
1750122468810 0.0005 43
1750123230742 0.0005 44
1750123991494 0.0005 45
1750124750610 0.0005 46
1750125512658 0.0005 47
1750126271191 0.0005 48
1750127032294 0.0005 49
1750127793397 0.0005 50
1750128553011 0.0005 51
1750129315799 0.0005 52
1750130077746 0.0005 53
1750130839989 0.0005 54
1750131601484 0.0005 55
1750132361769 0.0005 56
1750133120072 0.0005 57
1750133882955 0.0005 58
1750134643560 0.0005 59
1750135404295 0.0005 60
1750136161174 0.0005 61
1750136924133 0.0005 62
1750137688141 0.0005 63
1750138446819 0.0005 64
1750139204381 0.0005 65
1750139968093 0.0005 66
1750140732382 0.0005 67
1750141490800 0.0005 68
1750142250875 0.0005 69
1750143013708 0.0005 70
1750143773998 0.0005 71
1750144533426 0.0005 72
1750145293370 0.0005 73
1750146058659 0.0005 74
1750146818098 0.0005 75
1750147581640 0.0005 76
1750148342094 0.0005 77
1750149099528 0.0005 78
1750149856116 0.0005 79
1750150619535 0.0005 80
1750151384290 0.00025 81
1750152142053 0.00025 82
1750152902035 0.00025 83
1750153659977 0.00025 84
1750154420918 0.00025 85
1750155180036 0.00025 86
1750155939965 0.00025 87
1750156700482 0.00025 88
1750157465542 0.00025 89
1750158223240 0.00025 90
1750158988803 0.00025 91
1750159748632 0.00025 92
1750160512033 0.00025 93
1750161273010 0.00025 94
1750162036768 0.00025 95
1750162797162 0.00025 96
1750163563070 0.00025 97
1750164326224 0.00025 98
1750165091452 0.00025 99
