1750089325166 0.104 0
1750090093887 0.2132 1
1750090835878 0.262 2
1750091579401 0.285 3
1750092322748 0.2962 4
1750093057938 0.3046 5
1750093797987 0.3144 6
1750094545258 0.3146 7
1750095300374 0.3192 8
1750096047250 0.329 9
1750096791546 0.3284 10
1750097547874 0.3336 11
1750098287496 0.3376 12
1750099034960 0.3398 13
1750099786651 0.3418 14
1750100543532 0.3404 15
1750101299647 0.3482 16
1750102051274 0.3572 17
1750102801162 0.3632 18
1750103557894 0.356 19
1750104316307 0.3618 20
1750105074243 0.3698 21
1750105826411 0.3714 22
1750106575497 0.3708 23
1750107334490 0.3742 24
1750108091519 0.3464 25
1750108850629 0.3692 26
1750109609506 0.3794 27
1750110367773 0.3892 28
1750111127311 0.394 29
1750111885956 0.3962 30
1750112645042 0.3792 31
1750113398478 0.3868 32
1750114153428 0.4012 33
1750114911483 0.4008 34
1750115667434 0.3134 35
1750116410314 0.3752 36
1750117170836 0.3742 37
1750117925688 0.379 38
1750118680687 0.3908 39
1750119436755 0.4008 40
1750120186809 0.4074 41
1750120947003 0.4102 42
1750121707609 0.414 43
1750122469771 0.4136 44
1750123231712 0.4152 45
1750123992455 0.4178 46
1750124751569 0.414 47
1750125513622 0.4236 48
1750126272151 0.421 49
1750127033250 0.421 50
1750127794356 0.4226 51
1750128553972 0.4266 52
1750129316755 0.4274 53
1750130078702 0.425 54
1750130840947 0.4262 55
1750131602441 0.428 56
1750132362730 0.4286 57
1750133121029 0.4276 58
1750133883917 0.4314 59
1750134644533 0.4324 60
1750135405254 0.4204 61
1750136162136 0.4276 62
1750136925094 0.4336 63
1750137689101 0.4196 64
1750138447781 0.4338 65
1750139205338 0.4378 66
1750139969050 0.435 67
1750140733348 0.4206 68
1750141491762 0.4406 69
1750142251843 0.435 70
1750143014666 0.431 71
1750143774954 0.4296 72
1750144534386 0.442 73
1750145294332 0.4406 74
1750146059616 0.4396 75
1750146819054 0.444 76
1750147582597 0.44 77
1750148343054 0.41 78
1750149100487 0.3874 79
1750149857075 0.4152 80
1750150620494 0.4292 81
1750151385257 0.4086 82
1750152143012 0.438 83
1750152903008 0.4422 84
1750153660937 0.4496 85
1750154421877 0.4444 86
1750155180995 0.4434 87
1750155940926 0.4454 88
1750156701441 0.445 89
1750157466501 0.4462 90
1750158224198 0.4474 91
1750158989764 0.4434 92
1750159749595 0.451 93
1750160512995 0.4434 94
1750161273967 0.448 95
1750162037728 0.45 96
1750162798129 0.4504 97
1750163564034 0.4478 98
1750164327180 0.4502 99
