1749097405262 2.0012297413565894 0
1749097627789 1.9525039846246892 1
1749097853972 1.9286986697803845 2
1749098079353 1.904257427562367 3
1749098305876 1.8857531222430142 4
1749098532450 1.8727203499187122 5
1749098759346 1.863204685124484 6
1749098987302 1.852756749499928 7
1749099215128 1.8459611264142124 8
1749099442722 1.8381154212084683 9
1749099673589 1.8312956528230147 10
1749099905626 1.8243024891073054 11
1749100199942 1.819049976088784 12
1749100541138 1.8126912767236882 13
1749100878449 1.811681563203985 14
1749101217412 1.8030228506435046 15
1749101556160 1.7949654405767268 16
1749101894294 1.7909637147730046 17
1749102234212 1.7856504158540205 18
1749102574143 1.7759148749438198 19
1749102913674 1.7791306647387417 20
1749103249429 1.7647020058198408 21
1749103588750 1.7804661989212036 22
1749103926547 1.7515567107634111 23
1749104265302 1.7749818563461304 24
1749104600025 1.7408194216814907 25
1749104936051 1.7687378471547908 26
1749105224822 1.732676787809892 27
1749105462907 1.7699716633016414 28
1749105699536 1.7226076234470715 29
1749105937828 1.7641278071836992 30
1749106173840 1.721129601651972 31
1749106407483 1.7401521747762507 32
1749106639555 1.7133853110400112 33
1749106872253 1.7261516614393755 34
1749107109965 1.7073686881498857 35
1749107348090 1.7257277098569004 36
1749107586741 1.7062442736192183 37
1749107825118 1.7250817905772815 38
1749108062296 1.7076118967749856 39
1749108301356 1.7070374597202649 40
1749108538795 1.7000548406080767 41
1749108778932 1.7041884552348743 42
1749109022454 1.6875984777103772 43
1749109265617 1.6851251233707776 44
1749109576349 1.6867278055711226 45
1749109907719 1.6825107444416394 46
1749110238999 1.6777823079716077 47
1749110569202 1.6673039414665916 48
1749110900579 1.6692611954428933 49
1749111231676 1.6608834158290515 50
1749111562069 1.6613383076407693 51
1749111892710 1.6545866836201062 52
1749112224755 1.6603653756054966 53
1749112556756 1.6493673758073286 54
1749112888956 1.6592888290231878 55
1749113220633 1.6573349779302424 56
1749113552861 1.652857314456593 57
1749113886658 1.6578074585307727 58
1749114221675 1.6637405265461316 59
1749114555533 1.6485557014291936 60
1749114886071 1.6523489193482832 61
1749115219210 1.6402711218053645 62
1749115552964 1.6503788124431262 63
1749115888898 1.6390466256575151 64
1749116223531 1.6418744975870305 65
1749116558812 1.6379447200081565 66
1749116895790 1.6519404541362415 67
1749117229722 1.6337426684119485 68
1749117562793 1.6388075026598843 69
1749117895780 1.63080755147067 70
1749118229294 1.6313799294558438 71
1749118562315 1.611304521560669 72
1749118894181 1.6051341837102717 73
1749119227087 1.6002885428341953 74
1749119558310 1.5955955440347844 75
1749119888697 1.5921804688193582 76
1749120218755 1.5904525410045276 77
1749120549679 1.588537801395763 78
1749120880508 1.585507566278631 79
1749121211130 1.5839985500682483 80
1749121541766 1.5799999562176792 81
1749121872424 1.57815298167142 82
1749122202419 1.5755277438597246 83
1749122532273 1.5723890174518933 84
1749122861469 1.569207646630027 85
1749123191742 1.5692517540671609 86
1749123521358 1.5673960122195156 87
1749123850958 1.565537842837247 88
1749124180915 1.5677798119458286 89
1749124509879 1.5678206790577283 90
1749124839599 1.5608131018551914 91
1749125168535 1.563261714848605 92
1749125497465 1.5581171946092085 93
1749125827577 1.5581298741427334 94
1749126156383 1.5572765090248801 95
1749126486485 1.5586397647857666 96
1749126817005 1.5519309043884277 97
1749127147065 1.55437771840529 98
1749127477025 1.5492623394185847 99
1749127807009 1.5542877045544712 100
1749128136989 1.547105984254317 101
1749128467649 1.5468883839520542 102
1749128797925 1.545164866880937 103
1749129128239 1.543653596531261 104
1749129457425 1.5434659285978838 105
1749129787008 1.5414898503910412 106
1749130116417 1.5419841788031838 107
1749130445983 1.539587053385648 108
1749130775078 1.539247827096419 109
1749131104192 1.5374635783108799 110
1749131433296 1.5375488021157004 111
1749131762884 1.5365448106418957 112
1749132089488 1.538176504048434 113
1749132417376 1.5356667041778564 114
1749132745928 1.5388795787637883 115
1749133073447 1.5384386019273237 116
1749133401590 1.5372341762889514 117
1749133729356 1.5364015210758557 118
1749134056932 1.535248268734325 119
1749134384734 1.5292960188605569 120
1749134713103 1.525966297496449 121
1749135041457 1.5221663821827283 122
1749135369584 1.5199264829809016 123
1749135697747 1.5177277326583862 124
1749136025509 1.516255497932434 125
1749136353649 1.514320200139826 126
1749136680967 1.513046232136813 127
1749137008959 1.5118349248712712 128
1749137337392 1.5102978294545955 129
1749137665985 1.508834188634699 130
1749137994484 1.507662220434709 131
1749138322747 1.5067175951871006 132
1749138650706 1.5053032528270374 133
1749138979430 1.5042641921476885 134
1749139308245 1.5034716887907549 135
1749139636299 1.5025379982861606 136
1749139966307 1.5015536655079236 137
1749140297644 1.500601822679693 138
1749140626387 1.5001360286365857 139
1749140957508 1.4989758729934692 140
1749141286959 1.498546145179055 141
1749141617380 1.497352654283697 142
1749141946483 1.4964398687536067 143
1749142275657 1.496049469167536 144
1749142605071 1.4955396218733354 145
1749142934273 1.4940729574723677 146
1749143262296 1.4932469671422786 147
1749143591217 1.4925129196860574 148
1749143919679 1.4921825582330877 149
1749144249535 1.491465156728571 150
1749144578266 1.4906891259280117 151
1749144906928 1.4896473776210437 152
1749145237122 1.4889770529486916 153
1749145565745 1.488638628612865 154
1749145894068 1.4877364418723367 155
1749146222436 1.4878004572608254 156
1749146552404 1.4867964874614368 157
1749146880923 1.486396919597279 158
1749147210681 1.4856248877265237 159
1749147540486 1.485237024047158 160
1749147869760 1.4847740801897915 161
1749148199813 1.4843114722858777 162
1749148529864 1.4838050928982822 163
1749148861706 1.4836160811510952 164
1749149194913 1.4834597869352861 165
1749149528542 1.48293429071253 166
1749149862169 1.4820413155989214 167
1749150197039 1.4816977435892278 168
1749150530377 1.4816995425657793 169
1749150864265 1.4809206073934382 170
1749151197640 1.4803683866154065 171
1749151532151 1.4802108027718284 172
1749151866208 1.4801939725875854 173
1749152200104 1.4795590855858543 174
1749152533824 1.4786907651207664 175
1749152868381 1.478882366960699 176
1749153201725 1.4785837476903743 177
1749153537000 1.4782452908429233 178
1749153869495 1.4777500087564641 179
1749154202707 1.4778031002391467 180
1749154537470 1.476941390471025 181
1749154872929 1.4762775139375166 182
1749155207434 1.4757192568345503 183
1749155541536 1.4753642840818926 184
1749155873677 1.4753151373429731 185
1749156208137 1.4744288812984119 186
1749156540968 1.4741996201601895 187
1749156873195 1.4739850000901655 188
1749157205429 1.4729620218276978 189
1749157537595 1.4728696563027122 190
1749157864894 1.4727365212007002 191
1749158194834 1.4723145419901067 192
1749158524043 1.4713738831606777 193
1749158853148 1.4715470183979382 194
1749159181406 1.4710712974721736 195
1749159510602 1.469953786243092 196
1749159841957 1.4694946028969504 197
1749160172093 1.4691517786546187 198
1749160503227 1.4692069400440564 199
1749160833238 1.4685022722591052 200
1749161163978 1.4673493667082353 201
1749161494772 1.467524528503418 202
1749161824672 1.466682661663402 203
1749162154762 1.4660718549381604 204
1749162483843 1.4661715680902654 205
1749162813783 1.4652118357745083 206
1749163143357 1.4643618627028032 207
1749163472813 1.4645661874250933 208
1749163801798 1.4644444313916294 209
1749164131800 1.4633733792738481 210
1749164460643 1.4626867987892844 211
1749164790374 1.4618247530677102 212
1749165119827 1.4612826108932495 213
1749165449418 1.460811354897239 214
1749165778519 1.4603320468555798 215
1749166108368 1.4595966772599653 216
1749166438630 1.4592181986028498 217
1749166768024 1.4584756005894055 218
1749167097807 1.4578868042338977 219
1749167428614 1.4570360400459983 220
1749167758172 1.456734147938815 221
1749168087920 1.4563068151474 222
1749168418663 1.4553838859904895 223
1749168749562 1.4550968516956677 224
1749169080219 1.4546852978793057 225
1749169410745 1.4539330980994485 226
1749169741239 1.4531435641375454 227
1749170072124 1.4524915651841597 228
1749170402718 1.4524493542584507 229
1749170734572 1.4514135339043357 230
1749171064348 1.4514174461364746 231
1749171396716 1.4506152001294224 232
1749171728165 1.450189926407554 233
1749172059705 1.4494100158864802 234
1749172390883 1.4489844278855757 235
1749172721415 1.4482583674517544 236
1749173051468 1.447484309023077 237
1749173383278 1.447581323710355 238
1749173712556 1.4466479041359641 239
1749174042687 1.4461500644683838 240
1749174372020 1.4453025189313022 241
1749174701866 1.444673321463845 242
1749175032320 1.443835128437389 243
1749175362581 1.4434299794110386 244
1749175692641 1.4425500414588235 245
1749176022482 1.4420666694641113 246
1749176353098 1.4419796575199475 247
1749176684613 1.4413016601042314 248
1749177014842 1.4404406981034712 249
1749177344805 1.439947171644731 250
1749177674393 1.4394531791860408 251
1749178004825 1.4390999512238936 252
1749178333437 1.4385944604873657 253
1749178662074 1.437841697172685 254
1749178991854 1.436943856152621 255
1749179321560 1.4359426498413086 256
1749179650421 1.4356091997840188 257
1749179978155 1.434877959164706 258
1749180306173 1.4342335245826028 259
1749180634581 1.433704441243952 260
1749180963727 1.4331578774885698 261
1749181291764 1.432994083924727 262
1749181619451 1.4319853024049238 263
1749181948320 1.4311404119838367 264
1749182276187 1.4302215034311467 265
1749182604745 1.429460341280157 266
1749182932129 1.4289490309628574 267
1749183258506 1.42873816056685 268
