1747886144113 2.148001963442022 0
1747886385049 1.6891822056336836 1
1747886627949 1.6133970455689863 2
1747886872813 1.562023097818548 3
1747887119312 1.520633805881847 4
1747887365349 1.4975500540299849 5
1747887609473 1.4746708761562 6
1747887857280 1.456295457753268 7
1747888103161 1.4255617206746882 8
1747888354214 1.4034421010450884 9
1747888605328 1.3864772536537864 10
1747888853760 1.369989362629977 11
1747889101864 1.348723899234425 12
1747889350122 1.3504416834224353 13
1747889597891 1.3276315494017168 14
1747889844925 1.309210484678095 15
1747890092026 1.2828422784805298 16
1747890338072 1.2768024856393987 17
1747890585390 1.266162254593589 18
1747890831927 1.2478580583225598 19
1747891080317 1.2541343298825351 20
1747891327864 1.2436702793294734 21
1747891574536 1.2463792237368496 22
1747891819798 1.2082901434464888 23
1747892064196 1.1970104520971125 24
1747892307671 1.1925476139242 25
1747892552125 1.1918290203267878 26
1747892796269 1.1953511129726062 27
1747893040723 1.1702867529608987 28
1747893284901 1.1641270030628552 29
1747893529478 1.1525913693688132 30
1747893772759 1.1469526074149392 31
1747894026039 1.1267340074885974 32
1747894268443 1.123119592666626 33
1747894509227 1.1222568208521062 34
1747894754078 1.1125948320735584 35
1747894999244 1.1072343696247449 36
1747895245937 1.1025231859900735 37
1747895492187 1.0981302044608376 38
1747895737934 1.0907070636749268 39
1747895983057 1.0911126028407703 40
1747896229255 1.0903175635771318 41
1747896475474 1.0865803523497148 42
1747896722143 1.0918681838295676 43
1747896967989 1.0818739479238337 44
1747897213893 1.07674410126426 45
1747897459944 1.0785583799535579 46
1747897706498 1.0760095986452969 47
1747897953485 1.074001973325556 48
1747898200349 1.0720013271678577 49
1747898446740 1.0710346156900579 50
1747898693516 1.070293123071844 51
1747898938943 1.0682834820313887 52
1747899185597 1.0662529468536377 53
1747899431483 1.067698977210305 54
1747899677962 1.066316084428267 55
1747899923850 1.0662210204384543 56
1747900169926 1.0639170408248901 57
1747900416521 1.0632725303823298 58
1747900661887 1.0624529340050437 59
1747900907818 1.061108036474748 60
1747901153582 1.0611463785171509 61
1747901398586 1.0603342164646496 62
1747901644808 1.0595975138924338 63
1747901891366 1.0595240918072788 64
1747902137015 1.0588555444370618 65
1747902382944 1.0580570589412341 66
1747902628906 1.058011163364757 67
1747902874266 1.0581623207439075 68
1747903119385 1.0562583641572432 69
1747903365350 1.0560687563636086 70
1747903611721 1.056419470093467 71
1747903857909 1.0560293956236406 72
1747904104372 1.0556984381242231 73
1747904350270 1.056282487782565 74
1747904626669 1.0552918910980225 75
1747904868853 1.0549936294555664 76
1747905109757 1.054881984537298 77
1747905351241 1.0549511150880293 78
1747905595480 1.0547279878096147 79
1747905836201 1.0551073767922141 80
1747906077651 1.0547476465051824 81
1747906319880 1.0546009540557861 82
1747906562290 1.0544616309079258 83
1747906804774 1.054486784068021 84
1747907047542 1.0542744181372903 85
1747907290536 1.0549863251772793 86
1747907533906 1.0545518398284912 87
1747907777790 1.0545716394077649 88
1747908020781 1.0545595342462712 89
1747908263484 1.0544236248189753 90
1747908505048 1.0544609915126453 91
1747908746374 1.0546999844637783 92
1747908988004 1.0545890764756636 93
1747909229475 1.054549759084528 94
1747909471011 1.0544751449064775 95
1747909713048 1.054500319740989 96
1747909955476 1.0544398914683948 97
1747910197979 1.0545651154084639 98
1747910441046 1.0544901110909202 99
1747910685093 1.0544241883537986 100
1747910929370 1.0544377998872236 101
1747911174084 1.0544060360301624 102
1747911417931 1.0544025789607654 103
1747911662807 1.05442353812131 104
1747911907766 1.0543743697079746 105
1747912152635 1.0543605197559704 106
1747912397567 1.0543232614343816 107
1747912656902 1.054295084693215 108
1747912965753 1.0542751442302356 109
1747913274971 1.0542515407909046 110
1747913584389 1.0541816733100198 111
1747913893221 1.0541594136844983 112
1747914202680 1.0542013320055874 113
1747914511765 1.0542136322368274 114
1747914821534 1.054230885072188 115
1747915130428 1.054096146063371 116
1747915439109 1.0540719899264248 117
1747915747911 1.054042480208657 118
1747916077019 1.054023027420044 119
1747916386759 1.0540235909548672 120
1747916693224 1.0539781180295078 121
1747917000757 1.054002512585033 122
1747917307235 1.05396446314725 123
1747917614532 1.0540207841179587 124
1747917921087 1.0540034445849331 125
1747918228299 1.0540221604433926 126
1747918535278 1.0540284460241145 127
1747918842657 1.0540339404886419 128
1747919150385 1.0540132522583008 129
1747919457334 1.0539977983994917 130
1747919764036 1.0540154847231777 131
1747920070832 1.0539890094236894 132
1747920377561 1.0540465008128772 133
1747920700456 1.0540169043974443 134
1747921008015 1.0540306026285344 135
1747921315343 1.0540606325322932 136
1747921621976 1.054037700999867 137
1747921927076 1.0540352192792026 138
1747922233088 1.0539984919808127 139
1747922565864 1.0539937669580632 140
1747922872668 1.0540357719768176 141
1747923177637 1.0539899197491733 142
1747923482803 1.0540057312358508 143
1747923788173 1.0540327700701626 144
1747924093535 1.0539864735169844 145
1747924398892 1.0540038455616345 146
1747924704417 1.0540386655113914 147
1747925009459 1.0540397275577893 148
1747925315972 1.0539895296096802 149
1747925642348 1.0539688305421309 150
1747925948215 1.0539824095639316 151
1747926274880 1.054033788767728 152
1747926596731 1.0539946989579634 153
1747926903316 1.0539912527257747 154
1747927209219 1.0540074110031128 155
1747927516342 1.054000204259699 156
1747927822209 1.0539767308668657 157
1747928124684 1.0539622631939976 158
1747928429970 1.0539635636589744 159
1747928736310 1.0539841001684016 160
1747929041888 1.0539647124030374 161
1747929346882 1.0539296540347012 162
1747929650882 1.0539819110523572 163
1747929953161 1.0539330460808494 164
1747930257856 1.0540145418860696 165
1747930563298 1.0539552948691628 166
1747930868835 1.0539796244014392 167
1747931174263 1.0539754845879294 168
1747931479007 1.0540144443511963 169
1747931784042 1.0539845336567273 170
1747932088558 1.0540128946304321 171
1747932393305 1.0540082454681396 172
1747932698359 1.0539820410988547 173
1747933002525 1.0539768175645308 174
1747933307897 1.0539991747249255 175
1747933612905 1.053994807330045 176
1747933917703 1.0539630868218162 177
1747934222069 1.0540084080262617 178
1747934526275 1.0540035204453901 179
1747934830770 1.0539870262145996 180
1747935135408 1.0539605834267356 181
1747935439502 1.0539637262170964 182
1747935743786 1.0539601824500344 183
1747936047620 1.0539778796109287 184
1747936350751 1.0539784756573765 185
1747936653046 1.0539639321240513 186
1747936952783 1.0539393099871548 187
1747937252340 1.0539584810083562 188
1747937551048 1.053972753611478 189
1747937851525 1.053954471241344 190
1747938178976 1.0539572130550037 191
1747938478662 1.0539702827280217 192
1747938780310 1.0539561076597734 193
1747939081073 1.0539832765405828 194
1747939382431 1.05395554412495 195
1747939684511 1.0539784106341274 196
1747939985717 1.0540112040259622 197
1747940290337 1.0539598898454146 198
1747940594180 1.0539647232402454 199
1747940898030 1.053932710127397 200
1747941201583 1.053956617008556 201
1747941504933 1.0539633685892278 202
1747941807948 1.0539339672435413 203
1747942110951 1.0539556633342395 204
1747942414417 1.0539417375217786 205
1747942717617 1.0539568987759678 206
1747943020455 1.053932785987854 207
1747943323380 1.0539794076572766 208
1747943625400 1.053960995240645 209
1747943928873 1.053940469568426 210
1747944233386 1.053970748727972 211
1747944536871 1.0539274649186567 212
1747944840414 1.0539192286404697 213
1747945142968 1.053947318683971 214
1747945466349 1.0539820844476873 215
1747945770161 1.0539463650096546 216
1747946073119 1.0539442734284834 217
1747946375962 1.0539141459898516 218
1747946678477 1.0539361238479614 219
1747946981118 1.0539507540789517 220
1747947283639 1.0539403828707608 221
1747947586214 1.0539065599441528 222
1747947889287 1.0539407838474621 223
1747948192701 1.0539460507306186 224
1747948496461 1.0539822036569768 225
1747948798780 1.053923411802812 226
1747949100048 1.0539271614768289 227
1747949401059 1.0539503314278342 228
1747949702853 1.0539592071013018 229
1747950003793 1.0539517944509333 230
1747950304244 1.053925167430531 231
1747950605989 1.0539145036177202 232
1747950906729 1.0538814067840576 233
1747951208283 1.053880355574868 234
1747951509477 1.053918112408031 235
1747951811200 1.053947004404935 236
1747952112402 1.0539476112885908 237
1747952413382 1.0539068091999402 238
1747952715144 1.0539002093401821 239
1747953016214 1.053934476592324 240
1747953316943 1.053933479569175 241
1747953621445 1.053943699056452 242
1747953922318 1.0539619489149614 243
1747954223000 1.0539298924532803 244
1747954522863 1.0539428104053845 245
1747954823729 1.0539421168240635 246
1747955124395 1.0538962104103782 247
1747955424565 1.053923780267889 248
1747955725635 1.053970824588429 249
1747956026166 1.0539529865438289 250
1747956326596 1.05394569310275 251
1747956627123 1.0539160533384844 252
1747956928016 1.053948001428084 253
1747957228295 1.053917863152244 254
1747957527969 1.0539207783612339 255
1747957826959 1.0539678443561902 256
1747958126907 1.0539442517540671 257
1747958426460 1.0539381395686755 258
1747958725788 1.0539427345449275 259
1747959025107 1.0539290688254617 260
1747959324234 1.0539270097559148 261
1747959623833 1.053949236869812 262
1747959923469 1.0539160425012761 263
1747960222910 1.0538784699006514 264
1747960521734 1.053943688219244 265
1747960821574 1.0539146119898015 266
1747961120721 1.0539356686852195 267
1747961398316 1.0539346608248623 268
1747961671716 1.0539074811068447 269
1747961943688 1.0539581125432795 270
1747962215107 1.0539461699399082 271
1747962484467 1.0539088357578625 272
1747962753785 1.0539385188709607 273
1747963023015 1.0539155873385342 274
1747963292421 1.0539163242686878 275
1747963561172 1.0539001768285579 276
1747963829293 1.0539227507331155 277
1747964097958 1.0539041540839456 278
1747964367154 1.0539328510111028 279
1747964635859 1.053962696682323 280
1747964904703 1.0538946173407815 281
1747965173382 1.0539225448261609 282
1747965441540 1.0539155439897017 283
1747965709757 1.053931247104298 284
1747965978432 1.0539252866398205 285
1747966246302 1.0539379553361372 286
1747966515249 1.0539033629677512 287
1747966784106 1.053918871012601 288
1747967053024 1.0539439158006148 289
1747967321448 1.0539219596169211 290
1747967591073 1.0539535175670276 291
1747967860720 1.0539022900841453 292
1747968130578 1.0539200414310803 293
1747968399612 1.0539135499434038 294
1747968668987 1.0538866736672141 295
1747968938651 1.0539023876190186 296
1747969208479 1.053947318683971 297
1747969478537 1.0539422577077693 298
1747969749674 1.0539184591986916 299
1747970021902 1.0538965463638306 300
1747970293169 1.0539503531022505 301
1747970565203 1.0539229891516946 302
1747970836700 1.0539265979420056 303
1747971108465 1.0539316805926235 304
1747971380745 1.0539242896166714 305
1747971653041 1.0539088682694868 306
1747971925355 1.0539269230582498 307
1747972197115 1.053960453380238 308
