1747305167525 3e-05 0
1747305172166 3e-05 1
1747305176558 3e-05 2
1747305180960 3e-05 3
1747305185370 3e-05 4
1747305189996 3e-05 5
1747305194396 3e-05 6
1747305198801 3e-05 7
1747305203458 3e-05 8
1747305207840 3e-05 9
1747305212253 3e-05 10
1747305216633 3e-05 11
1747305221258 3e-05 12
1747305225633 3e-05 13
1747305230032 3e-05 14
1747305234702 3e-05 15
1747305239104 3e-05 16
1747305243534 3e-05 17
1747305247909 3e-05 18
1747305252775 3e-05 19
1747305257148 3e-05 20
1747305261553 3e-05 21
1747305266225 3e-05 22
1747305270639 3e-05 23
1747305275069 3e-05 24
1747305279472 3e-05 25
1747305284130 3e-05 26
1747305288533 3e-05 27
1747305292913 3e-05 28
1747305297545 3e-05 29
1747305301909 3e-05 30
1747305306311 3e-05 31
1747305310697 3e-05 32
1747305315367 3e-05 33
1747305319742 3e-05 34
1747305324139 3e-05 35
1747305328766 3e-05 36
1747305333144 3e-05 37
1747305337770 3e-05 38
1747305342399 3e-05 39
1747305885408 3e-05 40
1747305889912 3e-05 41
1747305894283 3e-05 42
1747305898759 3e-05 43
1747305903108 3e-05 44
1747305907470 3e-05 45
1747305911860 3e-05 46
1747305916234 3e-05 47
1747305920621 3e-05 48
1747305924999 3e-05 49
1747305929468 3e-05 50
1747305933834 3e-05 51
1747305938180 3e-05 52
1747305942556 3e-05 53
1747305946937 3e-05 54
1747305951402 3e-05 55
1747305955760 3e-05 56
1747305960106 3e-05 57
1747305964492 3e-05 58
1747305969158 3e-05 59
1747305973520 3e-05 60
1747305977861 3e-05 61
1747305982220 3e-05 62
1747305986609 3e-05 63
1747305991000 3e-05 64
1747305995399 3e-05 65
1747305999919 3e-05 66
1747306004278 3e-05 67
1747306008620 3e-05 68
1747306012982 3e-05 69
1747306017331 3e-05 70
1747306021672 3e-05 71
1747306026036 3e-05 72
1747306030387 3e-05 73
1747306034742 3e-05 74
1747306039126 3e-05 75
1747306043490 3e-05 76
1747306047873 3e-05 77
1747306052458 3e-05 78
1747306056846 3e-05 79
1747306602349 3e-05 80
1747306606703 3e-05 81
1747306611064 3e-05 82
1747306615428 3e-05 83
1747306619775 3e-05 84
1747306624120 3e-05 85
1747306628488 3e-05 86
1747306632856 3e-05 87
1747306637218 3e-05 88
1747306641560 3e-05 89
1747306645923 3e-05 90
1747306650299 3e-05 91
1747306654663 3e-05 92
1747306659017 3e-05 93
1747306663378 3e-05 94
1747306667789 3e-05 95
1747306672170 3e-05 96
1747306676517 3e-05 97
1747306680897 3e-05 98
1747306685491 3e-05 99
1747306689861 3e-05 100
1747306694247 3e-05 101
1747306698630 3e-05 102
1747306702969 3e-05 103
1747306707341 3e-05 104
1747306711736 3e-05 105
1747306716126 3e-05 106
1747306720510 3e-05 107
1747306724926 3e-05 108
1747306729319 3e-05 109
1747306733754 3e-05 110
1747306738250 3e-05 111
1747306742708 3e-05 112
1747306747182 3e-05 113
1747306751567 3e-05 114
1747306755952 3e-05 115
1747306760331 3e-05 116
1747306764747 3e-05 117
1747306769336 3e-05 118
1747306773730 3e-05 119
1747307358383 3e-05 120
1747307362743 3e-05 121
1747307367130 3e-05 122
1747307371466 3e-05 123
1747307375843 3e-05 124
1747307380209 3e-05 125
1747307384589 3e-05 126
1747307388964 3e-05 127
1747307393352 3e-05 128
1747307397729 3e-05 129
1747307402123 3e-05 130
1747307406500 3e-05 131
1747307410896 3e-05 132
1747307415308 3e-05 133
1747307419701 3e-05 134
1747307424062 3e-05 135
1747307428430 3e-05 136
1747307432825 3e-05 137
1747307437213 3e-05 138
1747307441774 3e-05 139
1747307446173 3e-05 140
1747307450535 3e-05 141
1747307454913 3e-05 142
1747307459249 3e-05 143
1747307463615 3e-05 144
1747307468029 3e-05 145
1747307472410 3e-05 146
1747307476797 3e-05 147
1747307481200 3e-05 148
1747307485578 3e-05 149
1747307489956 3e-05 150
1747307494335 3e-05 151
1747307498693 3e-05 152
1747307503076 3e-05 153
1747307507462 3e-05 154
1747307511851 3e-05 155
1747307516254 3e-05 156
1747307520641 3e-05 157
1747307525237 3e-05 158
1747307529599 3e-05 159
1747308080695 3e-05 160
1747308085127 3e-05 161
1747308089563 3e-05 162
1747308093973 3e-05 163
1747308098490 3e-05 164
1747308102885 3e-05 165
1747308107766 3e-05 166
1747308111963 3e-05 167
1747308116802 3e-05 168
1747308120975 3e-05 169
1747308125739 3e-05 170
1747308130223 3e-05 171
1747308134722 3e-05 172
1747308139236 3e-05 173
1747308143717 3e-05 174
1747308148172 3e-05 175
1747308152611 3e-05 176
1747308157179 3e-05 177
1747308161709 3e-05 178
1747308166455 3e-05 179
1747308170886 3e-05 180
1747308175318 3e-05 181
1747308179789 3e-05 182
1747308184251 3e-05 183
1747308188740 3e-05 184
1747308193156 3e-05 185
1747308197568 3e-05 186
1747308202000 3e-05 187
1747308206540 3e-05 188
1747308211074 3e-05 189
1747308215583 3e-05 190
1747308220073 3e-05 191
1747308224529 3e-05 192
1747308229009 3e-05 193
1747308233473 3e-05 194
1747308238031 3e-05 195
1747308242499 3e-05 196
1747308247029 3e-05 197
1747308251714 3e-05 198
1747308256225 3e-05 199
1747308814547 3e-05 200
1747308818962 3e-05 201
1747308823378 3e-05 202
1747308827840 3e-05 203
1747308832271 3e-05 204
1747308836717 3e-05 205
1747308841153 3e-05 206
1747308845627 3e-05 207
1747308850089 3e-05 208
1747308854551 3e-05 209
1747308858955 3e-05 210
1747308863383 3e-05 211
1747308867904 3e-05 212
1747308872419 3e-05 213
1747308876922 3e-05 214
1747308881423 3e-05 215
1747308885937 3e-05 216
1747308890401 3e-05 217
1747308894877 3e-05 218
1747308899644 3e-05 219
1747308904129 3e-05 220
1747308908644 3e-05 221
1747308913072 3e-05 222
1747308917549 3e-05 223
1747308921966 3e-05 224
1747308926441 3e-05 225
1747308930943 3e-05 226
1747308935418 3e-05 227
1747308939931 3e-05 228
1747308944438 3e-05 229
1747308948954 3e-05 230
1747308953454 3e-05 231
1747308958013 3e-05 232
1747308962460 3e-05 233
1747308966973 3e-05 234
1747308971453 3e-05 235
1747308975977 3e-05 236
1747308980521 3e-05 237
1747308985245 3e-05 238
1747308989734 3e-05 239
1747309550916 3e-05 240
1747309555426 3e-05 241
1747309559959 3e-05 242
1747309564459 3e-05 243
1747309568969 3e-05 244
1747309573473 3e-05 245
1747309577995 3e-05 246
1747309582507 3e-05 247
1747309587035 3e-05 248
1747309591514 3e-05 249
1747309596030 3e-05 250
1747309600542 3e-05 251
1747309605065 3e-05 252
1747309609548 3e-05 253
1747309614017 3e-05 254
1747309618575 3e-05 255
1747309623080 3e-05 256
1747309627627 3e-05 257
1747309632104 3e-05 258
1747309636840 3e-05 259
1747309641283 3e-05 260
1747309645743 3e-05 261
1747309650254 3e-05 262
1747309654723 3e-05 263
1747309659243 3e-05 264
1747309663726 3e-05 265
1747309668231 3e-05 266
1747309672735 3e-05 267
1747309677276 3e-05 268
1747309681794 3e-05 269
1747309686305 3e-05 270
1747309690827 3e-05 271
1747309695337 3e-05 272
1747309699889 3e-05 273
1747309704390 3e-05 274
1747309708935 3e-05 275
1747309713443 3e-05 276
1747309717970 3e-05 277
1747309722710 3e-05 278
1747309727203 3e-05 279
1747310292448 3e-05 280
1747310296944 3e-05 281
1747310301390 3e-05 282
1747310305829 3e-05 283
1747310310342 3e-05 284
1747310314814 3e-05 285
1747310319309 3e-05 286
1747310323742 3e-05 287
1747310328228 3e-05 288
1747310332683 3e-05 289
1747310337165 3e-05 290
1747310341624 3e-05 291
1747310346069 3e-05 292
1747310350539 3e-05 293
1747310354989 3e-05 294
1747310359458 3e-05 295
1747310363919 3e-05 296
1747310368409 3e-05 297
1747310372938 3e-05 298
1747310377657 3e-05 299
1747310382200 3e-05 300
1747310386668 3e-05 301
1747310391247 3e-05 302
1747310395781 3e-05 303
1747310400319 3e-05 304
1747310404767 3e-05 305
1747310409315 3e-05 306
1747310413824 3e-05 307
1747310418381 3e-05 308
1747310422885 3e-05 309
1747310427394 3e-05 310
1747310431884 3e-05 311
1747310436394 3e-05 312
1747310440921 3e-05 313
1747310445402 3e-05 314
1747310449958 3e-05 315
1747310454457 3e-05 316
1747310458992 3e-05 317
1747310463754 3e-05 318
1747310468275 3e-05 319
1747311030280 3e-05 320
1747311034790 3e-05 321
1747311039349 3e-05 322
1747311043896 3e-05 323
1747311048432 3e-05 324
1747311052999 3e-05 325
1747311057519 3e-05 326
1747311062048 3e-05 327
1747311066579 3e-05 328
1747311071141 3e-05 329
1747311075650 3e-05 330
1747311080210 3e-05 331
1747311084728 3e-05 332
1747311089272 3e-05 333
1747311093792 3e-05 334
1747311098341 3e-05 335
1747311102866 3e-05 336
1747311107409 3e-05 337
1747311111977 3e-05 338
1747311116741 3e-05 339
1747311121267 3e-05 340
1747311125831 3e-05 341
1747311130364 3e-05 342
1747311134903 3e-05 343
1747311139432 3e-05 344
1747311143999 3e-05 345
1747311148557 3e-05 346
1747311153100 3e-05 347
1747311157638 3e-05 348
1747311162186 3e-05 349
1747311166743 3e-05 350
1747311171368 3e-05 351
1747311175921 3e-05 352
1747311180491 3e-05 353
1747311185023 3e-05 354
1747311189575 3e-05 355
1747311194137 3e-05 356
1747311198725 3e-05 357
1747311203498 3e-05 358
1747311208054 3e-05 359
1747311773887 3e-05 360
1747311778436 3e-05 361
1747311782980 3e-05 362
1747311787519 3e-05 363
1747311792013 3e-05 364
1747311796450 3e-05 365
1747311800981 3e-05 366
1747311805443 3e-05 367
1747311809946 3e-05 368
1747311814449 3e-05 369
1747311818914 3e-05 370
1747311823389 3e-05 371
1747311827864 3e-05 372
1747311832392 3e-05 373
1747311836829 3e-05 374
1747311841352 3e-05 375
1747311845818 3e-05 376
1747311850320 3e-05 377
1747311854772 3e-05 378
1747311859496 3e-05 379
1747311863990 3e-05 380
1747311868477 3e-05 381
1747311873041 3e-05 382
1747311877597 3e-05 383
1747311882163 3e-05 384
1747311886706 3e-05 385
1747311891267 3e-05 386
1747311895803 3e-05 387
1747311900302 3e-05 388
1747311904748 3e-05 389
1747311909221 3e-05 390
1747311913685 3e-05 391
1747311918134 3e-05 392
1747311922546 3e-05 393
1747311926965 3e-05 394
1747311931480 3e-05 395
1747311935911 3e-05 396
1747311940432 3e-05 397
1747311945131 3e-05 398
1747311949632 3e-05 399
1747312515674 3e-05 400
1747312520259 3e-05 401
1747312524849 3e-05 402
1747312529415 3e-05 403
1747312533902 3e-05 404
1747312538347 3e-05 405
1747312543145 3e-05 406
1747312547659 3e-05 407
1747312552200 3e-05 408
1747312556727 3e-05 409
1747312561276 3e-05 410
1747312565816 3e-05 411
1747312570346 3e-05 412
1747312574880 3e-05 413
1747312579357 3e-05 414
1747312583790 3e-05 415
1747312588249 3e-05 416
1747312592703 3e-05 417
1747312597139 3e-05 418
1747312601801 3e-05 419
1747312606232 3e-05 420
1747312610698 3e-05 421
1747312615163 3e-05 422
1747312619605 3e-05 423
1747312624051 3e-05 424
1747312628502 3e-05 425
1747312633019 3e-05 426
1747312637496 3e-05 427
1747312642017 3e-05 428
1747312646536 3e-05 429
1747312651061 3e-05 430
1747312655559 3e-05 431
1747312660040 3e-05 432
1747312664572 3e-05 433
1747312669108 3e-05 434
1747312673648 3e-05 435
1747312678166 3e-05 436
1747312682668 3e-05 437
1747312687358 3e-05 438
1747312691869 3e-05 439
1747313256894 3e-05 440
1747313261411 3e-05 441
1747313265966 3e-05 442
1747313270519 3e-05 443
1747313275071 3e-05 444
1747313279680 3e-05 445
1747313284231 3e-05 446
1747313288811 3e-05 447
1747313293365 3e-05 448
1747313297944 3e-05 449
1747313302505 3e-05 450
1747313307084 3e-05 451
1747313311653 3e-05 452
1747313316235 3e-05 453
1747313320758 3e-05 454
1747313325334 3e-05 455
1747313329922 3e-05 456
1747313334484 3e-05 457
1747313339067 3e-05 458
1747313343865 3e-05 459
1747313348432 3e-05 460
1747313353019 3e-05 461
1747313357595 3e-05 462
1747313362183 3e-05 463
1747313366754 3e-05 464
1747313371364 3e-05 465
1747313375923 3e-05 466
1747313380468 3e-05 467
1747313385041 3e-05 468
1747313389605 3e-05 469
1747313394160 3e-05 470
1747313398729 3e-05 471
1747313403292 3e-05 472
1747313407889 3e-05 473
1747313412467 3e-05 474
1747313417083 3e-05 475
1747313421635 3e-05 476
1747313426202 3e-05 477
1747313430960 3e-05 478
1747313435527 3e-05 479
1747314002277 3e-05 480
1747314006832 3e-05 481
1747314011377 3e-05 482
1747314015947 3e-05 483
1747314020502 3e-05 484
1747314025065 3e-05 485
1747314029613 3e-05 486
1747314034170 3e-05 487
1747314038724 3e-05 488
1747314043325 3e-05 489
1747314047916 3e-05 490
1747314052499 3e-05 491
1747314057051 3e-05 492
1747314061627 3e-05 493
1747314066199 3e-05 494
1747314070768 3e-05 495
1747314075322 3e-05 496
1747314079894 3e-05 497
1747314084439 3e-05 498
1747314089230 3e-05 499
1747314093794 3e-05 500
1747314098363 3e-05 501
1747314102931 3e-05 502
1747314107485 3e-05 503
1747314112076 3e-05 504
1747314116640 3e-05 505
1747314121225 3e-05 506
1747314125758 3e-05 507
1747314130332 3e-05 508
1747314134897 3e-05 509
1747314139494 3e-05 510
1747314144069 3e-05 511
1747314148665 3e-05 512
1747314153252 3e-05 513
1747314157848 3e-05 514
1747314162423 3e-05 515
1747314166994 3e-05 516
1747314171569 3e-05 517
1747314176299 3e-05 518
1747314180774 3e-05 519
1747314750381 3e-05 520
1747314754959 3e-05 521
1747314759501 3e-05 522
1747314764070 3e-05 523
1747314768606 3e-05 524
1747314773155 3e-05 525
1747314777738 3e-05 526
1747314782305 3e-05 527
1747314786878 3e-05 528
1747314791429 3e-05 529
1747314795973 3e-05 530
1747314800549 3e-05 531
1747314805087 3e-05 532
1747314809637 3e-05 533
1747314814158 3e-05 534
1747314818731 3e-05 535
1747314823276 3e-05 536
1747314827782 3e-05 537
1747314832312 3e-05 538
1747314837094 3e-05 539
1747314841663 3e-05 540
1747314846229 3e-05 541
1747314850805 3e-05 542
1747314855357 3e-05 543
1747314859914 3e-05 544
1747314864492 3e-05 545
1747314869042 3e-05 546
1747314873583 3e-05 547
1747314878144 3e-05 548
1747314882700 3e-05 549
1747314887290 3e-05 550
1747314891868 3e-05 551
1747314896446 3e-05 552
1747314901009 3e-05 553
1747314905592 3e-05 554
1747314910138 3e-05 555
1747314914649 3e-05 556
1747314919151 3e-05 557
1747314923883 3e-05 558
1747314928438 3e-05 559
1747315493425 3e-05 560
1747315498029 3e-05 561
1747315502606 3e-05 562
1747315507181 3e-05 563
1747315511728 3e-05 564
1747315516249 3e-05 565
1747315520751 3e-05 566
1747315525284 3e-05 567
1747315529875 3e-05 568
1747315534445 3e-05 569
1747315539027 3e-05 570
1747315543593 3e-05 571
1747315548158 3e-05 572
1747315552736 3e-05 573
1747315557325 3e-05 574
1747315561783 3e-05 575
1747315566330 3e-05 576
1747315570927 3e-05 577
1747315575517 3e-05 578
1747315580343 3e-05 579
1747315584920 3e-05 580
1747315589482 3e-05 581
1747315594023 3e-05 582
1747315598503 3e-05 583
1747315603002 3e-05 584
1747315607572 3e-05 585
1747315612181 3e-05 586
1747315616749 3e-05 587
1747315621317 3e-05 588
1747315625923 3e-05 589
1747315630509 3e-05 590
1747315635077 3e-05 591
1747315639585 3e-05 592
1747315644119 3e-05 593
1747315648667 3e-05 594
1747315653209 3e-05 595
1747315657803 3e-05 596
1747315662372 3e-05 597
1747315667169 3e-05 598
1747315671740 3e-05 599
1747316239271 3e-05 600
1747316243842 3e-05 601
1747316248378 3e-05 602
1747316252915 3e-05 603
1747316257470 3e-05 604
1747316262016 3e-05 605
1747316266573 3e-05 606
1747316271125 3e-05 607
1747316275712 3e-05 608
1747316280274 3e-05 609
1747316284852 3e-05 610
1747316289425 3e-05 611
1747316294033 3e-05 612
1747316298647 3e-05 613
1747316303234 3e-05 614
1747316307803 3e-05 615
1747316312359 3e-05 616
1747316316933 3e-05 617
1747316321500 3e-05 618
1747316326300 3e-05 619
1747316330891 3e-05 620
1747316335501 3e-05 621
1747316340081 3e-05 622
1747316344672 3e-05 623
1747316349250 3e-05 624
1747316353829 3e-05 625
1747316358347 3e-05 626
1747316362892 3e-05 627
1747316367444 3e-05 628
1747316371993 3e-05 629
1747316376540 3e-05 630
1747316381080 3e-05 631
1747316385610 3e-05 632
1747316390171 3e-05 633
1747316394751 3e-05 634
1747316399345 3e-05 635
1747316403909 3e-05 636
1747316408451 3e-05 637
1747316413187 3e-05 638
1747316417738 3e-05 639
1747316985095 3e-05 640
1747316989696 3e-05 641
1747316994257 3e-05 642
1747316998821 3e-05 643
1747317003398 3e-05 644
1747317007961 3e-05 645
1747317012519 3e-05 646
1747317017113 3e-05 647
1747317021652 3e-05 648
1747317026227 3e-05 649
1747317030807 3e-05 650
1747317035388 3e-05 651
1747317039905 3e-05 652
1747317044466 3e-05 653
1747317049007 3e-05 654
1747317053576 3e-05 655
1747317058143 3e-05 656
1747317062726 3e-05 657
1747317067329 3e-05 658
1747317072142 3e-05 659
1747317076720 3e-05 660
1747317081249 3e-05 661
1747317085787 3e-05 662
1747317090330 3e-05 663
1747317094887 3e-05 664
1747317099449 3e-05 665
1747317104005 3e-05 666
1747317108571 3e-05 667
1747317113153 3e-05 668
1747317117719 3e-05 669
1747317122287 3e-05 670
1747317126881 3e-05 671
1747317131425 3e-05 672
1747317135978 3e-05 673
1747317140559 3e-05 674
1747317145157 3e-05 675
1747317149776 3e-05 676
1747317154344 3e-05 677
1747317159149 3e-05 678
1747317163725 3e-05 679
1747317732764 3e-05 680
1747317737370 3e-05 681
1747317741957 3e-05 682
1747317746539 3e-05 683
1747317751165 3e-05 684
1747317755736 3e-05 685
1747317760339 3e-05 686
1747317764891 3e-05 687
1747317769793 3e-05 688
1747317774037 3e-05 689
1747317778941 3e-05 690
1747317783135 3e-05 691
1747317788024 3e-05 692
1747317792607 3e-05 693
1747317797191 3e-05 694
1747317801762 3e-05 695
1747317806351 3e-05 696
1747317810908 3e-05 697
1747317815468 3e-05 698
1747317820255 3e-05 699
1747317824828 3e-05 700
1747317829421 3e-05 701
1747317833900 3e-05 702
1747317838444 3e-05 703
1747317843011 3e-05 704
1747317847627 3e-05 705
1747317852208 3e-05 706
1747317856810 3e-05 707
1747317861061 3e-05 708
1747317865661 3e-05 709
1747317870196 3e-05 710
1747317874747 3e-05 711
1747317879305 3e-05 712
1747317883889 3e-05 713
1747317888431 3e-05 714
1747317892993 3e-05 715
1747317897588 3e-05 716
1747317902178 3e-05 717
1747317907247 3e-05 718
1747317911726 3e-05 719
1747318478844 3e-05 720
1747318483434 3e-05 721
1747318488055 3e-05 722
1747318492612 3e-05 723
1747318497157 3e-05 724
1747318501676 3e-05 725
1747318506165 3e-05 726
1747318510655 3e-05 727
1747318515167 3e-05 728
1747318519684 3e-05 729
1747318524159 3e-05 730
1747318528647 3e-05 731
1747318533098 3e-05 732
1747318537673 3e-05 733
1747318542170 3e-05 734
1747318546705 3e-05 735
1747318551204 3e-05 736
1747318555750 3e-05 737
1747318560270 3e-05 738
1747318565012 3e-05 739
1747318569578 3e-05 740
1747318574142 3e-05 741
1747318578715 3e-05 742
1747318583270 3e-05 743
1747318587832 3e-05 744
1747318592367 3e-05 745
1747318596927 3e-05 746
1747318601506 3e-05 747
1747318606088 3e-05 748
1747318610668 3e-05 749
1747318615280 3e-05 750
1747318619882 3e-05 751
1747318624422 3e-05 752
1747318628986 3e-05 753
1747318633542 3e-05 754
1747318638153 3e-05 755
1747318642727 3e-05 756
1747318647314 3e-05 757
1747318652090 3e-05 758
1747318656627 3e-05 759
1747319225396 3e-05 760
1747319229984 3e-05 761
1747319235016 3e-05 762
1747319239580 3e-05 763
1747319244110 3e-05 764
1747319248326 3e-05 765
1747319252871 3e-05 766
1747319257429 3e-05 767
1747319262015 3e-05 768
1747319266562 3e-05 769
1747319271132 3e-05 770
1747319275672 3e-05 771
1747319280233 3e-05 772
1747319284752 3e-05 773
1747319289367 3e-05 774
1747319293971 3e-05 775
1747319298588 3e-05 776
1747319303178 3e-05 777
1747319307754 3e-05 778
1747319312877 3e-05 779
1747319317470 3e-05 780
1747319322059 3e-05 781
1747319326674 3e-05 782
1747319331271 3e-05 783
1747319335880 3e-05 784
1747319340476 3e-05 785
1747319345069 3e-05 786
1747319349635 3e-05 787
1747319354262 3e-05 788
1747319358847 3e-05 789
1747319363462 3e-05 790
1747319368019 3e-05 791
1747319372552 3e-05 792
1747319377070 3e-05 793
1747319381633 3e-05 794
1747319386219 3e-05 795
1747319390838 3e-05 796
1747319395440 3e-05 797
1747319400260 3e-05 798
1747319404866 3e-05 799
1747319974210 3e-05 800
1747319978709 3e-05 801
1747319983194 3e-05 802
1747319987718 3e-05 803
1747319992254 3e-05 804
1747319996754 3e-05 805
1747320001287 3e-05 806
1747320005800 3e-05 807
1747320010306 3e-05 808
1747320014773 3e-05 809
1747320019303 3e-05 810
1747320023802 3e-05 811
1747320028333 3e-05 812
1747320032822 3e-05 813
1747320037320 3e-05 814
1747320041809 3e-05 815
1747320046298 3e-05 816
1747320050774 3e-05 817
1747320055269 3e-05 818
1747320059989 3e-05 819
1747320064473 3e-05 820
1747320068956 3e-05 821
1747320073456 3e-05 822
1747320077998 3e-05 823
1747320082557 3e-05 824
1747320087109 3e-05 825
1747320091674 3e-05 826
1747320096203 3e-05 827
1747320100798 3e-05 828
1747320105379 3e-05 829
1747320109959 3e-05 830
1747320114538 3e-05 831
1747320119125 3e-05 832
1747320123643 3e-05 833
1747320128205 3e-05 834
1747320132758 3e-05 835
1747320137333 3e-05 836
1747320141902 3e-05 837
1747320146699 3e-05 838
1747320151273 3e-05 839
1747320715173 3e-05 840
1747320719667 3e-05 841
1747320724126 3e-05 842
1747320728618 3e-05 843
1747320733187 3e-05 844
1747320737776 3e-05 845
1747320742339 3e-05 846
1747320746975 3e-05 847
1747320751546 3e-05 848
1747320756136 3e-05 849
1747320760729 3e-05 850
1747320765340 3e-05 851
1747320769855 3e-05 852
1747320774335 3e-05 853
1747320778839 3e-05 854
1747320783345 3e-05 855
1747320787858 3e-05 856
1747320792373 3e-05 857
1747320796880 3e-05 858
1747320801567 3e-05 859
1747320806020 3e-05 860
1747320810546 3e-05 861
1747320815018 3e-05 862
1747320819565 3e-05 863
1747320824131 3e-05 864
1747320828662 3e-05 865
1747320833236 3e-05 866
1747320837791 3e-05 867
1747320842341 3e-05 868
1747320846918 3e-05 869
1747320851472 3e-05 870
1747320856044 3e-05 871
1747320860600 3e-05 872
1747320865172 3e-05 873
1747320869724 3e-05 874
1747320874295 3e-05 875
1747320878855 3e-05 876
1747320883420 3e-05 877
1747320888183 3e-05 878
1747320892740 3e-05 879
1747321461048 3e-05 880
1747321465538 3e-05 881
1747321470032 3e-05 882
1747321474561 3e-05 883
1747321479068 3e-05 884
1747321483612 3e-05 885
1747321488109 3e-05 886
1747321492644 3e-05 887
1747321497096 3e-05 888
1747321501678 3e-05 889
1747321506227 3e-05 890
1747321510796 3e-05 891
1747321515323 3e-05 892
1747321519894 3e-05 893
1747321524470 3e-05 894
1747321529039 3e-05 895
1747321533558 3e-05 896
1747321538076 3e-05 897
1747321542668 3e-05 898
1747321547419 3e-05 899
1747321552009 3e-05 900
1747321556577 3e-05 901
1747321561127 3e-05 902
1747321565626 3e-05 903
1747321570189 3e-05 904
1747321574780 3e-05 905
1747321579364 3e-05 906
1747321583970 3e-05 907
1747321588548 3e-05 908
1747321593143 3e-05 909
1747321597742 3e-05 910
1747321602335 3e-05 911
1747321606937 3e-05 912
1747321611473 3e-05 913
1747321616021 3e-05 914
1747321620598 3e-05 915
1747321625160 3e-05 916
1747321629751 3e-05 917
1747321634524 3e-05 918
1747321639088 3e-05 919
1747322205153 3e-05 920
1747322209722 3e-05 921
1747322214348 3e-05 922
1747322218930 3e-05 923
1747322223509 3e-05 924
1747322228072 3e-05 925
1747322232630 3e-05 926
1747322237171 3e-05 927
1747322241704 3e-05 928
1747322246248 3e-05 929
1747322250757 3e-05 930
1747322255276 3e-05 931
1747322259818 3e-05 932
1747322264407 3e-05 933
1747322268992 3e-05 934
1747322273504 3e-05 935
1747322277959 3e-05 936
1747322282548 3e-05 937
1747322287053 3e-05 938
1747322291843 3e-05 939
1747322296381 3e-05 940
1747322300937 3e-05 941
1747322305489 3e-05 942
1747322310040 3e-05 943
1747322314637 3e-05 944
1747322319252 3e-05 945
1747322323740 3e-05 946
1747322328242 3e-05 947
1747322332753 3e-05 948
1747322337233 3e-05 949
1747322341811 3e-05 950
1747322346309 3e-05 951
1747322350868 3e-05 952
1747322355451 3e-05 953
1747322360009 3e-05 954
1747322364599 3e-05 955
1747322369133 3e-05 956
1747322373632 3e-05 957
1747322378351 3e-05 958
1747322382932 3e-05 959
1747322950060 3e-05 960
1747322954629 3e-05 961
1747322959208 3e-05 962
1747322963737 3e-05 963
1747322968226 3e-05 964
1747322972829 3e-05 965
1747322977365 3e-05 966
1747322981928 3e-05 967
1747322986474 3e-05 968
1747322991021 3e-05 969
1747322995598 3e-05 970
1747323000180 3e-05 971
1747323004670 3e-05 972
1747323009180 3e-05 973
1747323013766 3e-05 974
1747323018343 3e-05 975
1747323022957 3e-05 976
1747323027551 3e-05 977
1747323032128 3e-05 978
1747323036939 3e-05 979
1747323041519 3e-05 980
1747323046084 3e-05 981
1747323050643 3e-05 982
1747323055188 3e-05 983
1747323059752 3e-05 984
1747323064330 3e-05 985
1747323068907 3e-05 986
1747323073502 3e-05 987
1747323078100 3e-05 988
1747323082679 3e-05 989
1747323087208 3e-05 990
1747323091780 3e-05 991
1747323096360 3e-05 992
1747323100962 3e-05 993
1747323105555 3e-05 994
1747323110136 3e-05 995
1747323114742 3e-05 996
1747323119312 3e-05 997
1747323124117 3e-05 998
1747323128682 3e-05 999
1747323695258 3e-05 1000
1747323699754 3e-05 1001
1747323704282 3e-05 1002
1747323708786 3e-05 1003
1747323713367 3e-05 1004
1747323718480 3e-05 1005
1747323723042 3e-05 1006
1747323727635 3e-05 1007
1747323732179 3e-05 1008
1747323736789 3e-05 1009
1747323741361 3e-05 1010
1747323745943 3e-05 1011
1747323750523 3e-05 1012
1747323755062 3e-05 1013
1747323759563 3e-05 1014
1747323764139 3e-05 1015
1747323768613 3e-05 1016
1747323773183 3e-05 1017
1747323777714 3e-05 1018
1747323782507 3e-05 1019
1747323787106 3e-05 1020
1747323791669 3e-05 1021
1747323796231 3e-05 1022
1747323800744 3e-05 1023
1747323805304 3e-05 1024
1747323809824 3e-05 1025
1747323814295 3e-05 1026
1747323818772 3e-05 1027
1747323823343 3e-05 1028
1747323827837 3e-05 1029
1747323832393 3e-05 1030
1747323836947 3e-05 1031
1747323841471 3e-05 1032
1747323846026 3e-05 1033
1747323850546 3e-05 1034
1747323855088 3e-05 1035
1747323859670 3e-05 1036
1747323864170 3e-05 1037
1747323868857 3e-05 1038
1747323873362 3e-05 1039
1747324439929 3e-05 1040
1747324444480 3e-05 1041
1747324448953 3e-05 1042
1747324453531 3e-05 1043
1747324458027 3e-05 1044
1747324462599 3e-05 1045
1747324467137 3e-05 1046
1747324471686 3e-05 1047
1747324476216 3e-05 1048
1747324480807 3e-05 1049
1747324485414 3e-05 1050
1747324490036 3e-05 1051
1747324494620 3e-05 1052
1747324499248 3e-05 1053
1747324503848 3e-05 1054
1747324508455 3e-05 1055
1747324513033 3e-05 1056
1747324517652 3e-05 1057
1747324522209 3e-05 1058
1747324527056 3e-05 1059
1747324531630 3e-05 1060
1747324536219 3e-05 1061
1747324540833 3e-05 1062
1747324545411 3e-05 1063
1747324549993 3e-05 1064
1747324554601 3e-05 1065
1747324559188 3e-05 1066
1747324563773 3e-05 1067
1747324568381 3e-05 1068
1747324572967 3e-05 1069
1747324577567 3e-05 1070
1747324582190 3e-05 1071
1747324586801 3e-05 1072
1747324591400 3e-05 1073
1747324596016 3e-05 1074
1747324600613 3e-05 1075
1747324605224 3e-05 1076
1747324609822 3e-05 1077
1747324614639 3e-05 1078
1747324619229 3e-05 1079
1747325187662 3e-05 1080
1747325192247 3e-05 1081
1747325196776 3e-05 1082
1747325201308 3e-05 1083
1747325205888 3e-05 1084
1747325210396 3e-05 1085
1747325214977 3e-05 1086
1747325219581 3e-05 1087
1747325224193 3e-05 1088
1747325229206 3e-05 1089
1747325233811 3e-05 1090
1747325238338 3e-05 1091
1747325242859 3e-05 1092
1747325247446 3e-05 1093
1747325251995 3e-05 1094
1747325256579 3e-05 1095
1747325261136 3e-05 1096
1747325265706 3e-05 1097
1747325270250 3e-05 1098
1747325274995 3e-05 1099
1747325279553 3e-05 1100
1747325284081 3e-05 1101
1747325288617 3e-05 1102
1747325293168 3e-05 1103
1747325297734 3e-05 1104
1747325302284 3e-05 1105
1747325306878 3e-05 1106
1747325311422 3e-05 1107
1747325316006 3e-05 1108
1747325320535 3e-05 1109
1747325325126 3e-05 1110
1747325329674 3e-05 1111
1747325334433 3e-05 1112
1747325338959 3e-05 1113
1747325343538 3e-05 1114
1747325348115 3e-05 1115
1747325352703 3e-05 1116
1747325357265 3e-05 1117
1747325362061 3e-05 1118
1747325366640 3e-05 1119
1747325936327 3e-05 1120
1747325940907 3e-05 1121
1747325945522 3e-05 1122
1747325950074 3e-05 1123
1747325954632 3e-05 1124
1747325959144 3e-05 1125
1747325963695 3e-05 1126
1747325968243 3e-05 1127
1747325972784 3e-05 1128
1747325977361 3e-05 1129
1747325981959 3e-05 1130
1747325986531 3e-05 1131
1747325991101 3e-05 1132
1747325995725 3e-05 1133
1747326000319 3e-05 1134
1747326004865 3e-05 1135
1747326009478 3e-05 1136
1747326014044 3e-05 1137
1747326018664 3e-05 1138
1747326023449 3e-05 1139
1747326028053 3e-05 1140
1747326032634 3e-05 1141
1747326037226 3e-05 1142
1747326041842 3e-05 1143
1747326046457 3e-05 1144
1747326051048 3e-05 1145
1747326055656 3e-05 1146
1747326060242 3e-05 1147
1747326064808 3e-05 1148
1747326069407 3e-05 1149
1747326074010 3e-05 1150
1747326078591 3e-05 1151
1747326083176 3e-05 1152
1747326087777 3e-05 1153
1747326092395 3e-05 1154
1747326096960 3e-05 1155
1747326101567 3e-05 1156
1747326106156 3e-05 1157
1747326110904 3e-05 1158
1747326115483 3e-05 1159
1747326686565 3e-05 1160
1747326691173 3e-05 1161
1747326695768 3e-05 1162
1747326700360 3e-05 1163
1747326704941 3e-05 1164
1747326709525 3e-05 1165
1747326714077 3e-05 1166
1747326718607 3e-05 1167
1747326723170 3e-05 1168
1747326727763 3e-05 1169
1747326732360 3e-05 1170
1747326736986 3e-05 1171
1747326741620 3e-05 1172
1747326746244 3e-05 1173
1747326750865 3e-05 1174
1747326755472 3e-05 1175
1747326760065 3e-05 1176
1747326764625 3e-05 1177
1747326769229 3e-05 1178
1747326774028 3e-05 1179
1747326778614 3e-05 1180
1747326783249 3e-05 1181
1747326787840 3e-05 1182
1747326792464 3e-05 1183
1747326797076 3e-05 1184
1747326801645 3e-05 1185
1747326806228 3e-05 1186
1747326810817 3e-05 1187
1747326815335 3e-05 1188
1747326819964 3e-05 1189
1747326824564 3e-05 1190
1747326829143 3e-05 1191
1747326833749 3e-05 1192
1747326838375 3e-05 1193
1747326842965 3e-05 1194
1747326847573 3e-05 1195
1747326852133 3e-05 1196
1747326856728 3e-05 1197
1747326861557 3e-05 1198
1747326866165 3e-05 1199
1747327437974 3e-05 1200
1747327442584 3e-05 1201
1747327447188 3e-05 1202
1747327451827 3e-05 1203
1747327456438 3e-05 1204
1747327461025 3e-05 1205
1747327465657 3e-05 1206
1747327470237 3e-05 1207
1747327474845 3e-05 1208
1747327479445 3e-05 1209
1747327484041 3e-05 1210
1747327488659 3e-05 1211
1747327493256 3e-05 1212
1747327497873 3e-05 1213
1747327502494 3e-05 1214
1747327507107 3e-05 1215
1747327511753 3e-05 1216
1747327516349 3e-05 1217
1747327520979 3e-05 1218
1747327525766 3e-05 1219
1747327530350 3e-05 1220
1747327534967 3e-05 1221
1747327539582 3e-05 1222
1747327544217 3e-05 1223
1747327548847 3e-05 1224
1747327553477 3e-05 1225
1747327558106 3e-05 1226
1747327562742 3e-05 1227
1747327567026 3e-05 1228
1747327571984 3e-05 1229
1747327576254 3e-05 1230
1747327580885 3e-05 1231
1747327585498 3e-05 1232
1747327590127 3e-05 1233
1747327594733 3e-05 1234
1747327599355 3e-05 1235
1747327603925 3e-05 1236
1747327608564 3e-05 1237
1747327613339 3e-05 1238
1747327617942 3e-05 1239
1747328189373 3e-05 1240
1747328193948 3e-05 1241
1747328198551 3e-05 1242
1747328203150 3e-05 1243
1747328207756 3e-05 1244
1747328212301 3e-05 1245
1747328216873 3e-05 1246
1747328221459 3e-05 1247
1747328226069 3e-05 1248
1747328230691 3e-05 1249
1747328235283 3e-05 1250
1747328239863 3e-05 1251
1747328244387 3e-05 1252
1747328248985 3e-05 1253
1747328253547 3e-05 1254
1747328258134 3e-05 1255
1747328262749 3e-05 1256
1747328267343 3e-05 1257
1747328271900 3e-05 1258
1747328276687 3e-05 1259
1747328281245 3e-05 1260
1747328285818 3e-05 1261
1747328290425 3e-05 1262
1747328295038 3e-05 1263
1747328299658 3e-05 1264
1747328304247 3e-05 1265
1747328308871 3e-05 1266
1747328313499 3e-05 1267
1747328318094 3e-05 1268
1747328322704 3e-05 1269
1747328327329 3e-05 1270
1747328331929 3e-05 1271
1747328336528 3e-05 1272
1747328341107 3e-05 1273
1747328345659 3e-05 1274
1747328350250 3e-05 1275
1747328354878 3e-05 1276
1747328359489 3e-05 1277
1747328364303 3e-05 1278
1747328368899 3e-05 1279
1747328940843 3e-05 1280
1747328945440 3e-05 1281
1747328950030 3e-05 1282
1747328954599 3e-05 1283
1747328959191 3e-05 1284
1747328963718 3e-05 1285
1747328968294 3e-05 1286
1747328972839 3e-05 1287
1747328977399 3e-05 1288
1747328981923 3e-05 1289
1747328986449 3e-05 1290
1747328990940 3e-05 1291
1747328995451 3e-05 1292
1747328999973 3e-05 1293
1747329004504 3e-05 1294
1747329009106 3e-05 1295
1747329013649 3e-05 1296
1747329018193 3e-05 1297
1747329022687 3e-05 1298
1747329027396 3e-05 1299
1747329031898 3e-05 1300
1747329036454 3e-05 1301
1747329040945 3e-05 1302
1747329045492 3e-05 1303
1747329050101 3e-05 1304
1747329054602 3e-05 1305
1747329059096 3e-05 1306
1747329063603 3e-05 1307
1747329068165 3e-05 1308
1747329072720 3e-05 1309
1747329077236 3e-05 1310
1747329081764 3e-05 1311
1747329086301 3e-05 1312
1747329090855 3e-05 1313
1747329095341 3e-05 1314
1747329099946 3e-05 1315
1747329104429 3e-05 1316
1747329109006 3e-05 1317
1747329113743 3e-05 1318
1747329118322 3e-05 1319
1747329686636 3e-05 1320
1747329691167 3e-05 1321
1747329696045 3e-05 1322
1747329700308 3e-05 1323
1747329705213 3e-05 1324
1747329709471 3e-05 1325
1747329714345 3e-05 1326
1747329718574 3e-05 1327
1747329723481 3e-05 1328
1747329727689 3e-05 1329
1747329732581 3e-05 1330
1747329736825 3e-05 1331
1747329741716 3e-05 1332
1747329745966 3e-05 1333
1747329750885 3e-05 1334
1747329755141 3e-05 1335
1747329760077 3e-05 1336
1747329764330 3e-05 1337
1747329769257 3e-05 1338
1747329774054 3e-05 1339
1747329778291 3e-05 1340
1747329783154 3e-05 1341
1747329787345 3e-05 1342
1747329792222 3e-05 1343
1747329796444 3e-05 1344
1747329801363 3e-05 1345
1747329805959 3e-05 1346
1747329810575 3e-05 1347
1747329815146 3e-05 1348
1747329819726 3e-05 1349
1747329824306 3e-05 1350
1747329828906 3e-05 1351
1747329833414 3e-05 1352
1747329837975 3e-05 1353
1747329842567 3e-05 1354
1747329847142 3e-05 1355
1747329851741 3e-05 1356
1747329856350 3e-05 1357
1747329861177 3e-05 1358
1747329865764 3e-05 1359
1747330434944 3e-05 1360
1747330439398 3e-05 1361
1747330443843 3e-05 1362
1747330448304 3e-05 1363
1747330452761 3e-05 1364
1747330457249 3e-05 1365
1747330461692 3e-05 1366
1747330466146 3e-05 1367
1747330470297 3e-05 1368
1747330474758 3e-05 1369
1747330479270 3e-05 1370
1747330483765 3e-05 1371
1747330488244 3e-05 1372
1747330492747 3e-05 1373
1747330497258 3e-05 1374
1747330501787 3e-05 1375
1747330506299 3e-05 1376
1747330510821 3e-05 1377
1747330515305 3e-05 1378
1747330520026 3e-05 1379
1747330524514 3e-05 1380
1747330528996 3e-05 1381
1747330533431 3e-05 1382
1747330537915 3e-05 1383
1747330542405 3e-05 1384
1747330546884 3e-05 1385
1747330551385 3e-05 1386
1747330555905 3e-05 1387
1747330560432 3e-05 1388
1747330564925 3e-05 1389
1747330569429 3e-05 1390
1747330573936 3e-05 1391
1747330578475 3e-05 1392
1747330582987 3e-05 1393
1747330587462 3e-05 1394
1747330591984 3e-05 1395
1747330596495 3e-05 1396
1747330601035 3e-05 1397
1747330605754 3e-05 1398
1747330610256 3e-05 1399
1747331172078 3e-05 1400
1747331176554 3e-05 1401
1747331181078 3e-05 1402
1747331185593 3e-05 1403
1747331190110 3e-05 1404
1747331194618 3e-05 1405
1747331199181 3e-05 1406
1747331203691 3e-05 1407
1747331208226 3e-05 1408
1747331212738 3e-05 1409
1747331217265 3e-05 1410
1747331221828 3e-05 1411
1747331226345 3e-05 1412
1747331230843 3e-05 1413
1747331235341 3e-05 1414
1747331239853 3e-05 1415
1747331244388 3e-05 1416
1747331248920 3e-05 1417
1747331253451 3e-05 1418
1747331258194 3e-05 1419
1747331262830 3e-05 1420
1747331267500 3e-05 1421
1747331272151 3e-05 1422
1747331277154 3e-05 1423
1747331281477 3e-05 1424
1747331286426 3e-05 1425
1747331290705 3e-05 1426
1747331295696 3e-05 1427
1747331300000 3e-05 1428
1747331305017 3e-05 1429
1747331309348 3e-05 1430
1747331314341 3e-05 1431
1747331318694 3e-05 1432
1747331323697 3e-05 1433
1747331328037 3e-05 1434
1747331333047 3e-05 1435
1747331337394 3e-05 1436
1747331342430 3e-05 1437
1747331347352 3e-05 1438
1747331351692 3e-05 1439
1747331921903 3e-05 1440
1747331926489 3e-05 1441
1747331931063 3e-05 1442
1747331935617 3e-05 1443
1747331940166 3e-05 1444
1747331944727 3e-05 1445
1747331949241 3e-05 1446
1747331953784 3e-05 1447
1747331958328 3e-05 1448
1747331962902 3e-05 1449
1747331967400 3e-05 1450
1747331971960 3e-05 1451
1747331976547 3e-05 1452
1747331981096 3e-05 1453
1747331985644 3e-05 1454
1747331990222 3e-05 1455
1747331994831 3e-05 1456
1747331999368 3e-05 1457
1747332004016 3e-05 1458
1747332008857 3e-05 1459
1747332013504 3e-05 1460
1747332018113 3e-05 1461
1747332022601 3e-05 1462
1747332027085 3e-05 1463
1747332031561 3e-05 1464
1747332036031 3e-05 1465
1747332040505 3e-05 1466
1747332044966 3e-05 1467
1747332049433 3e-05 1468
1747332053891 3e-05 1469
1747332058402 3e-05 1470
1747332062905 3e-05 1471
1747332067397 3e-05 1472
1747332071899 3e-05 1473
1747332076375 3e-05 1474
1747332080837 3e-05 1475
1747332085327 3e-05 1476
1747332089814 3e-05 1477
1747332094497 3e-05 1478
1747332098980 3e-05 1479
1747332662270 3e-05 1480
1747332666870 3e-05 1481
1747332671450 3e-05 1482
1747332676095 3e-05 1483
1747332680666 3e-05 1484
1747332685288 3e-05 1485
1747332689876 3e-05 1486
1747332694513 3e-05 1487
1747332699058 3e-05 1488
1747332703630 3e-05 1489
1747332708187 3e-05 1490
1747332712782 3e-05 1491
1747332717357 3e-05 1492
1747332721925 3e-05 1493
1747332726584 3e-05 1494
1747332731189 3e-05 1495
1747332735811 3e-05 1496
1747332740340 3e-05 1497
1747332744925 3e-05 1498
1747332749667 3e-05 1499
1747332754175 3e-05 1500
1747332758689 3e-05 1501
1747332763211 3e-05 1502
1747332767735 3e-05 1503
1747332772300 3e-05 1504
1747332776838 3e-05 1505
1747332781355 3e-05 1506
1747332785908 3e-05 1507
1747332790397 3e-05 1508
1747332795012 3e-05 1509
1747332799633 3e-05 1510
1747332804268 3e-05 1511
1747332808880 3e-05 1512
1747332813483 3e-05 1513
1747332818025 3e-05 1514
1747332822579 3e-05 1515
1747332827198 3e-05 1516
1747332831735 3e-05 1517
1747332836595 3e-05 1518
1747332841121 3e-05 1519
1747333416104 3e-05 1520
1747333420646 3e-05 1521
1747333425288 3e-05 1522
1747333429904 3e-05 1523
1747333434583 3e-05 1524
1747333439207 3e-05 1525
1747333443852 3e-05 1526
1747333448516 3e-05 1527
1747333453157 3e-05 1528
1747333457793 3e-05 1529
1747333462476 3e-05 1530
1747333467147 3e-05 1531
1747333471710 3e-05 1532
1747333476381 3e-05 1533
1747333481052 3e-05 1534
1747333485725 3e-05 1535
1747333490372 3e-05 1536
1747333495040 3e-05 1537
1747333499633 3e-05 1538
1747333504466 3e-05 1539
1747333509103 3e-05 1540
1747333513764 3e-05 1541
1747333518293 3e-05 1542
1747333522868 3e-05 1543
1747333527535 3e-05 1544
1747333532176 3e-05 1545
1747333536799 3e-05 1546
1747333541319 3e-05 1547
1747333545969 3e-05 1548
1747333550633 3e-05 1549
1747333555293 3e-05 1550
1747333559907 3e-05 1551
1747333564522 3e-05 1552
1747333569185 3e-05 1553
1747333573859 3e-05 1554
1747333578525 3e-05 1555
1747333583166 3e-05 1556
1747333587817 3e-05 1557
1747333592713 3e-05 1558
1747333597359 3e-05 1559
1747334173480 3e-05 1560
1747334178146 3e-05 1561
1747334182818 3e-05 1562
1747334187501 3e-05 1563
1747334192188 3e-05 1564
1747334196873 3e-05 1565
1747334201539 3e-05 1566
1747334206193 3e-05 1567
1747334210846 3e-05 1568
1747334215548 3e-05 1569
1747334220222 3e-05 1570
1747334224903 3e-05 1571
1747334229591 3e-05 1572
1747334234298 3e-05 1573
1747334239012 3e-05 1574
1747334243689 3e-05 1575
1747334248370 3e-05 1576
1747334252971 3e-05 1577
1747334257616 3e-05 1578
1747334262345 3e-05 1579
1747334266981 3e-05 1580
1747334271620 3e-05 1581
1747334276258 3e-05 1582
1747334280797 3e-05 1583
1747334285407 3e-05 1584
1747334289936 3e-05 1585
1747334294510 3e-05 1586
1747334299108 3e-05 1587
1747334303672 3e-05 1588
1747334308295 3e-05 1589
1747334312867 3e-05 1590
1747334317438 3e-05 1591
1747334321976 3e-05 1592
1747334326585 3e-05 1593
1747334331091 3e-05 1594
1747334335702 3e-05 1595
1747334340282 3e-05 1596
1747334344837 3e-05 1597
1747334349566 3e-05 1598
1747334354085 3e-05 1599
1747334927762 3e-05 1600
1747334932420 3e-05 1601
1747334937074 3e-05 1602
1747334941683 3e-05 1603
1747334946264 3e-05 1604
1747334950820 3e-05 1605
1747334955363 3e-05 1606
1747334959896 3e-05 1607
1747334964456 3e-05 1608
1747334969092 3e-05 1609
1747334973629 3e-05 1610
1747334978206 3e-05 1611
1747334982704 3e-05 1612
1747334987325 3e-05 1613
1747334991945 3e-05 1614
1747334996545 3e-05 1615
1747335001126 3e-05 1616
1747335005694 3e-05 1617
1747335010312 3e-05 1618
1747335015133 3e-05 1619
1747335019761 3e-05 1620
1747335024339 3e-05 1621
1747335028895 3e-05 1622
1747335033404 3e-05 1623
1747335038029 3e-05 1624
1747335042562 3e-05 1625
1747335047152 3e-05 1626
1747335051694 3e-05 1627
1747335056213 3e-05 1628
1747335060742 3e-05 1629
1747335065248 3e-05 1630
1747335069760 3e-05 1631
1747335074319 3e-05 1632
1747335078876 3e-05 1633
1747335083368 3e-05 1634
1747335087926 3e-05 1635
1747335092448 3e-05 1636
1747335097036 3e-05 1637
1747335101758 3e-05 1638
1747335106364 3e-05 1639
1747335678540 3e-05 1640
1747335683074 3e-05 1641
1747335687710 3e-05 1642
1747335692263 3e-05 1643
1747335696875 3e-05 1644
1747335701429 3e-05 1645
1747335705976 3e-05 1646
1747335710554 3e-05 1647
1747335715113 3e-05 1648
1747335719670 3e-05 1649
1747335724199 3e-05 1650
1747335728772 3e-05 1651
1747335733300 3e-05 1652
1747335737923 3e-05 1653
1747335742549 3e-05 1654
1747335747152 3e-05 1655
1747335751711 3e-05 1656
1747335756297 3e-05 1657
1747335760794 3e-05 1658
1747335765604 3e-05 1659
1747335770127 3e-05 1660
1747335774670 3e-05 1661
1747335779216 3e-05 1662
1747335783790 3e-05 1663
1747335788413 3e-05 1664
1747335792970 3e-05 1665
1747335797546 3e-05 1666
1747335802083 3e-05 1667
1747335806672 3e-05 1668
1747335811206 3e-05 1669
1747335815796 3e-05 1670
1747335820354 3e-05 1671
1747335824890 3e-05 1672
1747335829536 3e-05 1673
1747335834104 3e-05 1674
1747335838711 3e-05 1675
1747335843222 3e-05 1676
1747335847779 3e-05 1677
1747335852531 3e-05 1678
1747335857163 3e-05 1679
1747336427482 3e-05 1680
1747336432024 3e-05 1681
1747336436628 3e-05 1682
1747336441294 3e-05 1683
1747336445930 3e-05 1684
1747336450610 3e-05 1685
1747336455261 3e-05 1686
1747336459900 3e-05 1687
1747336464426 3e-05 1688
1747336469102 3e-05 1689
1747336473772 3e-05 1690
1747336478393 3e-05 1691
1747336483020 3e-05 1692
1747336487668 3e-05 1693
1747336492322 3e-05 1694
1747336496986 3e-05 1695
1747336501672 3e-05 1696
1747336506366 3e-05 1697
1747336511025 3e-05 1698
1747336515853 3e-05 1699
1747336520468 3e-05 1700
1747336525028 3e-05 1701
1747336529621 3e-05 1702
1747336534154 3e-05 1703
1747336538734 3e-05 1704
1747336543284 3e-05 1705
1747336547886 3e-05 1706
1747336552590 3e-05 1707
1747336557187 3e-05 1708
1747336561791 3e-05 1709
1747336566347 3e-05 1710
1747336570872 3e-05 1711
1747336575384 3e-05 1712
1747336580036 3e-05 1713
1747336584659 3e-05 1714
1747336589311 3e-05 1715
1747336593863 3e-05 1716
1747336598473 3e-05 1717
1747336603324 3e-05 1718
1747336607955 3e-05 1719
1747337182452 3e-05 1720
1747337187129 3e-05 1721
1747337191788 3e-05 1722
1747337196327 3e-05 1723
1747337201002 3e-05 1724
1747337205649 3e-05 1725
1747337210296 3e-05 1726
1747337214989 3e-05 1727
1747337219628 3e-05 1728
1747337224234 3e-05 1729
1747337228861 3e-05 1730
1747337233522 3e-05 1731
1747337238150 3e-05 1732
1747337242798 3e-05 1733
1747337247400 1.5e-05 1734
1747337251909 1.5e-05 1735
1747337256424 1.5e-05 1736
1747337261010 1.5e-05 1737
1747337265518 1.5e-05 1738
1747337270359 1.5e-05 1739
1747337274966 1.5e-05 1740
1747337279589 1.5e-05 1741
1747337284108 1.5e-05 1742
1747337288703 7.5e-06 1743
1747337293372 7.5e-06 1744
1747337298045 7.5e-06 1745
1747337302752 7.5e-06 1746
1747337307390 7.5e-06 1747
1747337312033 7.5e-06 1748
1747337316679 7.5e-06 1749
1747337321328 3.75e-06 1750
1747337325974 3.75e-06 1751
1747337330673 3.75e-06 1752
1747337335361 3.75e-06 1753
1747337340021 3.75e-06 1754
1747337344648 3.75e-06 1755
1747337349279 1.875e-06 1756
1747337353923 1.875e-06 1757
1747337358789 1.875e-06 1758
1747337363464 1.875e-06 1759
1747337931743 3e-05 1760
1747337936262 3e-05 1761
1747337940828 3e-05 1762
1747337945356 3e-05 1763
1747337949874 3e-05 1764
1747337954405 3e-05 1765
1747337958954 3e-05 1766
1747337963476 3e-05 1767
1747337968013 3e-05 1768
1747337972578 3e-05 1769
1747337977099 3e-05 1770
1747337981622 3e-05 1771
1747337986166 3e-05 1772
1747337990717 3e-05 1773
1747337995234 3e-05 1774
1747337999790 1.5e-05 1775
1747338004310 1.5e-05 1776
1747338008842 1.5e-05 1777
1747338013386 1.5e-05 1778
1747338018121 1.5e-05 1779
1747338022655 1.5e-05 1780
1747338027188 1.5e-05 1781
1747338031710 1.5e-05 1782
1747338036248 1.5e-05 1783
1747338040772 1.5e-05 1784
1747338045291 7.5e-06 1785
1747338049812 7.5e-06 1786
1747338054342 7.5e-06 1787
1747338058895 7.5e-06 1788
1747338063418 7.5e-06 1789
1747338067956 7.5e-06 1790
1747338072474 7.5e-06 1791
1747338076999 3.75e-06 1792
1747338081493 3.75e-06 1793
1747338085986 3.75e-06 1794
1747338090514 3.75e-06 1795
1747338095040 3.75e-06 1796
1747338099561 3.75e-06 1797
1747338104301 1.875e-06 1798
1747338108821 1.875e-06 1799
1747338673054 3e-05 1800
1747338677554 3e-05 1801
1747338682069 3e-05 1802
1747338686635 3e-05 1803
1747338691173 3e-05 1804
1747338695674 3e-05 1805
1747338700193 3e-05 1806
1747338704761 3e-05 1807
1747338709310 3e-05 1808
1747338713876 3e-05 1809
1747338718421 3e-05 1810
1747338722960 3e-05 1811
1747338727501 3e-05 1812
1747338732058 3e-05 1813
1747338736604 3e-05 1814
1747338741148 3e-05 1815
1747338745705 3e-05 1816
1747338750260 3e-05 1817
1747338754806 3e-05 1818
1747338759601 3e-05 1819
1747338764108 3e-05 1820
1747338768683 3e-05 1821
1747338773197 3e-05 1822
1747338777742 3e-05 1823
1747338782263 3e-05 1824
1747338786781 3e-05 1825
1747338791314 3e-05 1826
1747338795860 3e-05 1827
1747338800385 3e-05 1828
1747338804930 3e-05 1829
1747338809465 3e-05 1830
1747338814056 3e-05 1831
1747338818584 3e-05 1832
1747338823133 3e-05 1833
1747338827666 3e-05 1834
1747338832247 3e-05 1835
1747338836778 3e-05 1836
1747338841305 3e-05 1837
1747338846073 3e-05 1838
1747338850602 3e-05 1839
1747339415281 3e-05 1840
1747339419802 3e-05 1841
1747339424348 3e-05 1842
1747339428888 3e-05 1843
1747339433544 3e-05 1844
1747339438200 3e-05 1845
1747339442800 3e-05 1846
1747339447366 3e-05 1847
1747339451996 3e-05 1848
1747339456641 3e-05 1849
1747339461555 3e-05 1850
1747339466099 3e-05 1851
1747339470661 3e-05 1852
1747339475246 3e-05 1853
1747339479831 3e-05 1854
1747339484449 3e-05 1855
1747339489002 3e-05 1856
1747339493596 3e-05 1857
1747339498145 3e-05 1858
1747339502956 3e-05 1859
1747339507533 3e-05 1860
1747339512111 3e-05 1861
1747339516638 3e-05 1862
1747339521206 3e-05 1863
1747339525748 3e-05 1864
1747339530289 3e-05 1865
1747339534796 3e-05 1866
1747339539324 3e-05 1867
1747339543828 3e-05 1868
1747339548339 3e-05 1869
1747339552527 3e-05 1870
1747339557032 3e-05 1871
1747339561549 3e-05 1872
1747339566091 3e-05 1873
1747339570633 3e-05 1874
1747339575128 3e-05 1875
1747339579645 3e-05 1876
1747339584191 3e-05 1877
1747339588898 3e-05 1878
1747339593378 3e-05 1879
1747340156681 3e-05 1880
1747340161203 3e-05 1881
1747340165715 3e-05 1882
1747340170256 3e-05 1883
1747340174780 3e-05 1884
1747340179318 3e-05 1885
1747340183821 3e-05 1886
1747340188355 3e-05 1887
1747340192548 3e-05 1888
1747340197084 3e-05 1889
1747340201609 3e-05 1890
1747340206150 3e-05 1891
1747340210682 3e-05 1892
1747340215211 3e-05 1893
1747340219733 3e-05 1894
1747340224273 3e-05 1895
1747340228817 3e-05 1896
1747340233339 3e-05 1897
1747340237875 3e-05 1898
1747340242619 3e-05 1899
1747340247148 3e-05 1900
1747340251669 3e-05 1901
1747340256214 3e-05 1902
1747340260756 3e-05 1903
1747340265325 3e-05 1904
1747340269857 3e-05 1905
1747340274390 3e-05 1906
1747340278910 3e-05 1907
1747340283443 3e-05 1908
1747340287973 3e-05 1909
1747340292513 3e-05 1910
1747340297049 3e-05 1911
1747340301606 3e-05 1912
1747340306138 3e-05 1913
1747340310677 3e-05 1914
1747340315221 3e-05 1915
1747340319746 3e-05 1916
1747340324265 3e-05 1917
1747340329014 3e-05 1918
1747340333525 3e-05 1919
