1749095842256 2.3106111613186924 0
1749095859714 2.300359942696311 1
1749095876727 2.2820686860518022 2
1749095895520 2.259901371869174 3
1749095914365 2.234970374540849 4
1749095932493 2.1999152356928047 5
1749095951897 2.188664674758911 6
1749095971226 2.171434099023992 7
1749095990253 2.1631417274475098 8
1749096009752 2.1531393094496294 9
1749096029170 2.1432195793498647 10
1749096048622 2.1339724497361616 11
1749096068070 2.1252253489060835 12
1749096087751 2.1171568740497935 13
1749096106031 2.109351569955999 14
1749096125523 2.110785050825639 15
1749096144279 2.1031486121090976 16
1749096165526 2.1081176454370674 17
1749096186712 2.1114568927071313 18
1749096206843 2.1130909702994605 19
1749096226321 2.110333052548495 20
1749096246168 2.10952091217041 21
1749096267297 2.1146965460343794 22
1749096288236 2.1191902377388696 23
1749096309408 2.1234457059340044 24
1749096329520 2.125501112504439 25
1749096349251 2.1174708929928867 26
1749096369054 2.112691554156217 27
1749096389296 2.115793466567993 28
1749096409284 2.1159176609732886 29
1749096429236 2.1159341768784956 30
1749096449138 2.1098607019944624 31
1749096469165 2.113056919791482 32
1749096490369 2.1205557476390493 33
1749096511194 2.1243149800734087 34
1749096531003 2.1157407110387627 35
1749096550937 2.114636702971025 36
1749096570756 2.1177620671012183 37
1749096590530 2.12191763791171 38
1749096610355 2.1281886751001533 39
1749096630514 2.132028753107244 40
1749096650375 2.13527926531705 41
1749096670467 2.1509885137731377 42
1749096690216 2.1542340842160312 43
1749096710144 2.149628617546775 44
1749096730276 2.1725335771387275 45
1749096749999 2.188414703715931 46
1749096770251 2.1967443986372515 47
1749096790230 2.179911635138772 48
1749096810103 2.236098744652488 49
1749096829962 2.174774993549694 50
1749096850092 2.172178766944192 51
1749096870127 2.216246019710194 52
1749096890019 2.248060789975253 53
1749096909897 2.1823631633411753 54
1749096930434 2.1889885772358286 55
1749096950547 2.203011621128429 56
1749096970493 2.225762822411277 57
1749096990454 2.205198959870772 58
1749097010686 2.2148468494415283 59
1749097031333 2.2645730538801714 60
1749097051362 2.243247487328269 61
1749097071325 2.225474140860818 62
1749097091442 2.2253387624567207 63
1749097112126 2.3275665803389116 64
1749097132031 2.22500922463157 65
1749097152622 2.245165066285567 66
1749097173487 2.3430740616538306 67
1749097193427 2.2388847957957876 68
1749097214029 2.215368530967019 69
1749097235396 2.361687356775457 70
1749097255450 2.263275471600619 71
1749097275805 2.240773829546842 72
1749097295981 2.3166910084811123 73
1749097315898 2.2823845473202793 74
1749097336481 2.294581586664373 75
1749097356334 2.225273370742798 76
1749097377027 2.2309785322709517 77
1749097398356 2.2260881553996694 78
1749097418247 2.198852929201993 79
1749097438064 2.185855822129683 80
1749097459396 2.218496257608587 81
1749097479893 2.2226882847872647 82
1749097499779 2.2038327780636875 83
1749097519650 2.191752563823353 84
1749097540633 2.2195370847528633 85
1749097561596 2.248883615840565 86
1749097581680 2.200470967726274 87
1749097601671 2.1741479526866567 88
1749097623151 2.212463313883001 89
1749097643328 2.2276703877882524 90
1749097663360 2.19561167196794 91
1749097684709 2.2400763034820557 92
1749097705065 2.3090028112584893 93
1749097725000 2.260183421048251 94
1749097745348 2.2094684730876577 95
1749097766785 2.2595455213026567 96
1749097786703 2.217475414276123 97
1749097806950 2.191533999009566 98
1749097828346 2.2244423519481313 99
1749097848224 2.1943051598288794 100
1749097868263 2.2150661078366367 101
1749097888872 2.2998070500113745 102
1749097908805 2.3171673254533247 103
1749097928974 2.2841404351321133 104
1749097948945 2.237721551548351 105
1749097969361 2.2216048023917456 106
1749097989708 2.325049638748169 107
1749098009624 2.531727985902266 108
1749098029846 2.329756888476285 109
1749098049806 2.2268912575461646 110
1749098070447 2.3597624518654565 111
1749098090666 2.373487862673673 112
1749098110709 2.290714458985762 113
1749098131276 2.2931199073791504 114
1749098151451 2.3380852179093794 115
1749098171451 2.2313343394886362 116
1749098192024 2.3978706056421455 117
1749098212286 2.2475795529105445 118
1749098232566 2.2460023056377065 119
1749098253109 2.3109966841610996 120
1749098273328 2.2115525765852495 121
1749098293825 2.253915244882757 122
1749098313842 2.2207595001567495 123
1749098334062 2.22776460647583 124
1749098354264 2.207282716577703 125
1749098375463 2.2215661135586826 126
1749098395433 2.199037551879883 127
1749098415503 2.181115085428411 128
1749098436322 2.217843445864591 129
1749098456842 2.2052588029341265 130
1749098477208 2.208170262250033 131
1749098497552 2.2104349353096704 132
1749098517584 2.1904933886094526 133
1749098538889 2.2292082092978736 134
1749098559034 2.21153601733121 135
1749098579348 2.2080835429104892 136
1749098599489 2.2082419178702613 137
1749098619388 2.192035675048828 138
1749098640747 2.2322670979933306 139
1749098660837 2.21660362590443 140
1749098681203 2.2132124684073706 141
1749098701312 2.2108312736858022 142
1749098721146 2.192520163275979 143
1749098742039 2.231444163755937 144
1749098762049 2.214260079643943 145
1749098782415 2.212735717946833 146
1749098803069 2.2073999751697886 147
1749098823376 2.204211560162631 148
1749098844079 2.227181174538352 149
1749098864537 2.212878877466375 150
1749098885064 2.2182616970755835 151
1749098905269 2.204387664794922 152
1749098926544 2.221720955588601 153
1749098946798 2.2085596214641225 154
1749098967242 2.2128019983118232 155
1749098987602 2.200178471478549 156
1749099008298 2.221500786868009 157
1749099028634 2.2106779271906074 158
1749099049623 2.2116079980676826 159
1749099069922 2.200553395531394 160
1749099090923 2.218448183753274 161
1749099111620 2.21230504729531 162
1749099132241 2.2141964218833228 163
1749099152597 2.20241397077387 164
1749099173508 2.219583836468783 165
1749099194233 2.2112139138308438 166
1749099214790 2.214616970582442 167
1749099234985 2.2094938538291236 168
1749099255498 2.217746994712136 169
1749099276060 2.2097076069224966 170
1749099296418 2.20885875008323 171
1749099317257 2.2217872576280073 172
1749099337639 2.2121853828430176 173
1749099358450 2.2147319967096504 174
1749099378955 2.2170945514332163 175
1749099399272 2.2120743014595727 176
1749099420147 2.216136433861472 177
1749099440798 2.2169048352675005 178
1749099461287 2.210300315510143 179
1749099482207 2.215524131601507 180
1749099502865 2.217061151157726 181
1749099523356 2.211302713914351 182
1749099544008 2.2161568078127774 183
1749099564593 2.217492558739402 184
1749099585335 2.2110704725438897 185
1749099605880 2.2145498232408003 186
1749099626818 2.2209334590218286 187
1749099647697 2.214868198741566 188
1749099668780 2.2200253660028633 189
1749099690006 2.2161464474417945 190
1749099711100 2.2122354940934614 191
1749099732136 2.220953009345315 192
1749099752641 2.212532238526778 193
1749099774331 2.2201965938914907 194
1749099794978 2.2107729478315874 195
1749099815976 2.21786921674555 196
1749099836950 2.2233242121609775 197
1749099857669 2.222220702604814 198
1749099878565 2.23027456890453 199
1749099899149 2.2216793407093394 200
1749099920322 2.2335448265075684 201
1749099941007 2.2334825775840064 202
1749099961289 2.228136170994152 203
1749099981840 2.229354880072854 204
1749100002459 2.237235741181807 205
1749100023162 2.2402548789978027 206
1749100043832 2.2420333949002353 207
1749100064154 2.22377254746177 208
1749100084825 2.234422120180997 209
1749100105414 2.235087199644609 210
1749100126274 2.230806654149836 211
1749100147573 2.261998935179277 212
1749100167955 2.2554587667638604 213
1749100188305 2.2494199492714624 214
1749100208946 2.2459815848957407 215
1749100229376 2.2591252760453657 216
1749100249751 2.2515541206706655 217
1749100269942 2.2230752164667305 218
1749100290429 2.220591805197976 219
1749100310942 2.2341459664431484 220
1749100331536 2.234407489950007 221
1749100352168 2.2293536446311255 222
1749100372529 2.2220807292244653 223
1749100394224 2.2423236153342505 224
1749100414679 2.230784199454568 225
1749100435361 2.2277421084317295 226
1749100455759 2.2171473503112793 227
1749100477499 2.237239707599987 228
1749100498194 2.2372054186734287 229
1749100519015 2.23722505569458 230
1749100539465 2.2225746674971147 231
1749100560950 2.2347513112154873 232
1749100581894 2.235948540947654 233
1749100602654 2.234533895145763 234
1749100623405 2.2309445684606377 235
1749100644855 2.232913299040361 236
1749100665690 2.230956879529086 237
1749100686379 2.2324093905362217 238
1749100707283 2.2384942661632192 239
1749100728173 2.2324866598302666 240
1749100748886 2.2290346188978716 241
1749100769599 2.233868360519409 242
1749100790131 2.2376210472800513 243
1749100810807 2.2336983247236772 244
1749100831817 2.2313379807905718 245
1749100852669 2.2365901470184326 246
1749100873503 2.237259713086215 247
1749100894293 2.2367999987168745 248
1749100915339 2.2358404072848233 249
1749100936231 2.236841830340299 250
1749100956785 2.232975027777932 251
1749100977509 2.23898382620378 252
1749100998861 2.2409012100913306 253
1749101019591 2.232632702047175 254
1749101040434 2.238604025407271 255
1749101061559 2.241864572871815 256
1749101082673 2.2383938269181685 257
1749101103333 2.2367664683948862 258
1749101124564 2.2405324198982934 259
1749101145261 2.2377480160106313 260
1749101166185 2.2451076290824195 261
1749101187351 2.2439141923731025 262
1749101207993 2.237569483843717 263
1749101229156 2.243414943868464 264
1749101250161 2.245023662393743 265
1749101271294 2.240411628376354 266
1749101292105 2.235925934531472 267
1749101313760 2.242402098395608 268
1749101334713 2.24304181879217 269
1749101356147 2.2462346337058325 270
1749101377161 2.2411977594549004 271
1749101398148 2.2420169656926934 272
1749101419146 2.247479633851485 273
1749101440525 2.2480070157484575 274
1749101461712 2.247436675158414 275
1749101482713 2.2475368543104692 276
1749101503728 2.246891823681918 277
1749101524805 2.25030779838562 278
1749101546252 2.2495404590259898 279
1749101567380 2.2473784360018643 280
1749101588536 2.2489927248521284 281
1749101609725 2.255255850878629 282
1749101631182 2.2506601810455322 283
1749101652022 2.246254249052568 284
1749101673431 2.2556196342815054 285
1749101694486 2.251799301667647 286
1749101715713 2.252421595833518 287
1749101737009 2.255757526917891 288
1749101757733 2.254950696771795 289
1749101778844 2.2568455175919966 290
1749101799521 2.2519614046270195 291
1749101821253 2.2607936425642534 292
1749101842117 2.2578453584150835 293
1749101863163 2.2545541416515005 294
1749101884886 2.2602528658780185 295
1749101905878 2.258237752047452 296
1749101926955 2.2657577124508945 297
1749101947642 2.2613012357191606 298
1749101968505 2.271692406047474 299
1749101989111 2.2685788544741543 300
1749102009520 2.245875770395452 301
1749102030374 2.2523970387198706 302
1749102050964 2.251396330920133 303
1749102072758 2.2645184993743896 304
1749102093569 2.2574076002294365 305
1749102114174 2.2579045078971167 306
1749102134851 2.2532944679260254 307
1749102156693 2.264007416638461 308
1749102177583 2.261821833523837 309
1749102198274 2.256190625104037 310
1749102218918 2.257022727619518 311
1749102239652 2.2619325030933726 312
1749102260447 2.2598797624761406 313
1749102281340 2.2608499743721704 314
1749102301856 2.2627122185446997 315
1749102322610 2.2631031383167612 316
1749102343859 2.2605101845481177 317
1749102364395 2.259538758884777 318
1749102385117 2.263177611611106 319
1749102406263 2.2650985284285112 320
1749102427217 2.2614262971011074 321
1749102447994 2.263629523190585 322
1749102468859 2.2641678723421963 323
1749102489943 2.261293476278132 324
1749102510930 2.2609515406868677 325
1749102531552 2.258334853432395 326
1749102552395 2.259454467079856 327
1749102573151 2.260567209937356 328
1749102593965 2.2586351091211494 329
1749102614479 2.2583074786446313 330
1749102634947 2.2572718967090952 331
1749102656264 2.2602058323946865 332
1749102677403 2.2609983574260366 333
1749102698113 2.2620151259682397 334
1749102718455 2.262230071154508 335
1749102739099 2.2606617320667612 336
1749102759475 2.2609220418063076 337
1749102779923 2.2611966133117676 338
1749102800963 2.2628475535999644 339
1749102821335 2.2613053105094214 340
1749102841918 2.2613221515308726 341
1749102862704 2.2629294395446777 342
1749102883434 2.2640214399857954 343
1749102904230 2.2662601470947266 344
1749102925224 2.2631654305891558 345
1749102945889 2.2629949396306817 346
1749102966304 2.2621854435313833 347
1749102987118 2.263821233402599 348
1749103007695 2.2644748470999976 349
1749103028355 2.2646598599173804 350
1749103049032 2.265776135704734 351
1749103069793 2.2637712955474854 352
1749103090381 2.261247158050537 353
1749103110903 2.2627540718425405 354
1749103131846 2.2639009735801 355
1749103152540 2.264376835389571 356
1749103173395 2.2656317190690474 357
1749103194698 2.265976233915849 358
1749103214774 2.2643285881389272 359
1749103236005 2.2654044844887475 360
1749103257038 2.2650591243397105 361
1749103277484 2.263680176301436 362
1749103297868 2.261687257073142 363
1749103318685 2.263757727362893 364
1749103339450 2.2630671804601494 365
1749103360099 2.262898011641069 366
1749103380918 2.2617201805114746 367
1749103401800 2.264430111104792 368
1749103422672 2.264002865011042 369
1749103443666 2.265193288976496 370
1749103463530 2.2633077881552954 371
1749103484060 2.2637087431820957 372
1749103504205 2.2626155506480825 373
1749103524387 2.2622724663127554 374
1749103544940 2.262455029921098 375
1749103565154 2.259968866001476 376
1749103586021 2.26083686135032 377
1749103606318 2.2615295323458584 378
1749103628143 2.2631641951474277 379
1749103647940 2.2601124590093438 380
1749103668482 2.2606828212738037 381
1749103688859 2.2604696317152544 382
1749103708922 2.261515422300859 383
1749103730296 2.26334623856978 384
1749103750811 2.2637760639190674 385
1749103770694 2.2619543942538174 386
1749103791357 2.2623432116074995 387
1749103811557 2.26325646313754 388
1749103831472 2.261467630212957 389
1749103851628 2.2626685445958916 390
1749103871698 2.2630526369268242 391
1749103891382 2.2619576020674272 392
1749103910986 2.2606853355060923 393
1749103931155 2.2613403363661333 394
1749103951721 2.2613369551571934 395
1749103972341 2.261136531829834 396
1749103991995 2.260407816280018 397
1749104011451 2.260359200564298 398
1749104032090 2.2603785774924536 399
1749104052304 2.2597066272388804 400
1749104072488 2.258469971743497 401
1749104092058 2.2591958912936123 402
1749104112466 2.259486350146207 403
1749104131965 2.2587253613905474 404
1749104150885 2.2585502104325728 405
1749104170797 2.25874831459739 406
1749104191080 2.2592134909196333 407
1749104209158 2.257691838524558 408
1749104228340 2.2575661919333716 409
1749104247082 2.2569170648401435 410
1749104265584 2.2577142498709937 411
1749104283837 2.2571592330932617 412
1749104304033 2.2572842728007925 413
1749104323067 2.2570985664020884 414
1749104344212 2.257980303330855 415
1749104362775 2.2560239921916616 416
1749104380350 2.2555758736350318 417
1749104397241 2.2559214505282315 418
1749104413486 2.2552979209206323 419
1749104431427 2.2550065950913862 420
1749104449313 2.2543300715359775 421
1749104468510 2.2545445398850874 422
1749104484798 2.2545462304895576 423
1749104502965 2.2538576993075283 424
1749104521421 2.2544601180336694 425
1749104537829 2.253771110014482 426
1749104556517 2.254616217179732 427
1749104574737 2.2544274546883325 428
1749104592217 2.254016225988215 429
1749104608783 2.253999861803922 430
1749104629035 2.2538665424693716 431
1749104647740 2.254166668111628 432
1749104667926 2.254285357215188 433
1749104687031 2.253822760148482 434
1749104708199 2.253850893540816 435
1749104727704 2.2547413219105112 436
1749104745167 2.2542964761907403 437
1749104765512 2.254288174889304 438
1749104781704 2.2542740431698887 439
1749104799222 2.2542680393565786 440
1749104817321 2.2548432133414527 441
1749104833236 2.254299532283436 442
1749104849786 2.253880804235285 443
1749104868080 2.2538132667541504 444
1749104884865 2.2534031001004307 445
1749104902434 2.253550789572976 446
1749104918280 2.253707625649192 447
1749104937465 2.2536605921658603 448
1749104954577 2.2537965341047808 449
1749104973891 2.2537370161576704 450
1749104991845 2.253939845345237 451
1749105009769 2.2541814934123647 452
1749105028701 2.2540950124913994 453
1749105047366 2.254251566800204 454
1749105064040 2.2536888772791084 455
1749105080648 2.2538673877716064 456
1749105099271 2.2541473778811367 457
1749105118203 2.254510381005027 458
1749105137803 2.2538055940107866 459
1749105156596 2.254218816757202 460
1749105172890 2.2539301352067427 461
1749105188985 2.253321821039373 462
1749105206181 2.2532271905378862 463
1749105224377 2.253211823376742 464
1749105241755 2.253773645921187 465
1749105258822 2.253782337362116 466
1749105276735 2.253614989194003 467
1749105292716 2.253980593247847 468
1749105308784 2.2542308243838223 469
1749105328037 2.2539953968741675 470
1749105345666 2.2540418234738437 471
1749105365464 2.2535723556171763 472
1749105383296 2.2536941224878486 473
1749105403111 2.2536620877005835 474
1749105421630 2.2536341710524126 475
1749105439291 2.253742152994329 476
1749105459256 2.253082123669711 477
1749105478592 2.2538519339127974 478
1749105497557 2.2541887109929863 479
1749105515091 2.253806699406017 480
1749105533124 2.2535829544067383 481
1749105550771 2.2533634792674673 482
1749105566772 2.2531646598469126 483
1749105584433 2.2535599145022305 484
1749105604068 2.253238309513439 485
1749105620382 2.2537893165241587 486
1749105638782 2.2543091773986816 487
1749105655294 2.2534907080910425 488
1749105673020 2.2538521506569604 489
1749105689014 2.253458629954945 490
1749105705277 2.2537397904829546 491
1749105721682 2.2534920302304355 492
1749105739376 2.254248337312178 493
1749105756471 2.2530610344626685 494
1749105775601 2.2532731836492363 495
1749105795147 2.253239154815674 496
1749105812437 2.2529982436786997 497
1749105830249 2.253819075497714 498
1749105849241 2.253157225522128 499
1749105869371 2.2537810802459717 500
1749105887724 2.253924608230591 501
1749105904013 2.2533947121013296 502
1749105923791 2.2532499486749824 503
1749105939981 2.2538209828463467 504
1749105956672 2.253587310964411 505
1749105974983 2.2531744350086558 506
1749105992682 2.2536699121648613 507
1749106008899 2.253876469352029 508
1749106028577 2.2527324069630015 509
1749106047777 2.253165678544478 510
1749106063741 2.253760424527255 511
1749106083150 2.25300873409618 512
1749106101058 2.25320122458718 513
1749106120430 2.252737197009 514
1749106140930 2.253176364031705 515
1749106157026 2.2535938783125444 516
1749106174934 2.253713022578846 517
1749106192264 2.253671255978671 518
1749106210430 2.253555579618974 519
1749106227388 2.2532908699729224 520
1749106244778 2.25299393046986 521
1749106261446 2.2527132467790083 522
1749106278242 2.2533752701499243 523
1749106296267 2.253265445882624 524
1749106315241 2.253046057441018 525
1749106333498 2.2527147856625644 526
1749106350552 2.2526579770174893 527
1749106366601 2.2529015107588335 528
1749106386380 2.2526789145036177 529
1749106402980 2.2526390335776587 530
1749106421283 2.2532078569585625 531
1749106438474 2.252897544340654 532
1749106456427 2.2523843591863457 533
1749106474706 2.2523491382598877 534
1749106493925 2.2530364990234375 535
1749106510664 2.253340569409457 536
1749106527507 2.252731670032848 537
1749106546309 2.253121852874756 538
1749106563709 2.2527777281674473 539
1749106580475 2.2525090954520484 540
1749106600102 2.2534189007499 541
1749106617396 2.252576134421609 542
1749106635337 2.2528650760650635 543
1749106651354 2.252844311974265 544
1749106668199 2.2525016611272637 545
1749106686136 2.2527246475219727 546
1749106705344 2.2530811483209785 547
1749106725441 2.2520130330866035 548
1749106747819 2.2531441991979424 549
1749106765307 2.253144394267689 550
1749106781999 2.253269845789129 551
1749106800722 2.2533467682925137 552
1749106819137 2.25341196493669 553
1749106837650 2.2535133361816406 554
1749106856024 2.253111882643266 555
1749106874499 2.252142841165716 556
1749106891146 2.2523253830996426 557
1749106910611 2.2532004443081943 558
1749106930097 2.252976742657748 559
1749106949779 2.25359489701011 560
1749106968051 2.253691803325306 561
1749106986191 2.2527714642611416 562
1749107004285 2.2526484619487417 563
1749107021808 2.2525360584259033 564
1749107038951 2.2532249797474253 565
1749107058319 2.2531722242181953 566
1749107077466 2.2527647668665107 567
1749107097738 2.253260439092463 568
1749107117305 2.253006349910389 569
1749107135977 2.2528902183879507 570
1749107153712 2.2531425952911377 571
1749107173425 2.2530785257166084 572
1749107191732 2.252874331040816 573
1749107208214 2.252949931404807 574
1749107226559 2.2530094276775015 575
1749107244327 2.253744125366211 576
1749107261594 2.253420287912542 577
1749107280630 2.2527864196083764 578
1749107297484 2.2529368183829566 579
1749107314904 2.252387523651123 580
1749107333147 2.2531151988289575 581
1749107349298 2.2530081922357734 582
1749107366600 2.252782019701871 583
1749107383125 2.2527002638036553 584
1749107399859 2.2531252557581123 585
1749107418814 2.253076835112138 586
1749107435796 2.2528278177434746 587
1749107455434 2.2523762529546563 588
1749107472981 2.2526148666035044 589
1749107488914 2.252553853121671 590
1749107507031 2.253328865224665 591
1749107524939 2.253225391561335 592
1749107541140 2.252986929633401 593
1749107557676 2.252095027403398 594
1749107576357 2.2522601864554663 595
1749107593861 2.252544489773837 596
1749107611911 2.252357612956654 597
1749107629398 2.2528826973655005 598
1749107647997 2.252846436067061 599
1749107665730 2.253266789696433 600
1749107685172 2.252495288848877 601
1749107703189 2.2521905465559526 602
1749107721360 2.252732450311834 603
1749107740384 2.252690705386075 604
1749107758360 2.25325608253479 605
1749107775667 2.2526561346921055 606
1749107793787 2.252552769400857 607
1749107811308 2.2524637525731865 608
1749107829574 2.2531703168695625 609
1749107845861 2.2531694932417436 610
1749107864449 2.25267033143477 611
1749107881370 2.2523049874739214 612
1749107899825 2.2528742226687344 613
1749107918077 2.252665302970193 614
1749107934127 2.2520476471294057 615
1749107952376 2.25215237790888 616
1749107969462 2.252590201117776 617
1749107990032 2.2522204139015893 618
1749108008678 2.2522836598483 619
1749108024825 2.2528578584844414 620
1749108042453 2.2525310949845747 621
1749108061530 2.2520684112202036 622
1749108081460 2.2526051564650102 623
1749108099346 2.252186991951682 624
1749108117691 2.2522014487873423 625
1749108134820 2.252677635713057 626
1749108151963 2.2520467151295054 627
1749108171513 2.251609195362438 628
1749108191154 2.2518566738475454 629
1749108208867 2.2521855614402075 630
1749108228265 2.252965732054277 631
1749108244765 2.2526443004608154 632
1749108264654 2.2523785504427822 633
1749108284328 2.2525496916337446 634
1749108304768 2.252719272266735 635
1749108321413 2.252514882521196 636
1749108340804 2.2521540251645176 637
1749108357137 2.2513284249739214 638
1749108376975 2.2525255246595903 639
1749108392978 2.251803614876487 640
1749108411600 2.252423113042658 641
1749108428048 2.2516927285627886 642
1749108444559 2.252067977731878 643
1749108461370 2.251406496221369 644
1749108479062 2.2517492337660356 645
1749108497397 2.251655405217951 646
1749108517141 2.2521750276738945 647
1749108533860 2.252301888032393 648
1749108551892 2.2524322379719126 649
1749108570956 2.2522731694308193 650
1749108587889 2.2523343779824 651
1749108605588 2.25181583924727 652
1749108625717 2.2521129087968306 653
1749108643632 2.2514107444069604 654
1749108662903 2.251826459711248 655
1749108682023 2.251737941395153 656
1749108699196 2.2516860745169898 657
1749108720539 2.252494703639637 658
1749108736601 2.251842563802546 659
1749108755052 2.252043138850819 660
1749108771660 2.2518856742165307 661
1749108788386 2.251969640905207 662
1749108805987 2.252100099216808 663
1749108825865 2.251869873567061 664
1749108844046 2.2510559125380083 665
1749108862734 2.251984574578025 666
1749108880643 2.251710458235307 667
1749108899117 2.251771254972978 668
1749108918262 2.2515945868058638 669
1749108937316 2.251381050456654 670
1749108956133 2.251892024820501 671
1749108974810 2.252043442292647 672
1749108992243 2.2515372146259653 673
1749109009319 2.2517098513516514 674
1749109029802 2.2520939870314165 675
1749109049412 2.2518642382188276 676
1749109068305 2.2518115043640137 677
1749109084695 2.252394849603826 678
1749109101481 2.252516594800082 679
1749109120740 2.2518908327276055 680
1749109138274 2.2521056912162085 681
1749109156777 2.2516248442909936 682
1749109174010 2.2516688867048784 683
1749109190917 2.2512696873057974 684
1749109207703 2.251532879742709 685
1749109227461 2.251826459711248 686
1749109245180 2.2520417300137607 687
1749109265718 2.2514391162178735 688
1749109284399 2.2514836137945 689
1749109303287 2.2524926228956743 690
1749109320985 2.251318584788929 691
1749109337883 2.252151380885731 692
1749109357796 2.2514893358403985 693
1749109374784 2.2518052621321245 694
1749109394382 2.2524817423387007 695
1749109413551 2.2517377029765737 696
1749109429942 2.252329327843406 697
1749109447931 2.2523085420781914 698
1749109466460 2.2522989186373623 699
1749109483372 2.2516227201981978 700
1749109500562 2.2519465576518667 701
1749109518408 2.2521250247955322 702
1749109534858 2.2520537593147973 703
1749109555207 2.251872409473766 704
1749109573816 2.252040906385942 705
1749109595013 2.2519599307667124 706
1749109613729 2.2511955391276968 707
1749109631250 2.250861579721624 708
1749109647706 2.2507257244803687 709
1749109665717 2.2515203302556817 710
1749109683232 2.251554098996249 711
1749109702027 2.251549395647916 712
1749109721334 2.251820217479359 713
1749109740964 2.2516351613131436 714
1749109759433 2.2518488710576836 715
1749109776474 2.251585917039351 716
1749109795983 2.251469287005338 717
1749109814458 2.251253063028509 718
1749109833741 2.251251459121704 719
1749109853896 2.25157752904025 720
1749109870929 2.2521610260009766 721
1749109887817 2.2511814290826972 722
1749109906775 2.2512505704706367 723
1749109924053 2.2520366365259346 724
1749109943308 2.251581322063099 725
1749109962175 2.2518019025976006 726
1749109980887 2.251149199225686 727
1749109999490 2.251449541612105 728
1749110016042 2.2511996139179575 729
1749110034867 2.251775113019076 730
1749110052228 2.251257159493186 731
1749110071409 2.2513307224620474 732
1749110088053 2.2515967975963247 733
1749110107466 2.2513791864568535 734
1749110127284 2.251316092231057 735
1749110143794 2.2508610595356333 736
1749110162963 2.251351920041171 737
1749110179532 2.251893238587813 738
1749110198868 2.2518712390552866 739
1749110218143 2.2511544227600098 740
1749110236550 2.2515757083892822 741
1749110254100 2.2511754035949707 742
1749110272173 2.251166582107544 743
1749110290208 2.25113168629733 744
1749110308921 2.2514111562208696 745
1749110329906 2.251710219816728 746
1749110347249 2.2521710612557153 747
1749110364887 2.251239841634577 748
1749110384823 2.2513720122250644 749
1749110401798 2.2509284019470215 750
1749110419742 2.251372077248313 751
1749110437013 2.2515578920190986 752
1749110456598 2.2520648782903496 753
1749110474931 2.2509942921725186 754
1749110492865 2.2511354142969306 755
1749110509529 2.2515873692252417 756
1749110526115 2.251397197896784 757
1749110542831 2.2513479536229912 758
1749110564744 2.2512186007066206 759
1749110583202 2.2517259337685327 760
1749110603428 2.251755020835183 761
1749110621715 2.2514143857088955 762
1749110641939 2.2510264136574487 763
1749110659887 2.2515970793637363 764
1749110676202 2.251112872903997 765
1749110694169 2.2514676397497 766
1749110710641 2.251142046668313 767
1749110732322 2.25149468942122 768
1749110751091 2.25183367729187 769
1749110768286 2.251419717615301 770
1749110786873 2.251195127313787 771
1749110806061 2.2506924976002085 772
1749110825650 2.25119592926719 773
1749110846216 2.2518328319896352 774
1749110863634 2.251779859716242 775
1749110881044 2.2511284351348877 776
1749110901970 2.251902840354226 777
1749110918330 2.251697692004117 778
1749110937007 2.251511898907748 779
1749110955428 2.2510999766263096 780
1749110975670 2.2513972412456167 781
1749110993328 2.251828497106379 782
1749111012048 2.2514434944499624 783
1749111030594 2.2514638900756836 784
1749111048600 2.2512089989402075 785
1749111066643 2.2508133324709805 786
1749111085378 2.25119948387146 787
1749111103404 2.2509246089241723 788
1749111120707 2.251441543752497 789
1749111137774 2.2511995922435415 790
1749111154978 2.2512997930700127 791
1749111174189 2.2510034171017734 792
1749111191978 2.250799157402732 793
1749111209242 2.250953349200162 794
1749111227340 2.2513685009696265 795
1749111245370 2.251610452478582 796
1749111263155 2.2514079700816763 797
1749111283233 2.251192244616422 798
1749111299509 2.25139780478044 799
1749111316693 2.2512140707536177 800
1749111337536 2.2516191655939277 801
1749111356794 2.2515816255049272 802
1749111374866 2.251306880604137 803
1749111394121 2.251619404012507 804
1749111412752 2.2513842582702637 805
1749111431854 2.251336162740534 806
1749111451332 2.251402573152022 807
1749111467588 2.250720674341375 808
1749111486735 2.2507253126664595 809
1749111507518 2.2508153915405273 810
1749111524958 2.2505038434808906 811
1749111543722 2.251187042756514 812
1749111561208 2.250987833196467 813
1749111579310 2.251048521562056 814
1749111598093 2.2511799335479736 815
1749111614965 2.250492962923917 816
1749111634335 2.2512049024755303 817
1749111652631 2.2509440292011607 818
1749111670692 2.250890601765026 819
1749111687862 2.2507034865292637 820
1749111705032 2.251215761358088 821
1749111725345 2.2505151358517734 822
1749111742705 2.250509413805875 823
1749111760791 2.2512265768918125 824
1749111779315 2.2511523853648794 825
1749111797202 2.2507276318290015 826
1749111814189 2.2502957690845835 827
1749111831838 2.2504783326929267 828
1749111848925 2.2505982355637983 829
1749111866688 2.2509553865952925 830
1749111884066 2.2504946968772193 831
1749111901152 2.2503991560502485 832
1749111919781 2.250829805027355 833
1749111939440 2.250995224172419 834
1749111955676 2.2509092417630283 835
1749111972936 2.2502634091810747 836
1749111992517 2.250979618592696 837
1749112011373 2.250846732746471 838
1749112030209 2.2507851123809814 839
1749112046869 2.2503077550367876 840
1749112063838 2.250588156960227 841
1749112085459 2.2507334405725654 842
1749112103872 2.250862381675027 843
1749112125106 2.251062501560558 844
1749112144749 2.2509402578527276 845
1749112165586 2.2506809017874976 846
1749112182884 2.250789685682817 847
1749112199182 2.2506195198405874 848
1749112215431 2.2507790435444224 849
1749112233356 2.250324942848899 850
1749112249439 2.250731424851851 851
1749112266241 2.2503032250837847 852
1749112284271 2.25056284124201 853
1749112301656 2.2505589615214956 854
1749112319206 2.2501780553297563 855
1749112336819 2.25098932873119 856
1749112356468 2.250855879350142 857
1749112376374 2.25044263492931 858
1749112393630 2.250509435480291 859
1749112409883 2.2506025487726387 860
1749112428865 2.2505181485956367 861
1749112445699 2.250680836764249 862
1749112466234 2.250848748467185 863
1749112482148 2.2502629540183325 864
1749112501981 2.2503035718744453 865
1749112518475 2.2508345517245205 866
1749112535215 2.2503002773631704 867
1749112554118 2.250700668855147 868
1749112571631 2.2503747073086826 869
1749112590622 2.2500018206509678 870
1749112608184 2.2505300045013428 871
1749112627557 2.2503741654482754 872
1749112644248 2.2502728809009898 873
1749112660226 2.2499295581470835 874
1749112679428 2.2497244531458076 875
1749112699438 2.2499033971266313 876
1749112717264 2.2502315911379727 877
1749112738450 2.250711115923795 878
1749112759121 2.25036976554177 879
1749112775808 2.2503763979131524 880
1749112793404 2.2499358003789727 881
1749112811438 2.24969499761408 882
1749112827619 2.2500726959922095 883
1749112846979 2.250964814966375 884
1749112866119 2.2504039894450796 885
1749112884319 2.2500560717149214 886
1749112901751 2.2504296086051245 887
1749112920131 2.2508784424174917 888
1749112939718 2.2506673986261543 889
1749112957449 2.250357606194236 890
1749112975427 2.2509002035314385 891
1749112994000 2.2501304799860176 892
1749113013017 2.250378825447776 893
1749113031187 2.2507266348058526 894
1749113047713 2.250549988313155 895
1749113067317 2.250238548625599 896
1749113084432 2.2497125538912686 897
1749113102086 2.2505156993865967 898
1749113121648 2.2502021572806616 899
1749113138865 2.2507889054038306 900
1749113157639 2.250708883458918 901
1749113176294 2.250634280118075 902
1749113194245 2.250273574482311 903
1749113211066 2.25058668309992 904
1749113229291 2.250524412501942 905
1749113245656 2.250258510762995 906
1749113263654 2.249747623096813 907
1749113282505 2.2500452995300293 908
1749113302984 2.2502939917824487 909
1749113321492 2.250423171303489 910
1749113337709 2.2505937923084605 911
1749113354721 2.2501672614704478 912
1749113372192 2.250356500799006 913
1749113391023 2.251268842003562 914
1749113407641 2.250682657415217 915
1749113426703 2.2504639625549316 916
1749113442939 2.2505351196635854 917
1749113460087 2.2499852830713447 918
1749113478737 2.2503687034953725 919
1749113497874 2.2499277158216997 920
1749113515679 2.2504677772521973 921
1749113535035 2.2498021992770108 922
1749113553905 2.2506077723069624 923
1749113571983 2.2500123327428643 924
1749113591993 2.2502150535583496 925
1749113609778 2.249891151081432 926
1749113627281 2.249440843408758 927
1749113644241 2.249650066549128 928
1749113661756 2.2497911669991235 929
1749113678528 2.250184275887229 930
1749113697489 2.2506549575112085 931
1749113715061 2.2499840476296167 932
1749113732206 2.249989726326682 933
1749113750835 2.2497019334272905 934
1749113768397 2.250151504169811 935
1749113787487 2.2501404718919233 936
1749113803559 2.249701066450639 937
1749113822189 2.2497544938867744 938
1749113841776 2.249933437867598 939
1749113859661 2.2501159364526924 940
1749113878672 2.250031753019853 941
1749113898317 2.250185641375455 942
1749113917379 2.250557314265858 943
1749113936147 2.250380212610418 944
1749113956507 2.2507636547088623 945
1749113975659 2.249901619824496 946
1749113993731 2.249952056191184 947
1749114013953 2.250191081653942 948
1749114032563 2.250102996826172 949
1749114049613 2.2499973557212134 950
1749114068366 2.2499758547002617 951
1749114086352 2.2502140782096167 952
1749114104023 2.250626065514304 953
1749114122234 2.2500531673431396 954
1749114138559 2.2504000663757324 955
1749114155048 2.25032656843012 956
1749114174490 2.250171726400202 957
1749114191031 2.2497917088595303 958
1749114208396 2.250460819764571 959
1749114227452 2.2500772042707964 960
1749114244102 2.2500372149727563 961
1749114261319 2.250325246290727 962
1749114277721 2.2500875646417793 963
1749114294558 2.2497373710979116 964
1749114311915 2.2500768574801358 965
1749114328215 2.2503175735473633 966
1749114348722 2.250385717912154 967
1749114367195 2.2501692338423296 968
1749114387419 2.2499153397300025 969
1749114404380 2.250118537382646 970
1749114421259 2.2504651112989946 971
1749114440045 2.249861175363714 972
1749114458285 2.249836661598899 973
1749114478226 2.249974489212036 974
1749114498912 2.2496811259876597 975
1749114517572 2.2495985247872095 976
1749114537583 2.249358588998968 977
1749114556938 2.2496821013363926 978
1749114575496 2.2496698552911933 979
1749114595273 2.2499718449332495 980
1749114616467 2.24982797015797 981
1749114636557 2.2496159076690674 982
1749114654880 2.2493488138372246 983
1749114671268 2.249103546142578 984
1749114688954 2.250707496296276 985
1749114707090 2.250131303613836 986
1749114724849 2.2494878552176734 987
1749114743379 2.249661619013006 988
1749114761505 2.250131433660334 989
1749114779950 2.2498111724853516 990
1749114797063 2.2495626536282627 991
1749114813906 2.249691291288896 992
1749114835536 2.249438827688044 993
1749114851850 2.2501427043568003 994
1749114869563 2.250033747066151 995
1749114888246 2.24987530708313 996
1749114906706 2.2495241165161133 997
1749114923991 2.2493924444372 998
1749114940403 2.2496971000324595 999
