1749095849424 2.310831655155529 0
1749095866900 2.300374919717962 1
1749095883839 2.2827045917510986 2
1749095902692 2.261432257565585 3
1749095921913 2.2370437275279653 4
1749095939736 2.2024932991374624 5
1749095959198 2.192068273370916 6
1749095978466 2.1756068576465952 7
1749095997539 2.167849215594205 8
1749096016992 2.158423965627497 9
1749096036388 2.148769400336526 10
1749096056164 2.1393952803178267 11
1749096075606 2.1303101669658315 12
1749096095042 2.1219422817230225 13
1749096113298 2.114026416431774 14
1749096133052 2.115150950171731 15
1749096151621 2.1083138205788354 16
1749096172816 2.1135413213209673 17
1749096193998 2.117569988424128 18
1749096214091 2.120146729729392 19
1749096233534 2.1183007847179067 20
1749096253408 2.1179465380581943 21
1749096274559 2.1238070618022573 22
1749096295518 2.129279461773959 23
1749096316674 2.134939128702337 24
1749096336811 2.138236240907149 25
1749096356573 2.1305452476848257 26
1749096376323 2.125941970131614 27
1749096396616 2.1292020190845835 28
1749096416544 2.1294787146828393 29
1749096436617 2.1300910819660532 30
1749096456490 2.1244481910358775 31
1749096476715 2.1286244825883345 32
1749096497658 2.1368280324068936 33
1749096518506 2.14088715206493 34
1749096538324 2.132127783515237 35
1749096558321 2.1319568807428535 36
1749096578048 2.135915301062844 37
1749096597813 2.1406957019459116 38
1749096618014 2.147724845192649 39
1749096637864 2.1526391722939233 40
1749096657689 2.1568297039378774 41
1749096677742 2.174525260925293 42
1749096697539 2.1780376867814497 43
1749096717476 2.1742272593758325 44
1749096737646 2.1977953260595147 45
1749096757653 2.2124593474648218 46
1749096777629 2.218685106797652 47
1749096797592 2.2023769942196934 48
1749096817440 2.2622717944058506 49
1749096837308 2.2044781988317315 50
1749096857462 2.1959183649583296 51
1749096877454 2.242001403461803 52
1749096897351 2.277461745522239 53
1749096917225 2.212881391698664 54
1749096937801 2.2139334678649902 55
1749096957945 2.227916955947876 56
1749096977879 2.255983504382047 57
1749096997842 2.2386214949867944 58
1749097018396 2.245862353931774 59
1749097038753 2.295555353164673 60
1749097058745 2.2755906365134497 61
1749097078677 2.2601674903522837 62
1749097098825 2.260906371203336 63
1749097119550 2.3632481531663374 64
1749097139444 2.2641863389448686 65
1749097160063 2.28261737389998 66
1749097180835 2.3735874782909048 67
1749097200824 2.2814072478901255 68
1749097221371 2.2520565553144976 69
1749097242833 2.3941350850191983 70
1749097262856 2.308088844472712 71
1749097283234 2.2786521911621094 72
1749097303373 2.3555924675681372 73
1749097323231 2.3273020657626065 74
1749097343834 2.3323681354522705 75
1749097363707 2.2685897133567114 76
1749097384385 2.2747590325095435 77
1749097405702 2.2662203962152656 78
1749097425566 2.2346762743863193 79
1749097445407 2.2249545617537065 80
1749097466738 2.260646169835871 81
1749097487254 2.2633169997822153 82
1749097507102 2.2403825413097036 83
1749097527011 2.231552839279175 84
1749097547992 2.261115074157715 85
1749097569089 2.289796005595814 86
1749097589043 2.239121740514582 87
1749097609393 2.2114545215259898 88
1749097630536 2.253179355101152 89
1749097650798 2.267107269980691 90
1749097670760 2.2365343353965064 91
1749097692078 2.282954974607988 92
1749097712437 2.3480526317249644 93
1749097732391 2.309488144787875 94
1749097753021 2.2509034980427134 95
1749097774178 2.2989272854544898 96
1749097794038 2.2629341212185947 97
1749097814629 2.2321538491682573 98
1749097835677 2.2664785385131836 99
1749097855558 2.23716157132929 100
1749097875606 2.2597994154149834 101
1749097896229 2.3381888432936235 102
1749097916203 2.3697346557270396 103
1749097936378 2.323710094798695 104
1749097956364 2.289115797389637 105
1749097976763 2.2668837200511587 106
1749097997077 2.361139579252763 107
1749098017327 2.5967920259995894 108
1749098037235 2.3666931932622735 109
1749098057238 2.2779626196080986 110
1749098077852 2.4121139483018355 111
1749098098109 2.4100750359621914 112
1749098118468 2.35029259595004 113
1749098138691 2.3427160436456855 114
1749098158864 2.3741516416723076 115
1749098178814 2.2819978323849766 116
1749098199462 2.4564061598344282 117
1749098219749 2.2841138406233354 118
1749098239987 2.289295955137773 119
1749098260573 2.3678491332314233 120
1749098280768 2.2514402216131035 121
1749098301244 2.2904968695207075 122
1749098321263 2.2715788971294057 123
1749098341456 2.2765810706398706 124
1749098362015 2.250808975913308 125
1749098382883 2.2626266262748023 126
1749098402876 2.2392065741799096 127
1749098422926 2.2243228392167524 128
1749098444047 2.265204061161388 129
1749098464245 2.2486542788418857 130
1749098484760 2.2495563463731245 131
1749098504969 2.2516129233620386 132
1749098525037 2.2345794330943716 133
1749098546274 2.2785471135919746 134
1749098566402 2.256109042601152 135
1749098586724 2.2495836344632236 136
1749098606866 2.249168135903098 137
1749098626748 2.236824707551436 138
1749098648104 2.282710400494662 139
1749098668193 2.262782031839544 140
1749098688627 2.25575572794134 141
1749098708621 2.252609513022683 142
1749098728772 2.2376814538782295 143
1749098749345 2.2816389257257637 144
1749098769418 2.259864330291748 145
1749098789892 2.2554060329090464 146
1749098810581 2.2501971938393335 147
1749098830788 2.2510591637004507 148
1749098851567 2.2758673537861216 149
1749098871905 2.2577570351687344 150
1749098892503 2.262491464614868 151
1749098912990 2.2501323873346504 152
1749098933913 2.2703278064727783 153
1749098954119 2.2532542402094062 154
1749098974907 2.256435437635942 155
1749098994953 2.244388211857189 156
1749099015694 2.2703381234949287 157
1749099036068 2.2559355172243984 158
1749099057069 2.2554429444399746 159
1749099077428 2.2456297874450684 160
1749099098329 2.2672498009421607 161
1749099118996 2.2582721926949243 162
1749099139766 2.2588185613805596 163
1749099160063 2.248347130688754 164
1749099180934 2.268568840893832 165
1749099201652 2.2566973729567095 166
1749099222212 2.2596063180403276 167
1749099242359 2.2563565861095083 168
1749099262876 2.265670321204446 169
1749099283456 2.2540196505459873 170
1749099303878 2.2546208771792324 171
1749099324680 2.2709565596147017 172
1749099345014 2.2581832192160864 173
1749099365834 2.2607755444266577 174
1749099386330 2.2658157348632812 175
1749099406679 2.2586356076327236 176
1749099427620 2.2626609802246094 177
1749099448270 2.2653532895174893 178
1749099468733 2.2568263790824195 179
1749099489638 2.261804363944314 180
1749099510318 2.2659400809894907 181
1749099530825 2.25838041305542 182
1749099551433 2.262711026451804 183
1749099572354 2.2663863572207363 184
1749099592728 2.2580102573741567 185
1749099613353 2.2608243335377085 186
1749099634382 2.2695605754852295 187
1749099655178 2.2611979354511607 188
1749099676719 2.2687599658966064 189
1749099697549 2.2642142555930396 190
1749099718523 2.2588230046358975 191
1749099739618 2.2700218070637095 192
1749099760104 2.257844578136097 193
1749099781896 2.269176959991455 194
1749099802536 2.257227572527799 195
1749099823433 2.2661637609655205 196
1749099844541 2.272749185562134 197
1749099865152 2.2686882452531294 198
1749099886097 2.281135147268122 199
1749099906666 2.267768209630793 200
1749099927945 2.285065239126032 201
1749099948462 2.278110222382979 202
1749099968768 2.278860265558416 203
1749099989335 2.275470191782171 204
1749100010047 2.2890836108814585 205
1749100030966 2.2856449647383257 206
1749100051330 2.2960840355266225 207
1749100071622 2.2691234241832388 208
1749100092359 2.2851672172546387 209
1749100112934 2.287089131095193 210
1749100133737 2.2797787839716133 211
1749100155114 2.3179461522535845 212
1749100175465 2.3017639463598076 213
1749100195784 2.3039604317058218 214
1749100216252 2.292544581673362 215
1749100236842 2.3156428120353003 216
1749100257270 2.298208301717585 217
1749100277556 2.275216124274514 218
1749100297906 2.2675647085363213 219
1749100318421 2.2821421406485816 220
1749100339058 2.2843093221837822 221
1749100359688 2.280483115803112 222
1749100380022 2.268108194524592 223
1749100401806 2.2900071144104004 224
1749100422271 2.2813617316159336 225
1749100442849 2.2785681811246006 226
1749100463306 2.2628210241144355 227
1749100485091 2.2855619083751333 228
1749100505850 2.288984277031638 229
1749100526561 2.2898990240964023 230
1749100546985 2.269178693944758 231
1749100568520 2.283249941739169 232
1749100589423 2.287850770083341 233
1749100610237 2.285619995810769 234
1749100631015 2.2805825146761807 235
1749100652376 2.28315806388855 236
1749100673216 2.2809361761266533 237
1749100693967 2.2822010733864526 238
1749100714787 2.289252931421453 239
1749100735735 2.2836460416967217 240
1749100756355 2.278623515909368 241
1749100777070 2.284099080345847 242
1749100797615 2.289218642494895 243
1749100818674 2.28446026281877 244
1749100839331 2.280870329249989 245
1749100860198 2.287336674603549 246
1749100881089 2.288890903646296 247
1749100901794 2.287193840200251 248
1749100922911 2.2857489585876465 249
1749100943699 2.287896893241189 250
1749100964299 2.282382379878651 251
1749100985077 2.289214155890725 252
1749101006470 2.292581883343783 253
1749101027104 2.2830276055769487 254
1749101047966 2.2893049716949463 255
1749101069170 2.293469689109109 256
1749101090185 2.2893466732718726 257
1749101110876 2.2869119210676714 258
1749101132120 2.2924837199124424 259
1749101152834 2.2887599034742876 260
1749101173725 2.2972758900035513 261
1749101194881 2.2966834631833164 262
1749101215603 2.2887453816153784 263
1749101236821 2.2948483770543877 264
1749101257772 2.2974030754782935 265
1749101278852 2.292435797778043 266
1749101299802 2.2862579822540283 267
1749101321343 2.2938949194821445 268
1749101342371 2.294709725813432 269
1749101363878 2.2988534407182173 270
1749101384789 2.2925997864116323 271
1749101405675 2.292920090935447 272
1749101426807 2.29999117417769 273
1749101448240 2.301297729665583 274
1749101469262 2.300490834496238 275
1749101490292 2.300758947025646 276
1749101511399 2.2997542944821445 277
1749101532446 2.30341759595004 278
1749101553897 2.302713307467374 279
1749101575032 2.300156073136763 280
1749101596233 2.3018137975172563 281
1749101617420 2.308676676316695 282
1749101638782 2.304200779307972 283
1749101659733 2.2984590096907183 284
1749101681182 2.3102713281458076 285
1749101702267 2.3054981881921943 286
1749101723316 2.3062432462518867 287
1749101744584 2.310869173570113 288
1749101765278 2.308810147372159 289
1749101786397 2.3120912205089224 290
1749101807092 2.304974165829745 291
1749101828868 2.3165117610584605 292
1749101849789 2.3133255568417637 293
1749101870871 2.308021675456654 294
1749101892837 2.316547068682584 295
1749101913522 2.31060697815635 296
1749101934608 2.323456634174694 297
1749101955261 2.312220335006714 298
1749101976103 2.331567720933394 299
1749101996720 2.3196501515128394 300
1749102017120 2.300795728510076 301
1749102037968 2.307891108772971 302
1749102058929 2.304006056352095 303
1749102080352 2.3193095380609687 304
1749102101130 2.313529469750144 305
1749102121720 2.314088973132047 306
1749102142474 2.3068429990248247 307
1749102164323 2.318858016620983 308
1749102185233 2.318298274820501 309
1749102205883 2.311388709328391 310
1749102226508 2.311350323937156 311
1749102247218 2.31719294461337 312
1749102268123 2.3158030726692895 313
1749102289004 2.3165757222609087 314
1749102309367 2.3183961564844306 315
1749102330302 2.3194819580424917 316
1749102351424 2.316978086124767 317
1749102372011 2.315034281123768 318
1749102392757 2.3182683207771997 319
1749102413960 2.3211073875427246 320
1749102434769 2.316922274502841 321
1749102455645 2.319285739551891 322
1749102476425 2.320379473946311 323
1749102497630 2.3176034797321665 324
1749102518567 2.3165796886790884 325
1749102539193 2.313085837797685 326
1749102560038 2.314654675397006 327
1749102580739 2.3159807161851362 328
1749102601509 2.3140409859743984 329
1749102622136 2.313824696974321 330
1749102642564 2.312330787832087 331
1749102663914 2.3154270865700464 332
1749102684954 2.3160803534767846 333
1749102705669 2.3174121379852295 334
1749102726063 2.3178664554249155 335
1749102746685 2.3160562081770464 336
1749102767067 2.316379742188887 337
1749102787545 2.3164115385575728 338
1749102808550 2.3185465335845947 339
1749102828931 2.316965623335405 340
1749102849469 2.3168519626964224 341
1749102870360 2.3184887062419546 342
1749102891024 2.319905779578469 343
1749102912137 2.3226681622591885 344
1749102932873 2.3190982775254683 345
1749102953444 2.3188044374639336 346
1749102973877 2.3179094791412354 347
1749102994664 2.319877277721058 348
1749103015261 2.320329926230691 349
1749103035946 2.320708253166892 350
1749103056636 2.322013573213057 351
1749103077343 2.319915836507624 352
1749103097992 2.3171670870347456 353
1749103118554 2.318356383930553 354
1749103139536 2.3195693492889404 355
1749103160243 2.3201345963911577 356
1749103181113 2.321569572795521 357
1749103202397 2.321895946155895 358
1749103222703 2.320342627438632 359
1749103243705 2.3216284838589756 360
1749103264772 2.3217310255224053 361
1749103285158 2.3199692422693428 362
1749103305468 2.3172623460943047 363
1749103326315 2.3196381438862193 364
1749103347158 2.3186028653925117 365
1749103367747 2.3184655579653652 366
1749103388592 2.3169794299385766 367
1749103409470 2.3201599554582075 368
1749103430252 2.31988187269731 369
1749103451289 2.3213393688201904 370
1749103471165 2.318876548246904 371
1749103491675 2.319529663432728 372
1749103511853 2.3180819641460073 373
1749103532046 2.317565007643266 374
1749103552591 2.317958636717363 375
1749103572843 2.3151738426902075 376
1749103594085 2.316010518507524 377
1749103614039 2.316816503351385 378
1749103635821 2.3185627460479736 379
1749103655607 2.3150897459550337 380
1749103676125 2.3159412253986704 381
1749103696545 2.3158032677390357 382
1749103716681 2.3167548179626465 383
1749103738005 2.3188884908502754 384
1749103758482 2.319483150135387 385
1749103778325 2.317454077980735 386
1749103798989 2.3178646130995317 387
1749103819176 2.3189762288873847 388
1749103839154 2.31662899797613 389
1749103859221 2.3181396397677334 390
1749103879357 2.3185924616726963 391
1749103899294 2.3174515203996138 392
1749103918606 2.316013986414129 393
1749103938829 2.3165827664462 394
1749103959418 2.316664218902588 395
1749103980037 2.3164114952087402 396
1749103999260 2.315689303658225 397
1749104019143 2.315536997535012 398
1749104039754 2.3156312812458384 399
1749104059986 2.3146892460909756 400
1749104080153 2.3135299249128862 401
1749104099707 2.314305002039129 402
1749104120177 2.3145547129891137 403
1749104139665 2.3137262517755683 404
1749104158535 2.3135517727244985 405
1749104178493 2.313792597163807 406
1749104198865 2.3141628828915684 407
1749104216875 2.312583229758523 408
1749104235950 2.31250262260437 409
1749104254779 2.311688943342729 410
1749104273235 2.3125709186900747 411
1749104291531 2.312036232514815 412
1749104311656 2.3121460567821157 413
1749104331057 2.311889800158414 414
1749104351926 2.3129159103740347 415
1749104370388 2.310693285681985 416
1749104388012 2.31010762127963 417
1749104404916 2.3103269013491543 418
1749104421157 2.3097493648529053 419
1749104439061 2.309376824985851 420
1749104456933 2.3086905696175317 421
1749104476225 2.3089870756322686 422
1749104492496 2.309036298231645 423
1749104510618 2.3083219961686567 424
1749104529078 2.3089616948908027 425
1749104545532 2.3081733963706275 426
1749104564625 2.309049302881414 427
1749104582443 2.3089321960102427 428
1749104600251 2.308391722765836 429
1749104616451 2.308366298675537 430
1749104636692 2.308262499895963 431
1749104655368 2.3084162148562344 432
1749104675558 2.308791659095071 433
1749104695038 2.3081290505149146 434
1749104715873 2.3081965012983843 435
1749104735306 2.309040242975408 436
1749104752915 2.308648261156949 437
1749104773199 2.3085988651622427 438
1749104789378 2.3085643378171055 439
1749104806883 2.308800155466253 440
1749104825045 2.3093373775482178 441
1749104840905 2.3086867332458496 442
1749104857449 2.3081528056751597 443
1749104875748 2.307970957322554 444
1749104892561 2.3076021454551 445
1749104910131 2.3078060150146484 446
1749104926004 2.308057048104026 447
1749104945118 2.3081055987964976 448
1749104962260 2.3082387880845503 449
1749104981577 2.308203848925504 450
1749104999508 2.308270215988159 451
1749105017422 2.3085614984685723 452
1749105036320 2.3085474317724053 453
1749105055047 2.30854793028398 454
1749105071745 2.3080508058721367 455
1749105088371 2.3085469982840796 456
1749105106947 2.30857422135093 457
1749105125864 2.308813550255515 458
1749105145547 2.3082001209259033 459
1749105164244 2.3086346712979404 460
1749105180611 2.3082807931033047 461
1749105196839 2.3076063936406914 462
1749105213871 2.3075177019292656 463
1749105232058 2.307420752265237 464
1749105249521 2.307979323647239 465
1749105266485 2.308091337030584 466
1749105284521 2.308087110519409 467
1749105300428 2.308415347879583 468
1749105316465 2.3087645227258857 469
1749105335749 2.308431625366211 470
1749105353345 2.308399655602195 471
1749105373174 2.3078489303588867 472
1749105390997 2.308116219260476 473
1749105410864 2.3080601041967217 474
1749105429331 2.3079787601124155 475
1749105446993 2.3081881349736992 476
1749105467024 2.307346127249978 477
1749105486384 2.3081589395349678 478
1749105505337 2.3085654215379194 479
1749105522898 2.3080248832702637 480
1749105540859 2.307943192395297 481
1749105558572 2.3077517422762783 482
1749105574489 2.3075131719762627 483
1749105592215 2.3079128698869185 484
1749105611794 2.307505325837569 485
1749105628073 2.308181957765059 486
1749105646496 2.3087946718389336 487
1749105663012 2.307684204795144 488
1749105680842 2.308313239704479 489
1749105696718 2.307811130176891 490
1749105713041 2.3079965764825996 491
1749105729456 2.3076889514923096 492
1749105747124 2.3086530078541148 493
1749105764220 2.307382345199585 494
1749105783299 2.307640400799838 495
1749105802806 2.3076011917807837 496
1749105820138 2.307194146243009 497
1749105837959 2.308284716172652 498
1749105856989 2.3076353723352607 499
1749105877489 2.3081839084625244 500
1749105895474 2.3083617903969507 501
1749105911701 2.3077161745591597 502
1749105931605 2.3076436086134477 503
1749105947727 2.3082752227783203 504
1749105964417 2.3078879659826104 505
1749105982699 2.307489416816018 506
1749106000372 2.3079109625382856 507
1749106016609 2.3083174445412378 508
1749106036351 2.3070492310957476 509
1749106055505 2.307560443878174 510
1749106071465 2.3079988306218926 511
1749106090918 2.3072299523787065 512
1749106108814 2.3073654174804688 513
1749106128230 2.3069366108287466 514
1749106148764 2.307536471973766 515
1749106164812 2.3079749020663174 516
1749106182687 2.3079710656946357 517
1749106200019 2.3080217188054863 518
1749106218196 2.307797431945801 519
1749106235140 2.307502508163452 520
1749106252573 2.3073068748820913 521
1749106269233 2.3069636821746826 522
1749106285962 2.3076637007973413 523
1749106303964 2.3075223619287666 524
1749106322979 2.30716965415261 525
1749106341241 2.30697885426608 526
1749106358382 2.3068221265619453 527
1749106374309 2.307186105034568 528
1749106394128 2.3069210702722724 529
1749106410722 2.306764776056463 530
1749106428982 2.307366522875699 531
1749106446280 2.3070237419821997 532
1749106464187 2.3065847917036577 533
1749106482414 2.3067044128071177 534
1749106502028 2.307505585930564 535
1749106518359 2.30768067186529 536
1749106535211 2.3069636821746826 537
1749106553987 2.3074565800753506 538
1749106571468 2.3070416017012163 539
1749106588222 2.306770541451194 540
1749106607835 2.307703906839544 541
1749106625151 2.306829105723988 542
1749106643114 2.307154893875122 543
1749106659120 2.3071698492223565 544
1749106675977 2.306841156699441 545
1749106693839 2.306928417899392 546
1749106713043 2.3074428818442603 547
1749106733209 2.306214224208485 548
1749106755503 2.307444073937156 549
1749106773143 2.3073262951590796 550
1749106789682 2.3074997555125845 551
1749106808036 2.3076300621032715 552
1749106826913 2.3077044053511186 553
1749106845423 2.3078714934262363 554
1749106863795 2.3073564659465444 555
1749106882240 2.30628887089816 556
1749106898884 2.306608893654563 557
1749106918357 2.307512868534435 558
1749106937836 2.307249676097523 559
1749106957525 2.307896375656128 560
1749106975826 2.3080495487559927 561
1749106993944 2.3070623874664307 562
1749107012051 2.3069200299002905 563
1749107029573 2.3067873391238125 564
1749107046765 2.307621955871582 565
1749107066132 2.307523792440241 566
1749107085161 2.3068709806962446 567
1749107105511 2.3075212998823686 568
1749107125418 2.3072652383284136 569
1749107143755 2.307270223444158 570
1749107161413 2.3075894008983266 571
1749107181184 2.30741362138228 572
1749107199433 2.3071880123832007 573
1749107215986 2.307326078414917 574
1749107234330 2.3075139305808325 575
1749107252139 2.3081726377660576 576
1749107269380 2.3077558170665395 577
1749107288368 2.3071095726706763 578
1749107305187 2.307128494436091 579
1749107322681 2.306727496060458 580
1749107340881 2.3076788078654897 581
1749107357381 2.307459159330888 582
1749107374339 2.306961428035389 583
1749107390837 2.3070629943500864 584
1749107407664 2.3074735511432993 585
1749107426577 2.307435555891557 586
1749107443514 2.307249502702193 587
1749107463227 2.3067207553169946 588
1749107480702 2.3068588213487105 589
1749107496647 2.3067409558729692 590
1749107514800 2.3074769540266558 591
1749107532722 2.307378422130238 592
1749107548926 2.3071998249400747 593
1749107565414 2.3062422925775703 594
1749107584092 2.3064687468788843 595
1749107601745 2.3067350170829077 596
1749107619676 2.3066399097442627 597
1749107637189 2.3070265596563164 598
1749107655774 2.3071598573164507 599
1749107673502 2.307565775784579 600
1749107692961 2.306598598306829 601
1749107710944 2.306365663355047 602
1749107729190 2.3070027177984063 603
1749107748167 2.30698054487055 604
1749107766108 2.3075016195123847 605
1749107783413 2.307211984287609 606
1749107801502 2.306939818642356 607
1749107819107 2.306799455122514 608
1749107837387 2.307487791234797 609
1749107853624 2.307421402497725 610
1749107872198 2.306861790743741 611
1749107889231 2.3065431768243965 612
1749107907632 2.307153593410145 613
1749107925852 2.3067251335490835 614
1749107941945 2.306332978335294 615
1749107960229 2.306322119452737 616
1749107977269 2.3067640391263096 617
1749107997835 2.306450280276212 618
1749108016509 2.3065550327301025 619
1749108032585 2.3071026585318823 620
1749108050319 2.306692210110751 621
1749108069322 2.306163029237227 622
1749108089362 2.306843497536399 623
1749108107068 2.306303479454734 624
1749108125476 2.306308941407637 625
1749108142729 2.306873755021529 626
1749108159813 2.3062341429970483 627
1749108179344 2.3055811795321377 628
1749108199057 2.3060815117575904 629
1749108216721 2.3064251162789087 630
1749108236053 2.3071575598283247 631
1749108252678 2.306860186836936 632
1749108272396 2.3065713969143955 633
1749108292173 2.306818875399503 634
1749108312546 2.3067374879663642 635
1749108329243 2.3066457401622427 636
1749108348632 2.3063562349839644 637
1749108364895 2.3054251670837402 638
1749108384737 2.3066955479708584 639
1749108400707 2.3059330853548916 640
1749108419505 2.3065716570073906 641
1749108436220 2.3059072711251 642
1749108452462 2.3061397725885566 643
1749108469269 2.305615945295854 644
1749108486886 2.3059515953063965 645
1749108505218 2.305901592428034 646
1749108524944 2.3063195835460317 647
1749108541656 2.3065138079903345 648
1749108559787 2.3066912347620185 649
1749108578819 2.306550979614258 650
1749108595721 2.306471499529752 651
1749108613098 2.3059365315870806 652
1749108633501 2.30624964020469 653
1749108651456 2.305468429218639 654
1749108670755 2.306039246645841 655
1749108689960 2.305944486097856 656
1749108706953 2.3058503324335273 657
1749108728306 2.3066589615561743 658
1749108744380 2.3059330853548916 659
1749108762956 2.3060409372503106 660
1749108779496 2.3059512701901523 661
1749108796165 2.305984757163308 662
1749108813754 2.3061344623565674 663
1749108833508 2.3059182167053223 664
1749108851766 2.305162928321145 665
1749108870476 2.3060453805056484 666
1749108888422 2.305740724910389 667
1749108907010 2.3058822588487105 668
1749108926117 2.3055061643773858 669
1749108945110 2.3054264025254683 670
1749108963958 2.3059714057228784 671
1749108982921 2.3062194910916416 672
1749109000077 2.3057829683477227 673
1749109017166 2.3059147054498847 674
1749109037298 2.3062735470858486 675
1749109057362 2.3059625192122026 676
1749109076197 2.3061221729625356 677
1749109092590 2.306553277102384 678
1749109109383 2.3066466504877265 679
1749109128618 2.306099198081277 680
1749109146086 2.3063365762883965 681
1749109164616 2.305914813821966 682
1749109181870 2.3060258518565786 683
1749109198737 2.3054018887606533 684
1749109215569 2.3054138747128574 685
1749109235332 2.306112441149625 686
1749109253112 2.3062789656899194 687
1749109273510 2.305470206520774 688
1749109292212 2.3056234663183037 689
1749109311094 2.3067234646190298 690
1749109328811 2.3054475567557593 691
1749109345691 2.306339458985762 692
1749109365634 2.305556990883567 693
1749109382723 2.3058242581107398 694
1749109402354 2.3066458702087402 695
1749109421416 2.3060619831085205 696
1749109437810 2.3065225427800957 697
1749109455843 2.306633082303134 698
1749109474364 2.30657714063471 699
1749109491384 2.3057948459278452 700
1749109508454 2.3061602982607754 701
1749109526422 2.306303761222146 702
1749109542730 2.3062322356484155 703
1749109562685 2.3061263127760454 704
1749109581468 2.3062850778753106 705
1749109602940 2.3060590570623223 706
1749109621707 2.305165724320845 707
1749109639136 2.3049964037808506 708
1749109655614 2.304841995239258 709
1749109673591 2.3054828210310503 710
1749109691201 2.305556535720825 711
1749109709921 2.3055883320895108 712
1749109729200 2.3058505925265225 713
1749109748853 2.30561917478388 714
1749109767354 2.3057521906766025 715
1749109784327 2.305429523641413 716
1749109803902 2.3054658716375176 717
1749109822408 2.3052317879416724 718
1749109841601 2.305173223668879 719
1749109861756 2.305580420927568 720
1749109878842 2.306151346726851 721
1749109895657 2.3051614544608374 722
1749109914586 2.305252443660389 723
1749109931939 2.3060465292497114 724
1749109951224 2.30545314875516 725
1749109970134 2.305857875130393 726
1749109988786 2.305196935480291 727
1749110007322 2.305427226153287 728
1749110023930 2.3052643645893443 729
1749110042729 2.305772672999989 730
1749110060091 2.3054747581481934 731
1749110079326 2.305460279638117 732
1749110095915 2.3055916916240347 733
1749110115305 2.3053085803985596 734
1749110135135 2.305554671721025 735
1749110151662 2.304980017922141 736
1749110170777 2.3052722974257036 737
1749110187372 2.3059324351224033 738
1749110206451 2.305893399498679 739
1749110225996 2.305053645914251 740
1749110244488 2.3056218190626665 741
1749110262055 2.305180723016912 742
1749110280035 2.3051753477616743 743
1749110298158 2.3051234592090952 744
1749110316777 2.3054564649408515 745
1749110337862 2.305757089094682 746
1749110355132 2.306135285984386 747
1749110372902 2.3051727468317207 748
1749110392694 2.30544714494185 749
1749110409735 2.3049855448982934 750
1749110427720 2.305455901406028 751
1749110444893 2.3056054332039575 752
1749110464222 2.3060703711076216 753
1749110482876 2.3048436641693115 754
1749110500808 2.305141557346691 755
1749110517017 2.3056962273337622 756
1749110534136 2.305518085306341 757
1749110550776 2.305356502532959 758
1749110572759 2.3051270138133657 759
1749110591223 2.305707476355813 760
1749110611089 2.3058555126190186 761
1749110629956 2.3054427883841773 762
1749110649878 2.305128119208596 763
1749110667852 2.305729931051081 764
1749110684157 2.3052247004075483 765
1749110702168 2.305566982789473 766
1749110718647 2.3053842674602163 767
1749110740294 2.3056287548758765 768
1749110759105 2.305921532891013 769
1749110776287 2.30556000362743 770
1749110794813 2.305315147746693 771
1749110813957 2.304734771901911 772
1749110833724 2.305229273709384 773
1749110854097 2.3059908259998667 774
1749110871601 2.3059000318700615 775
1749110888947 2.3051415356722744 776
1749110909951 2.3060744242234663 777
1749110926220 2.305663152174516 778
1749110944875 2.3055098923769863 779
1749110963325 2.305053407495672 780
1749110983698 2.3054411844773726 781
1749111001257 2.3059714057228784 782
1749111020103 2.30553522976962 783
1749111038488 2.3054591959173028 784
1749111056648 2.3052129311995073 785
1749111074611 2.304940332065929 786
1749111093351 2.3052978298880835 787
1749111110970 2.3047887845472856 788
1749111128569 2.3053450801155786 789
1749111145382 2.3051483631134033 790
1749111162964 2.305222814733332 791
1749111182154 2.305067170750011 792
1749111199946 2.3045134327628394 793
1749111217181 2.3048162243582984 794
1749111235177 2.3053723031824287 795
1749111253204 2.305660984732888 796
1749111271061 2.3055570992556484 797
1749111291137 2.3054061152718286 798
1749111307383 2.3052287101745605 799
1749111324587 2.305182456970215 800
1749111345511 2.305538914420388 801
1749111364803 2.3055181069807573 802
1749111382509 2.3052490841258657 803
1749111401736 2.305582870136608 804
1749111420298 2.3052693497050893 805
1749111439420 2.305286255749789 806
1749111459210 2.3054262941533867 807
1749111475466 2.3046867847442627 808
1749111494817 2.3048934069546787 809
1749111515452 2.304936105554754 810
1749111533018 2.3045356273651123 811
1749111551787 2.3051028468392114 812
1749111569174 2.305118972604925 813
1749111587391 2.305097363211892 814
1749111606125 2.3051084821874444 815
1749111623039 2.3043195117603648 816
1749111642353 2.3051556023684414 817
1749111660627 2.3048685680736196 818
1749111678672 2.304888530211015 819
1749111695822 2.3047512878071177 820
1749111712957 2.3051733537153765 821
1749111733298 2.3045043511824175 822
1749111750581 2.304503310810436 823
1749111768510 2.3052263259887695 824
1749111787130 2.3051832155747847 825
1749111805022 2.304607456380671 826
1749111821980 2.304308284412731 827
1749111839671 2.3045194149017334 828
1749111856723 2.3045362559231846 829
1749111874457 2.3049582784826104 830
1749111891810 2.3044514005834404 831
1749111908857 2.3043331883170386 832
1749111927551 2.304792425849221 833
1749111947196 2.3049618764357134 834
1749111963448 2.3049245314164595 835
1749111980782 2.304093772714788 836
1749112000282 2.305112036791715 837
1749112019259 2.30463754047047 838
1749112038303 2.3047544305974785 839
1749112054694 2.3041443824768066 840
1749112071628 2.30457802252336 841
1749112093281 2.304595253684304 842
1749112111705 2.3047739375721323 843
1749112132879 2.3049345883456143 844
1749112152531 2.3048092235218394 845
1749112173403 2.3047046011144463 846
1749112190727 2.304689645767212 847
1749112206917 2.304384860125455 848
1749112223259 2.3047871589660645 849
1749112241158 2.3042957999489526 850
1749112257231 2.3047567931088535 851
1749112273936 2.304249655116688 852
1749112291987 2.3044052557511763 853
1749112309382 2.3045588840137827 854
1749112326946 2.304072445089167 855
1749112344550 2.304913130673495 856
1749112364291 2.3048689365386963 857
1749112384230 2.3042905764146284 858
1749112401386 2.304392706264149 859
1749112417623 2.3046716560016978 860
1749112436623 2.3045284314589067 861
1749112453429 2.3046716343272817 862
1749112473912 2.3048481074246494 863
1749112489830 2.3040880506688897 864
1749112509693 2.3041716055436567 865
1749112526300 2.3049542036923496 866
1749112542926 2.3042044422843238 867
1749112561840 2.3046598000959917 868
1749112579368 2.304369471289895 869
1749112598376 2.3038906400853936 870
1749112615938 2.3046223683790727 871
1749112635270 2.304126327688044 872
1749112651982 2.3040524179285224 873
1749112667965 2.3038357604633677 874
1749112687209 2.3035548600283535 875
1749112707177 2.3037993257695977 876
1749112725014 2.304175463589755 877
1749112746241 2.304636738517068 878
1749112766923 2.3043124459006568 879
1749112783568 2.304318753155795 880
1749112801149 2.303789593956687 881
1749112819292 2.303460186178034 882
1749112835437 2.3040881156921387 883
1749112854789 2.3048829165371982 884
1749112874017 2.3043829744512383 885
1749112892134 2.3039873296564277 886
1749112909505 2.3044011809609155 887
1749112927807 2.304855064912276 888
1749112947543 2.3045730374076148 889
1749112965202 2.3043160005049272 890
1749112983344 2.305017341266979 891
1749113001773 2.3042622696269643 892
1749113020373 2.3042882572520864 893
1749113038889 2.3047435717149214 894
1749113055476 2.304567402059382 895
1749113075032 2.3042395548387007 896
1749113092177 2.303623177788474 897
1749113109908 2.3045387268066406 898
1749113129646 2.304129275408658 899
1749113146780 2.304757985201749 900
1749113165560 2.304662357677113 901
1749113184190 2.304618141867898 902
1749113202074 2.3041462031277744 903
1749113218814 2.3043642911044033 904
1749113237139 2.304410696029663 905
1749113253422 2.3042148676785557 906
1749113271377 2.303536436774514 907
1749113290370 2.3038677735762163 908
1749113310852 2.304354949430986 909
1749113328898 2.3045341318303887 910
1749113345492 2.304530555551702 911
1749113362471 2.3041493025693027 912
1749113380099 2.3043113405054267 913
1749113398848 2.305339054627852 914
1749113415505 2.304581967267123 915
1749113434582 2.304362101988359 916
1749113450776 2.3045064969496294 917
1749113467918 2.3037842403758657 918
1749113486519 2.3041777177290483 919
1749113505644 2.3036135760220615 920
1749113523449 2.304272109811956 921
1749113542841 2.303728212009777 922
1749113561653 2.3043845133347944 923
1749113579857 2.303917321291837 924
1749113599780 2.3040683486244897 925
1749113617575 2.3037683096798984 926
1749113635033 2.30315561728044 927
1749113651949 2.303387013348666 928
1749113669110 2.3036983013153076 929
1749113686289 2.304171778938987 930
1749113705236 2.3045679222453725 931
1749113722837 2.303871653296731 932
1749113739960 2.3037719293074175 933
1749113758652 2.3035880002108486 934
1749113776296 2.303856372833252 935
1749113795281 2.3039032112468374 936
1749113811442 2.303637916391546 937
1749113829953 2.3034657781774346 938
1749113849149 2.303767030889338 939
1749113867573 2.303968234495683 940
1749113886449 2.303925535895608 941
1749113905755 2.304058139974421 942
1749113925088 2.3043618418953637 943
1749113943981 2.3042008009823887 944
1749113964288 2.304716717113148 945
1749113983503 2.3036986697803843 946
1749114001518 2.303905031897805 947
1749114021803 2.3042412237687544 948
1749114039976 2.304132266478105 949
1749114057400 2.3037979169325395 950
1749114076299 2.3037468520077793 951
1749114094263 2.3041813373565674 952
1749114111918 2.304537534713745 953
1749114130025 2.3040145310488613 954
1749114146412 2.3042807362296363 955
1749114162834 2.3042746023698286 956
1749114182424 2.3041372949426826 957
1749114198962 2.303795727816495 958
1749114216420 2.304515925320712 959
1749114235320 2.3040299198844214 960
1749114251969 2.303950396451083 961
1749114268942 2.304166316986084 962
1749114285664 2.304012797095559 963
1749114302551 2.303616176952015 964
1749114319444 2.3038839426907627 965
1749114336086 2.304147481918335 966
1749114356603 2.3042315136302602 967
1749114375055 2.303967454216697 968
1749114395287 2.3036990382454614 969
1749114412408 2.3038994398984043 970
1749114429181 2.3044453100724653 971
1749114447994 2.3037841536782007 972
1749114466194 2.3038051345131616 973
1749114486129 2.3039352243596856 974
1749114506944 2.3035123348236084 975
1749114525525 2.3035288724032315 976
1749114545663 2.303112745285034 977
1749114564855 2.303526921705766 978
1749114583446 2.3035609938881616 979
1749114603166 2.3038974675265225 980
1749114624507 2.3036944432692095 981
1749114644492 2.3035416386344214 982
1749114662875 2.303133726119995 983
1749114679166 2.3029440099542793 984
1749114696868 2.3045714551752265 985
1749114715020 2.3039555116133257 986
1749114732813 2.3031829487193716 987
1749114751306 2.3033067963340064 988
1749114769458 2.3039032979445024 989
1749114787854 2.3036292032762007 990
1749114804980 2.3034118955785576 991
1749114821917 2.3035845323042436 992
1749114843466 2.3032818057320337 993
1749114859751 2.3039330785924736 994
1749114877483 2.30368895964189 995
1749114896129 2.3036918206648394 996
1749114914589 2.3032983433116567 997
1749114931949 2.3031045523556797 998
1749114948309 2.3034266341816294 999
