1747887505540 2.30218505859375 0
1747887576518 2.1682724952697754 19
1747887647985 2.067542314529419 38
1747887959577 2.1248399019241333 40
1747888030756 2.088266968727112 59
1747888101967 2.073065996170044 78
1747888416042 2.2102521657943726 80
1747888488828 2.0650885105133057 99
1747888560730 2.038648843765259 118
1747888879579 2.254180669784546 120
1747888953437 2.057281732559204 139
1747889026447 2.0131261348724365 158
1747889347458 2.3338990211486816 160
1747889422075 2.038815140724182 179
1747889495775 2.018140435218811 198
1747889818938 2.169037699699402 200
1747889893492 2.0169341564178467 219
1747889969121 1.9914198517799377 238
1747890299708 2.2043380737304688 240
1747890375863 2.003222942352295 259
1747890451361 1.9797406196594238 278
1747890781042 2.144060492515564 280
1747890856843 2.0058391094207764 299
1747890932439 1.9732396006584167 318
1747891267268 2.125175356864929 320
1747891344337 1.980006992816925 339
1747891421219 1.9601373672485352 358
1747891758057 2.093117833137512 360
1747891835295 1.9745396971702576 379
1747891912573 1.9498562216758728 398
1747892250515 2.0569273233413696 400
1747892328667 1.96626615524292 419
1747892405893 1.9512733817100525 438
1747892743521 2.0450819730758667 440
1747892821024 1.955884337425232 459
1747892898331 1.9402630925178528 478
1747893234989 1.9319717288017273 480
1747893312839 1.9589213132858276 499
1747893390101 1.9298390746116638 518
1747893728137 1.951497197151184 520
1747893809685 1.9237564206123352 539
1747893893457 1.9199575185775757 558
1747894232052 1.9331327676773071 560
1747894310242 1.9138807654380798 579
1747894387935 1.9118959307670593 598
1747894728358 1.9209882616996765 600
1747894806496 1.9077795147895813 619
1747894884038 1.9076512455940247 638
1747895305809 1.9140698909759521 640
1747895411762 1.9017249941825867 659
1747895518533 1.9017863273620605 678
1747895984850 1.9068078398704529 680
1747896092620 1.8958466053009033 699
1747896199182 1.896774709224701 718
1747896663936 1.9009889960289001 720
1747896771693 1.8907402753829956 739
1747896878643 1.892343819141388 758
1747897346868 1.8954164385795593 760
1747897454885 1.8863070011138916 779
1747897562438 1.888710856437683 798
1747898030454 1.8902230858802795 800
1747898137121 1.881912887096405 819
1747898243683 1.8845014572143555 838
1747898708348 1.8849587440490723 840
1747898815262 1.8782527446746826 859
1747898921544 1.8806214332580566 878
1747899387292 1.8802171349525452 880
1747899494685 1.8747215270996094 899
1747899601511 1.8763404488563538 918
1747900069103 1.8754874467849731 920
1747900177229 1.8713672757148743 939
1747900284635 1.8719655275344849 958
1747900750975 1.8701932430267334 960
1747900858250 1.8704169988632202 979
1747900965282 1.8671192526817322 998
1747901433309 1.8664465546607971 1000
1747901540984 1.8695617318153381 1019
1747901649084 1.8626561760902405 1038
1747902117722 1.862918734550476 1040
1747902225798 1.8688386678695679 1059
1747902333544 1.860331118106842 1078
1747902801678 1.8603990077972412 1080
1747902909330 1.8680580258369446 1099
1747903016667 1.8584833145141602 1118
1747903483659 1.855420708656311 1120
1747903591220 1.8641355633735657 1139
1747903698586 1.8527244329452515 1158
1747904168151 1.851241409778595 1160
1747904276021 1.8615871667861938 1179
1747904383086 1.849544644355774 1198
1747904866989 1.8464571833610535 1200
1747904974534 1.8583911657333374 1219
1747905081979 1.8460173606872559 1238
1747905547989 1.8415570259094238 1240
1747905655975 1.8552406430244446 1259
1747905762468 1.8424487113952637 1278
1747906231643 1.836829662322998 1280
1747906340088 1.8522360920906067 1299
1747906447205 1.8386919498443604 1318
1747906916700 1.8319051861763 1320
1747907024365 1.8491005301475525 1339
1747907131069 1.8349883556365967 1358
1747907601343 1.8274616599082947 1360
1747907711186 1.8506988286972046 1379
1747907819342 1.8347833156585693 1398
1747908290415 1.825318694114685 1400
1747908398888 1.8494439125061035 1419
1747908507055 1.8381818532943726 1438
1747908975760 1.825110137462616 1440
1747909083462 1.848951280117035 1459
1747909191431 1.8370544910430908 1478
1747909657406 1.822463035583496 1480
1747909764451 1.8469767570495605 1499
1747909871076 1.835322082042694 1518
1747910336013 1.8205634355545044 1520
1747910443369 1.837954044342041 1539
1747910549991 1.8266372084617615 1558
1747911014185 1.8157405853271484 1560
1747911120505 1.8403159976005554 1579
1747911226343 1.8296378254890442 1598
1747911689451 1.8136414289474487 1600
1747911797242 1.8392464518547058 1619
1747911904403 1.8282177448272705 1638
1747912366794 1.8120319843292236 1640
1747912473618 1.837464153766632 1659
1747912579679 1.8262922167778015 1678
1747913044805 1.8105108141899109 1680
1747913151298 1.8356419205665588 1699
1747913257136 1.8196101188659668 1718
1747913719995 1.8077136874198914 1720
1747913826486 1.8320772051811218 1739
1747913932419 1.8214377164840698 1758
1747914397222 1.8048193454742432 1760
1747914504809 1.8247981071472168 1779
1747914610750 1.8128814697265625 1798
1747915077869 1.7996432185173035 1800
1747915185175 1.8245962858200073 1819
1747915291389 1.8143587112426758 1838
1747915755494 1.7975342273712158 1840
1747915862868 1.8195784091949463 1859
1747915970827 1.8065400123596191 1878
1747916451697 1.7947970032691956 1880
1747916559455 1.8176249861717224 1899
1747916667696 1.8034669160842896 1918
1747917134778 1.7899450063705444 1920
1747917242559 1.8143711686134338 1939
1747917349697 1.799904704093933 1958
1747917815309 1.7860606908798218 1960
1747917923306 1.8112913370132446 1979
1747918031415 1.7964019775390625 1998
1747918499693 1.7821420431137085 2000
1747918607872 1.8080761432647705 2019
1747918714724 1.792947769165039 2038
1747919184907 1.7783735990524292 2040
1747919291384 1.8049564957618713 2059
1747919398996 1.7894746661186218 2078
1747919867759 1.7747074365615845 2080
1747919975138 1.8018624782562256 2099
1747920083012 1.7860453128814697 2118
1747920555303 1.7711961269378662 2120
1747920672591 1.7986536026000977 2139
1747920781307 1.7825533151626587 2158
1747921250780 1.7678002715110779 2160
1747921358719 1.7955830097198486 2179
1747921465952 1.7791944742202759 2198
1747921933930 1.7647480964660645 2200
1747922040955 1.7925306558609009 2219
1747922148990 1.7754293084144592 2238
1747922640896 1.761993169784546 2240
1747922748871 1.7889964580535889 2259
1747922856282 1.771422803401947 2278
1747923323665 1.7600481510162354 2280
1747923431003 1.7848844528198242 2299
1747923538403 1.7675722241401672 2318
1747924005720 1.7593433856964111 2320
1747924112476 1.7794464230537415 2339
1747924220853 1.7642087936401367 2358
1747924690449 1.7601789832115173 2360
1747924797843 1.7743200659751892 2379
1747924905717 1.7614417672157288 2398
1747925373317 1.7603477239608765 2400
1747925480577 1.7700457572937012 2419
1747925603802 1.758081316947937 2438
1747926072666 1.7592622637748718 2440
1747926192858 1.7665069103240967 2459
1747926302053 1.7542624473571777 2478
1747926778915 1.7588666081428528 2480
1747926885046 1.7632583975791931 2499
1747926989280 1.750317096710205 2518
1747927445722 1.7601984739303589 2520
1747927550728 1.760114073753357 2539
1747927656162 1.7468162178993225 2558
1747928112960 1.762690246105194 2560
1747928217045 1.7572255730628967 2579
1747928322310 1.743593692779541 2598
1747928778003 1.7645361423492432 2600
1747928883317 1.7545623779296875 2619
1747928987187 1.74060720205307 2638
1747929443620 1.7647363543510437 2640
1747929547602 1.7519023418426514 2659
1747929653084 1.7373482584953308 2678
1747930109308 1.763564109802246 2680
1747930213238 1.749450922012329 2699
1747930317713 1.734204888343811 2718
1747930773959 1.7608909606933594 2720
1747930878610 1.7473044395446777 2739
1747930983643 1.7313058972358704 2758
1747931439286 1.7596765160560608 2760
1747931542946 1.7448548078536987 2779
1747931646782 1.7284773588180542 2798
1747932102280 1.7565181851387024 2800
1747932206058 1.7425553798675537 2819
1747932310935 1.7261905670166016 2838
1747932776228 1.7514859437942505 2840
1747932883066 1.7402123808860779 2859
1747932990819 1.7240391373634338 2878
1747933459216 1.7500120401382446 2880
1747933563721 1.7379095554351807 2899
1747933664084 1.7211248874664307 2918
1747934084346 1.747249722480774 2920
1747934181583 1.7355281710624695 2939
1747934279772 1.7186500430107117 2958
1747934707412 1.7456727027893066 2960
1747934804901 1.7332051396369934 2979
1747934903317 1.7163922190666199 2998
1747935332969 1.7433175444602966 3000
1747935430348 1.7309345602989197 3019
1747935528314 1.7140938639640808 3038
1747935960053 1.7414237260818481 3040
1747936060961 1.7285009622573853 3059
1747936161981 1.7116525769233704 3078
1747936598042 1.7400999069213867 3080
1747936696575 1.72647625207901 3099
1747936795459 1.7092183232307434 3118
1747937228829 1.7389785051345825 3120
1747937327465 1.7244721055030823 3139
1747937426431 1.7069147229194641 3158
1747937860594 1.7353473901748657 3160
1747937958599 1.7224870920181274 3179
1747938057806 1.704597294330597 3198
1747938507139 1.7346723675727844 3200
1747938605301 1.720584213733673 3219
1747938704499 1.7021493315696716 3238
1747939131426 1.7318497896194458 3240
1747939228986 1.718682885169983 3259
1747939326678 1.699960470199585 3278
1747939757178 1.730880618095398 3280
1747939854375 1.7169171571731567 3299
1747939953098 1.6978880763053894 3318
1747940384291 1.729174554347992 3320
1747940482160 1.7151690125465393 3339
1747940580543 1.6955704092979431 3358
1747941004724 1.72860848903656 3360
1747941101952 1.7133391499519348 3379
1747941199452 1.693111777305603 3398
1747941634526 1.7260850071907043 3400
1747941731205 1.7116314768791199 3419
1747941828305 1.6907505989074707 3438
1747942255787 1.7226189970970154 3440
1747942354417 1.7025421261787415 3459
1747942453867 1.6912213563919067 3478
1747942876511 1.7188591957092285 3480
1747942973950 1.7014291882514954 3499
1747943070808 1.6893813014030457 3518
1747943492880 1.7165830731391907 3520
1747943590995 1.7007060647010803 3539
1747943689674 1.6878811120986938 3558
1747944119842 1.7188412547111511 3560
1747944217135 1.6989464163780212 3579
1747944316442 1.686191439628601 3598
1747944742680 1.7134551405906677 3600
1747944841194 1.6979477405548096 3619
1747944939888 1.6848530769348145 3638
1747945371696 1.7096949815750122 3640
1747945484963 1.6965811848640442 3659
1747945583959 1.6831676363945007 3678
1747946015983 1.7115183472633362 3680
1747946114431 1.6942654252052307 3699
1747946214214 1.6809318661689758 3718
1747946646950 1.716975748538971 3720
1747946746039 1.6920300126075745 3739
1747946844835 1.6781697273254395 3758
1747947273772 1.7139098048210144 3760
1747947371946 1.6909400820732117 3779
1747947470012 1.6763845682144165 3798
1747947898320 1.7127624154090881 3800
1747947995805 1.6896206736564636 3819
1747948094742 1.6747006177902222 3838
1747948525881 1.718899428844452 3840
1747948625732 1.6875069737434387 3859
1747948725502 1.6723459959030151 3878
1747949163318 1.7218214869499207 3880
1747949264045 1.691288948059082 3899
1747949363463 1.6693699955940247 3918
1747949802064 1.722261130809784 3920
1747949900833 1.6830003261566162 3939
1747949999343 1.6685630083084106 3958
1747950424675 1.7172247767448425 3960
1747950522042 1.6867774724960327 3979
1747950619905 1.6657009720802307 3998
1747951049207 1.7140377163887024 4000
1747951147257 1.6848579049110413 4019
1747951246184 1.6632065176963806 4038
1747951677103 1.7281800508499146 4040
1747951776475 1.6766034364700317 4059
1747951875674 1.6616809964179993 4078
1747952309661 1.7213221788406372 4080
1747952407017 1.6760310530662537 4099
1747952504436 1.660923719406128 4118
1747952928048 1.6928929090499878 4120
1747953027936 1.6722702383995056 4139
1747953127953 1.6584559082984924 4158
1747953565468 1.6621764302253723 4160
1747953664635 1.6714093685150146 4179
1747953762822 1.6549827456474304 4198
1747954188874 1.651663601398468 4200
1747954286980 1.670120358467102 4219
1747954383997 1.6584891080856323 4238
1747954813079 1.6552342176437378 4240
1747954911959 1.673830807209015 4259
1747955010522 1.655867874622345 4278
1747955439592 1.655390739440918 4280
1747955539797 1.6639013886451721 4299
1747955638351 1.6498146057128906 4318
1747956075356 1.6492874026298523 4320
1747956176186 1.6652771830558777 4339
1747956277717 1.6516510844230652 4358
1747956718312 1.6601462960243225 4360
1747956819455 1.6655486226081848 4379
1747956920452 1.6458383202552795 4398
1747957354180 1.6507027745246887 4400
1747957454857 1.6645184755325317 4419
1747957555179 1.6471992135047913 4438
1747957990457 1.6824843883514404 4440
1747958088552 1.6594551801681519 4459
1747958185805 1.642220675945282 4478
1747958614544 1.7010794281959534 4480
1747958713679 1.6633015871047974 4499
1747958813494 1.6433640718460083 4518
1747959241140 1.7077613472938538 4520
1747959338804 1.6596888303756714 4539
1747959437127 1.6427376866340637 4558
1747959858909 1.7009772062301636 4560
1747959956198 1.6588369011878967 4579
1747960056299 1.6410049796104431 4598
1747960482894 1.6328970193862915 4600
1747960581574 1.6351364850997925 4619
1747960680657 1.6424397826194763 4638
1747961110338 1.6534652709960938 4640
1747961208717 1.6444563269615173 4659
1747961305599 1.6360267400741577 4678
1747961726157 1.6460931301116943 4680
1747961822857 1.6420612931251526 4699
1747961920917 1.6342387795448303 4718
1747962350916 1.64397794008255 4720
1747962448100 1.640341877937317 4739
1747962546708 1.6318832635879517 4758
1747962976185 1.6419418454170227 4760
1747963074558 1.6383548378944397 4779
1747963172772 1.6299037337303162 4798
1747963608837 1.6399266123771667 4800
1747963708372 1.6365100741386414 4819
1747963806379 1.6281368732452393 4838
1747964236171 1.6379300951957703 4840
1747964334364 1.6348501443862915 4859
1747964432124 1.626340389251709 4878
1747964856526 1.6363974213600159 4880
1747964953795 1.6331733465194702 4899
1747965050965 1.62483811378479 4918
1747965479219 1.6348882913589478 4920
1747965577448 1.6316847205162048 4939
1747965676295 1.6235004663467407 4958
1747966105204 1.6337112784385681 4960
1747966204705 1.6301880478858948 4979
1747966304663 1.6222895383834839 4998
1747966735875 1.6326380372047424 5000
1747966834782 1.628774344921112 5019
1747966932944 1.6211189031600952 5038
1747967365396 1.6317526698112488 5040
1747967466006 1.6272422671318054 5059
1747967566311 1.6199010610580444 5078
1747967994687 1.630751371383667 5080
1747968092650 1.6258746981620789 5099
1747968189440 1.618614375591278 5118
1747968612013 1.6297180652618408 5120
1747968708793 1.6244843006134033 5139
1747968805088 1.6173653602600098 5158
1747969233958 1.6285547614097595 5160
1747969330453 1.6231476068496704 5179
1747969426574 1.616216242313385 5198
1747969851743 1.627379059791565 5200
1747969949058 1.6215651631355286 5219
1747970048042 1.6150440573692322 5238
1747970475915 1.626281499862671 5240
1747970577078 1.6201565861701965 5259
1747970677125 1.6137584447860718 5278
1747971105106 1.6251108050346375 5280
1747971202821 1.6185977458953857 5299
1747971299538 1.6126054525375366 5318
1747971738861 1.6241854429244995 5320
1747971840292 1.6172189116477966 5339
1747971942767 1.611402690410614 5358
1747972391326 1.6230700612068176 5360
1747972494318 1.615964114665985 5379
1747972597996 1.610151767730713 5398
1747973040884 1.6223893761634827 5400
1747973143745 1.6145398020744324 5419
1747973246162 1.6091259717941284 5438
1747973686291 1.6217382550239563 5440
