1749595150714 0.1836 0
1749595319304 0.2298 1
1749595476397 0.2486 2
1749595635104 0.2612 3
1749595793559 0.2766 4
1749595952910 0.2756 5
1749596115593 0.2864 6
1749596274242 0.2936 7
1749596431208 0.2994 8
1749596589761 0.3076 9
1749596750134 0.3072 10
1749596911018 0.3168 11
1749597071168 0.3136 12
1749597231666 0.316 13
1749597392292 0.3186 14
1749597553991 0.3328 15
1749597716220 0.3336 16
1749597877937 0.323 17
1749598042424 0.3282 18
1749598207509 0.3418 19
1749598371976 0.3504 20
1749598537029 0.3554 21
1749598702124 0.3508 22
1749598866680 0.3286 23
1749599031772 0.329 24
1749599196598 0.3372 25
1749599360202 0.3702 26
1749599524996 0.3662 27
1749599687695 0.372 28
1749599852900 0.37 29
1749600017700 0.3784 30
1749600182786 0.3822 31
1749600347446 0.3868 32
1749600512801 0.3782 33
1749600675467 0.3942 34
1749600836973 0.38 35
1749600999055 0.3922 36
1749601160988 0.3886 37
1749601323144 0.3822 38
1749601487992 0.4108 39
1749601651855 0.413 40
1749601814978 0.4036 41
1749601980033 0.337 42
1749602145357 0.4014 43
1749602307558 0.3926 44
1749602469725 0.4142 45
1749602630468 0.402 46
1749602789296 0.4004 47
1749602954308 0.4202 48
1749603118197 0.4198 49
1749603280543 0.4258 50
1749603446181 0.4256 51
1749603609169 0.4286 52
1749603773297 0.4308 53
1749603936223 0.4258 54
1749604099849 0.4328 55
1749604264060 0.4306 56
1749604427312 0.4326 57
1749604592721 0.4344 58
1749604755894 0.436 59
1749604919529 0.437 60
1749605083179 0.4372 61
1749605246524 0.4382 62
1749605410232 0.4382 63
1749605573512 0.4366 64
1749605736819 0.441 65
1749605901779 0.4436 66
1749606065171 0.441 67
1749606228648 0.4456 68
1749606391991 0.44 69
1749606555446 0.4464 70
1749606719517 0.4428 71
1749606885258 0.4364 72
1749607045937 0.4212 73
1749607210123 0.4424 74
1749607375998 0.44 75
1749607542209 0.4372 76
1749607704216 0.4394 77
1749607870414 0.452 78
1749608036164 0.4486 79
1749608202004 0.4454 80
1749608366244 0.4504 81
1749608532263 0.4504 82
1749608696024 0.448 83
1749608862441 0.4526 84
1749609026782 0.4544 85
1749609192862 0.4466 86
1749609359302 0.4466 87
1749609525367 0.4528 88
1749609690798 0.4526 89
1749609857368 0.4484 90
1749610023358 0.45 91
1749610189440 0.452 92
1749610356005 0.4524 93
1749610522113 0.4514 94
1749610688396 0.4498 95
1749610854977 0.452 96
1749611021060 0.4512 97
1749611187284 0.4542 98
1749611353906 0.45 99
1749611518969 0.4546 100
1749611685194 0.451 101
1749611851919 0.45 102
1749612018257 0.4528 103
1749612184623 0.4518 104
1749612351508 0.4522 105
1749612517805 0.4538 106
1749612684386 0.456 107
1749612851437 0.4534 108
1749613017937 0.4564 109
1749613184480 0.4598 110
1749613351553 0.4554 111
1749613518070 0.4546 112
1749613684475 0.4588 113
1749613851493 0.459 114
1749614017962 0.4568 115
1749614184652 0.4578 116
1749614351685 0.4574 117
1749614518126 0.4568 118
1749614683098 0.4578 119
1749614849558 0.4556 120
1749615016613 0.4538 121
1749615183107 0.456 122
1749615349813 0.4572 123
1749615517033 0.458 124
1749615683732 0.4564 125
1749615850100 0.4568 126
1749616017271 0.4564 127
1749616183876 0.4584 128
1749616350476 0.4582 129
1749616516993 0.4578 130
1749616684255 0.4576 131
1749616850760 0.455 132
1749617017458 0.459 133
1749617184459 0.4582 134
1749617351201 0.4606 135
1749617517918 0.4592 136
1749617685121 0.4598 137
1749617850185 0.4588 138
1749618016940 0.4572 139
1749618182520 0.4596 140
1749618349193 0.4568 141
1749618513708 0.4578 142
1749618679199 0.4588 143
1749618844375 0.4608 144
1749619011223 0.4582 145
1749619178025 0.459 146
1749619345214 0.461 147
1749619512194 0.4604 148
1749619678971 0.4628 149
1749619845772 0.464 150
1749620012952 0.463 151
1749620179645 0.463 152
1749620346005 0.4632 153
1749620511340 0.4644 154
1749620678192 0.4638 155
1749620844992 0.4634 156
1749621010235 0.4644 157
1749621176923 0.4648 158
1749621341135 0.4656 159
1749621506204 0.4638 160
1749621671983 0.463 161
1749621836482 0.4672 162
1749622001044 0.4662 163
1749622165679 0.4656 164
1749622329801 0.465 165
1749622495474 0.4658 166
1749622662395 0.4644 167
1749622829220 0.467 168
1749622993232 0.4664 169
1749623156869 0.4702 170
1749623323632 0.4654 171
1749623490568 0.468 172
1749623656894 0.4656 173
1749623822170 0.4684 174
1749623989152 0.468 175
1749624154489 0.4678 176
1749624319798 0.466 177
1749624483994 0.467 178
1749624647502 0.4672 179
1749624814394 0.4694 180
1749624976987 0.4728 181
1749625140630 0.468 182
1749625305438 0.4726 183
1749625469666 0.471 184
1749625634569 0.4692 185
1749625798949 0.4728 186
1749625963066 0.4724 187
1749626126838 0.4728 188
1749626291262 0.4712 189
1749626455393 0.4708 190
1749626620783 0.4734 191
1749626785487 0.4712 192
1749626950221 0.4726 193
1749627114642 0.4724 194
1749627280071 0.473 195
1749627445187 0.4736 196
1749627610159 0.4758 197
1749627775231 0.4718 198
1749627940559 0.4718 199
1749628107718 0.4742 200
1749628272608 0.4738 201
1749628436745 0.4708 202
1749628601600 0.4718 203
1749628766921 0.4758 204
1749628931140 0.4716 205
1749629095809 0.4736 206
1749629260180 0.4774 207
1749629424899 0.4746 208
1749629590192 0.4758 209
1749629754953 0.4756 210
1749629919872 0.4762 211
1749630084734 0.4776 212
1749630249484 0.4772 213
1749630414403 0.475 214
1749630578952 0.472 215
1749630746032 0.4754 216
1749630911139 0.4758 217
1749631078409 0.4772 218
1749631242899 0.4752 219
1749631407708 0.4756 220
1749631573111 0.4756 221
1749631738411 0.473 222
1749631904133 0.4762 223
1749632068436 0.4732 224
1749632234923 0.4752 225
1749632400369 0.475 226
1749632565869 0.477 227
1749632731792 0.4766 228
1749632896544 0.4738 229
1749633063556 0.476 230
1749633228999 0.4768 231
1749633395492 0.478 232
1749633560441 0.4766 233
1749633725813 0.4774 234
1749633891135 0.4752 235
1749634058819 0.4772 236
1749634223073 0.4762 237
1749634390579 0.4792 238
1749634555944 0.4766 239
1749634721376 0.4766 240
1749634886659 0.4764 241
1749635052741 0.4786 242
1749635217485 0.4784 243
1749635382233 0.477 244
1749635548697 0.4784 245
1749635714645 0.4794 246
1749635879157 0.4764 247
1749636045121 0.48 248
1749636212547 0.4774 249
1749636377780 0.4772 250
1749636543576 0.4784 251
1749636708431 0.4754 252
1749636873750 0.4762 253
1749637039446 0.4786 254
1749637205757 0.4784 255
1749637370564 0.477 256
1749637536553 0.479 257
1749637702054 0.4784 258
1749637867382 0.4786 259
1749638031906 0.4756 260
1749638198688 0.477 261
1749638364290 0.4754 262
1749638529374 0.477 263
1749638696113 0.4774 264
1749638862210 0.4774 265
1749639027728 0.4778 266
1749639194548 0.4788 267
1749639359820 0.4766 268
1749639525446 0.4784 269
1749639691553 0.4786 270
1749639857866 0.4768 271
1749640025820 0.4778 272
1749640193601 0.4802 273
1749640361505 0.4782 274
1749640529430 0.4774 275
1749640697452 0.4782 276
1749640865413 0.477 277
1749641033391 0.4786 278
1749641201550 0.479 279
1749641369668 0.4784 280
1749641537787 0.4778 281
1749641705659 0.48 282
1749641873626 0.4792 283
1749642041639 0.477 284
1749642209692 0.478 285
1749642377687 0.478 286
1749642545843 0.4786 287
1749642713778 0.478 288
1749642881917 0.478 289
1749643049980 0.479 290
1749643218033 0.4788 291
1749643386150 0.4778 292
1749643554511 0.4784 293
1749643722738 0.4794 294
1749643890936 0.4798 295
1749644059135 0.4804 296
1749644227545 0.4794 297
1749644395928 0.4788 298
1749644564282 0.4792 299
1749644732720 0.478 300
1749644901137 0.4782 301
1749645069345 0.4788 302
1749645237766 0.4794 303
1749645406142 0.4792 304
1749645574501 0.4788 305
1749645742692 0.4796 306
1749645911022 0.4786 307
1749646079269 0.4784 308
1749646247567 0.4786 309
