1749098557858 1.7807397842407227 0
1749098807187 1.6919227838516235 1
1749099061547 1.632885754108429 2
1749099316980 1.6119128465652466 3
1749099572987 1.5698756575584412 4
1749099829860 1.5637304186820984 5
1749100088910 1.5346873998641968 6
1749100347329 1.5462355613708496 7
1749100607172 1.5242926478385925 8
1749100866019 1.5458319187164307 9
1749101124778 1.5010355114936829 10
1749101383590 1.4851731061935425 11
1749101642123 1.5049040913581848 12
1749101900372 1.5076369643211365 13
1749102159323 1.4994550943374634 14
1749102417818 1.4873319864273071 15
1749102676165 1.4775371551513672 16
1749102936565 1.4568930268287659 17
1749103196356 1.453480064868927 18
1749103456100 1.4798893928527832 19
1749103716389 1.4684609770774841 20
1749103975672 1.4854271411895752 21
1749104235226 1.474034309387207 22
1749104494861 1.494459331035614 23
1749104754199 1.4423400163650513 24
1749105009198 1.4664114117622375 25
1749105264560 1.439572036266327 26
1749105523224 1.434797465801239 27
1749105783137 1.441944420337677 28
1749106041715 1.4362356662750244 29
1749106301141 1.4350025057792664 30
1749106560650 1.4331073760986328 31
1749106819410 1.4393094182014465 32
1749107078537 1.4464380741119385 33
1749107335671 1.4151055812835693 34
1749107591673 1.407039999961853 35
1749107847106 1.4163826704025269 36
1749108103758 1.4141214489936829 37
1749108359311 1.432801365852356 38
1749108613583 1.3995773792266846 39
1749108869742 1.41588693857193 40
1749109126008 1.4178764820098877 41
1749109380749 1.4135397672653198 42
1749109636450 1.4115186929702759 43
1749109892424 1.4037067294120789 44
1749110147867 1.409849464893341 45
1749110403507 1.4133868217468262 46
1749110659724 1.4056744575500488 47
1749110914159 1.40259850025177 48
1749111169090 1.4145385026931763 49
1749111424741 1.3938810229301453 50
1749111680639 1.3915232419967651 51
1749111936640 1.3822803497314453 52
1749112192582 1.3822630047798157 53
1749112447275 1.3903687000274658 54
1749112702070 1.3808563351631165 55
1749112958059 1.3849394917488098 56
1749113214848 1.3903695344924927 57
1749113471725 1.383310317993164 58
1749113728391 1.3812472820281982 59
1749113985805 1.3847488164901733 60
1749114241891 1.3809020519256592 61
1749114498549 1.382017195224762 62
1749114755447 1.375826358795166 63
1749115011778 1.379914402961731 64
1749115269916 1.3763790130615234 65
1749115528164 1.3782557249069214 66
1749115785921 1.3747283220291138 67
1749116043777 1.3770392537117004 68
1749116301291 1.3762714862823486 69
1749116557786 1.375426709651947 70
1749116815714 1.3749828934669495 71
1749117074150 1.3749423623085022 72
1749117331979 1.3734877705574036 73
1749117589859 1.3794519901275635 74
1749117846402 1.3751728534698486 75
1749118104759 1.3739572167396545 76
1749118363052 1.37534099817276 77
1749118621035 1.3764347434043884 78
1749118877134 1.3765137791633606 79
1749119134527 1.3740047812461853 80
1749119391531 1.3734751343727112 81
1749119648667 1.371903657913208 82
1749119906621 1.370222568511963 83
1749120163598 1.3705735206604004 84
1749120420880 1.3705611824989319 85
1749120677387 1.371857225894928 86
1749120935398 1.372801661491394 87
1749121193577 1.370249330997467 88
1749121452230 1.3698888421058655 89
1749121710550 1.3698869943618774 90
1749121967578 1.3690545558929443 91
1749122225119 1.369895577430725 92
1749122481781 1.3689090609550476 93
1749122739608 1.3685889840126038 94
1749122996973 1.3696449398994446 95
1749123255963 1.3694190979003906 96
1749123513247 1.3685718178749084 97
1749123770077 1.3684129118919373 98
1749124026082 1.3685522079467773 99
1749124284373 1.369018316268921 100
1749124542865 1.3685224652290344 101
1749124802921 1.3692859411239624 102
1749125060203 1.3691108226776123 103
1749125317570 1.36930650472641 104
1749125575024 1.369101107120514 105
1749125834951 1.368927538394928 106
1749126094648 1.3691720962524414 107
1749126353022 1.369041085243225 108
1749126610647 1.3688225150108337 109
1749126869036 1.3692358136177063 110
1749127128492 1.369206190109253 111
1749127386854 1.3684099912643433 112
1749127647439 1.3694204092025757 113
1749127907174 1.3689259886741638 114
1749128167923 1.3688095211982727 115
1749128426953 1.368654727935791 116
1749128688746 1.3688707947731018 117
1749128950216 1.3688513040542603 118
1749129210777 1.3688703179359436 119
1749129471841 1.368989884853363 120
1749129732800 1.3686972856521606 121
1749129993949 1.3689768314361572 122
1749130251353 1.36879962682724 123
1749130510774 1.3692638874053955 124
1749130772069 1.3686941862106323 125
1749131033082 1.3688573837280273 126
1749131292574 1.3686007857322693 127
1749131549145 1.3687958121299744 128
1749131805905 1.3689370155334473 129
1749132062938 1.368961751461029 130
1749132321068 1.3686029314994812 131
1749132577156 1.368836522102356 132
1749132836453 1.369054138660431 133
1749133093282 1.368638515472412 134
1749133351470 1.3686280250549316 135
1749133608902 1.368908941745758 136
1749133866066 1.3686537742614746 137
1749134123964 1.3688417673110962 138
1749134380998 1.3691236972808838 139
1749134638398 1.3689258098602295 140
1749134898773 1.3687838912010193 141
1749135156811 1.368744671344757 142
1749135414465 1.3691089153289795 143
1749135672783 1.3689272999763489 144
1749135932234 1.3688088059425354 145
1749136190907 1.3686063885688782 146
1749136449054 1.3688141703605652 147
1749136706103 1.3690505027770996 148
1749136964174 1.3692625761032104 149
1749137221816 1.3692079186439514 150
1749137478956 1.369104027748108 151
1749137736158 1.3692646622657776 152
1749137993670 1.3694760203361511 153
1749138251598 1.3692891597747803 154
1749138510204 1.3693736791610718 155
1749138768295 1.369484007358551 156
1749139026250 1.3692980408668518 157
1749139284616 1.3692011833190918 158
1749139542919 1.3694292306900024 159
1749139800948 1.3695325255393982 160
1749140058642 1.3693910837173462 161
1749140316009 1.369605004787445 162
1749140574113 1.3696781396865845 163
1749140832944 1.369799256324768 164
1749141087811 1.3697935938835144 165
1749141343831 1.3694583177566528 166
1749141599787 1.3698481321334839 167
1749141855560 1.3701739311218262 168
1749142113498 1.3703647255897522 169
1749142372350 1.3701136112213135 170
1749142630594 1.3702873587608337 171
1749142891171 1.370107650756836 172
1749143150307 1.3702630996704102 173
1749143410755 1.3703134059906006 174
1749143671528 1.3702871799468994 175
1749143931446 1.37051922082901 176
1749144192286 1.3705850839614868 177
1749144452106 1.3706133961677551 178
1749144712317 1.3706554770469666 179
1749144969749 1.3704447746276855 180
1749145229105 1.3704718351364136 181
1749145490136 1.370610773563385 182
1749145750604 1.3705678582191467 183
1749146010613 1.3707924485206604 184
1749146269868 1.3709076046943665 185
1749146527680 1.3704975843429565 186
1749146785143 1.3707906007766724 187
1749147041768 1.371064305305481 188
1749147298920 1.3710833191871643 189
1749147558055 1.3706907629966736 190
1749147817775 1.3709152340888977 191
1749148076286 1.3706557750701904 192
1749148333863 1.3712480068206787 193
1749148593980 1.3710597157478333 194
1749148852027 1.3711564540863037 195
1749149109594 1.3712608814239502 196
1749149368358 1.3711491227149963 197
1749149626670 1.3711685538291931 198
1749149885756 1.3708221912384033 199
1749150143296 1.3712547421455383 200
1749150403572 1.3714483380317688 201
1749150661895 1.371116578578949 202
1749150918148 1.3712817430496216 203
1749151175037 1.3712036609649658 204
1749151434855 1.3711344003677368 205
1749151693972 1.37117600440979 206
1749151952857 1.3715712428092957 207
1749152209912 1.3711706399917603 208
1749152466817 1.3713930249214172 209
1749152726109 1.3713099360466003 210
1749152984886 1.3715443015098572 211
1749153244914 1.3715025186538696 212
1749153505534 1.371300458908081 213
1749153766154 1.3717548847198486 214
1749154027404 1.3713575601577759 215
1749154288760 1.3717328906059265 216
1749154548743 1.3717862963676453 217
1749154808337 1.3714491724967957 218
1749155068225 1.371654987335205 219
1749155327499 1.3716537356376648 220
1749155587551 1.3714143633842468 221
1749155844874 1.3717623949050903 222
1749156104025 1.371752142906189 223
1749156362102 1.3721036911010742 224
1749156621927 1.371563971042633 225
1749156882635 1.3717399835586548 226
1749157140813 1.3717167973518372 227
1749157400909 1.3717260956764221 228
1749157661038 1.3716905117034912 229
1749157921106 1.371899425983429 230
1749158182161 1.3716229796409607 231
1749158441245 1.3717303276062012 232
1749158700833 1.3716711401939392 233
1749158959560 1.3720803260803223 234
1749159218138 1.3717910051345825 235
1749159477728 1.3720602989196777 236
1749159737875 1.372252106666565 237
1749159999066 1.3718041777610779 238
1749160260296 1.3723084926605225 239
1749160520774 1.3719589710235596 240
1749160779835 1.372471272945404 241
1749161041289 1.3720358610153198 242
1749161300114 1.3720523715019226 243
1749161558989 1.3723115921020508 244
1749161820941 1.3717458248138428 245
1749162080402 1.3721895217895508 246
1749162340784 1.372077226638794 247
1749162599872 1.3722169399261475 248
1749162859569 1.3721760511398315 249
1749163117911 1.3723807334899902 250
1749163375367 1.3721259832382202 251
1749163634397 1.371898114681244 252
1749163892947 1.372442603111267 253
1749164150592 1.37236887216568 254
1749164410971 1.3721411228179932 255
1749164668465 1.372451663017273 256
1749164927896 1.3722163438796997 257
1749165185879 1.3725056052207947 258
1749165444850 1.372264802455902 259
1749165703343 1.372137188911438 260
1749165961016 1.372177541255951 261
1749166219231 1.3724008798599243 262
1749166477098 1.3726032376289368 263
1749166735623 1.3722556829452515 264
1749166994852 1.372474730014801 265
1749167252182 1.372456133365631 266
1749167512128 1.3719274401664734 267
1749167771943 1.3723194599151611 268
1749168029376 1.3722750544548035 269
1749168287845 1.372278869152069 270
1749168547955 1.3725751638412476 271
1749168806001 1.3727393746376038 272
1749169064550 1.3725152015686035 273
1749169323333 1.3723194599151611 274
1749169582671 1.3724002242088318 275
1749169841949 1.3721274733543396 276
1749170100178 1.3725050687789917 277
1749170357859 1.3724477887153625 278
1749170616148 1.3725152015686035 279
1749170874491 1.3728634119033813 280
1749171134500 1.372367024421692 281
1749171395064 1.3724026083946228 282
1749171655366 1.3727254271507263 283
1749171914091 1.3725212216377258 284
1749172174174 1.3724430799484253 285
1749172433074 1.3726866841316223 286
1749172693365 1.372436285018921 287
1749172951945 1.3725183606147766 288
1749173212834 1.372617483139038 289
1749173472687 1.3724293112754822 290
1749173731923 1.3726294040679932 291
1749173989910 1.3729573488235474 292
1749174248383 1.3725540041923523 293
1749174508727 1.372527301311493 294
1749174767730 1.3728680610656738 295
1749175026072 1.3727497458457947 296
1749175286336 1.3724450469017029 297
1749175544355 1.3730447888374329 298
1749175804087 1.3724700808525085 299
1749176063127 1.3727611899375916 300
1749176323160 1.372488558292389 301
1749176584028 1.3729841709136963 302
1749176844130 1.3728018403053284 303
1749177104945 1.3730280995368958 304
1749177364634 1.3728998899459839 305
1749177624722 1.3726335763931274 306
1749177883952 1.3727651834487915 307
1749178144891 1.3728109002113342 308
1749178406412 1.3730080723762512 309
1749178668645 1.3726919293403625 310
1749178928447 1.3725372552871704 311
1749179187634 1.3727741837501526 312
1749179448213 1.3728036284446716 313
1749179708401 1.372601866722107 314
1749179968604 1.3727824687957764 315
1749180229556 1.3728248476982117 316
1749180490911 1.3727214336395264 317
1749180751927 1.3726263642311096 318
1749181012375 1.3725634217262268 319
1749181273443 1.37269127368927 320
1749181533993 1.3730241060256958 321
1749181797710 1.3728654384613037 322
1749182059486 1.3727853894233704 323
1749182320643 1.3727677464485168 324
1749182581506 1.3729166388511658 325
1749182842089 1.372680425643921 326
1749183102582 1.372674286365509 327
1749183365337 1.3726918697357178 328
1749183627839 1.372534453868866 329
1749183890490 1.3728874325752258 330
1749184151845 1.3729175329208374 331
1749184414349 1.3728520274162292 332
