1747298034646 2.3038161396980286 0
1747298257725 2.295284554362297 1
1747298482111 2.2848916351795197 2
1747298711429 2.271549180150032 3
1747298942737 2.2550813108682632 4
1747299175184 2.235714554786682 5
1747299408891 2.2146876007318497 6
1747299641912 2.192350208759308 7
1747299874862 2.170205757021904 8
1747300106570 2.1499440670013428 9
1747300336619 2.1330720633268356 10
1747300566752 2.1196476370096207 11
1747300798619 2.1116553097963333 12
1747301029906 2.107191488146782 13
1747301261411 2.103878676891327 14
1747301493419 2.1005701571702957 15
1747301724815 2.09744830429554 16
1747301956640 2.093979060649872 17
1747302188196 2.0909165292978287 18
1747302418855 2.087682604789734 19
1747302649327 2.0845026075839996 20
1747302880448 2.0812462270259857 21
1747303112585 2.078224554657936 22
1747303344325 2.075022518634796 23
1747303576742 2.071548670530319 24
1747303809358 2.068322941660881 25
1747304037638 2.064980611205101 26
1747304263994 2.0615571290254593 27
