1749728625792 0.104 0
1749729916582 0.4918 1
1749731183475 0.518 2
1749732451963 0.5164 3
1749733720889 0.5206 4
1749734989854 0.5276 5
1749736260843 0.5344 6
1749737531493 0.5416 7
1749738802331 0.5496 8
1749740070674 0.547 9
1749741339531 0.5588 10
1749742609197 0.5516 11
1749743879849 0.5588 12
1749745154404 0.5556 13
1749746428604 0.5682 14
1749747706931 0.5684 15
1749748985022 0.5648 16
1749750259906 0.5608 17
1749751535963 0.5656 18
1749752810796 0.5568 19
1749754086827 0.5618 20
1749755365391 0.5602 21
1749756645920 0.5716 22
1749757927145 0.5678 23
1749759208561 0.5712 24
1749760491262 0.5684 25
1749761773823 0.5702 26
1749763055138 0.574 27
1749764337105 0.5682 28
1749765620163 0.5646 29
1749766903461 0.5706 30
1749768192346 0.563 31
1749769479360 0.5676 32
1749770768289 0.572 33
1749772059645 0.5646 34
1749773347709 0.5614 35
1749774638608 0.5666 36
1749775927553 0.5678 37
1749777220528 0.5698 38
1749778511058 0.5692 39
1749779803735 0.5662 40
1749781097330 0.5702 41
1749782390640 0.569 42
1749783684667 0.5696 43
1749784980387 0.5704 44
1749786271167 0.5684 45
1749787565259 0.5684 46
1749788858310 0.565 47
1749790151696 0.569 48
1749791446971 0.5688 49
1749792740276 0.5664 50
1749794035459 0.5696 51
1749795332467 0.5718 52
1749796627686 0.5668 53
1749797925093 0.5692 54
1749799220749 0.5706 55
1749800515069 0.5692 56
1749801810824 0.5682 57
1749803107824 0.5666 58
1749804402798 0.5668 59
1749805717408 0.5664 60
1749807009133 0.5696 61
1749808299625 0.5658 62
1749809589696 0.5636 63
1749810883404 0.567 64
1749812179819 0.5666 65
1749813474762 0.5686 66
1749814770514 0.5704 67
1749816063265 0.5662 68
1749817355679 0.5664 69
1749818651767 0.5666 70
1749819947121 0.569 71
1749821249577 0.568 72
1749822544546 0.5696 73
1749823841717 0.5674 74
1749825134642 0.5654 75
1749826433180 0.5672 76
1749827729405 0.5678 77
1749829027814 0.5652 78
1749830325633 0.5672 79
1749831622522 0.5654 80
1749832929840 0.566 81
1749834228889 0.5656 82
1749835531400 0.5678 83
1749836834568 0.5672 84
1749838133744 0.566 85
1749839436096 0.5666 86
1749840738718 0.5666 87
1749842044842 0.567 88
1749843348274 0.5664 89
1749844650342 0.5674 90
1749845957082 0.5674 91
1749847265837 0.568 92
1749848569109 0.5698 93
1749849878158 0.5696 94
1749851184642 0.5658 95
1749852494436 0.5674 96
1749853797864 0.5684 97
1749855109464 0.5674 98
1749856414633 0.5708 99
1749857723430 0.5684 100
1749859032881 0.5704 101
1749860339601 0.569 102
1749861647975 0.5652 103
1749862958629 0.5646 104
1749864260880 0.5646 105
1749865574153 0.5688 106
1749866880550 0.5656 107
1749868185940 0.5682 108
1749869492218 0.566 109
1749870799799 0.5682 110
1749872107481 0.5648 111
1749873413398 0.5686 112
1749874722083 0.5644 113
1749876028623 0.566 114
1749877333885 0.5696 115
1749878634415 0.567 116
1749879933177 0.5672 117
1749881235750 0.5698 118
1749882540076 0.567 119
1749883848152 0.568 120
1749885156338 0.5682 121
1749886463081 0.5634 122
1749887764211 0.5698 123
1749889065448 0.5612 124
1749890371375 0.5642 125
1749891674023 0.5672 126
1749892980456 0.568 127
1749894279103 0.5634 128
1749895585369 0.5698 129
1749896890438 0.5616 130
1749898192724 0.5636 131
1749899499864 0.5622 132
