1746679436835 0.6884619146585464 0
1746679599121 0.6856167316436768 1
1746679762833 0.6828790456056595 2
1746679927572 0.680793434381485 3
1746680092693 0.6774776577949524 4
1746680258098 0.6747633665800095 5
1746680423418 0.6720553636550903 6
1746680589257 0.6671722233295441 7
1746680757234 0.6610584706068039 8
1746680925154 0.6521821320056915 9
1746681094168 0.6440692394971848 10
1746681263238 0.6338469088077545 11
1746681432781 0.6241734772920609 12
1746681602571 0.6154187768697739 13
1746681771669 0.6052792221307755 14
1746681939670 0.5965911149978638 15
1746682107927 0.586187407374382 16
1746682276035 0.5770652890205383 17
1746682453950 0.5680539608001709 18
1746682704471 0.5615391731262207 19
1746682954560 0.553900346159935 20
1746683205015 0.547639936208725 21
1746683456133 0.54243104159832 22
1746683701507 0.5370232164859772 23
1746683949808 0.532578244805336 24
1746684198548 0.5267768502235413 25
1746684447422 0.5225799083709717 26
1746684696209 0.519086167216301 27
1746684944264 0.5154051035642624 28
1746685193982 0.5122851580381393 29
1746685443333 0.5106372088193893 30
1746685692471 0.5087411254644394 31
1746685941946 0.5069734752178192 32
1746686191636 0.5061758160591125 33
1746686441587 0.5049057602882385 34
1746686692089 0.5043667107820511 35
1746686943094 0.5038417726755142 36
1746687193656 0.5032474100589752 37
1746687444887 0.5019449144601822 38
1746687696371 0.5028487145900726 39
1746687947427 0.5021089315414429 40
1746688198412 0.5015927255153656 41
1746688449747 0.5010240077972412 42
1746688701083 0.5008356124162674 43
1746688952140 0.5010150223970413 44
1746689203143 0.5006120204925537 45
1746689453569 0.5001755654811859 46
1746689705428 0.5001419186592102 47
1746689956653 0.5003011226654053 48
1746690207871 0.499909445643425 49
1746690459949 0.49958252906799316 50
1746690712042 0.4998369514942169 51
1746690963823 0.5002454668283463 52
1746691215558 0.5002576857805252 53
1746691467779 0.49924537539482117 54
1746691719877 0.5005699396133423 55
1746691972513 0.5005230456590652 56
1746692225337 0.5000693202018738 57
1746692478499 0.4999140650033951 58
1746692732759 0.49978844821453094 59
1746692986667 0.49975208938121796 60
1746693239577 0.49937424063682556 61
1746693493484 0.49914081394672394 62
1746693748033 0.49903255701065063 63
1746694002657 0.4998665302991867 64
1746694256691 0.499356746673584 65
1746694512060 0.49914973974227905 66
1746694767728 0.4986475110054016 67
1746695022722 0.4989003539085388 68
1746695277811 0.49938270449638367 69
1746695533113 0.49919097125530243 70
1746695788639 0.4993326663970947 71
1746696043965 0.4989892393350601 72
1746696299074 0.4993848204612732 73
1746696554119 0.4988659918308258 74
1746696809161 0.49904677271842957 75
1746697064932 0.4990488290786743 76
1746697320691 0.49927884340286255 77
1746697567843 0.49890363216400146 78
1746697820994 0.4984756261110306 79
1746698075123 0.4987804889678955 80
1746698330220 0.4984418600797653 81
1746698586164 0.49843907356262207 82
1746698843236 0.498301163315773 83
1746699100086 0.4980766773223877 84
1746699357855 0.49810653924942017 85
1746699615260 0.4980223476886749 86
1746699872147 0.4981492757797241 87
1746700129406 0.49822331964969635 88
1746700385093 0.4983023852109909 89
1746700640500 0.49824386835098267 90
1746700897041 0.49809248745441437 91
1746701154385 0.4980919361114502 92
1746701411462 0.4979512244462967 93
1746701668324 0.4978751242160797 94
1746701926121 0.49791663885116577 95
1746702183429 0.4980502724647522 96
1746702440266 0.49814537167549133 97
1746702696479 0.4981406033039093 98
1746702951756 0.4978732317686081 99
