1746679436835 1e-05 0
1746679599121 1e-05 1
1746679762833 1e-05 2
1746679927572 1e-05 3
1746680092693 1e-05 4
1746680258098 1e-05 5
1746680423418 1e-05 6
1746680589257 1e-05 7
1746680757234 1e-05 8
1746680925154 1e-05 9
1746681094168 1e-05 10
1746681263238 1e-05 11
1746681432781 1e-05 12
1746681602571 1e-05 13
1746681771669 1e-05 14
1746681939670 1e-05 15
1746682107927 1e-05 16
1746682276035 1e-05 17
1746682453950 1e-05 18
1746682704471 1e-05 19
1746682954560 1e-05 20
1746683205015 1e-05 21
1746683456133 1e-05 22
1746683701507 1e-05 23
1746683949808 1e-05 24
1746684198548 1e-05 25
1746684447422 1e-05 26
1746684696209 1e-05 27
1746684944264 1e-05 28
1746685193982 1e-05 29
1746685443333 1e-05 30
1746685692471 1e-05 31
1746685941946 1e-05 32
1746686191636 1e-05 33
1746686441587 1e-05 34
1746686692089 1e-05 35
1746686943094 1e-05 36
1746687193656 1e-05 37
1746687444887 1e-05 38
1746687696371 1e-05 39
1746687947427 1e-05 40
1746688198412 1e-05 41
1746688449747 1e-05 42
1746688701083 1e-05 43
1746688952140 1e-05 44
1746689203143 1e-05 45
1746689453569 1e-05 46
1746689705428 1e-05 47
1746689956653 1e-05 48
1746690207871 1e-05 49
1746690459949 1e-05 50
1746690712042 1e-05 51
1746690963823 1e-05 52
1746691215558 1e-05 53
1746691467779 1e-05 54
1746691719877 1e-05 55
1746691972513 1e-05 56
1746692225337 1e-05 57
1746692478499 1e-05 58
1746692732759 1e-05 59
1746692986667 5e-06 60
1746693239577 5e-06 61
1746693493484 5e-06 62
1746693748033 5e-06 63
1746694002657 5e-06 64
1746694256691 5e-06 65
1746694512060 2.5e-06 66
1746694767728 2.5e-06 67
1746695022722 2.5e-06 68
1746695277811 2.5e-06 69
1746695533113 2.5e-06 70
1746695788639 2.5e-06 71
1746696043965 1.25e-06 72
1746696299074 1.25e-06 73
1746696554119 1.25e-06 74
1746696809161 1.25e-06 75
1746697064932 1.25e-06 76
1746697320691 1.25e-06 77
1746697567843 6.25e-07 78
1746697820994 6.25e-07 79
1746698075123 6.25e-07 80
1746698330220 6.25e-07 81
1746698586164 6.25e-07 82
1746698843236 6.25e-07 83
1746699100086 3.125e-07 84
1746699357855 3.125e-07 85
1746699615260 3.125e-07 86
1746699872147 3.125e-07 87
1746700129406 3.125e-07 88
1746700385093 3.125e-07 89
1746700640500 1.5625e-07 90
1746700897041 1.5625e-07 91
1746701154385 1.5625e-07 92
1746701411462 1.5625e-07 93
1746701668324 1.5625e-07 94
1746701926121 1.5625e-07 95
1746702183429 7.8125e-08 96
1746702440266 7.8125e-08 97
1746702696479 7.8125e-08 98
1746702951756 7.8125e-08 99
