1747891147317 2.3020819425582886 0
1747891198291 2.161062002182007 19
1747891249826 2.0588103532791138 38
1747891369544 2.060417413711548 40
1747891421054 2.0807796716690063 59
1747891473085 2.0788843631744385 78
1747891591860 2.2473223209381104 80
1747891644392 2.069520950317383 99
1747891697074 2.0417051315307617 118
1747891816857 2.0720754861831665 120
1747891869809 2.0468926429748535 139
1747891923157 2.0204542875289917 158
1747892043509 2.4013601541519165 160
1747892096474 2.040117859840393 179
1747892149668 2.027322292327881 198
1747892271001 2.2763220071792603 200
1747892324429 2.018381357192993 219
1747892377785 1.9942190051078796 238
1747892499577 2.296984314918518 240
1747892553158 2.0025365352630615 259
1747892606931 1.9936324954032898 278
1747892729129 2.1415679454803467 280
1747892782899 1.9888575673103333 299
1747892836523 1.9752467274665833 318
1747892958437 2.0957735776901245 320
1747893012127 1.977597951889038 339
1747893066315 1.9655264616012573 358
1747893188299 2.2220481634140015 360
1747893242379 1.9837061762809753 379
1747893296349 1.9603202939033508 398
1747893419158 2.1457430124282837 400
1747893472858 1.9576106667518616 419
1747893526962 1.928587794303894 438
1747893648518 2.1038531064987183 440
1747893702502 1.9467570185661316 459
1747893756103 1.9235020279884338 478
1747893889936 2.0578525066375732 480
1747893943440 1.9326968789100647 499
1747893997398 1.9103773832321167 518
1747894119564 2.020901083946228 520
1747894173474 1.9261564016342163 539
1747894227194 1.9047278761863708 558
1747894348644 2.006515085697174 560
1747894401881 1.91572767496109 579
1747894455900 1.8954375982284546 598
1747894578049 1.8874689936637878 600
1747894632252 1.9043453931808472 619
1747894685254 1.8899058103561401 638
1747894805797 1.909648060798645 640
1747894858836 1.8819130063056946 659
1747894911891 1.8737617135047913 678
1747895068537 1.8970505595207214 680
1747895147683 1.8732436299324036 699
1747895225884 1.8665674924850464 718
1747895404308 1.8845604062080383 720
1747895482558 1.8649197816848755 739
1747895561114 1.8595815896987915 758
1747895739001 1.87520831823349 760
1747895817260 1.8573265671730042 779
1747895895056 1.8522478938102722 798
1747896072731 1.865698754787445 800
1747896152207 1.8501359224319458 819
1747896231543 1.8454171419143677 838
1747896409112 1.8571636080741882 840
1747896487210 1.8434768319129944 859
1747896564555 1.8387730717658997 878
1747896740908 1.849526047706604 880
1747896819299 1.8371429443359375 899
1747896897488 1.8324708938598633 918
1747897074759 1.8430796265602112 920
1747897153171 1.8310297727584839 939
1747897231923 1.8264488577842712 958
1747897410153 1.838091254234314 960
1747897489257 1.8259835243225098 979
1747897568571 1.821262001991272 998
1747897746433 1.8335077166557312 1000
1747897825084 1.821519136428833 1019
1747897904343 1.8167750835418701 1038
1747898082044 1.828152596950531 1040
1747898161247 1.8173686861991882 1059
1747898239702 1.8124730587005615 1078
1747898417460 1.8222407102584839 1080
1747898496410 1.8132158517837524 1099
1747898575179 1.808454990386963 1118
1747898753500 1.8169483542442322 1120
1747898832907 1.8094565272331238 1139
1747898911412 1.804340660572052 1158
1747899089297 1.8123858571052551 1160
1747899168228 1.8057133555412292 1179
1747899247265 1.7997949123382568 1198
1747899424018 1.808728039264679 1200
1747899502285 1.801590919494629 1219
1747899581083 1.7953103184700012 1238
1747899758602 1.8052654266357422 1240
1747899837612 1.7971420884132385 1259
1747899916389 1.7911736965179443 1278
1747900094368 1.8014100790023804 1280
1747900173050 1.7924057841300964 1299
1747900251831 1.7868502140045166 1318
1747900419820 1.7965882420539856 1320
1747900477015 1.7874507904052734 1339
1747900532670 1.7818734049797058 1358
1747900655448 1.7914147973060608 1360
1747900709066 1.7820746302604675 1379
1747900762424 1.7773489952087402 1398
1747900882671 1.7867653965950012 1400
1747900936418 1.778038203716278 1419
1747900989919 1.7789402604103088 1438
1747901111790 1.7849222421646118 1440
1747901165330 1.7746012210845947 1459
1747901218889 1.769977629184723 1478
1747901340478 1.7774910926818848 1480
1747901393761 1.770544171333313 1499
1747901448256 1.7709190845489502 1518
1747901575958 1.7789166569709778 1520
1747901632607 1.7685678005218506 1539
1747901689310 1.7632445096969604 1558
1747901816613 1.7684814929962158 1560
1747901873043 1.7669863104820251 1579
1747901929590 1.7635732889175415 1598
1747902056891 1.7705461978912354 1600
1747902113391 1.7630058526992798 1619
1747902169674 1.76252281665802 1638
1747902298035 1.7670824527740479 1640
1747902355165 1.7631032466888428 1659
1747902412254 1.7608020901679993 1678
1747902541948 1.7637757062911987 1680
1747902598922 1.7614890336990356 1699
1747902655851 1.7590691447257996 1718
1747902784647 1.761211335659027 1720
1747902841933 1.7610244750976562 1739
1747902899607 1.7572570443153381 1758
1747903030696 1.768994390964508 1760
1747903087433 1.75687974691391 1779
1747903144830 1.7555104494094849 1798
1747903274012 1.7543519735336304 1800
1747903331037 1.7521063089370728 1819
1747903387547 1.748412013053894 1838
1747903516933 1.7481514811515808 1840
1747903573624 1.7487971782684326 1859
1747903631332 1.7457525730133057 1878
1747903761428 1.746816873550415 1880
1747903818647 1.747016966342926 1899
1747903875716 1.7439987659454346 1918
1747904005192 1.745248556137085 1920
1747904062500 1.7454752922058105 1939
1747904120106 1.742337942123413 1958
1747904250489 1.7438570857048035 1960
1747904307634 1.7439768314361572 1979
1747904365212 1.7406409978866577 1998
1747904522804 1.7415475249290466 2000
1747904581644 1.7378847002983093 2019
1747904638853 1.736578643321991 2038
1747904768991 1.7384154200553894 2040
1747904826440 1.7337309122085571 2059
1747904883658 1.7325365543365479 2078
1747905013644 1.7351828813552856 2080
1747905071099 1.7298601269721985 2099
1747905127970 1.7283926010131836 2118
1747905257638 1.7320512533187866 2120
1747905315097 1.7265464663505554 2139
1747905372336 1.7243115901947021 2158
1747905503792 1.7289062142372131 2160
1747905561374 1.7236934304237366 2179
1747905618678 1.720498502254486 2198
1747905748569 1.7258173823356628 2200
1747905806161 1.7214195132255554 2219
1747905863240 1.7172902822494507 2238
1747905994030 1.722975492477417 2240
1747906051135 1.7198582291603088 2259
1747906108809 1.7147042751312256 2278
1747906238528 1.7211983799934387 2280
1747906295993 1.7186092734336853 2299
1747906352890 1.7124892473220825 2318
1747906483605 1.725196361541748 2320
1747906541144 1.7130845785140991 2339
1747906598554 1.713447630405426 2358
1747906728106 1.7143163084983826 2360
1747906785403 1.7120627760887146 2379
1747906842691 1.7096142768859863 2398
1747906972314 1.7115087509155273 2400
1747907029128 1.7105021476745605 2419
1747907086623 1.7071431279182434 2438
1747907216563 1.7094507813453674 2440
1747907273612 1.7087799310684204 2459
1747907330777 1.704869270324707 2478
1747907461733 1.7072157859802246 2480
1747907518811 1.7070993185043335 2499
1747907575900 1.7029244899749756 2518
1747907706951 1.7050772309303284 2520
1747907764380 1.705264925956726 2539
1747907821591 1.7011269330978394 2558
1747907951264 1.7027628421783447 2560
1747908008515 1.7011240124702454 2579
1747908065592 1.6994068622589111 2598
1747908194758 1.7009724378585815 2600
1747908251586 1.6998352408409119 2619
1747908308733 1.6982317566871643 2638
1747908438073 1.6995468139648438 2640
1747908495060 1.6984690427780151 2659
1747908552336 1.6969255208969116 2678
1747908681887 1.6987788677215576 2680
1747908738815 1.6997222900390625 2699
1747908795940 1.696040391921997 2718
1747908925716 1.697444498538971 2720
1747908983052 1.6984976530075073 2739
1747909039763 1.6943923830986023 2758
1747909168595 1.6952687501907349 2760
1747909224881 1.6943135261535645 2779
1747909281615 1.6927682161331177 2798
1747909410334 1.6944302916526794 2800
1747909467224 1.6937490701675415 2819
1747909524212 1.6923016905784607 2838
1747909653248 1.6942076086997986 2840
1747909709994 1.69476318359375 2859
1747909766720 1.6913840770721436 2878
1747909895830 1.6930341720581055 2880
1747909952996 1.6936355233192444 2899
1747910010030 1.6899319291114807 2918
1747910139536 1.6912515759468079 2920
1747910196843 1.6918273568153381 2939
1747910254195 1.6883373856544495 2958
1747910383626 1.6892354488372803 2960
1747910440323 1.6900721192359924 2979
1747910496875 1.6867669820785522 2998
1747910625202 1.687636911869049 3000
1747910682471 1.6871995329856873 3019
1747910739356 1.6858975887298584 3038
1747910867822 1.6872451901435852 3040
1747910924508 1.687401831150055 3059
1747910981106 1.6845999956130981 3078
1747911109338 1.6857125759124756 3080
1747911165974 1.6863592267036438 3099
1747911222849 1.6833499073982239 3118
1747911352025 1.6849029064178467 3120
1747911409378 1.685396432876587 3139
1747911465904 1.6824848055839539 3158
1747911593926 1.683591902256012 3160
1747911651421 1.6842927932739258 3179
1747911708894 1.681362271308899 3198
1747911840202 1.6831620335578918 3200
1747911898370 1.6834182143211365 3219
1747911956478 1.680697739124298 3238
1747912087736 1.682778239250183 3240
1747912146006 1.6824822425842285 3259
1747912203847 1.6795795559883118 3278
1747912334891 1.6814423203468323 3280
1747912393223 1.681279480457306 3299
1747912451207 1.678420901298523 3318
1747912582468 1.6793497204780579 3320
1747912640351 1.6797624230384827 3339
1747912698264 1.6770132184028625 3358
1747912827946 1.6783416867256165 3360
1747912884969 1.678833782672882 3379
1747912942181 1.675936996936798 3398
1747913071912 1.6774654388427734 3400
1747913129930 1.6778782606124878 3419
1747913189524 1.6748773455619812 3438
1747913325675 1.676594316959381 3440
1747913385963 1.6767030358314514 3459
1747913445532 1.6737999320030212 3478
1747913581888 1.675255537033081 3480
1747913641514 1.675218105316162 3499
1747913701828 1.6725005507469177 3518
1747913838264 1.6743692755699158 3520
1747913898568 1.6742409467697144 3539
1747913958605 1.6713536381721497 3558
1747914095894 1.6743140816688538 3560
1747914155646 1.673484206199646 3579
1747914215911 1.6705690026283264 3598
1747914352179 1.6733999848365784 3600
1747914412590 1.6722583770751953 3619
1747914472455 1.6695230603218079 3638
1747914608787 1.671386480331421 3640
1747914668939 1.6707547903060913 3659
1747914729007 1.6682551503181458 3678
1747914864634 1.6701696515083313 3680
1747914925008 1.669919490814209 3699
1747914985034 1.6673030853271484 3718
1747915121539 1.6694973707199097 3720
1747915181732 1.6690531969070435 3739
1747915241930 1.666172742843628 3758
1747915377287 1.6694269180297852 3760
1747915437366 1.6681350469589233 3779
1747915497346 1.6651632189750671 3798
1747915635268 1.6687809228897095 3800
1747915696208 1.6670745015144348 3819
1747915757377 1.6642177104949951 3838
1747915895812 1.6671605110168457 3840
1747915957091 1.6655778288841248 3859
1747916018372 1.6629688143730164 3878
1747916181985 1.665682077407837 3880
1747916243143 1.664315402507782 3899
1747916304224 1.6618983745574951 3918
1747916442566 1.66538667678833 3920
1747916503417 1.6634405255317688 3939
1747916564649 1.6608192920684814 3958
1747916703047 1.666135549545288 3960
1747916764418 1.6625025868415833 3979
1747916825574 1.6598743200302124 3998
1747916964131 1.6665316820144653 4000
1747917025344 1.6611234545707703 4019
1747917086776 1.658933699131012 4038
1747917225881 1.665805160999298 4040
1747917286722 1.6592817306518555 4059
1747917348233 1.6576842665672302 4078
1747917486685 1.6646526455879211 4080
1747917547973 1.6578975319862366 4099
1747917608099 1.6575698852539062 4118
1747917745180 1.6640297174453735 4120
1747917805783 1.6572866439819336 4139
1747917866053 1.656653881072998 4158
1747918002271 1.6628503799438477 4160
1747918062632 1.656722605228424 4179
1747918122688 1.6558656096458435 4198
1747918259286 1.6607840657234192 4200
1747918319437 1.656354010105133 4219
1747918379517 1.6540888547897339 4238
1747918517108 1.6605175137519836 4240
1747918577679 1.6550989747047424 4259
1747918639200 1.6532154083251953 4278
1747918778016 1.6620957255363464 4280
1747918839175 1.6539555191993713 4299
1747918900222 1.6524085998535156 4318
1747919039352 1.66180819272995 4320
1747919100146 1.652795672416687 4339
1747919161377 1.6515823602676392 4358
1747919299743 1.65983647108078 4360
1747919361249 1.6518530249595642 4379
1747919422325 1.651120662689209 4398
1747919560866 1.6584123373031616 4400
1747919621716 1.6515020728111267 4419
1747919682810 1.6496835947036743 4438
1747919821818 1.6580544710159302 4440
1747919882912 1.6506470441818237 4459
1747919944296 1.6488323211669922 4478
1747920083330 1.6582795977592468 4480
1747920144871 1.6496424078941345 4499
1747920205973 1.6480257511138916 4518
1747920344254 1.6579760313034058 4520
1747920405416 1.6488129496574402 4539
1747920466713 1.6471678018569946 4558
1747920621550 1.6568909883499146 4560
1747920682750 1.647946536540985 4579
1747920743749 1.646271824836731 4598
1747920882263 1.6556143164634705 4600
1747920943739 1.647167444229126 4619
1747921004895 1.6454375386238098 4638
1747921143416 1.654795229434967 4640
1747921204152 1.6465318202972412 4659
1747921264951 1.64468252658844 4678
1747921402670 1.654472291469574 4680
1747921463319 1.6456979513168335 4699
1747921523922 1.644603967666626 4718
1747921660827 1.6537783741950989 4720
1747921721340 1.6451820731163025 4739
1747921782112 1.6438770294189453 4758
1747921920226 1.6526150703430176 4760
1747921980568 1.6444336771965027 4779
1747922041344 1.643348753452301 4798
1747922179320 1.651441514492035 4800
1747922239449 1.6439237594604492 4819
1747922300001 1.6417902112007141 4838
1747922463521 1.6515108942985535 4840
1747922524642 1.6428855657577515 4859
1747922585235 1.6410310864448547 4878
1747922723203 1.6526049375534058 4880
1747922784069 1.641946017742157 4899
1747922845212 1.6402797102928162 4918
1747922983795 1.650961697101593 4920
1747923044454 1.6412433385849 4939
1747923105437 1.639419972896576 4958
1747923243652 1.6492182612419128 4960
1747923305124 1.6405665874481201 4979
1747923366133 1.6384694576263428 4998
1747923504595 1.648754358291626 5000
1747923565209 1.6398404240608215 5019
1747923626063 1.6376344561576843 5038
1747923789917 1.6490183472633362 5040
1747923867264 1.638778567314148 5059
1747923945837 1.6368628144264221 5078
1747924123407 1.648271083831787 5080
1747924202434 1.6380457282066345 5099
1747924280298 1.6360278725624084 5118
1747924458623 1.6469228267669678 5120
1747924536756 1.6373233795166016 5139
1747924615382 1.6352474093437195 5158
1747924793094 1.6466352343559265 5160
1747924871135 1.6364232301712036 5179
1747924949805 1.6344353556632996 5198
1747925127464 1.646059811115265 5200
1747925206246 1.6356154680252075 5219
1747925284513 1.633618950843811 5238
1747925462304 1.6450225710868835 5240
1747925548453 1.6347764730453491 5259
1747925637905 1.6328144669532776 5278
1747925816358 1.6445637345314026 5280
1747925894624 1.634053349494934 5299
1747925973364 1.6328434348106384 5318
1747926170513 1.643301248550415 5320
1747926257803 1.6335046887397766 5339
1747926335948 1.6322709918022156 5358
1747926530024 1.6399754285812378 5360
1747926608511 1.6335480213165283 5379
1747926687599 1.6306405067443848 5398
1747926865682 1.6379395723342896 5400
1747926943811 1.6336297392845154 5419
1747927022831 1.6302140951156616 5438
1747927200755 1.6414656043052673 5440
1747927279481 1.6316729187965393 5459
1747927357572 1.6296186447143555 5478
1747927535811 1.644298493862152 5480
1747927614161 1.6305181980133057 5499
1747927692474 1.6289863586425781 5518
1747927869152 1.6420835852622986 5520
1747927947507 1.629918396472931 5539
1747928025970 1.6282342076301575 5558
1747928203039 1.6393433213233948 5560
1747928281346 1.6295865774154663 5579
1747928359388 1.6273653507232666 5598
1747928537887 1.6401743292808533 5600
1747928615868 1.6286072731018066 5619
1747928694627 1.6265966892242432 5638
1747928872337 1.6401714086532593 5640
1747928950377 1.6277328729629517 5659
1747929029028 1.6258727312088013 5678
1747929205543 1.6383668780326843 5680
1747929283680 1.627286672592163 5699
1747929362544 1.6250389218330383 5718
1747929539955 1.626613438129425 5720
1747929618072 1.6256174445152283 5739
1747929695786 1.6250136494636536 5758
1747929872941 1.6277720928192139 5760
1747929951439 1.6254574060440063 5779
1747930029346 1.623931109905243 5798
1747930206103 1.627818763256073 5800
1747930284836 1.6245819926261902 5819
1747930363330 1.6230385303497314 5838
1747930539627 1.6274530291557312 5840
1747930618115 1.6238177418708801 5859
1747930696545 1.6223418712615967 5878
1747930873329 1.6266450881958008 5880
1747930951555 1.6231153011322021 5899
1747931029485 1.6216357946395874 5918
1747931206052 1.625663936138153 5920
1747931284440 1.6225998997688293 5939
1747931362198 1.6209558844566345 5958
1747931539708 1.625038206577301 5960
1747931617175 1.6219074726104736 5979
1747931695728 1.6202313303947449 5998
1747931871922 1.6246923804283142 6000
1747931950263 1.6211378574371338 6019
1747932028276 1.6196585297584534 6038
1747932205005 1.6240586042404175 6040
1747932283362 1.6205578446388245 6059
1747932360759 1.6190592646598816 6078
1747932536855 1.6232470273971558 6080
1747932614483 1.6200197339057922 6099
1747932692081 1.618336796760559 6118
1747932868530 1.6225743293762207 6120
1747932945679 1.619340419769287 6139
1747933024145 1.6177316308021545 6158
1747933200870 1.6222544312477112 6160
1747933278232 1.618728756904602 6179
1747933356474 1.6180108785629272 6198
1747933533033 1.6215801239013672 6200
1747933611067 1.6181443929672241 6219
1747933689862 1.6166170239448547 6238
1747933866685 1.620507299900055 6240
1747933945198 1.6178504824638367 6259
1747934023611 1.616151213645935 6278
1747934201141 1.6204509139060974 6280
1747934279547 1.6170559525489807 6299
1747934358270 1.615472435951233 6318
1747934535933 1.6199475526809692 6320
1747934614508 1.6163855195045471 6339
1747934692639 1.6155133247375488 6358
1747934869835 1.6191561818122864 6360
1747934948438 1.6161289811134338 6379
1747935026565 1.6151776313781738 6398
1747935203665 1.6172651648521423 6400
1747935282524 1.616144061088562 6419
1747935360622 1.6142545938491821 6438
1747935538173 1.6166388392448425 6440
1747935617748 1.6156777739524841 6459
1747935697046 1.6137880086898804 6478
1747935874937 1.616550862789154 6480
1747935953304 1.61488938331604 6499
1747936032312 1.6131580471992493 6518
1747936211038 1.6162855625152588 6520
1747936289543 1.6141709089279175 6539
1747936369070 1.6126875281333923 6558
1747936547821 1.6123085021972656 6560
1747936626994 1.612194836139679 6579
1747936706076 1.6121540069580078 6598
1747936885128 1.6126136779785156 6600
1747936964811 1.6126989126205444 6619
1747937044615 1.611732006072998 6638
1747937223686 1.6121042370796204 6640
1747937302794 1.6123712658882141 6659
1747937382219 1.6113938689231873 6678
1747937561748 1.611632525920868 6680
1747937640413 1.6120119094848633 6699
1747937719485 1.610988438129425 6718
1747937899336 1.6111287474632263 6720
1747937978246 1.611551284790039 6739
1747938057938 1.6105846762657166 6758
1747938259607 1.6106048822402954 6760
1747938338375 1.6112411618232727 6779
1747938417830 1.610106647014618 6798
1747938597289 1.610049307346344 6800
1747938676568 1.6108761429786682 6819
1747938755705 1.6096491813659668 6838
1747938935498 1.6095870733261108 6840
1747939015090 1.6105143427848816 6859
1747939094041 1.6092365384101868 6878
1747939273074 1.609020173549652 6880
1747939352494 1.6102627515792847 6899
1747939431088 1.609308660030365 6918
1747939610225 1.608734667301178 6920
1747939689502 1.6097511649131775 6939
1747939768727 1.6089735627174377 6958
1747939947642 1.6083665490150452 6960
1747940026480 1.6094778776168823 6979
1747940105742 1.6083347797393799 6998
1747940284917 1.6079061031341553 7000
1747940364296 1.6091305017471313 7019
1747940443450 1.6082305312156677 7038
1747940622814 1.6075366735458374 7040
1747940701608 1.6086484789848328 7059
1747940780279 1.6077295541763306 7078
1747940958957 1.6075456738471985 7080
1747941038557 1.6078976392745972 7099
1747941117189 1.6074511408805847 7118
1747941295596 1.607230305671692 7120
1747941374826 1.607725977897644 7139
1747941454001 1.6073209047317505 7158
1747941631539 1.6071107387542725 7160
1747941708813 1.6076263189315796 7179
1747941786932 1.607266366481781 7198
1747941963673 1.6068980693817139 7200
1747942041167 1.607367992401123 7219
1747942119783 1.6070045232772827 7238
1747942297057 1.6066305041313171 7240
1747942374936 1.6070669293403625 7259
1747942453075 1.6065263748168945 7278
1747942629746 1.6063262820243835 7280
1747942708270 1.6067513823509216 7299
1747942786165 1.606293499469757 7318
1747942963071 1.6060068011283875 7320
1747943041340 1.6064369678497314 7339
1747943118816 1.6060224175453186 7358
1747943295879 1.6057627201080322 7360
1747943374425 1.6061689257621765 7379
1747943452426 1.6057525873184204 7398
1747943629513 1.6054232120513916 7400
1747943708304 1.605933129787445 7419
1747943786476 1.605514109134674 7438
1747943963890 1.6052061915397644 7440
1747944042597 1.605613112449646 7459
1747944120765 1.6054849028587341 7478
1747944297796 1.6050572991371155 7480
1747944376189 1.6052614450454712 7499
1747944454949 1.6051363348960876 7518
1747944632424 1.6048024892807007 7520
1747944711726 1.6051387786865234 7539
1747944791341 1.6049630641937256 7558
1747944966613 1.6045101881027222 7560
1747945042901 1.6048945188522339 7579
1747945119228 1.6044113039970398 7598
1747945291043 1.6042421460151672 7600
1747945366927 1.6045979857444763 7619
1747945459249 1.6045094728469849 7638
1747945630741 1.604023039340973 7640
1747945706125 1.6043434739112854 7659
1747945782156 1.6040315628051758 7678
1747945953651 1.6036694645881653 7680
1747946028537 1.6041977405548096 7699
1747946104101 1.603715717792511 7718
1747946274600 1.6034560203552246 7720
1747946349709 1.6039643287658691 7739
1747946424757 1.6037619709968567 7758
1747946595416 1.6034203171730042 7760
1747946671300 1.6036456227302551 7779
1747946746124 1.6034716963768005 7798
1747946916165 1.6030265092849731 7800
1747946992055 1.6032990217208862 7819
1747947067577 1.6032878160476685 7838
1747947238199 1.6028978824615479 7840
1747947314177 1.6032289862632751 7859
1747947389807 1.602944791316986 7878
1747947560036 1.602609932422638 7880
1747947635345 1.6029123663902283 7899
1747947710084 1.602953851222992 7918
1747947880281 1.6024812459945679 7920
1747947955629 1.602881669998169 7939
1747948031222 1.602575659751892 7958
1747948201344 1.6022884249687195 7960
1747948277279 1.6025219559669495 7979
1747948353146 1.6024701595306396 7998
1747948524050 1.6021283268928528 8000
1747948599349 1.6024489402770996 8019
1747948675933 1.6023637056350708 8038
1747948846843 1.6020395159721375 8040
1747948922105 1.6022714972496033 8059
1747948997380 1.601954162120819 8078
1747949166788 1.6016789078712463 8080
1747949241701 1.6019582152366638 8099
1747949317178 1.6018816828727722 8118
1747949487651 1.601458191871643 8120
1747949562297 1.601794958114624 8139
1747949637257 1.6014796495437622 8158
1747949807101 1.6012880206108093 8160
1747949881804 1.6015241742134094 8179
1747949957482 1.6015299558639526 8198
1747950127967 1.6011773943901062 8200
1747950202649 1.6014228463172913 8219
1747950278390 1.6010780334472656 8238
1747950448301 1.600803792476654 8240
1747950523168 1.601156771183014 8259
1747950598910 1.60089111328125 8278
1747950768837 1.6006229519844055 8280
1747950843556 1.6009050011634827 8299
1747950918973 1.6009382605552673 8318
1747951089145 1.6005339622497559 8320
1747951163300 1.600851595401764 8339
1747951238450 1.6004884839057922 8358
1747951407550 1.600242257118225 8360
1747951482901 1.6005208492279053 8379
1747951557794 1.6005579829216003 8398
1747951727912 1.6002172231674194 8400
1747951803420 1.60043203830719 8419
1747951878539 1.6001806855201721 8438
1747952048535 1.5998042821884155 8440
1747952123968 1.6001449823379517 8459
1747952198864 1.6002156138420105 8478
1747952369116 1.5997673869132996 8480
1747952444684 1.600154459476471 8499
1747952519621 1.5997251868247986 8518
1747952690036 1.5995952486991882 8520
1747952765357 1.599872350692749 8539
1747952839947 1.5995193719863892 8558
1747953009356 1.5993285775184631 8560
1747953084823 1.5995097160339355 8579
1747953160021 1.5994709730148315 8598
1747953331076 1.5992183089256287 8600
1747953406862 1.5995278358459473 8619
1747953482018 1.5993248224258423 8638
1747953657093 1.5989937782287598 8640
1747953732986 1.5992195010185242 8659
1747953808696 1.5991836786270142 8678
1747953979746 1.598863661289215 8680
1747954054617 1.599174976348877 8699
1747954130308 1.5989037156105042 8718
1747954301108 1.5986096858978271 8720
1747954376453 1.5988531112670898 8739
1747954452375 1.598892867565155 8758
1747954622411 1.5984914898872375 8760
1747954698292 1.5987725257873535 8779
1747954774262 1.5986642837524414 8798
1747954943972 1.5982712507247925 8800
1747955019649 1.5985985398292542 8819
1747955095475 1.5983160138130188 8838
1747955265661 1.5980790853500366 8840
1747955341586 1.5982059240341187 8859
1747955416864 1.5982868671417236 8878
1747955588167 1.5979026556015015 8880
1747955664157 1.5982539057731628 8899
1747955739887 1.5979158878326416 8918
1747955910777 1.5977026224136353 8920
1747955986620 1.5980122685432434 8939
1747956062850 1.5978249311447144 8958
1747956233266 1.5974770784378052 8960
1747956309163 1.5976141095161438 8979
1747956384482 1.5976906418800354 8998
1747956555635 1.5973260402679443 9000
1747956631856 1.597661316394806 9019
1747956707433 1.5973963737487793 9038
1747956878817 1.5971971154212952 9040
1747956955006 1.5975152254104614 9059
1747957030428 1.5971986651420593 9078
1747957201625 1.5968732833862305 9080
1747957276712 1.5971981883049011 9099
1747957352251 1.5969167947769165 9118
1747957523355 1.5967682600021362 9120
1747957598392 1.5970332622528076 9139
1747957674039 1.596680760383606 9158
1747957844726 1.5964553952217102 9160
1747957920401 1.5965073704719543 9179
1747957996201 1.5964966416358948 9198
1747958167090 1.5963603258132935 9200
1747958242153 1.5966484546661377 9219
1747958317835 1.5963401794433594 9238
1747958488163 1.5961495637893677 9240
1747958562668 1.596398651599884 9259
1747958637973 1.5960683822631836 9278
1747958807873 1.5959485173225403 9280
1747958883437 1.595947265625 9299
1747958958835 1.5959647297859192 9318
1747959128737 1.595727026462555 9320
1747959203650 1.5960675477981567 9339
1747959279149 1.5957828760147095 9358
1747959448359 1.5956172943115234 9360
1747959524008 1.595910370349884 9379
1747959599598 1.5956750512123108 9398
1747959770085 1.595401108264923 9400
1747959844858 1.5956627130508423 9419
1747959920564 1.5953363180160522 9438
1747960090237 1.5951526165008545 9440
1747960165062 1.5954320430755615 9459
1747960240789 1.5951166152954102 9478
1747960410710 1.5949495434761047 9480
1747960486399 1.5951756834983826 9499
1747960562291 1.5948413014411926 9518
1747960732881 1.5947636365890503 9520
1747960808488 1.5950568318367004 9539
1747960883633 1.5946402549743652 9558
1747961054336 1.5945868492126465 9560
1747961129943 1.594821810722351 9579
1747961204844 1.5944949388504028 9598
1747961375519 1.5944207906723022 9600
1747961450327 1.5946006774902344 9619
1747961525796 1.5942506194114685 9638
1747961695547 1.5942245125770569 9640
1747961770498 1.594477117061615 9659
1747961846083 1.594046413898468 9678
1747962015832 1.5940608978271484 9680
1747962090897 1.594285786151886 9699
1747962166491 1.5938307046890259 9718
1747962337024 1.5938103199005127 9720
1747962411921 1.5940735340118408 9739
1747962487130 1.5936293601989746 9758
1747962657822 1.59359472990036 9760
1747962732994 1.5937782526016235 9779
1747962808464 1.5933701992034912 9798
1747962978878 1.5933125019073486 9800
1747963053977 1.593524992465973 9819
1747963129550 1.5930877923965454 9838
1747963299452 1.59311842918396 9840
1747963374042 1.5932216048240662 9859
1747963449248 1.5928627252578735 9878
1747963620039 1.592905580997467 9880
1747963695240 1.593084692955017 9899
1747963771199 1.5927391648292542 9918
1747963942489 1.5928335189819336 9920
1747964017387 1.5929123759269714 9939
1747964093139 1.5924323797225952 9958
1747964264360 1.59255713224411 9960
1747964339651 1.5926997661590576 9979
1747964415378 1.592309594154358 9998
1747964586179 1.5924016237258911 10000
1747964661055 1.592422068119049 10019
1747964735656 1.5921009182929993 10038
1747964904293 1.5921612977981567 10040
1747964978488 1.5922765135765076 10059
1747965053499 1.591874897480011 10078
1747965222029 1.591982364654541 10080
1747965296213 1.5921130776405334 10099
1747965371107 1.591720163822174 10118
1747965541337 1.591722548007965 10120
1747965616218 1.5917965173721313 10139
1747965691155 1.5915343761444092 10158
1747965858920 1.5914996266365051 10160
1747965933061 1.5916256308555603 10179
1747966007912 1.5913296937942505 10198
1747966175825 1.5913665294647217 10200
1747966249913 1.5914542078971863 10219
1747966324414 1.591077208518982 10238
1747966491897 1.5911377668380737 10240
1747966566626 1.5911762714385986 10259
1747966641041 1.5909587144851685 10278
1747966811095 1.5909209251403809 10280
1747966887748 1.591106116771698 10299
1747966965910 1.5907562375068665 10318
1747967144573 1.5908037424087524 10320
1747967223955 1.5909284949302673 10339
1747967302746 1.5906769633293152 10358
1747967481607 1.590684950351715 10360
1747967561319 1.5906938314437866 10379
1747967640110 1.5904146432876587 10398
1747967819243 1.5904369950294495 10400
1747967898472 1.5904991626739502 10419
1747967976811 1.590277910232544 10438
1747968155339 1.5901923179626465 10440
1747968234576 1.5902966260910034 10459
1747968313418 1.589997947216034 10478
1747968491860 1.5899559259414673 10480
1747968570613 1.5900970101356506 10499
1747968650227 1.5897194147109985 10518
1747968829071 1.5897248983383179 10520
1747968907848 1.5898833274841309 10539
1747968987352 1.5896620750427246 10558
1747969166274 1.5895981788635254 10560
1747969245079 1.589769721031189 10579
1747969324583 1.589393973350525 10598
1747969504002 1.589441180229187 10600
1747969582826 1.589587926864624 10619
1747969662358 1.5893171429634094 10638
1747969841951 1.5891972780227661 10640
1747969920733 1.589293658733368 10659
1747970000314 1.5889854431152344 10678
1747970178996 1.5889996886253357 10680
1747970257885 1.5891448855400085 10699
1747970337218 1.5888468027114868 10718
1747970516061 1.5889222621917725 10720
1747970594795 1.5889896154403687 10739
1747970673998 1.5886186957359314 10758
1747970852932 1.5887274742126465 10760
1747970929295 1.588698148727417 10779
1747971004673 1.5884572863578796 10798
1747971175923 1.5884453654289246 10800
1747971252545 1.5882599353790283 10819
1747971328481 1.5882396697998047 10838
1747971501556 1.5884053111076355 10840
1747971579155 1.5884727835655212 10859
1747971655987 1.5880691409111023 10878
1747971830560 1.588105320930481 10880
1747971908287 1.588187336921692 10899
1747971985197 1.587847352027893 10918
1747972159636 1.588005781173706 10920
1747972238397 1.5880655646324158 10939
1747972316320 1.5877019166946411 10958
1747972492428 1.5878028273582458 10960
1747972570591 1.5878725051879883 10979
1747972648216 1.5874799489974976 10998
1747972824323 1.5874794125556946 11000
1747972902696 1.5876275897026062 11019
1747972980313 1.5873198509216309 11038
1747973157325 1.587342083454132 11040
1747973235040 1.5874537825584412 11059
1747973313416 1.5871119499206543 11078
1747973489949 1.5870698690414429 11080
1747973567758 1.5871936082839966 11099
1747973645860 1.5868096351623535 11118
1747973822233 1.586845338344574 11120
1747973899758 1.586714506149292 11139
1747973977667 1.5867472887039185 11158
1747974154060 1.5867899060249329 11160
1747974231528 1.5868542790412903 11179
1747974309600 1.5864861011505127 11198
1747974485459 1.586556613445282 11200
1747974563796 1.5866681933403015 11219
1747974641941 1.5863773822784424 11238
1747974817285 1.5864463448524475 11240
1747974895373 1.5864404439926147 11259
1747974972773 1.5861654877662659 11278
1747975150038 1.58623468875885 11280
1747975227851 1.5859769582748413 11299
1747975306247 1.5859814882278442 11318
1747975482466 1.5861074924468994 11320
1747975560311 1.5861772894859314 11339
1747975638045 1.5858601927757263 11358
1747975814844 1.5859298706054688 11360
1747975893246 1.5860581994056702 11379
1747975970994 1.5856617093086243 11398
1747976147703 1.585745394229889 11400
1747976225971 1.5858511924743652 11419
1747976303453 1.5854188799858093 11438
1747976480026 1.5856255292892456 11440
1747976558320 1.5856686234474182 11459
1747976635789 1.5853365659713745 11478
1747976812193 1.5855092406272888 11480
1747976890136 1.5855299234390259 11499
1747976967467 1.5851680636405945 11518
1747977143833 1.5852904319763184 11520
1747977221417 1.5853878855705261 11539
1747977299801 1.585012137889862 11558
1747977475993 1.5851430892944336 11560
