1750089747682 1.0 0
1750090566864 1.0 1
1750091391347 0.0625 2
1750092200349 1.0 3
1750093015781 0.5 4
1750093839776 0.0009765625 5
1750094654688 0.5 6
1750095472613 0.25 7
1750096290723 0.125 8
1750097115739 0.0009765625 9
1750097933575 0.25 10
1750098747189 0.015625 11
1750099566685 0.125 12
1750100391435 0.0009765625 13
1750101216589 0.0009765625 14
1750102043270 0.0009765625 15
1750102868355 0.0009765625 16
1750103686400 0.5 17
1750104511596 0.0009765625 18
1750105331683 0.125 19
1750106158698 0.001953125 20
1750106985783 0.0009765625 21
1750107812482 0.0009765625 22
1750108636723 0.03125 23
1750109464173 0.0009765625 24
1750110289852 0.0078125 25
1750111112979 0.0625 26
1750111941872 0.0009765625 27
1750112763632 0.125 28
1750113589369 0.015625 29
1750114417759 0.0009765625 30
1750115243717 0.015625 31
1750116068369 0.03125 32
1750116893072 0.0625 33
1750117716869 0.0625 34
1750118540704 0.125 35
1750119370839 0.001953125 36
1750120198938 0.0009765625 37
1750121025927 0.015625 38
1750121855048 0.0078125 39
1750122684877 0.0009765625 40
1750123515646 0.0009765625 41
1750124345117 0.0078125 42
1750125172345 0.0625 43
1750126003150 0.0009765625 44
1750126832276 0.0078125 45
1750127664272 0.0009765625 46
1750128491575 0.03125 47
1750129320936 0.0078125 48
1750130152989 0.0009765625 49
1750130985601 0.0009765625 50
1750131811300 0.125 51
1750132639126 0.0625 52
1750133472826 0.0009765625 53
1750134302083 0.015625 54
1750135130831 0.03125 55
1750135960865 0.03125 56
1750136791146 0.015625 57
1750137621318 0.03125 58
1750138453501 0.00390625 59
1750139285010 0.015625 60
1750140118735 0.0009765625 61
1750140951430 0.00390625 62
1750141780549 0.015625 63
1750142611283 0.03125 64
1750143446263 0.0009765625 65
1750144276990 0.03125 66
1750145107147 0.03125 67
1750145938702 0.015625 68
1750146773648 0.0009765625 69
1750147603851 0.03125 70
1750148435607 0.0078125 71
1750149265265 0.03125 72
1750150094022 0.015625 73
1750150926929 0.0009765625 74
1750151755670 0.0625 75
1750152586283 0.03125 76
1750153415312 0.125 77
1750154248007 0.015625 78
1750155081765 0.0009765625 79
1750155915812 0.0009765625 80
1750156751293 0.0009765625 81
1750157586844 0.0009765625 82
1750158418597 0.015625 83
1750159247844 0.03125 84
1750160080562 0.0078125 85
1750160914311 0.0009765625 86
1750161742911 0.03125 87
1750162574706 0.015625 88
1750163408998 0.0009765625 89
1750164241302 0.015625 90
1750165073436 0.015625 91
1750165907890 0.00390625 92
1750166738620 0.0078125 93
1750167569356 0.03125 94
1750168401471 0.015625 95
1750169233183 0.03125 96
1750170065066 0.03125 97
1750170899162 0.0009765625 98
1750171729894 0.015625 99
