1746679355323 0.17702175031415246 0
1746679374224 0.17706391842999672 19
1746679393376 0.17756150219695885 38
1746679518072 0.18658126217604346 40
1746679537203 0.19493054911320454 59
1746679556128 0.19680281345668912 78
1746679681480 0.21225321110202153 80
1746679700498 0.22448618150843783 99
1746679719716 0.23144392062273875 118
1746679845686 0.24077150784748635 120
1746679864830 0.2563273257824294 139
1746679884097 0.25919475765983824 158
1746680010518 0.2715795332832938 160
1746680029908 0.27879449790424465 179
1746680049152 0.2816703634048223 198
1746680175899 0.30560920276960185 200
1746680195096 0.30991035058571514 219
1746680214490 0.3117277963786022 238
1746680341386 0.3354768792220826 240
1746680360640 0.33930574414074033 259
1746680380031 0.3388250276201159 278
1746680506971 0.36910595160787024 280
1746680526234 0.37393420087203666 299
1746680545684 0.3786865475276834 318
1746680673510 0.4201420222141634 320
1746680693336 0.41774687323421017 339
1746680713137 0.42109923844382785 358
1746680841584 0.47391902035033273 360
1746680861214 0.4748003339714775 379
1746680880735 0.4783930574414074 398
1746681010095 0.5265659129818762 400
1746681029919 0.5238418526983377 419
1746681049569 0.5222141634267498 438
1746681179314 0.5604269100048072 440
1746681199010 0.5592082514569084 459
1746681218830 0.5621684531891746 478
1746681348610 0.6006342084622975 480
1746681368364 0.600212527303855 499
1746681388254 0.6004908368684271 518
1746681518267 0.6187285469710643 520
1746681537946 0.6201749133445219 539
1746681557885 0.6215242930515379 558
1746681688102 0.640913192716723 560
1746681707895 0.6358066338879846 579
1746681727407 0.6395595961981226 598
1746681856291 0.6460281851686303 600
1746681875823 0.6559714268847039 619
1746681895497 0.6565406964486012 638
1746682024334 0.6481070732797517 640
1746682043888 0.6724675938029737 659
1746682063626 0.6685122245367833 678
1746682192527 0.6759717642296307 680
1746682212257 0.6836716621827903 699
1746682231780 0.680302429726835 718
1746682360744 0.686555961306537 720
1746682380433 0.6873613723191621 739
1746682399990 0.689883025646648 758
1746682580396 0.6762585074173716 760
1746682609865 0.697397383890093 779
1746682638952 0.693952248825618 798
1746682830385 0.7043256053233029 800
1746682859925 0.7009352888094255 819
1746682888975 0.7009521560557631 838
1746683080684 0.686269218118796 840
1746683110264 0.7023900888060519 859
1746683139510 0.7041780169178481 878
1746683331791 0.6938215276665008 880
1746683360914 0.7079604969090771 899
1746683390382 0.7101869734256534 918
1746683578558 0.6926070859301865 920
1746683607297 0.7100562522665362 939
1746683636551 0.7124724853044117 958
1746683826617 0.6925902186838487 960
1746683855899 0.7103598627006148 979
1746683884812 0.7180977119580343 998
1746684075242 0.7227066870198106 1000
1746684104555 0.7147748644295076 1019
1746684133480 0.7167651994973561 1038
1746684323958 0.7070201479257504 1040
1746684353405 0.7228753594831876 1059
1746684382324 0.7211042986177292 1078
1746684572657 0.7032924864851189 1080
1746684602027 0.7200880470258828 1099
1746684631033 0.7215133293414183 1118
1746684821287 0.7443431472594941 1120
1746684850474 0.7267000075902609 1139
1746684879303 0.7234193281775784 1158
1746685070141 0.7078086916920379 1160
1746685099179 0.7220319971663026 1179
1746685128612 0.7272439762846516 1198
1746685319541 0.69756605635347 1200
1746685348610 0.7196410649979338 1219
1746685377977 0.7283023959923423 1238
1746685568844 0.6984768876557058 1240
1746685598175 0.7313258498983748 1259
1746685627190 0.7258608620849604 1278
1746685817878 0.7159344876152244 1280
1746685847364 0.7297150278731246 1299
1746685876361 0.7268433791841313 1318
1746686067799 0.7304361026540612 1320
1746686097215 0.7236301687567996 1339
1746686126281 0.7277331264284449 1358
1746686317550 0.6956431902709723 1360
1746686346983 0.7214753780371586 1379
1746686376031 0.7288379310635642 1398
1746686568005 0.6968955833115464 1400
1746686597394 0.7181736145665539 1419
1746686626526 0.7249921988985688 1438
1746686818757 0.7128941664628541 1440
1746686847890 0.7281801084563939 1459
1746686877338 0.7254729154191932 1478
1746687069344 0.6947660934614119 1480
1746687098341 0.7288800991794084 1499
1746687127960 0.7222892226729525 1518
1746687320063 0.6921685375254063 1520
1746687349789 0.729183709613487 1539
1746687379025 0.7213362232548726 1558
1746687571458 0.7454563855177823 1560
1746687600996 0.723356076003812 1579
1746687630552 0.7234572794818382 1598
1746687822915 0.6893137560827507 1600
1746687852427 0.7279060157034063 1619
1746687881625 0.7210958649945604 1638
1746688073676 0.689971578689921 1640
1746688103179 0.7274421664291196 1659
1746688132500 0.7209103252848457 1678
1746688324882 0.7028792389498453 1680
1746688354615 0.7177983183355401 1699
1746688383933 0.7230651160044866 1718
1746688576365 0.6883059381140731 1720
1746688605555 0.7158375009487826 1739
1746688635195 0.7245410000590353 1758
1746688827649 0.7380938324913766 1760
1746688856921 0.718085061523281 1779
1746688886422 0.7205518963001695 1798
1746689078470 0.6952594604167897 1800
1746689107930 0.7132525954475302 1819
1746689137151 0.7208976748500924 1838
1746689329317 0.7134676528383359 1840
1746689358787 0.7230060806423048 1859
1746689387756 0.7208386394879104 1878
1746689580234 0.7259831496209086 1880
1746689609965 0.7146399264588059 1899
1746689639316 0.7187766186231267 1918
1746689832037 0.6873318546380711 1920
1746689861560 0.7188440876084775 1939
1746689890805 0.718869388477984 1958
1746690083145 0.6961492076611033 1960
1746690112864 0.7147875148642608 1979
1746690142026 0.7188567380432308 1998
1746690334992 0.6998262673627217 2000
1746690364348 0.7139019844315316 2019
1746690393980 0.7187471009420358 2038
1746690586893 0.6849198384117801 2040
1746690616263 0.7207037015172089 2059
1746690646044 0.7166344783382389 2078
1746690838825 0.6839373213126091 2080
1746690868546 0.7214374267328987 2099
1746690897983 0.7154917223988597 2118
1746691090520 0.686636080726641 2120
1746691120233 0.7085803682119876 2139
1746691149530 0.7142308957351168 2158
1746691342741 0.6815463891442403 2160
1746691372318 0.723187403540435 2179
1746691401627 0.7126032064635288 2198
1746691594660 0.6829379369671005 2200
1746691624461 0.7193711890565305 2219
1746691653832 0.7133116308097122 2238
1746691847163 0.6805217039292251 2240
1746691876791 0.7171236284820321 2259
1746691906130 0.7162465316724718 2278
1746692099956 0.680104239582367 2280
1746692129333 0.7191223971730495 2299
1746692159088 0.7125146534202559 2318
1746692352524 0.6790163021935854 2320
1746692381904 0.7030141769205468 2339
1746692411794 0.7122110429861773 2358
1746692606547 0.6783711300211684 2360
1746692636480 0.7180007252915925 2379
1746692665930 0.7131176574768286 2398
1746692860875 0.6785608865424675 2400
1746692890748 0.7171278452936166 2419
1746692920191 0.7132272945780237 2438
1746693113946 0.698797365336122 2440
1746693143693 0.7140411392138176 2459
1746693173218 0.7119074325520988 2478
1746693367646 0.7007666163460484 2480
1746693397393 0.7103809467585369 2499
1746693427011 0.7111990082059153 2518
1746693621508 0.6959889688208951 2520
1746693651577 0.7084454302412859 2539
1746693681247 0.7130459716798934 2558
1746693876356 0.6982702638880689 2560
1746693906005 0.7130291044335557 2579
1746693935932 0.7111990082059153 2598
1746694130310 0.6965245038921171 2600
1746694159793 0.7122363438556838 2619
1746694189729 0.7127128435647239 2638
1746694385130 0.6976630430199118 2640
1746694415258 0.7071087009690233 2659
1746694445008 0.7112664771912661 2678
1746694640675 0.7049496934377978 2680
1746694670904 0.7118610476246701 2699
1746694700593 0.7104188980627968 2718
1746694896043 0.7049243925682913 2720
1746694926093 0.7097821595135486 2739
1746694955833 0.7108194951633171 2758
1746695151257 0.7050171624231486 2760
1746695181397 0.7099803496580166 2779
1746695211056 0.7105960041493427 2798
1746695406252 0.7037816366289121 2800
1746695436244 0.7094237305288725 2819
1746695466008 0.7097737258903798 2838
1746695661917 0.703701517208808 2840
1746695691672 0.7088924122692349 2859
1746695721729 0.7096851728471069 2878
1746695917024 0.7034991102527557 2880
1746695946780 0.7098833629915748 2899
1746695976870 0.7097905931367174 2918
1746696172438 0.7071297850269455 2920
1746696202433 0.7097948099483019 2939
1746696232161 0.7091665050222226 2958
1746696427527 0.7079562800974927 2960
1746696457565 0.7092887925581709 2979
1746696487217 0.7094321641520414 2998
1746696682529 0.7074544795189461 3000
1746696712591 0.7090737351673653 3019
1746696742239 0.7086098858930785 3038
1746696937820 0.7071424354616987 3040
1746696967987 0.7096430047312626 3059
1746696997726 0.7088375937186374 3078
1746697193694 0.7070327983605037 3080
1746697223822 0.7083653108211819 3099
1746697253596 0.7088544609649752 3118
1746697445034 0.7067418383611783 3120
1746697473664 0.7093436111087684 3139
1746697502832 0.7083104922705844 3158
1746697694937 0.7082978418358311 3160
1746697724525 0.7085339832845589 3179
1746697754467 0.7082641073431557 3198
1746697948694 0.7086436203857539 3200
1746697978704 0.708276757777909 3219
1746698008269 0.7084285629949483 3238
1746698203313 0.7083990453138573 3240
1746698233478 0.7081249525608697 3259
1746698263173 0.7083990453138573 3278
1746698459071 0.7086351867625851 3280
1746698489138 0.7087448238637801 3299
1746698518975 0.7088797618344818 3318
1746698715448 0.7089936157472612 3320
1746698745697 0.7087153061826892 3339
1746698775721 0.7090231334283521 3358
1746698972735 0.709061084732612 3360
1746699003071 0.708555067342481 3379
1746699032906 0.7086942221247671 3398
1746699229970 0.7097905931367174 3400
1746699259962 0.7086351867625851 3419
1746699290307 0.7082598905315712 3438
1746699487522 0.7095249340068988 3440
1746699517509 0.708217722415727 3459
1746699547892 0.7081755542998828 3478
1746699744669 0.7097399913977044 3480
1746699775031 0.7082725409663245 3499
1746699804823 0.7081123021261164 3518
1746700001637 0.7096936064702757 3520
1746700031972 0.7088586777765596 3539
1746700061945 0.7084454302412859 3558
1746700258957 0.7094068632825348 3560
1746700289104 0.7083695276327663 3579
1746700318625 0.7082851914010778 3598
1746700513640 0.7090779519789496 3600
1746700543692 0.7083779612559351 3619
1746700573432 0.7081376029956229 3638
1746700769642 0.709558668499574 3640
1746700799843 0.7080321827060123 3659
1746700829672 0.7080827844450255 3678
1746701026735 0.7096640887891847 3680
1746701056770 0.7078677270542197 3699
1746701087095 0.7079857977785836 3718
1746701283762 0.7095249340068988 3720
1746701313645 0.7080870012566098 3739
1746701344009 0.7082725409663245 3758
1746701540801 0.7094658986447168 3760
1746701570998 0.7087279566174424 3779
1746701600826 0.7079562800974927 3798
1746701798112 0.7094405977752102 3800
1746701828551 0.7080026650249214 3819
1746701858531 0.7080363995175968 3838
1746702055845 0.7095291508184831 3840
1746702086125 0.7079773641554148 3859
1746702116034 0.7080363995175968 3878
1746702312658 0.7095207171953143 3880
1746702342955 0.7074755635768682 3899
1746702372870 0.7078972447353107 3918
1746702569574 0.7094827658910544 3920
1746702599745 0.7074123114031019 3939
1746702629458 0.70782977574996 3958
1746702825474 0.7098664957452371 3960
1746702855328 0.7073279751714134 3979
1746702885291 0.7078129085036222 3998
