1746679355323 0.6903051733970642 0
1746679374224 0.6897935271263123 19
1746679393376 0.6891967058181763 38
1746679518072 0.6868066191673279 40
1746679537203 0.6864080429077148 59
1746679556128 0.6861245036125183 78
1746679681480 0.6845384836196899 80
1746679700498 0.6840447783470154 99
1746679719716 0.6835538148880005 118
1746679845686 0.6819941401481628 120
1746679864830 0.6815415620803833 139
1746679884097 0.6812387704849243 158
1746680010518 0.6793636083602905 160
1746680029908 0.6788559556007385 179
1746680049152 0.6783873438835144 198
1746680175899 0.6762202382087708 200
1746680195096 0.6757158041000366 219
1746680214490 0.6755732893943787 238
1746680341386 0.6734052300453186 240
1746680360640 0.6730088591575623 259
1746680380031 0.6729184985160828 278
1746680506971 0.6696693897247314 280
1746680526234 0.6689595580101013 299
1746680545684 0.6684674620628357 318
1746680673510 0.663991391658783 320
1746680693336 0.6633691191673279 339
1746680713137 0.6630390286445618 358
1746680841584 0.6570876836776733 360
1746680861214 0.655929446220398 379
1746680880735 0.654877781867981 398
1746681010095 0.6478148698806763 400
1746681029919 0.6471181511878967 419
1746681049569 0.6469924449920654 438
1746681179314 0.639772355556488 440
1746681199010 0.6385078430175781 459
1746681218830 0.6371710300445557 478
1746681348610 0.627993643283844 480
1746681368364 0.626803994178772 499
1746681388254 0.6262931227684021 518
1746681518267 0.6197517514228821 520
1746681537946 0.6181976199150085 539
1746681557885 0.6174824833869934 558
1746681688102 0.6116243004798889 560
1746681707895 0.6102992296218872 579
1746681727407 0.6096286177635193 598
1746681856291 0.6012846827507019 600
1746681875823 0.5997347235679626 619
1746681895497 0.599277913570404 638
1746682024334 0.5930309295654297 640
1746682043888 0.5910418033599854 659
1746682063626 0.5902665853500366 678
1746682192527 0.582516610622406 680
1746682212257 0.5806388854980469 699
1746682231780 0.5799301862716675 718
1746682360744 0.5725629329681396 720
1746682380433 0.5711454749107361 739
1746682399990 0.5707411170005798 758
1746682580396 0.5662457346916199 760
1746682609865 0.564207136631012 779
1746682638952 0.5640494227409363 798
1746682830385 0.5582507848739624 800
1746682859925 0.5572845339775085 819
1746682888975 0.5568121671676636 838
1746683080684 0.5527357459068298 840
1746683110264 0.551024854183197 859
1746683139510 0.5506726503372192 878
1746683331791 0.5461902022361755 880
1746683360914 0.5446352362632751 899
1746683390382 0.5443926453590393 918
1746683578558 0.5415605306625366 920
1746683607297 0.5396313071250916 939
1746683636551 0.5392768979072571 958
1746683826617 0.5364159345626831 960
1746683855899 0.5345255136489868 979
1746683884812 0.5339442491531372 998
1746684075242 0.5308343768119812 1000
1746684104555 0.5304759740829468 1019
1746684133480 0.5301437377929688 1038
1746684323958 0.5262566208839417 1040
1746684353405 0.5243493914604187 1059
1746684382324 0.524292528629303 1078
1746684572657 0.5231799483299255 1080
1746684602027 0.5212358832359314 1099
1746684631033 0.5209890604019165 1118
1746684821287 0.5165505409240723 1120
1746684850474 0.5174499154090881 1139
1746684879303 0.5176350474357605 1158
1746685070141 0.5159975290298462 1160
1746685099179 0.5143682360649109 1179
1746685128612 0.5138592720031738 1198
1746685319541 0.5148592591285706 1200
1746685348610 0.5123787522315979 1219
1746685377977 0.5115084052085876 1238
1746685568844 0.5127319693565369 1240
1746685598175 0.5093243718147278 1259
1746685627190 0.5097953677177429 1278
1746685817878 0.5093693137168884 1280
1746685847364 0.507850170135498 1299
1746685876361 0.5080803036689758 1318
1746686067799 0.5066629648208618 1320
1746686097215 0.5072444081306458 1339
1746686126281 0.5068269968032837 1358
1746686317550 0.5091643333435059 1360
1746686346983 0.5063350200653076 1379
1746686376031 0.5055255889892578 1398
1746686568005 0.5081380009651184 1400
1746686597394 0.5058801174163818 1419
1746686626526 0.5050261616706848 1438
1746686818757 0.5054458975791931 1440
1746686847890 0.5038970708847046 1459
1746686877338 0.5041821002960205 1478
1746687069344 0.506923258304596 1480
1746687098341 0.5030536651611328 1499
1746687127960 0.5037917494773865 1518
1746687320063 0.5065956711769104 1520
1746687349789 0.5022225379943848 1539
1746687379025 0.5031163096427917 1558
1746687571458 0.49971744418144226 1560
1746687600996 0.5023489594459534 1579
1746687630552 0.5022945404052734 1598
1746687822915 0.5061211585998535 1600
1746687852427 0.5013412237167358 1619
1746687881625 0.5021118521690369 1638
1746688073676 0.5058044791221619 1640
1746688103179 0.5010837316513062 1659
1746688132500 0.5018266439437866 1678
1746688324882 0.5035178065299988 1680
1746688354615 0.5017501711845398 1699
1746688383933 0.5011072754859924 1718
1746688576365 0.5053967237472534 1720
1746688605555 0.5017655491828918 1739
1746688635195 0.5006425380706787 1758
1746688827649 0.4986512064933777 1760
1746688856921 0.5010734796524048 1779
1746688886422 0.5007147192955017 1798
1746689078470 0.5037822723388672 1800
1746689107930 0.5013808608055115 1819
1746689137151 0.5003583431243896 1838
1746689329317 0.5008068680763245 1840
1746689358787 0.49979937076568604 1859
1746689387756 0.5000448226928711 1878
1746689580234 0.49900221824645996 1880
1746689609965 0.5006133317947388 1899
1746689639316 0.5000631213188171 1918
1746689832037 0.5042992830276489 1920
1746689861560 0.49984273314476013 1939
1746689890805 0.4998367428779602 1958
1746690083145 0.5025779604911804 1960
1746690112864 0.5000715851783752 1979
1746690142026 0.4995535612106323 1998
1746690334992 0.5016409754753113 2000
1746690364348 0.49990779161453247 2019
1746690393980 0.49929067492485046 2038
1746690586893 0.5038146376609802 2040
1746690616263 0.49877139925956726 2059
1746690646044 0.4993882477283478 2078
1746690838825 0.5041432976722717 2080
1746690868546 0.498663991689682 2099
1746690897983 0.499534547328949 2118
1746691090520 0.5032086968421936 2120
1746691120233 0.5001906156539917 2139
1746691149530 0.4994112551212311 2158
1746691342741 0.5042119026184082 2160
1746691372318 0.4981137812137604 2179
1746691401627 0.4996010363101959 2198
1746691594660 0.5038222670555115 2200
1746691624461 0.49844440817832947 2219
1746691653832 0.49934279918670654 2238
1746691847163 0.5043193697929382 2240
1746691876791 0.4988998472690582 2259
1746691906130 0.4990549087524414 2278
1746692099956 0.5042999386787415 2280
1746692129333 0.498465895652771 2299
1746692159088 0.4994144141674042 2318
1746692352524 0.5040340423583984 2320
1746692381904 0.5004689693450928 2339
1746692411794 0.49916961789131165 2358
1746692606547 0.5046746730804443 2360
1746692636480 0.4986671507358551 2379
1746692665930 0.49936366081237793 2398
1746692860875 0.5044137835502625 2400
1746692890748 0.49859845638275146 2419
1746692920191 0.4991566240787506 2438
1746693113946 0.5007395148277283 2440
1746693143693 0.49870333075523376 2459
1746693173218 0.49904394149780273 2478
1746693367646 0.5003026127815247 2480
1746693397393 0.49916425347328186 2499
1746693427011 0.49908339977264404 2518
1746693621508 0.5011003017425537 2520
1746693651577 0.49951764941215515 2539
1746693681247 0.49884286522865295 2558
1746693876356 0.5004869699478149 2560
1746693906005 0.49848419427871704 2579
1746693935932 0.4987834393978119 2598
1746694130310 0.5010680556297302 2600
1746694159793 0.49894070625305176 2619
1746694189729 0.49889910221099854 2638
1746694385130 0.5005601048469543 2640
1746694415258 0.4995686411857605 2659
1746694445008 0.4990227520465851 2678
1746694640675 0.49918895959854126 2680
1746694670904 0.49847906827926636 2699
1746694700593 0.49875137209892273 2718
1746694896043 0.49882712960243225 2720
1746694926093 0.498486191034317 2739
1746694955833 0.4984075427055359 2758
1746695151257 0.49935460090637207 2760
1746695181397 0.4988687038421631 2779
1746695211056 0.4988408088684082 2798
1746695406252 0.49951791763305664 2800
1746695436244 0.49901047348976135 2819
1746695466008 0.4989982545375824 2838
1746695661917 0.4996931254863739 2840
1746695691672 0.4990905225276947 2859
1746695721729 0.4990202486515045 2878
1746695917024 0.4994678497314453 2880
1746695946780 0.4987122714519501 2899
1746695976870 0.4987837076187134 2918
1746696172438 0.4991910457611084 2920
1746696202433 0.498899906873703 2939
1746696232161 0.49899041652679443 2958
1746696427527 0.49879124760627747 2960
1746696457565 0.4988041818141937 2979
1746696487217 0.49883583188056946 2998
1746696682529 0.49885472655296326 3000
1746696712591 0.498949259519577 3019
1746696742239 0.49905848503112793 3038
1746696937820 0.4988178014755249 3040
1746696967987 0.4986266791820526 3059
1746696997726 0.49878332018852234 3078
1746697193694 0.4987854063510895 3080
1746697223822 0.4988234043121338 3099
1746697253596 0.4987948536872864 3118
1746697445034 0.49881526827812195 3120
1746697473664 0.4985998570919037 3139
1746697502832 0.4988247752189636 3158
1746697694937 0.49878332018852234 3160
1746697724525 0.49887382984161377 3179
1746697754467 0.49893301725387573 3198
1746697948694 0.49868929386138916 3200
1746697978704 0.49884703755378723 3219
1746698008269 0.49882972240448 3238
1746698203313 0.49878254532814026 3240
1746698233478 0.49888768792152405 3259
1746698263173 0.4988599717617035 3278
1746698459071 0.4985610246658325 3280
1746698489138 0.49867263436317444 3299
1746698518975 0.4986599087715149 3318
1746698715448 0.4983004629611969 3320
1746698745697 0.49847492575645447 3339
1746698775721 0.49845853447914124 3358
1746698972735 0.4982300102710724 3360
1746699003071 0.4984402060508728 3379
1746699032906 0.4984472393989563 3398
1746699229970 0.49831995368003845 3400
1746699259962 0.4985668957233429 3419
1746699290307 0.4986271858215332 3438
1746699487522 0.4983736276626587 3440
1746699517509 0.49861976504325867 3459
1746699547892 0.4986407458782196 3478
1746699744669 0.49835100769996643 3480
1746699775031 0.49862462282180786 3499
1746699804823 0.4986727833747864 3518
1746700001637 0.4983069598674774 3520
1746700031972 0.49846723675727844 3539
1746700061945 0.49854543805122375 3558
1746700258957 0.4983764588832855 3560
1746700289104 0.498592734336853 3579
1746700318625 0.49861717224121094 3598
1746700513640 0.4984070360660553 3600
1746700543692 0.49856624007225037 3619
1746700573432 0.4986095428466797 3638
1746700769642 0.49848508834838867 3640
1746700799843 0.4987371861934662 3659
1746700829672 0.4987354874610901 3678
1746701026735 0.4984872043132782 3680
1746701056770 0.49876680970191956 3699
1746701087095 0.4987469017505646 3718
1746701283762 0.49847373366355896 3720
1746701313645 0.4987139105796814 3739
1746701344009 0.4986974895000458 3758
1746701540801 0.4985007643699646 3760
1746701570998 0.49864932894706726 3779
1746701600826 0.49878400564193726 3798
1746701798112 0.4985227584838867 3800
1746701828551 0.4987679421901703 3819
1746701858531 0.4987753927707672 3838
1746702055845 0.49851319193840027 3840
1746702086125 0.49877089262008667 3859
1746702116034 0.49876055121421814 3878
1746702312658 0.49858561158180237 3880
1746702342955 0.49890509247779846 3899
1746702372870 0.4988377094268799 3918
1746702569574 0.49853819608688354 3920
1746702599745 0.4988725483417511 3939
1746702629458 0.4988076984882355 3958
1746702825474 0.4984751045703888 3960
1746702855328 0.49886858463287354 3979
1746702885291 0.4987974464893341 3998
