1751910541476 0.001 0
1751910571825 0.001 1
1751910602200 0.001 2
1751910632550 0.001 3
1751910662895 0.001 4
1751910693174 0.001 5
1751910723409 0.001 6
1751910753655 0.001 7
1751910783939 0.001 8
1751910814300 0.001 9
1751910844545 0.001 10
1751910874791 0.001 11
1751910905000 0.001 12
1751910935294 0.001 13
1751910965545 0.001 14
1751910995782 0.001 15
1751911026058 0.001 16
1751911056425 0.001 17
1751911086753 0.001 18
1751911117066 0.001 19
1751911147402 0.001 20
1751911177699 0.001 21
1751911208075 0.001 22
1751911238487 0.001 23
1751911268828 0.001 24
1751911359064 0.001 25
1751911510500 0.001 26
1751911606259 0.001 27
1751911651297 0.001 28
1751911681561 0.001 29
1751911711878 0.001 30
1751911742230 0.001 31
1751911772496 0.001 32
1751911802796 0.001 33
1751911833125 0.001 34
1751911863404 0.001 35
1751911893679 0.001 36
1751911923979 0.001 37
1751911954253 0.001 38
1751911984592 0.001 39
1751913621192 0.001 40
1751913651489 0.001 41
1751913681768 0.001 42
1751913712106 0.001 43
1751913742406 0.001 44
1751913772791 0.001 45
1751913803111 0.001 46
1751913833392 0.001 47
1751913863727 0.001 48
1751913894058 0.001 49
1751913924357 0.001 50
1751913954596 0.001 51
1751913984936 0.001 52
1751914015252 0.001 53
1751914045549 0.001 54
1751914075804 0.001 55
1751914106176 0.001 56
1751914136502 0.001 57
1751914166785 0.001 58
1751914197077 0.001 59
1751914227392 0.001 60
1751914257669 0.001 61
1751914288037 0.001 62
1751914318405 0.001 63
1751914348763 0.001 64
1751914379021 0.001 65
1751914409313 0.001 66
1751914439670 0.001 67
1751914469931 0.001 68
1751914500204 0.001 69
1751914530424 0.001 70
1751914560766 0.001 71
1751914591065 0.001 72
1751914621342 0.001 73
1751914651617 0.001 74
1751914682139 0.001 75
1751914712462 0.001 76
1751914742764 0.001 77
1751914773042 0.001 78
1751914803359 0.001 79
1751916444844 0.001 80
1751916475486 0.001 81
1751916505752 0.001 82
1751916536005 0.001 83
1751916566634 0.001 84
1751916596943 0.001 85
1751916627273 0.001 86
1751916657446 0.001 87
1751916688099 0.001 88
1751916718778 0.001 89
1751916749399 0.001 90
1751916779962 0.001 91
1751916810316 0.001 92
1751916840924 0.001 93
1751916871214 0.001 94
1751916901951 0.001 95
1751916932548 0.001 96
1751916963154 0.001 97
1751916993548 0.001 98
1751917024225 0.001 99
1751917054811 0.001 100
1751917085074 0.001 101
1751917115680 0.001 102
1751917146199 0.001 103
1751917176873 0.001 104
1751917207502 0.001 105
1751917238153 0.001 106
1751917268483 0.001 107
1751917298835 0.001 108
1751917329507 0.001 109
1751917360130 0.001 110
1751917390757 0.001 111
1751917421377 0.001 112
1751917451990 0.001 113
1751917482270 0.001 114
1751917512574 0.001 115
1751917542874 0.001 116
1751917573416 0.001 117
1751917604048 0.001 118
1751917634657 0.001 119
1751919283429 0.001 120
1751919314069 0.001 121
1751919344737 0.001 122
1751919375347 0.001 123
1751919405991 0.001 124
1751919436633 0.001 125
1751919467302 0.001 126
1751919497888 0.001 127
1751919528498 0.001 128
1751919559085 0.001 129
1751919589721 0.001 130
1751919620308 0.001 131
1751919650927 0.001 132
1751919681507 0.001 133
1751919712119 0.001 134
1751919742669 0.001 135
1751919773327 0.001 136
1751919803886 0.001 137
1751919834572 0.001 138
1751919865205 0.001 139
1751919895827 0.001 140
1751919926472 0.001 141
1751919957084 0.001 142
1751919987722 0.001 143
1751920018348 0.001 144
1751920049051 0.001 145
1751920079699 0.001 146
1751920110397 0.001 147
1751920141028 0.001 148
1751920171615 0.001 149
1751920202320 0.001 150
1751920233035 0.001 151
1751920263647 0.001 152
1751920294269 0.001 153
1751920324891 0.001 154
1751920355538 0.001 155
1751920386104 0.001 156
1751920416748 0.001 157
1751920447332 0.001 158
1751920477902 0.001 159
1751922127392 0.001 160
1751922157988 0.001 161
1751922188626 0.001 162
1751922219168 0.001 163
1751922249749 0.001 164
1751922280260 0.001 165
1751922310849 0.001 166
1751922341434 0.001 167
1751922372040 0.001 168
1751922402609 0.001 169
1751922433240 0.001 170
1751922463827 0.001 171
1751922494393 0.001 172
1751922525010 0.001 173
1751922555593 0.001 174
1751922586142 0.001 175
1751922616712 0.001 176
1751922647290 0.001 177
1751922677875 0.001 178
1751922708407 0.001 179
1751922738987 0.001 180
1751922769571 0.001 181
1751922800060 0.001 182
1751922830627 0.001 183
1751922861232 0.001 184
1751922891808 0.001 185
1751922922384 0.001 186
1751922952970 0.001 187
1751922983506 0.001 188
1751923014080 0.001 189
1751923044678 0.001 190
1751923075238 0.001 191
1751923105871 0.001 192
1751923136434 0.001 193
1751923167049 0.001 194
1751923197671 0.001 195
1751923228270 0.001 196
1751923258843 0.001 197
1751923289440 0.001 198
1751923320071 0.001 199
1751924960877 0.001 200
1751924991170 0.001 201
1751925021508 0.001 202
1751925051897 0.001 203
1751925082225 0.001 204
1751925112635 0.001 205
1751925143030 0.001 206
1751925173461 0.001 207
1751925203850 0.001 208
1751925234198 0.001 209
1751925264476 0.001 210
1751925294882 0.001 211
1751925325233 0.001 212
1751925355550 0.001 213
1751925385916 0.001 214
1751925416259 0.001 215
1751925446605 0.001 216
1751925476971 0.001 217
1751925507322 0.001 218
1751925537709 0.001 219
1751925568130 0.001 220
1751925598481 0.001 221
1751925628824 0.001 222
1751925659184 0.001 223
1751925689576 0.001 224
1751925719937 0.001 225
1751925750329 0.001 226
1751925780604 0.001 227
1751925810954 0.001 228
1751925841446 0.001 229
1751925871870 0.001 230
1751925902174 0.001 231
1751925932521 0.001 232
1751925962891 0.001 233
1751925993298 0.001 234
1751926023665 0.001 235
1751926054129 0.001 236
1751926084467 0.001 237
1751926114745 0.001 238
1751926145142 0.001 239
1751927784037 0.001 240
1751927814367 0.001 241
1751927844657 0.001 242
1751927875000 0.001 243
1751927905264 0.001 244
1751927935629 0.001 245
1751927965903 0.001 246
1751927996200 0.001 247
1751928026510 0.001 248
1751928056892 0.001 249
1751928087153 0.001 250
1751928117512 0.001 251
1751928147875 0.001 252
1751928178246 0.001 253
1751928208621 0.001 254
1751928238989 0.001 255
1751928269362 0.001 256
1751928299706 0.001 257
1751928329964 0.001 258
1751928360316 0.001 259
1751928390686 0.001 260
1751928421059 0.001 261
1751928451391 0.001 262
1751928481669 0.001 263
1751928511961 0.001 264
1751928542315 0.001 265
1751928572688 0.001 266
1751928603015 0.001 267
1751928633318 0.001 268
1751928663667 0.001 269
1751928694017 0.001 270
1751928724384 0.001 271
1751928754668 0.001 272
1751928784993 0.001 273
1751928815264 0.001 274
1751928845612 0.001 275
1751928875952 0.001 276
1751928906266 0.001 277
1751928936644 0.001 278
1751928966979 0.001 279
1751930605390 0.001 280
1751930636013 0.001 281
1751930666378 0.001 282
1751930696686 0.001 283
1751930727044 0.001 284
1751930757314 0.001 285
1751930787631 0.001 286
1751930818000 0.001 287
1751930848362 0.001 288
1751930878685 0.001 289
1751930909094 0.001 290
1751930939418 0.001 291
1751930969748 0.001 292
1751930999965 0.001 293
1751931030351 0.001 294
1751931060646 0.001 295
1751931090951 0.001 296
1751931121232 0.001 297
1751931151553 0.001 298
1751931181899 0.001 299
1751931212250 0.001 300
1751931242485 0.001 301
1751931272951 0.001 302
1751931303252 0.001 303
1751931333553 0.001 304
1751931363861 0.001 305
1751931394160 0.001 306
1751931424457 0.001 307
1751931454796 0.001 308
1751931485194 0.001 309
1751931515566 0.001 310
1751931545927 0.001 311
1751931576224 0.001 312
1751931606565 0.001 313
1751931637133 0.001 314
1751931667527 0.001 315
1751931697829 0.001 316
1751931728132 0.001 317
1751931758500 0.001 318
1751931788787 0.001 319
1751933431980 0.001 320
1751933462324 0.001 321
1751933493095 0.001 322
1751933523762 0.001 323
1751933554166 0.001 324
1751933584834 0.001 325
1751933615952 0.001 326
1751933646327 0.001 327
1751933676729 0.001 328
1751933707409 0.001 329
1751933738645 0.001 330
1751933768908 0.001 331
1751933799215 0.001 332
1751933829830 0.001 333
1751933860147 0.001 334
1751933890372 0.001 335
1751933920997 0.001 336
1751933951645 0.001 337
1751933982597 0.001 338
1751934013208 0.001 339
1751934043814 0.001 340
1751934074166 0.001 341
1751934104817 0.001 342
1751934135047 0.001 343
1751934165635 0.001 344
1751934196239 0.001 345
1751934226641 0.001 346
1751934256997 0.001 347
1751934287567 0.001 348
1751934318195 0.001 349
1751934348756 0.001 350
1751934379320 0.001 351
1751934409564 0.001 352
1751934440209 0.001 353
1751934470900 0.001 354
1751934501436 0.001 355
1751934531784 0.001 356
1751934562414 0.001 357
1751934593018 0.001 358
1751934623673 0.001 359
1751936278543 0.001 360
1751936309098 0.001 361
1751936339756 0.001 362
1751936370400 0.001 363
1751936400992 0.001 364
1751936431874 0.001 365
1751936462459 0.001 366
1751936493144 0.001 367
1751936523748 0.001 368
1751936554409 0.001 369
1751936585083 0.001 370
1751936615733 0.001 371
1751936646403 0.001 372
1751936676987 0.001 373
1751936708013 0.001 374
1751936738595 0.001 375
1751936769176 0.001 376
1751936799764 0.001 377
1751936830396 0.001 378
1751936861070 0.001 379
1751936891704 0.001 380
1751936922274 0.001 381
1751936952800 0.001 382
1751936983408 0.001 383
1751937014058 0.001 384
1751937044726 0.001 385
1751937075519 0.001 386
1751937106124 0.001 387
1751937136697 0.001 388
1751937167306 0.001 389
1751937198124 0.001 390
1751937228735 0.001 391
1751937259385 0.001 392
1751937290279 0.001 393
1751937320954 0.001 394
1751937351507 0.001 395
1751937382330 0.001 396
1751937412973 0.001 397
1751937443691 0.001 398
1751937474286 0.001 399
1751939135118 0.001 400
1751939165709 0.001 401
1751939196256 0.001 402
1751939226689 0.001 403
1751939257198 0.001 404
1751939287689 0.001 405
1751939318214 0.001 406
1751939348687 0.001 407
1751939379651 0.001 408
1751939410161 0.001 409
1751939440683 0.001 410
1751939471229 0.001 411
1751939501792 0.001 412
1751939532220 0.001 413
1751939562683 0.001 414
1751939593277 0.001 415
1751939623742 0.001 416
1751939654278 0.001 417
1751939684675 0.001 418
1751939715220 0.001 419
1751939745687 0.001 420
1751939776122 0.001 421
1751939806599 0.001 422
1751939837446 0.001 423
1751939867941 0.001 424
1751939898418 0.001 425
1751939928817 0.001 426
1751939959278 0.001 427
1751939989797 0.001 428
1751940020241 0.001 429
1751940050680 0.001 430
1751940081198 0.001 431
1751940111637 0.001 432
1751940142167 0.001 433
1751940172676 0.001 434
1751940203094 0.001 435
1751940233596 0.001 436
1751940264131 0.001 437
1751940294618 0.001 438
1751940325305 0.001 439
1751941974162 0.001 440
1751942004631 0.001 441
1751942035090 0.001 442
1751942065593 0.001 443
1751942096123 0.001 444
1751942126628 0.001 445
1751942157225 0.001 446
1751942187713 0.001 447
1751942218176 0.001 448
1751942248571 0.001 449
1751942278982 0.001 450
1751942309404 0.001 451
1751942339758 0.001 452
1751942370296 0.001 453
1751942400773 0.001 454
1751942431221 0.001 455
1751942461687 0.001 456
1751942492209 0.001 457
1751942522914 0.001 458
1751942553479 0.001 459
1751942584033 0.001 460
1751942614534 0.001 461
1751942645386 0.001 462
1751942675901 0.001 463
1751942706267 0.001 464
1751942736697 0.001 465
1751942767202 0.001 466
1751942797756 0.001 467
1751942828242 0.001 468
1751942858612 0.001 469
1751942889053 0.001 470
1751942919764 0.001 471
1751942950261 0.001 472
1751942980702 0.001 473
1751943011182 0.001 474
1751943041656 0.001 475
1751943072179 0.001 476
1751943102626 0.001 477
1751943133090 0.001 478
1751943163609 0.001 479
1751944810219 0.001 480
1751944840972 0.001 481
1751944871738 0.001 482
1751944902131 0.001 483
1751944932681 0.001 484
1751944963230 0.001 485
1751944993610 0.001 486
1751945024016 0.001 487
1751945054439 0.001 488
1751945084965 0.001 489
1751945115403 0.001 490
1751945145863 0.001 491
1751945176287 0.001 492
1751945206815 0.001 493
1751945237253 0.001 494
1751945267882 0.001 495
1751945298380 0.001 496
1751945329083 0.001 497
1751945359567 0.001 498
1751945390094 0.001 499
1751945420552 0.001 500
1751945451104 0.001 501
1751945481742 0.001 502
1751945512149 0.001 503
1751945542592 0.001 504
1751945573086 0.001 505
1751945603616 0.001 506
1751945634007 0.001 507
1751945664441 0.001 508
1751945694961 0.001 509
1751945725364 0.001 510
1751945755826 0.001 511
1751945786244 0.001 512
1751945816652 0.001 513
1751945847388 0.001 514
1751945877821 0.001 515
1751945908435 0.001 516
1751945938892 0.001 517
1751945969306 0.001 518
1751945999791 0.001 519
1751947648233 0.001 520
1751947679020 0.001 521
1751947709460 0.001 522
1751947739819 0.001 523
1751947770128 0.001 524
1751947800894 0.001 525
1751947832030 0.001 526
1751947862780 0.001 527
1751947893493 0.001 528
1751947924256 0.001 529
1751947955051 0.001 530
1751947985465 0.001 531
1751948015894 0.001 532
1751948046382 0.001 533
1751948077087 0.001 534
1751948107567 0.001 535
1751948137967 0.001 536
1751948168431 0.001 537
1751948198835 0.001 538
1751948229315 0.001 539
1751948260039 0.001 540
1751948291017 0.001 541
1751948321743 0.001 542
1751948352564 0.001 543
1751948383752 0.001 544
1751948414198 0.001 545
1751948444593 0.001 546
1751948475438 0.001 547
1751948506221 0.001 548
1751948536556 0.001 549
1751948566986 0.001 550
1751948597370 0.001 551
1751948628380 0.001 552
1751948658840 0.001 553
1751948689576 0.001 554
1751948719945 0.001 555
1751948750255 0.001 556
1751948781049 0.001 557
1751948811789 0.001 558
1751948842612 0.001 559
1751950503210 0.001 560
1751950533992 0.001 561
1751950564776 0.001 562
1751950595624 0.001 563
1751950626589 0.001 564
1751950657295 0.001 565
1751950688026 0.001 566
1751950718822 0.001 567
1751950749652 0.001 568
1751950780408 0.001 569
1751950811064 0.001 570
1751950841949 0.001 571
1751950872897 0.001 572
1751950903653 0.001 573
1751950934354 0.001 574
1751950965384 0.001 575
1751950996218 0.001 576
1751951026975 0.001 577
1751951057687 0.001 578
1751951088645 0.001 579
1751951119473 0.001 580
1751951150245 0.001 581
1751951181252 0.001 582
1751951212109 0.001 583
1751951242859 0.001 584
1751951273599 0.001 585
1751951304330 0.001 586
1751951335108 0.001 587
1751951365912 0.001 588
1751951396656 0.001 589
1751951427398 0.001 590
1751951458084 0.001 591
1751951488838 0.001 592
1751951519851 0.001 593
1751951550669 0.001 594
1751951581423 0.001 595
1751951612398 0.001 596
1751951643142 0.001 597
1751951673948 0.001 598
1751951704742 0.001 599
1751953362486 0.001 600
1751953393179 0.001 601
1751953423881 0.001 602
1751953454688 0.001 603
1751953485587 0.001 604
1751953516288 0.001 605
1751953547025 0.001 606
1751953578163 0.001 607
1751953609101 0.001 608
1751953639828 0.001 609
1751953670540 0.001 610
1751953701283 0.001 611
1751953732077 0.001 612
1751953762890 0.001 613
1751953793637 0.001 614
1751953824373 0.001 615
1751953855152 0.001 616
1751953885906 0.001 617
1751953916810 0.001 618
1751953947588 0.001 619
1751953978322 0.001 620
1751954009086 0.001 621
1751954040033 0.001 622
1751954070841 0.001 623
1751954101518 0.001 624
1751954132241 0.001 625
1751954163241 0.001 626
1751954193954 0.001 627
1751954224674 0.001 628
1751954255934 0.001 629
1751954286836 0.001 630
1751954317536 0.001 631
1751954348266 0.001 632
1751954378939 0.001 633
1751954409651 0.001 634
1751954440401 0.001 635
1751954471127 0.001 636
1751954502292 0.001 637
1751954533002 0.001 638
1751954563809 0.001 639
1751956212754 0.001 640
1751956243224 0.001 641
1751956273657 0.001 642
1751956304315 0.001 643
1751956334792 0.001 644
1751956365206 0.001 645
1751956395653 0.001 646
1751956426119 0.001 647
1751956456679 0.001 648
1751956487146 0.001 649
1751956517682 0.001 650
1751956548537 0.001 651
1751956578944 0.001 652
1751956609451 0.001 653
1751956639918 0.001 654
1751956670758 0.001 655
1751956701243 0.001 656
1751956731696 0.001 657
1751956762197 0.001 658
1751956792980 0.001 659
1751956823854 0.001 660
1751956854280 0.001 661
1751956884716 0.001 662
1751956915561 0.001 663
1751956946145 0.001 664
1751956976606 0.001 665
1751957007149 0.001 666
1751957037598 0.001 667
1751957068370 0.001 668
1751957098785 0.001 669
1751957129267 0.001 670
1751957159868 0.001 671
1751957190373 0.001 672
1751957220829 0.001 673
1751957251289 0.001 674
1751957281768 0.001 675
1751957312346 0.001 676
1751957342848 0.001 677
1751957373353 0.001 678
1751957404150 0.001 679
1751959054355 0.001 680
1751959084829 0.001 681
1751959115455 0.001 682
1751959145815 0.001 683
1751959176301 0.001 684
1751959206680 0.001 685
1751959237189 0.001 686
1751959267679 0.001 687
1751959298146 0.001 688
1751959328575 0.001 689
1751959359017 0.001 690
1751959389472 0.001 691
1751959419929 0.001 692
1751959450326 0.001 693
1751959480825 0.001 694
1751959511253 0.001 695
1751959541735 0.001 696
1751959572877 0.001 697
1751959603353 0.001 698
1751959633848 0.001 699
1751959664260 0.001 700
1751959694724 0.001 701
1751959725145 0.001 702
1751959755618 0.001 703
1751959785973 0.001 704
1751959816421 0.001 705
1751959846940 0.001 706
1751959877579 0.001 707
1751959908050 0.001 708
1751959938498 0.001 709
1751959968911 0.001 710
1751959999354 0.001 711
1751960029822 0.001 712
1751960060332 0.001 713
1751960091413 0.001 714
1751960121847 0.001 715
1751960152302 0.001 716
1751960182798 0.001 717
1751960213242 0.001 718
1751960243774 0.001 719
1751961891026 0.001 720
1751961921453 0.001 721
1751961951900 0.001 722
1751961982283 0.001 723
1751962013016 0.001 724
1751962043388 0.001 725
1751962074120 0.001 726
1751962104634 0.001 727
1751962135026 0.001 728
1751962165531 0.001 729
1751962195973 0.001 730
1751962226436 0.001 731
1751962256761 0.001 732
1751962287146 0.001 733
1751962317546 0.001 734
1751962347925 0.001 735
1751962378384 0.001 736
1751962408873 0.001 737
1751962439310 0.001 738
1751962469782 0.001 739
1751962500166 0.001 740
1751962530994 0.001 741
1751962561452 0.001 742
1751962591897 0.001 743
1751962622685 0.001 744
1751962653176 0.001 745
1751962683636 0.001 746
1751962713947 0.001 747
1751962744679 0.001 748
1751962775083 0.001 749
1751962805505 0.001 750
1751962835942 0.001 751
1751962866376 0.001 752
1751962896719 0.001 753
1751962927161 0.001 754
1751962957769 0.001 755
1751962988255 0.001 756
1751963019096 0.001 757
1751963049577 0.001 758
1751963080014 0.001 759
1751964730566 0.001 760
1751964760985 0.001 761
1751964791759 0.001 762
1751964822501 0.001 763
1751964853447 0.001 764
1751964884253 0.001 765
1751964914657 0.001 766
1751964945425 0.001 767
1751964975772 0.001 768
1751965006556 0.001 769
1751965036933 0.001 770
1751965067308 0.001 771
1751965097650 0.001 772
1751965128426 0.001 773
1751965158874 0.001 774
1751965189212 0.001 775
1751965219996 0.001 776
1751965250797 0.001 777
1751965281604 0.001 778
1751965312339 0.001 779
1751965343107 0.001 780
1751965373942 0.001 781
1751965404730 0.001 782
1751965435469 0.001 783
1751965466256 0.001 784
1751965496997 0.001 785
1751965527366 0.001 786
1751965557788 0.001 787
1751965588311 0.001 788
1751965618831 0.001 789
1751965649538 0.001 790
1751965680338 0.001 791
1751965710773 0.001 792
1751965741485 0.001 793
1751965772308 0.001 794
1751965803092 0.001 795
1751965833506 0.001 796
1751965864289 0.001 797
1751965895055 0.001 798
1751965925745 0.001 799
1751967593443 0.0005 800
1751967624169 0.0005 801
1751967655004 0.0005 802
1751967685742 0.0005 803
1751967716481 0.0005 804
1751967747288 0.0005 805
1751967777995 0.0005 806
1751967808841 0.0005 807
1751967839561 0.0005 808
1751967870357 0.0005 809
1751967901064 0.0005 810
1751967931762 0.0005 811
1751967962521 0.0005 812
1751967993327 0.0005 813
1751968024081 0.0005 814
1751968054885 0.0005 815
1751968085707 0.0005 816
1751968116428 0.0005 817
1751968147129 0.0005 818
1751968177920 0.0005 819
1751968208751 0.0005 820
1751968239537 0.0005 821
1751968270263 0.0005 822
1751968300977 0.0005 823
1751968331743 0.0005 824
1751968362468 0.0005 825
1751968393284 0.0005 826
1751968424057 0.0005 827
1751968454867 0.0005 828
1751968485625 0.0005 829
1751968516428 0.0005 830
1751968547198 0.0005 831
1751968577894 0.0005 832
1751968608887 0.0005 833
1751968639765 0.0005 834
1751968670501 0.0005 835
1751968701269 0.0005 836
1751968732057 0.0005 837
1751968762872 0.0005 838
1751968793710 0.0005 839
1751970451338 0.0005 840
1751970482062 0.0005 841
1751970512912 0.0005 842
1751970543639 0.0005 843
1751970574314 0.0005 844
1751970605060 0.0005 845
1751970635825 0.0005 846
1751970666569 0.0005 847
1751970697307 0.0005 848
1751970727989 0.0005 849
1751970758688 0.0005 850
1751970789376 0.0005 851
1751970820135 0.0005 852
1751970850852 0.0005 853
1751970881698 0.0005 854
1751970912478 0.0005 855
1751970943235 0.0005 856
1751970973956 0.0005 857
1751971004713 0.0005 858
1751971035464 0.0005 859
1751971066196 0.0005 860
1751971096905 0.0005 861
1751971127611 0.0005 862
1751971158331 0.0005 863
1751971189033 0.0005 864
1751971219721 0.0005 865
1751971250478 0.0005 866
1751971281205 0.0005 867
1751971311928 0.0005 868
1751971342683 0.0005 869
1751971373417 0.0005 870
1751971404186 0.0005 871
1751971434853 0.0005 872
1751971465556 0.0005 873
1751971496316 0.0005 874
1751971527048 0.0005 875
1751971557861 0.0005 876
1751971588575 0.0005 877
1751971619243 0.0005 878
1751971649914 0.0005 879
1751973297265 0.0005 880
1751973327808 0.0005 881
1751973358322 0.0005 882
1751973388919 0.0005 883
1751973419394 0.0005 884
1751973449897 0.0005 885
1751973480462 0.0005 886
1751973510921 0.0005 887
1751973541416 0.0005 888
1751973571892 0.0005 889
1751973602337 0.0005 890
1751973632814 0.0005 891
1751973663323 0.0005 892
1751973693775 0.0005 893
1751973724293 0.0005 894
1751973754814 0.0005 895
1751973785261 0.0005 896
1751973815762 0.0005 897
1751973846269 0.0005 898
1751973876773 0.0005 899
1751973907279 0.0005 900
1751973937841 0.0005 901
1751973968319 0.0005 902
1751973998901 0.0005 903
1751974029399 0.0005 904
1751974059867 0.0005 905
1751974090386 0.0005 906
1751974120874 0.0005 907
1751974151340 0.0005 908
1751974181803 0.0005 909
1751974212268 0.0005 910
1751974242805 0.0005 911
1751974273290 0.0005 912
1751974303823 0.0005 913
1751974334422 0.0005 914
1751974364858 0.0005 915
1751974395349 0.0005 916
1751974425883 0.0005 917
1751974456419 0.0005 918
1751974486855 0.0005 919
1751976133458 0.0005 920
1751976163906 0.0005 921
1751976194356 0.0005 922
1751976224830 0.0005 923
1751976255303 0.0005 924
1751976285795 0.0005 925
1751976316210 0.0005 926
1751976346654 0.0005 927
1751976377127 0.0005 928
1751976407503 0.0005 929
1751976437932 0.0005 930
1751976468350 0.0005 931
1751976498829 0.0005 932
1751976529293 0.0005 933
1751976559779 0.0005 934
1751976590277 0.0005 935
1751976620762 0.0005 936
1751976651180 0.0005 937
1751976681630 0.0005 938
1751976712157 0.0005 939
1751976742653 0.0005 940
1751976773068 0.0005 941
1751976803612 0.0005 942
1751976834064 0.0005 943
1751976864457 0.0005 944
1751976894965 0.0005 945
1751976925505 0.0005 946
1751976955960 0.0005 947
1751976986351 0.0005 948
1751977016787 0.0005 949
1751977047279 0.0005 950
1751977078007 0.0005 951
1751977108580 0.0005 952
1751977139085 0.0005 953
1751977169531 0.0005 954
1751977199930 0.0005 955
1751977230545 0.0005 956
1751977261073 0.0005 957
1751977292137 0.0005 958
1751977322608 0.0005 959
1751978972035 0.0005 960
1751979002873 0.0005 961
1751979033297 0.0005 962
1751979063662 0.0005 963
1751979094532 0.0005 964
1751979124958 0.0005 965
1751979155363 0.0005 966
1751979185801 0.0005 967
1751979216217 0.0005 968
1751979246652 0.0005 969
1751979277086 0.0005 970
1751979307496 0.0005 971
1751979337873 0.0005 972
1751979368709 0.0005 973
1751979399912 0.0005 974
1751979430811 0.0005 975
1751979461581 0.0005 976
1751979491916 0.0005 977
1751979522759 0.0005 978
1751979553200 0.0005 979
1751979584035 0.0005 980
1751979614475 0.0005 981
1751979644933 0.0005 982
1751979675366 0.0005 983
1751979705820 0.0005 984
1751979736305 0.0005 985
1751979766711 0.0005 986
1751979797192 0.0005 987
1751979827647 0.0005 988
1751979858172 0.0005 989
1751979888610 0.0005 990
1751979918991 0.0005 991
1751979949416 0.0005 992
1751979979853 0.0005 993
1751980010221 0.0005 994
1751980040666 0.0005 995
1751980071122 0.0005 996
1751980101498 0.0005 997
1751980131911 0.0005 998
1751980162316 0.0005 999
1751981808344 0.0005 1000
1751981838692 0.0005 1001
1751981869197 0.0005 1002
1751981900002 0.0005 1003
1751981930836 0.0005 1004
1751981961233 0.0005 1005
1751981991648 0.0005 1006
1751982022541 0.0005 1007
1751982053020 0.0005 1008
1751982083435 0.0005 1009
1751982114269 0.0005 1010
1751982144598 0.0005 1011
1751982175300 0.0005 1012
1751982206031 0.0005 1013
1751982236852 0.0005 1014
1751982267260 0.0005 1015
1751982298106 0.0005 1016
1751982328579 0.0005 1017
1751982359360 0.0005 1018
1751982390183 0.0005 1019
1751982420649 0.0005 1020
1751982451071 0.0005 1021
1751982481513 0.0005 1022
1751982512014 0.0005 1023
1751982542451 0.0005 1024
1751982573274 0.0005 1025
1751982604169 0.0005 1026
1751982634653 0.0005 1027
1751982665390 0.0005 1028
1751982696257 0.0005 1029
1751982726733 0.0005 1030
1751982757125 0.0005 1031
1751982787967 0.0005 1032
1751982818766 0.0005 1033
1751982849600 0.0005 1034
1751982880351 0.0005 1035
1751982910802 0.0005 1036
1751982941191 0.0005 1037
1751982971610 0.0005 1038
1751983002077 0.0005 1039
1751984660313 0.00025 1040
1751984691001 0.00025 1041
1751984721795 0.00025 1042
1751984752545 0.00025 1043
1751984783415 0.00025 1044
1751984814163 0.00025 1045
1751984844978 0.00025 1046
1751984875856 0.00025 1047
1751984906555 0.00025 1048
1751984937294 0.00025 1049
1751984968041 0.00025 1050
1751984998763 0.00025 1051
1751985029468 0.00025 1052
1751985060201 0.00025 1053
1751985090940 0.00025 1054
1751985121748 0.00025 1055
1751985152613 0.00025 1056
1751985183363 0.00025 1057
1751985214092 0.00025 1058
1751985244806 0.00025 1059
1751985275632 0.00025 1060
1751985306438 0.00025 1061
1751985337251 0.00025 1062
1751985368111 0.00025 1063
1751985398904 0.00025 1064
1751985429755 0.00025 1065
1751985460553 0.00025 1066
1751985491370 0.00025 1067
1751985522102 0.00025 1068
1751985552911 0.00025 1069
1751985583714 0.00025 1070
1751985614567 0.00025 1071
1751985645427 0.00025 1072
1751985676278 0.00025 1073
1751985707034 0.00025 1074
1751985737859 0.00025 1075
1751985768649 0.00025 1076
1751985799473 0.00025 1077
1751985830235 0.00025 1078
1751985861017 0.00025 1079
1751987518508 0.00025 1080
1751987549313 0.00025 1081
1751987580123 0.00025 1082
1751987610770 0.00025 1083
1751987641507 0.00025 1084
1751987672245 0.00025 1085
1751987702992 0.00025 1086
1751987733681 0.00025 1087
1751987764403 0.00025 1088
1751987795083 0.00025 1089
1751987825818 0.00025 1090
1751987856594 0.00025 1091
1751987887274 0.00025 1092
1751987918029 0.00025 1093
1751987948688 0.00025 1094
1751987979415 0.00025 1095
1751988010265 0.00025 1096
1751988041009 0.00025 1097
1751988071783 0.00025 1098
1751988102549 0.00025 1099
1751988133234 0.00025 1100
1751988163954 0.00025 1101
1751988194663 0.00025 1102
1751988225531 0.00025 1103
1751988256297 0.00025 1104
1751988287015 0.00025 1105
1751988317854 0.00025 1106
1751988348604 0.00025 1107
1751988379378 0.00025 1108
1751988410079 0.00025 1109
1751988440809 0.00025 1110
1751988471562 0.00025 1111
1751988502269 0.00025 1112
1751988533066 0.00025 1113
1751988563798 0.00025 1114
1751988594561 0.00025 1115
1751988625369 0.00025 1116
1751988656153 0.00025 1117
1751988686868 0.00025 1118
1751988717644 0.00025 1119
1751990365785 0.00025 1120
1751990396307 0.00025 1121
1751990426692 0.00025 1122
1751990457130 0.00025 1123
1751990487645 0.00025 1124
1751990518112 0.00025 1125
1751990548553 0.00025 1126
1751990579143 0.00025 1127
1751990609561 0.00025 1128
1751990640017 0.00025 1129
1751990670524 0.00025 1130
1751990701002 0.00025 1131
1751990731425 0.00025 1132
1751990761958 0.00025 1133
1751990792473 0.00025 1134
1751990823014 0.00025 1135
1751990853483 0.00025 1136
1751990883973 0.00025 1137
1751990914511 0.00025 1138
1751990944944 0.00025 1139
1751990975455 0.00025 1140
1751991005952 0.00025 1141
1751991036418 0.00025 1142
1751991066869 0.00025 1143
1751991097324 0.00025 1144
1751991127890 0.00025 1145
1751991158347 0.00025 1146
1751991188866 0.00025 1147
1751991219330 0.00025 1148
1751991249854 0.00025 1149
1751991280307 0.00025 1150
1751991310788 0.00025 1151
1751991341260 0.00025 1152
1751991371779 0.00025 1153
1751991402274 0.00025 1154
1751991432673 0.00025 1155
1751991463148 0.00025 1156
1751991493623 0.00025 1157
1751991524109 0.00025 1158
1751991554650 0.00025 1159
1751993200886 0.00025 1160
1751993231311 0.00025 1161
1751993261747 0.00025 1162
1751993292221 0.00025 1163
1751993322666 0.00025 1164
1751993353065 0.00025 1165
1751993383504 0.00025 1166
1751993413978 0.00025 1167
1751993444433 0.00025 1168
1751993474841 0.00025 1169
1751993505327 0.00025 1170
1751993535758 0.00025 1171
1751993566205 0.00025 1172
1751993596667 0.00025 1173
1751993627100 0.00025 1174
1751993657561 0.00025 1175
1751993688024 0.00025 1176
1751993718489 0.00025 1177
1751993748941 0.00025 1178
1751993779399 0.00025 1179
1751993809800 0.00025 1180
1751993840270 0.00025 1181
1751993870746 0.00025 1182
1751993901141 0.00025 1183
1751993931562 0.00025 1184
1751993962047 0.00025 1185
1751993992512 0.00025 1186
1751994022986 0.00025 1187
1751994053463 0.00025 1188
1751994083989 0.00025 1189
1751994114475 0.00025 1190
1751994144967 0.00025 1191
1751994175391 0.00025 1192
1751994205864 0.00025 1193
1751994236316 0.00025 1194
1751994266790 0.00025 1195
1751994297262 0.00025 1196
1751994327754 0.00025 1197
1751994358231 0.00025 1198
1751994388743 0.00025 1199
1751996043558 0.00025 1200
1751996074040 0.00025 1201
1751996104500 0.00025 1202
1751996134882 0.00025 1203
1751996165306 0.00025 1204
1751996195795 0.00025 1205
1751996226168 0.00025 1206
1751996256557 0.00025 1207
1751996286960 0.00025 1208
1751996317369 0.00025 1209
1751996347705 0.00025 1210
1751996378062 0.00025 1211
1751996408443 0.00025 1212
1751996438805 0.00025 1213
1751996469262 0.00025 1214
1751996499703 0.00025 1215
1751996530105 0.00025 1216
1751996560516 0.00025 1217
1751996590898 0.00025 1218
1751996621333 0.00025 1219
1751996651758 0.00025 1220
1751996682208 0.00025 1221
1751996712726 0.00025 1222
1751996743112 0.00025 1223
1751996773622 0.00025 1224
1751996804044 0.00025 1225
1751996834468 0.00025 1226
1751996864928 0.00025 1227
1751996895276 0.00025 1228
1751996925704 0.00025 1229
1751996956158 0.00025 1230
1751996986592 0.00025 1231
1751997017018 0.00025 1232
1751997047457 0.00025 1233
1751997077902 0.00025 1234
1751997108436 0.00025 1235
1751997138887 0.00025 1236
1751997169331 0.00025 1237
1751997199813 0.00025 1238
1751997230298 0.00025 1239
1751998877677 0.00025 1240
1751998908219 0.00025 1241
1751998938628 0.00025 1242
1751998969485 0.00025 1243
1751998999958 0.00025 1244
1751999030740 0.00025 1245
1751999061573 0.00025 1246
1751999092067 0.00025 1247
1751999122798 0.00025 1248
1751999153568 0.00025 1249
1751999184298 0.00025 1250
1751999214710 0.00025 1251
1751999245148 0.00025 1252
1751999275537 0.00025 1253
1751999305948 0.00025 1254
1751999336746 0.00025 1255
1751999367580 0.00025 1256
1751999398087 0.00025 1257
1751999428590 0.00025 1258
1751999458976 0.00025 1259
1751999489403 0.00025 1260
1751999520196 0.00025 1261
1751999550615 0.00025 1262
1751999581105 0.00025 1263
1751999611937 0.00025 1264
1751999642732 0.00025 1265
1751999673205 0.00025 1266
1751999703702 0.00025 1267
1751999734513 0.00025 1268
1751999765206 0.00025 1269
1751999795964 0.00025 1270
1751999826803 0.00025 1271
1751999857645 0.00025 1272
1751999888116 0.00025 1273
1751999918994 0.00025 1274
1751999949501 0.00025 1275
1751999980289 0.00025 1276
1752000011072 0.00025 1277
1752000041842 0.00025 1278
1752000072243 0.00025 1279
1752001729671 0.000125 1280
1752001760466 0.000125 1281
1752001791260 0.000125 1282
1752001822027 0.000125 1283
1752001852826 0.000125 1284
1752001883708 0.000125 1285
1752001914485 0.000125 1286
1752001945321 0.000125 1287
1752001976036 0.000125 1288
1752002006825 0.000125 1289
1752002037614 0.000125 1290
1752002068413 0.000125 1291
1752002099216 0.000125 1292
1752002130062 0.000125 1293
1752002160849 0.000125 1294
1752002191631 0.000125 1295
1752002222340 0.000125 1296
1752002253011 0.000125 1297
1752002283812 0.000125 1298
1752002314512 0.000125 1299
1752002345330 0.000125 1300
1752002376124 0.000125 1301
1752002406843 0.000125 1302
1752002437701 0.000125 1303
1752002468540 0.000125 1304
1752002499382 0.000125 1305
1752002530247 0.000125 1306
1752002561039 0.000125 1307
1752002591845 0.000125 1308
1752002622627 0.000125 1309
1752002653389 0.000125 1310
1752002684123 0.000125 1311
1752002714755 0.000125 1312
1752002745449 0.000125 1313
1752002776273 0.000125 1314
1752002807024 0.000125 1315
1752002837846 0.000125 1316
1752002868577 0.000125 1317
1752002899394 0.000125 1318
1752002930133 0.000125 1319
1752004587310 0.000125 1320
1752004618187 0.000125 1321
1752004648940 0.000125 1322
1752004679756 0.000125 1323
1752004710756 0.000125 1324
1752004741471 0.000125 1325
1752004772673 0.000125 1326
1752004803553 0.000125 1327
1752004834255 0.000125 1328
1752004864933 0.000125 1329
1752004896095 0.000125 1330
1752004926814 0.000125 1331
1752004957954 0.000125 1332
1752004988663 0.000125 1333
1752005019578 0.000125 1334
1752005050579 0.000125 1335
1752005081558 0.000125 1336
1752005112301 0.000125 1337
1752005143014 0.000125 1338
1752005173747 0.000125 1339
1752005204458 0.000125 1340
1752005235137 0.000125 1341
1752005265863 0.000125 1342
1752005296574 0.000125 1343
1752005327296 0.000125 1344
1752005358033 0.000125 1345
1752005388832 0.000125 1346
1752005419523 0.000125 1347
1752005450293 0.000125 1348
1752005480960 0.000125 1349
1752005511658 0.000125 1350
1752005542444 0.000125 1351
1752005573188 0.000125 1352
1752005603948 0.000125 1353
1752005634677 0.000125 1354
1752005665370 0.000125 1355
1752005696151 0.000125 1356
1752005726911 0.000125 1357
1752005757719 0.000125 1358
1752005788529 0.000125 1359
1752007436868 0.000125 1360
1752007467347 0.000125 1361
1752007497831 0.000125 1362
1752007528221 0.000125 1363
1752007558720 0.000125 1364
1752007589485 0.000125 1365
1752007619994 0.000125 1366
1752007650492 0.000125 1367
1752007680907 0.000125 1368
1752007711288 0.000125 1369
1752007741843 0.000125 1370
1752007772340 0.000125 1371
1752007802935 0.000125 1372
1752007833411 0.000125 1373
1752007863905 0.000125 1374
1752007894348 0.000125 1375
1752007924795 0.000125 1376
1752007955216 0.000125 1377
1752007985679 0.000125 1378
1752008016127 0.000125 1379
1752008046585 0.000125 1380
1752008077047 0.000125 1381
1752008107518 0.000125 1382
1752008138138 0.000125 1383
1752008168855 0.000125 1384
1752008199286 0.000125 1385
1752008229825 0.000125 1386
1752008260204 0.000125 1387
1752008290910 0.000125 1388
1752008321312 0.000125 1389
1752008351740 0.000125 1390
1752008382346 0.000125 1391
1752008412822 0.000125 1392
1752008443254 0.000125 1393
1752008473728 0.000125 1394
1752008504236 0.000125 1395
1752008534704 0.000125 1396
1752008565161 0.000125 1397
1752008595536 0.000125 1398
1752008626084 0.000125 1399
1752010271932 0.000125 1400
1752010302321 0.000125 1401
1752010332770 0.000125 1402
1752010363262 0.000125 1403
1752010393728 0.000125 1404
1752010424150 0.000125 1405
1752010454620 0.000125 1406
1752010485091 0.000125 1407
1752010515581 0.000125 1408
1752010545950 0.000125 1409
1752010576434 0.000125 1410
1752010607012 0.000125 1411
1752010637429 0.000125 1412
1752010667912 0.000125 1413
1752010698331 0.000125 1414
1752010728734 0.000125 1415
1752010759236 0.000125 1416
1752010789635 0.000125 1417
1752010820039 0.000125 1418
1752010850515 0.000125 1419
1752010880963 0.000125 1420
1752010911404 0.000125 1421
1752010941824 0.000125 1422
1752010972293 0.000125 1423
1752011002750 0.000125 1424
1752011033116 0.000125 1425
1752011063542 0.000125 1426
1752011094043 0.000125 1427
1752011124577 0.000125 1428
1752011154979 0.000125 1429
1752011185481 0.000125 1430
1752011215936 0.000125 1431
1752011246463 0.000125 1432
1752011276996 0.000125 1433
1752011307384 0.000125 1434
1752011337892 0.000125 1435
1752011368402 0.000125 1436
1752011398861 0.000125 1437
1752011429366 0.000125 1438
1752011459875 0.000125 1439
1752013104132 0.000125 1440
1752013134534 0.000125 1441
1752013164979 0.000125 1442
1752013195455 0.000125 1443
1752013225850 0.000125 1444
1752013256247 0.000125 1445
1752013286748 0.000125 1446
1752013317233 0.000125 1447
1752013347706 0.000125 1448
1752013378177 0.000125 1449
1752013408588 0.000125 1450
1752013439014 0.000125 1451
1752013469443 0.000125 1452
1752013499906 0.000125 1453
1752013530374 0.000125 1454
1752013560791 0.000125 1455
1752013591284 0.000125 1456
1752013621750 0.000125 1457
1752013652171 0.000125 1458
1752013682555 0.000125 1459
1752013712988 0.000125 1460
1752013743389 0.000125 1461
1752013773804 0.000125 1462
1752013804250 0.000125 1463
1752013834721 0.000125 1464
1752013865201 0.000125 1465
1752013895599 0.000125 1466
1752013926062 0.000125 1467
1752013956537 0.000125 1468
1752013987053 0.000125 1469
1752014017578 0.000125 1470
1752014048103 0.000125 1471
1752014078528 0.000125 1472
1752014109103 0.000125 1473
1752014139481 0.000125 1474
1752014169916 0.000125 1475
1752014200371 0.000125 1476
1752014230835 0.000125 1477
1752014261318 0.000125 1478
1752014291740 0.000125 1479
1752015936762 0.000125 1480
1752015967233 0.000125 1481
1752015997645 0.000125 1482
1752016028079 0.000125 1483
1752016058885 0.000125 1484
1752016089661 0.000125 1485
1752016120052 0.000125 1486
1752016150916 0.000125 1487
1752016181326 0.000125 1488
1752016212158 0.000125 1489
1752016242602 0.000125 1490
1752016272916 0.000125 1491
1752016303371 0.000125 1492
1752016333770 0.000125 1493
1752016364094 0.000125 1494
1752016394915 0.000125 1495
1752016425330 0.000125 1496
1752016456089 0.000125 1497
1752016486932 0.000125 1498
1752016517824 0.000125 1499
1752016548219 0.000125 1500
1752016578630 0.000125 1501
1752016609514 0.000125 1502
1752016640307 0.000125 1503
1752016671049 0.000125 1504
1752016701823 0.000125 1505
1752016732287 0.000125 1506
1752016762721 0.000125 1507
1752016793178 0.000125 1508
1752016823649 0.000125 1509
1752016854122 0.000125 1510
1752016884930 0.000125 1511
1752016915308 0.000125 1512
1752016946083 0.000125 1513
1752016976787 0.000125 1514
1752017007229 0.000125 1515
1752017037652 0.000125 1516
1752017068045 0.000125 1517
1752017098862 0.000125 1518
1752017129676 0.000125 1519
1752018786225 6.25e-05 1520
1752018816996 6.25e-05 1521
1752018847729 6.25e-05 1522
1752018878482 6.25e-05 1523
1752018909383 6.25e-05 1524
1752018940163 6.25e-05 1525
1752018971000 6.25e-05 1526
1752019001798 6.25e-05 1527
1752019032590 6.25e-05 1528
1752019063453 6.25e-05 1529
1752019094204 6.25e-05 1530
1752019125041 6.25e-05 1531
1752019155841 6.25e-05 1532
1752019186633 6.25e-05 1533
1752019217383 6.25e-05 1534
1752019248174 6.25e-05 1535
1752019278977 6.25e-05 1536
1752019309734 6.25e-05 1537
1752019340482 6.25e-05 1538
1752019371184 6.25e-05 1539
1752019401928 6.25e-05 1540
1752019432664 6.25e-05 1541
1752019463457 6.25e-05 1542
1752019494343 6.25e-05 1543
1752019525044 6.25e-05 1544
1752019555877 6.25e-05 1545
1752019586623 6.25e-05 1546
1752019617495 6.25e-05 1547
1752019648303 6.25e-05 1548
1752019679164 6.25e-05 1549
1752019709879 6.25e-05 1550
1752019740728 6.25e-05 1551
1752019771492 6.25e-05 1552
1752019802281 6.25e-05 1553
1752019833019 6.25e-05 1554
1752019863755 6.25e-05 1555
1752019894438 6.25e-05 1556
1752019925257 6.25e-05 1557
1752019956199 6.25e-05 1558
1752019986974 6.25e-05 1559
1752021643925 6.25e-05 1560
1752021674604 6.25e-05 1561
1752021705360 6.25e-05 1562
1752021736151 6.25e-05 1563
1752021766932 6.25e-05 1564
1752021797632 6.25e-05 1565
1752021828449 6.25e-05 1566
1752021859255 6.25e-05 1567
1752021889975 6.25e-05 1568
1752021920735 6.25e-05 1569
1752021951493 6.25e-05 1570
1752021982264 6.25e-05 1571
1752022013061 6.25e-05 1572
1752022043705 6.25e-05 1573
1752022074384 6.25e-05 1574
1752022105085 6.25e-05 1575
1752022135802 6.25e-05 1576
1752022166558 6.25e-05 1577
1752022197266 6.25e-05 1578
1752022227953 6.25e-05 1579
1752022258730 6.25e-05 1580
1752022289434 6.25e-05 1581
1752022320085 6.25e-05 1582
1752022350752 6.25e-05 1583
1752022381502 6.25e-05 1584
1752022412265 6.25e-05 1585
1752022443001 6.25e-05 1586
1752022473686 6.25e-05 1587
1752022504383 6.25e-05 1588
1752022535234 6.25e-05 1589
1752022565922 6.25e-05 1590
1752022596642 6.25e-05 1591
1752022627437 6.25e-05 1592
1752022658203 6.25e-05 1593
1752022688915 6.25e-05 1594
1752022719704 6.25e-05 1595
1752022750403 6.25e-05 1596
1752022781178 6.25e-05 1597
1752022811890 6.25e-05 1598
1752022842614 6.25e-05 1599
1752024499046 6.25e-05 1600
1752024529558 6.25e-05 1601
1752024560155 6.25e-05 1602
1752024590685 6.25e-05 1603
1752024621211 6.25e-05 1604
1752024651573 6.25e-05 1605
1752024682170 6.25e-05 1606
1752024712675 6.25e-05 1607
1752024743104 6.25e-05 1608
1752024773596 6.25e-05 1609
1752024804074 6.25e-05 1610
1752024834635 6.25e-05 1611
1752024865142 6.25e-05 1612
1752024895626 6.25e-05 1613
1752024926048 6.25e-05 1614
1752024956520 6.25e-05 1615
1752024986966 6.25e-05 1616
1752025017472 6.25e-05 1617
1752025047981 6.25e-05 1618
1752025078462 6.25e-05 1619
1752025108917 6.25e-05 1620
1752025139464 6.25e-05 1621
1752025169926 6.25e-05 1622
1752025200415 6.25e-05 1623
1752025230991 6.25e-05 1624
1752025261473 6.25e-05 1625
1752025291987 6.25e-05 1626
1752025322427 6.25e-05 1627
1752025352976 6.25e-05 1628
1752025383424 6.25e-05 1629
1752025413927 6.25e-05 1630
1752025444400 6.25e-05 1631
1752025474850 6.25e-05 1632
1752025505290 6.25e-05 1633
1752025535797 6.25e-05 1634
1752025566257 6.25e-05 1635
1752025596766 6.25e-05 1636
1752025627310 6.25e-05 1637
1752025657774 6.25e-05 1638
1752025688257 6.25e-05 1639
1752027336106 6.25e-05 1640
1752027366617 6.25e-05 1641
1752027397063 6.25e-05 1642
1752027427526 6.25e-05 1643
1752027457979 6.25e-05 1644
1752027488462 6.25e-05 1645
1752027518993 6.25e-05 1646
1752027549413 6.25e-05 1647
1752027580010 6.25e-05 1648
1752027610529 6.25e-05 1649
1752027640971 6.25e-05 1650
1752027671413 6.25e-05 1651
1752027701899 6.25e-05 1652
1752027732424 6.25e-05 1653
1752027762915 6.25e-05 1654
1752027793526 6.25e-05 1655
1752027824028 6.25e-05 1656
1752027854576 6.25e-05 1657
1752027885047 6.25e-05 1658
1752027915748 6.25e-05 1659
1752027946223 6.25e-05 1660
1752027976738 6.25e-05 1661
1752028007183 6.25e-05 1662
1752028037707 6.25e-05 1663
1752028068234 6.25e-05 1664
1752028098722 6.25e-05 1665
1752028129153 6.25e-05 1666
1752028159696 6.25e-05 1667
1752028190227 6.25e-05 1668
1752028220669 6.25e-05 1669
1752028251113 6.25e-05 1670
1752028281648 6.25e-05 1671
1752028312239 6.25e-05 1672
1752028342765 6.25e-05 1673
1752028373202 6.25e-05 1674
1752028403648 6.25e-05 1675
1752028434097 6.25e-05 1676
1752028464608 6.25e-05 1677
1752028495148 6.25e-05 1678
1752028525662 6.25e-05 1679
1752030171978 6.25e-05 1680
1752030202477 6.25e-05 1681
1752030232990 6.25e-05 1682
1752030263446 6.25e-05 1683
1752030293955 6.25e-05 1684
1752030324438 6.25e-05 1685
1752030354893 6.25e-05 1686
1752030385414 6.25e-05 1687
1752030415907 6.25e-05 1688
1752030446369 6.25e-05 1689
1752030476816 6.25e-05 1690
1752030507296 6.25e-05 1691
1752030537832 6.25e-05 1692
1752030568286 6.25e-05 1693
1752030598792 6.25e-05 1694
1752030629269 6.25e-05 1695
1752030659698 6.25e-05 1696
1752030690137 6.25e-05 1697
1752030720576 6.25e-05 1698
1752030751055 6.25e-05 1699
1752030781494 6.25e-05 1700
1752030811973 6.25e-05 1701
1752030842453 6.25e-05 1702
1752030872936 6.25e-05 1703
1752030903368 6.25e-05 1704
1752030933858 6.25e-05 1705
1752030964338 6.25e-05 1706
1752030994804 6.25e-05 1707
1752031025315 6.25e-05 1708
1752031055770 6.25e-05 1709
1752031086207 6.25e-05 1710
1752031116653 6.25e-05 1711
1752031147168 6.25e-05 1712
1752031177643 6.25e-05 1713
1752031208061 6.25e-05 1714
1752031238558 6.25e-05 1715
1752031268998 6.25e-05 1716
1752031299473 6.25e-05 1717
1752031329945 6.25e-05 1718
1752031360466 6.25e-05 1719
1752033007312 6.25e-05 1720
1752033037731 6.25e-05 1721
1752033068498 6.25e-05 1722
1752033099315 6.25e-05 1723
1752033129710 6.25e-05 1724
1752033160542 6.25e-05 1725
1752033191339 6.25e-05 1726
1752033221844 6.25e-05 1727
1752033252707 6.25e-05 1728
1752033283212 6.25e-05 1729
1752033313950 6.25e-05 1730
1752033344378 6.25e-05 1731
1752033374878 6.25e-05 1732
1752033405308 6.25e-05 1733
1752033435820 6.25e-05 1734
1752033466226 6.25e-05 1735
1752033496715 6.25e-05 1736
1752033527488 6.25e-05 1737
1752033558310 6.25e-05 1738
1752033589151 6.25e-05 1739
1752033619994 6.25e-05 1740
1752033650475 6.25e-05 1741
1752033680963 6.25e-05 1742
1752033711767 6.25e-05 1743
1752033742240 6.25e-05 1744
1752033772981 6.25e-05 1745
1752033803397 6.25e-05 1746
1752033833844 6.25e-05 1747
1752033864273 6.25e-05 1748
1752033894680 6.25e-05 1749
1752033925145 6.25e-05 1750
1752033956004 6.25e-05 1751
1752033986422 6.25e-05 1752
1752034016993 6.25e-05 1753
1752034047899 6.25e-05 1754
1752034078775 6.25e-05 1755
1752034109292 6.25e-05 1756
1752034139679 6.25e-05 1757
1752034170111 6.25e-05 1758
1752034200872 6.25e-05 1759
1752035858531 3.125e-05 1760
1752035889301 3.125e-05 1761
1752035920048 3.125e-05 1762
1752035950856 3.125e-05 1763
1752035981666 3.125e-05 1764
1752036012399 3.125e-05 1765
1752036043136 3.125e-05 1766
1752036073948 3.125e-05 1767
1752036104748 3.125e-05 1768
1752036135569 3.125e-05 1769
1752036166280 3.125e-05 1770
1752036197075 3.125e-05 1771
1752036227928 3.125e-05 1772
1752036258653 3.125e-05 1773
1752036289406 3.125e-05 1774
1752036320176 3.125e-05 1775
1752036351035 3.125e-05 1776
1752036381845 3.125e-05 1777
1752036412652 3.125e-05 1778
1752036443445 3.125e-05 1779
1752036474282 3.125e-05 1780
1752036505046 3.125e-05 1781
1752036535871 3.125e-05 1782
1752036566613 3.125e-05 1783
1752036597421 3.125e-05 1784
1752036628218 3.125e-05 1785
1752036658951 3.125e-05 1786
1752036689680 3.125e-05 1787
1752036720460 3.125e-05 1788
1752036751263 3.125e-05 1789
1752036782047 3.125e-05 1790
1752036812836 3.125e-05 1791
1752036843650 3.125e-05 1792
1752036874453 3.125e-05 1793
1752036905208 3.125e-05 1794
1752036936024 3.125e-05 1795
1752036966777 3.125e-05 1796
1752036997539 3.125e-05 1797
1752037028323 3.125e-05 1798
1752037059173 3.125e-05 1799
1752038718057 3.125e-05 1800
1752038748784 3.125e-05 1801
1752038779539 3.125e-05 1802
1752038810322 3.125e-05 1803
1752038841163 3.125e-05 1804
1752038871993 3.125e-05 1805
1752038902755 3.125e-05 1806
1752038933601 3.125e-05 1807
1752038964438 3.125e-05 1808
1752038995221 3.125e-05 1809
1752039026119 3.125e-05 1810
1752039056946 3.125e-05 1811
1752039087740 3.125e-05 1812
1752039118490 3.125e-05 1813
1752039149212 3.125e-05 1814
1752039180022 3.125e-05 1815
1752039210800 3.125e-05 1816
1752039241638 3.125e-05 1817
1752039272469 3.125e-05 1818
1752039303223 3.125e-05 1819
1752039334046 3.125e-05 1820
1752039364768 3.125e-05 1821
1752039395534 3.125e-05 1822
1752039426375 3.125e-05 1823
1752039457170 3.125e-05 1824
1752039487931 3.125e-05 1825
1752039518649 3.125e-05 1826
1752039549382 3.125e-05 1827
1752039580134 3.125e-05 1828
1752039610911 3.125e-05 1829
1752039641644 3.125e-05 1830
1752039672400 3.125e-05 1831
1752039703155 3.125e-05 1832
1752039733925 3.125e-05 1833
1752039764712 3.125e-05 1834
1752039795494 3.125e-05 1835
1752039826266 3.125e-05 1836
1752039857054 3.125e-05 1837
1752039887863 3.125e-05 1838
1752039918631 3.125e-05 1839
1752041567707 3.125e-05 1840
1752041598213 3.125e-05 1841
1752041628694 3.125e-05 1842
1752041659195 3.125e-05 1843
1752041689676 3.125e-05 1844
1752041720213 3.125e-05 1845
1752041750707 3.125e-05 1846
1752041781203 3.125e-05 1847
1752041811730 3.125e-05 1848
1752041842324 3.125e-05 1849
1752041872850 3.125e-05 1850
1752041903395 3.125e-05 1851
1752041934024 3.125e-05 1852
1752041964514 3.125e-05 1853
1752041994928 3.125e-05 1854
1752042025443 3.125e-05 1855
1752042056015 3.125e-05 1856
1752042086521 3.125e-05 1857
1752042117011 3.125e-05 1858
1752042147520 3.125e-05 1859
1752042177993 3.125e-05 1860
1752042208522 3.125e-05 1861
1752042239059 3.125e-05 1862
1752042269542 3.125e-05 1863
1752042300063 3.125e-05 1864
1752042330602 3.125e-05 1865
1752042361071 3.125e-05 1866
1752042391562 3.125e-05 1867
1752042422086 3.125e-05 1868
1752042452634 3.125e-05 1869
1752042483162 3.125e-05 1870
1752042513593 3.125e-05 1871
1752042544077 3.125e-05 1872
1752042574581 3.125e-05 1873
1752042605030 3.125e-05 1874
1752042635511 3.125e-05 1875
1752042666134 3.125e-05 1876
1752042696659 3.125e-05 1877
1752042727231 3.125e-05 1878
1752042757760 3.125e-05 1879
1752044405016 3.125e-05 1880
1752044435499 3.125e-05 1881
1752044466019 3.125e-05 1882
1752044496474 3.125e-05 1883
1752044526954 3.125e-05 1884
1752044557498 3.125e-05 1885
1752044587937 3.125e-05 1886
1752044618463 3.125e-05 1887
1752044648883 3.125e-05 1888
1752044679398 3.125e-05 1889
1752044709893 3.125e-05 1890
1752044740396 3.125e-05 1891
1752044770845 3.125e-05 1892
1752044801442 3.125e-05 1893
1752044831941 3.125e-05 1894
1752044862472 3.125e-05 1895
1752044892973 3.125e-05 1896
1752044923464 3.125e-05 1897
1752044953945 3.125e-05 1898
1752044984490 3.125e-05 1899
1752045014961 3.125e-05 1900
1752045045430 3.125e-05 1901
1752045075994 3.125e-05 1902
1752045106382 3.125e-05 1903
1752045136888 3.125e-05 1904
1752045167411 3.125e-05 1905
1752045197839 3.125e-05 1906
1752045228347 3.125e-05 1907
1752045258847 3.125e-05 1908
1752045289315 3.125e-05 1909
1752045319785 3.125e-05 1910
1752045350328 3.125e-05 1911
1752045380830 3.125e-05 1912
1752045411315 3.125e-05 1913
1752045441801 3.125e-05 1914
1752045472296 3.125e-05 1915
1752045502661 3.125e-05 1916
1752045533262 3.125e-05 1917
1752045563870 3.125e-05 1918
1752045594343 3.125e-05 1919
1752047241107 3.125e-05 1920
1752047271534 3.125e-05 1921
1752047302070 3.125e-05 1922
1752047332564 3.125e-05 1923
1752047362990 3.125e-05 1924
1752047393452 3.125e-05 1925
1752047423943 3.125e-05 1926
1752047454485 3.125e-05 1927
1752047484961 3.125e-05 1928
1752047515496 3.125e-05 1929
1752047545967 3.125e-05 1930
1752047576393 3.125e-05 1931
1752047606883 3.125e-05 1932
1752047637410 3.125e-05 1933
1752047667963 3.125e-05 1934
1752047698444 3.125e-05 1935
1752047728856 3.125e-05 1936
1752047759348 3.125e-05 1937
1752047789805 3.125e-05 1938
1752047820256 3.125e-05 1939
1752047850691 3.125e-05 1940
1752047881113 3.125e-05 1941
1752047911649 3.125e-05 1942
1752047942115 3.125e-05 1943
1752047972570 3.125e-05 1944
1752048003020 3.125e-05 1945
1752048033392 3.125e-05 1946
1752048063909 3.125e-05 1947
1752048094489 3.125e-05 1948
1752048124943 3.125e-05 1949
1752048155372 3.125e-05 1950
1752048185894 3.125e-05 1951
1752048216447 3.125e-05 1952
1752048246919 3.125e-05 1953
1752048277435 3.125e-05 1954
1752048307904 3.125e-05 1955
1752048338400 3.125e-05 1956
1752048369194 3.125e-05 1957
1752048399651 3.125e-05 1958
1752048430103 3.125e-05 1959
1752050077680 3.125e-05 1960
1752050108533 3.125e-05 1961
1752050139431 3.125e-05 1962
1752050169900 3.125e-05 1963
1752050200358 3.125e-05 1964
1752050230802 3.125e-05 1965
1752050261212 3.125e-05 1966
1752050291997 3.125e-05 1967
1752050322469 3.125e-05 1968
1752050352816 3.125e-05 1969
1752050383265 3.125e-05 1970
1752050414119 3.125e-05 1971
1752050444490 3.125e-05 1972
1752050474904 3.125e-05 1973
1752050505340 3.125e-05 1974
1752050535850 3.125e-05 1975
1752050566679 3.125e-05 1976
1752050597533 3.125e-05 1977
1752050628450 3.125e-05 1978
1752050658857 3.125e-05 1979
1752050689666 3.125e-05 1980
1752050720041 3.125e-05 1981
1752050750921 3.125e-05 1982
1752050781721 3.125e-05 1983
1752050812547 3.125e-05 1984
1752050843046 3.125e-05 1985
1752050873453 3.125e-05 1986
1752050904211 3.125e-05 1987
1752050934597 3.125e-05 1988
1752050965409 3.125e-05 1989
1752050996157 3.125e-05 1990
1752051026630 3.125e-05 1991
1752051057496 3.125e-05 1992
1752051088274 3.125e-05 1993
1752051118758 3.125e-05 1994
1752051149311 3.125e-05 1995
1752051180141 3.125e-05 1996
1752051210967 3.125e-05 1997
1752051241442 3.125e-05 1998
1752051272281 3.125e-05 1999
1752052940323 1.5625e-05 2000
1752052971177 1.5625e-05 2001
1752053001886 1.5625e-05 2002
1752053032661 1.5625e-05 2003
1752053063390 1.5625e-05 2004
1752053094151 1.5625e-05 2005
1752053124976 1.5625e-05 2006
1752053155780 1.5625e-05 2007
1752053186631 1.5625e-05 2008
1752053217461 1.5625e-05 2009
1752053248216 1.5625e-05 2010
1752053279045 1.5625e-05 2011
1752053309790 1.5625e-05 2012
1752053340564 1.5625e-05 2013
1752053377393 1.5625e-05 2014
1752053408225 1.5625e-05 2015
1752053439116 1.5625e-05 2016
1752053469901 1.5625e-05 2017
1752053500752 1.5625e-05 2018
1752053531582 1.5625e-05 2019
1752053562345 1.5625e-05 2020
1752053593163 1.5625e-05 2021
1752053624009 1.5625e-05 2022
1752053654978 1.5625e-05 2023
1752053685703 1.5625e-05 2024
1752053716817 1.5625e-05 2025
1752053747609 1.5625e-05 2026
1752053778462 1.5625e-05 2027
1752053809213 1.5625e-05 2028
1752053840014 1.5625e-05 2029
1752053870773 1.5625e-05 2030
1752053901546 1.5625e-05 2031
1752053932360 1.5625e-05 2032
1752053963150 1.5625e-05 2033
1752053993953 1.5625e-05 2034
1752054024794 1.5625e-05 2035
1752054055571 1.5625e-05 2036
1752054086532 1.5625e-05 2037
1752054117339 1.5625e-05 2038
1752054148176 1.5625e-05 2039
1752055818153 1.5625e-05 2040
1752055848871 1.5625e-05 2041
1752055879729 1.5625e-05 2042
1752055910472 1.5625e-05 2043
1752055941256 1.5625e-05 2044
1752055972128 1.5625e-05 2045
1752056002924 1.5625e-05 2046
1752056033647 1.5625e-05 2047
1752056064428 1.5625e-05 2048
1752056095380 1.5625e-05 2049
1752056126309 1.5625e-05 2050
1752056157063 1.5625e-05 2051
1752056188461 1.5625e-05 2052
1752056219901 1.5625e-05 2053
1752056250758 1.5625e-05 2054
1752056281509 1.5625e-05 2055
1752056312713 1.5625e-05 2056
1752056343554 1.5625e-05 2057
1752056375285 1.5625e-05 2058
1752056406058 1.5625e-05 2059
1752056437139 1.5625e-05 2060
1752056468485 1.5625e-05 2061
1752056499237 1.5625e-05 2062
1752056530306 1.5625e-05 2063
1752056561122 1.5625e-05 2064
1752056592245 1.5625e-05 2065
1752056623088 1.5625e-05 2066
1752056654041 1.5625e-05 2067
1752056685073 1.5625e-05 2068
1752056715845 1.5625e-05 2069
1752056746627 1.5625e-05 2070
1752056777754 1.5625e-05 2071
1752056808665 1.5625e-05 2072
1752056839416 1.5625e-05 2073
1752056870796 1.5625e-05 2074
1752056901568 1.5625e-05 2075
1752056932586 1.5625e-05 2076
1752056963538 1.5625e-05 2077
1752056994253 1.5625e-05 2078
1752057025036 1.5625e-05 2079
1752058682176 1.5625e-05 2080
1752058712698 1.5625e-05 2081
1752058743173 1.5625e-05 2082
1752058773714 1.5625e-05 2083
1752058804211 1.5625e-05 2084
1752058834708 1.5625e-05 2085
1752058865170 1.5625e-05 2086
1752058895630 1.5625e-05 2087
1752058926077 1.5625e-05 2088
1752058956538 1.5625e-05 2089
1752058987031 1.5625e-05 2090
1752059017488 1.5625e-05 2091
1752059047972 1.5625e-05 2092
1752059078473 1.5625e-05 2093
1752059108942 1.5625e-05 2094
1752059139432 1.5625e-05 2095
1752059169893 1.5625e-05 2096
1752059200486 1.5625e-05 2097
1752059230951 1.5625e-05 2098
1752059261445 1.5625e-05 2099
1752059291920 1.5625e-05 2100
1752059322429 1.5625e-05 2101
1752059353002 1.5625e-05 2102
1752059383462 1.5625e-05 2103
1752059413876 1.5625e-05 2104
1752059444362 1.5625e-05 2105
1752059474789 1.5625e-05 2106
1752059505269 1.5625e-05 2107
1752059535769 1.5625e-05 2108
1752059566192 1.5625e-05 2109
1752059596701 1.5625e-05 2110
1752059627131 1.5625e-05 2111
1752059657588 1.5625e-05 2112
1752059688003 1.5625e-05 2113
1752059718467 1.5625e-05 2114
1752059748951 1.5625e-05 2115
1752059779398 1.5625e-05 2116
1752059809909 1.5625e-05 2117
1752059840444 1.5625e-05 2118
1752059870940 1.5625e-05 2119
1752061517175 1.5625e-05 2120
1752061547593 1.5625e-05 2121
1752061578021 1.5625e-05 2122
1752061608445 1.5625e-05 2123
1752061638871 1.5625e-05 2124
1752061669296 1.5625e-05 2125
1752061699782 1.5625e-05 2126
1752061730259 1.5625e-05 2127
1752061760658 1.5625e-05 2128
1752061791091 1.5625e-05 2129
1752061821582 1.5625e-05 2130
1752061852002 1.5625e-05 2131
1752061882420 1.5625e-05 2132
1752061912902 1.5625e-05 2133
1752061943375 1.5625e-05 2134
1752061973930 1.5625e-05 2135
1752062004381 1.5625e-05 2136
1752062034879 1.5625e-05 2137
1752062065430 1.5625e-05 2138
1752062095873 1.5625e-05 2139
1752062126309 1.5625e-05 2140
1752062156888 1.5625e-05 2141
1752062187388 1.5625e-05 2142
1752062217877 1.5625e-05 2143
1752062248307 1.5625e-05 2144
1752062278781 1.5625e-05 2145
1752062309262 1.5625e-05 2146
1752062339755 1.5625e-05 2147
1752062370277 1.5625e-05 2148
1752062400781 1.5625e-05 2149
1752062431195 1.5625e-05 2150
1752062461709 1.5625e-05 2151
1752062492163 1.5625e-05 2152
1752062522697 1.5625e-05 2153
1752062553222 1.5625e-05 2154
1752062583743 1.5625e-05 2155
1752062614236 1.5625e-05 2156
1752062644720 1.5625e-05 2157
1752062675196 1.5625e-05 2158
1752062705743 1.5625e-05 2159
1752064354767 1.5625e-05 2160
1752064385299 1.5625e-05 2161
1752064415745 1.5625e-05 2162
1752064446134 1.5625e-05 2163
1752064476535 1.5625e-05 2164
1752064507085 1.5625e-05 2165
1752064537519 1.5625e-05 2166
1752064567978 1.5625e-05 2167
1752064598441 1.5625e-05 2168
1752064628863 1.5625e-05 2169
1752064659296 1.5625e-05 2170
1752064689784 1.5625e-05 2171
1752064720256 1.5625e-05 2172
1752064750789 1.5625e-05 2173
1752064781244 1.5625e-05 2174
1752064811790 1.5625e-05 2175
1752064842349 1.5625e-05 2176
1752064872866 1.5625e-05 2177
1752064903338 1.5625e-05 2178
1752064933812 1.5625e-05 2179
1752064964356 1.5625e-05 2180
1752064994714 1.5625e-05 2181
1752065025089 1.5625e-05 2182
1752065055536 1.5625e-05 2183
1752065085972 1.5625e-05 2184
1752065116428 1.5625e-05 2185
1752065146772 1.5625e-05 2186
1752065177235 1.5625e-05 2187
1752065207717 1.5625e-05 2188
1752065238178 1.5625e-05 2189
1752065268556 1.5625e-05 2190
1752065298980 1.5625e-05 2191
1752065329418 1.5625e-05 2192
1752065359926 1.5625e-05 2193
1752065390441 1.5625e-05 2194
1752065420928 1.5625e-05 2195
1752065451387 1.5625e-05 2196
1752065481785 1.5625e-05 2197
1752065512284 1.5625e-05 2198
1752065542791 1.5625e-05 2199
1752067192364 1.5625e-05 2200
1752067222799 1.5625e-05 2201
1752067253243 1.5625e-05 2202
1752067283656 1.5625e-05 2203
1752067314427 1.5625e-05 2204
1752067344832 1.5625e-05 2205
1752067375262 1.5625e-05 2206
1752067405729 1.5625e-05 2207
1752067436129 1.5625e-05 2208
1752067466913 1.5625e-05 2209
1752067497710 1.5625e-05 2210
1752067528208 1.5625e-05 2211
1752067558602 1.5625e-05 2212
1752067589406 1.5625e-05 2213
1752067619891 1.5625e-05 2214
1752067650405 1.5625e-05 2215
1752067680818 1.5625e-05 2216
1752067711221 1.5625e-05 2217
1752067742010 1.5625e-05 2218
1752067772805 1.5625e-05 2219
1752067803563 1.5625e-05 2220
1752067834058 1.5625e-05 2221
1752067864857 1.5625e-05 2222
1752067895353 1.5625e-05 2223
1752067926227 1.5625e-05 2224
1752067957039 1.5625e-05 2225
1752067987807 1.5625e-05 2226
1752068018614 1.5625e-05 2227
1752068049087 1.5625e-05 2228
1752068079572 1.5625e-05 2229
1752068109948 1.5625e-05 2230
1752068140425 1.5625e-05 2231
1752068171235 1.5625e-05 2232
1752068201699 1.5625e-05 2233
1752068233149 1.5625e-05 2234
1752068263927 1.5625e-05 2235
1752068294695 1.5625e-05 2236
1752068325160 1.5625e-05 2237
1752068356061 1.5625e-05 2238
1752068386799 1.5625e-05 2239
1752070048767 7.8125e-06 2240
1752070080141 7.8125e-06 2241
1752070111757 7.8125e-06 2242
1752070142898 7.8125e-06 2243
1752070173854 7.8125e-06 2244
1752070204851 7.8125e-06 2245
1752070236039 7.8125e-06 2246
1752070266924 7.8125e-06 2247
1752070297925 7.8125e-06 2248
1752070328681 7.8125e-06 2249
1752070359481 7.8125e-06 2250
1752070390260 7.8125e-06 2251
1752070421001 7.8125e-06 2252
1752070451870 7.8125e-06 2253
1752070482841 7.8125e-06 2254
1752070513597 7.8125e-06 2255
1752070544344 7.8125e-06 2256
1752070575217 7.8125e-06 2257
1752070605911 7.8125e-06 2258
1752070636722 7.8125e-06 2259
1752070667460 7.8125e-06 2260
1752070698341 7.8125e-06 2261
1752070729145 7.8125e-06 2262
1752070760339 7.8125e-06 2263
1752070791123 7.8125e-06 2264
1752070821919 7.8125e-06 2265
1752070852706 7.8125e-06 2266
1752070883490 7.8125e-06 2267
1752070914291 7.8125e-06 2268
1752070945071 7.8125e-06 2269
1752070975849 7.8125e-06 2270
1752071006564 7.8125e-06 2271
1752071037358 7.8125e-06 2272
1752071068134 7.8125e-06 2273
1752071099593 7.8125e-06 2274
1752071130400 7.8125e-06 2275
1752071161236 7.8125e-06 2276
1752071192031 7.8125e-06 2277
1752071222789 7.8125e-06 2278
1752071253609 7.8125e-06 2279
1752072916945 7.8125e-06 2280
1752072947754 7.8125e-06 2281
1752072978567 7.8125e-06 2282
1752073009739 7.8125e-06 2283
1752073040519 7.8125e-06 2284
1752073071298 7.8125e-06 2285
1752073102054 7.8125e-06 2286
1752073132767 7.8125e-06 2287
1752073163603 7.8125e-06 2288
1752073194380 7.8125e-06 2289
1752073225124 7.8125e-06 2290
1752073255938 7.8125e-06 2291
1752073286955 7.8125e-06 2292
1752073317761 7.8125e-06 2293
1752073348545 7.8125e-06 2294
1752073379384 7.8125e-06 2295
1752073410113 7.8125e-06 2296
1752073440913 7.8125e-06 2297
1752073471624 7.8125e-06 2298
1752073502357 7.8125e-06 2299
1752073533197 7.8125e-06 2300
1752073563991 7.8125e-06 2301
1752073594770 7.8125e-06 2302
1752073625530 7.8125e-06 2303
1752073656251 7.8125e-06 2304
1752073687028 7.8125e-06 2305
1752073717798 7.8125e-06 2306
1752073748525 7.8125e-06 2307
1752073779282 7.8125e-06 2308
1752073810061 7.8125e-06 2309
1752073841610 7.8125e-06 2310
1752073872383 7.8125e-06 2311
1752073903173 7.8125e-06 2312
1752073933907 7.8125e-06 2313
1752073964731 7.8125e-06 2314
1752073995976 7.8125e-06 2315
1752074026896 7.8125e-06 2316
1752074057735 7.8125e-06 2317
1752074088615 7.8125e-06 2318
1752074119354 7.8125e-06 2319
1752075774435 7.8125e-06 2320
1752075805001 7.8125e-06 2321
1752075835517 7.8125e-06 2322
1752075866411 7.8125e-06 2323
1752075896960 7.8125e-06 2324
1752075927413 7.8125e-06 2325
1752075957868 7.8125e-06 2326
1752075988818 7.8125e-06 2327
1752076019821 7.8125e-06 2328
1752076050232 7.8125e-06 2329
1752076080658 7.8125e-06 2330
1752076111325 7.8125e-06 2331
1752076142341 7.8125e-06 2332
1752076172934 7.8125e-06 2333
1752076203882 7.8125e-06 2334
1752076234905 7.8125e-06 2335
1752076265459 7.8125e-06 2336
1752076295851 7.8125e-06 2337
1752076326246 7.8125e-06 2338
1752076357031 7.8125e-06 2339
1752076387568 7.8125e-06 2340
1752076418063 7.8125e-06 2341
1752076448589 7.8125e-06 2342
1752076479199 7.8125e-06 2343
1752076509806 7.8125e-06 2344
1752076540274 7.8125e-06 2345
1752076570801 7.8125e-06 2346
1752076601294 7.8125e-06 2347
1752076631846 7.8125e-06 2348
1752076662502 7.8125e-06 2349
1752076693113 7.8125e-06 2350
1752076723612 7.8125e-06 2351
1752076754084 7.8125e-06 2352
1752076784626 7.8125e-06 2353
1752076815173 7.8125e-06 2354
1752076845692 7.8125e-06 2355
1752076876195 7.8125e-06 2356
1752076906757 7.8125e-06 2357
1752076937226 7.8125e-06 2358
1752076967719 7.8125e-06 2359
1752078619966 7.8125e-06 2360
1752078650529 7.8125e-06 2361
1752078681008 7.8125e-06 2362
1752078711490 7.8125e-06 2363
1752078741959 7.8125e-06 2364
1752078772393 7.8125e-06 2365
1752078802828 7.8125e-06 2366
1752078833249 7.8125e-06 2367
1752078863703 7.8125e-06 2368
1752078894217 7.8125e-06 2369
1752078924667 7.8125e-06 2370
1752078955083 7.8125e-06 2371
1752078985567 7.8125e-06 2372
1752079016572 7.8125e-06 2373
1752079047217 7.8125e-06 2374
1752079077695 7.8125e-06 2375
1752079108204 7.8125e-06 2376
1752079138728 7.8125e-06 2377
1752079169101 7.8125e-06 2378
1752079199695 7.8125e-06 2379
1752079230158 7.8125e-06 2380
1752079260593 7.8125e-06 2381
1752079291115 7.8125e-06 2382
1752079321626 7.8125e-06 2383
1752079352063 7.8125e-06 2384
1752079382503 7.8125e-06 2385
1752079412941 7.8125e-06 2386
1752079443379 7.8125e-06 2387
1752079473838 7.8125e-06 2388
1752079504268 7.8125e-06 2389
1752079534748 7.8125e-06 2390
1752079565220 7.8125e-06 2391
1752079595675 7.8125e-06 2392
1752079626209 7.8125e-06 2393
1752079656666 7.8125e-06 2394
1752079687496 7.8125e-06 2395
1752079717962 7.8125e-06 2396
1752079748610 7.8125e-06 2397
1752079779064 7.8125e-06 2398
1752079810363 7.8125e-06 2399
1752081485922 7.8125e-06 2400
1752081516335 7.8125e-06 2401
1752081546886 7.8125e-06 2402
1752081577396 7.8125e-06 2403
1752081607876 7.8125e-06 2404
1752081638330 7.8125e-06 2405
1752081668734 7.8125e-06 2406
1752081699330 7.8125e-06 2407
1752081729767 7.8125e-06 2408
1752081760218 7.8125e-06 2409
1752081790659 7.8125e-06 2410
1752081821110 7.8125e-06 2411
1752081851557 7.8125e-06 2412
1752081881986 7.8125e-06 2413
1752081912309 7.8125e-06 2414
1752081942735 7.8125e-06 2415
1752081973173 7.8125e-06 2416
1752082003639 7.8125e-06 2417
1752082034068 7.8125e-06 2418
1752082064457 7.8125e-06 2419
