1751837619991 -0.28364360332489014 0
1751837646113 -0.4060121178627014 1
1751837672066 -0.45860761404037476 2
1751837698054 -0.5084223747253418 3
1751837724089 -0.5435951352119446 4
1751837750042 -0.5605974793434143 5
1751837775982 -0.5572192072868347 6
1751837802009 -0.5614447593688965 7
1751837828013 -0.569621205329895 8
1751837853921 -0.5715487003326416 9
1751837879984 -0.5796790719032288 10
1751837906034 -0.5762959718704224 11
1751837932106 -0.5776738524436951 12
1751837958040 -0.5864781737327576 13
1751837984140 -0.5795435309410095 14
1751838010020 -0.5815229415893555 15
1751838036154 -0.5797361731529236 16
1751838062121 -0.5902510285377502 17
1751838088162 -0.5925782322883606 18
1751838114192 -0.5989115238189697 19
1751838140238 -0.6008257269859314 20
1751838166239 -0.5985879302024841 21
1751838192225 -0.5976992249488831 22
1751838218288 -0.5945659875869751 23
1751838244253 -0.6003055572509766 24
1751838270274 -0.6052110195159912 25
1751838296157 -0.6080445051193237 26
1751838322157 -0.6124281287193298 27
1751838348284 -0.6198816895484924 28
1751838374414 -0.6261211633682251 29
1751838400412 -0.6261044144630432 30
1751838426335 -0.6395362615585327 31
1751838452271 -0.6438040733337402 32
1751838478411 -0.6472247838973999 33
1751838504440 -0.6535108089447021 34
1751838530553 -0.6545193195343018 35
1751838556550 -0.6627042293548584 36
1751838582630 -0.6673329472541809 37
1751838608564 -0.6696035861968994 38
1751838634506 -0.6714314818382263 39
1751840007193 -0.01850263960659504 40
1751840033154 -0.008705913089215755 41
1751840059263 -0.02141357958316803 42
1751840085364 -0.029753321781754494 43
1751840111506 -0.03146952763199806 44
1751840137449 -0.03571934252977371 45
1751840163500 -0.0404011569917202 46
1751840189458 -0.04808526486158371 47
1751840215392 -0.05940151587128639 48
1751840241336 -0.0675741583108902 49
1751840267382 -0.0779547169804573 50
1751840293468 -0.08738423138856888 51
1751840319577 -0.09637753665447235 52
1751840345518 -0.10581672191619873 53
1751840371624 -0.11180847138166428 54
1751840398491 -0.1201230138540268 55
1751840425415 -0.132124662399292 56
1751840451375 -0.13936300575733185 57
1751840477328 -0.14785154163837433 58
1751840503309 -0.15560057759284973 59
1751840529290 -0.16215457022190094 60
1751840556310 -0.16701391339302063 61
1751840583268 -0.17108164727687836 62
1751840609833 -0.18155980110168457 63
1751840635834 -0.18849486112594604 64
1751840661901 -0.19879671931266785 65
1751840687791 -0.20694340765476227 66
1751840714768 -0.212924987077713 67
1751840741786 -0.2220936119556427 68
1751840768860 -0.22859686613082886 69
1751840794812 -0.23552556335926056 70
1751840820821 -0.24678705632686615 71
1751840846764 -0.2540673017501831 72
1751840873784 -0.2590239346027374 73
1751840900816 -0.2610507905483246 74
1751840927800 -0.2718319296836853 75
1751840954921 -0.2701472043991089 76
1751840981002 -0.2767345607280731 77
1751841006988 -0.287685751914978 78
1751841033991 -0.2933323085308075 79
1751842453200 -0.008427999913692474 80
1751842480155 -0.01926073059439659 81
1751842507112 -0.010741963982582092 82
1751842534034 -0.011826514266431332 83
1751842561067 -0.025601398199796677 84
1751842588057 -0.02904755249619484 85
1751842615036 -0.03016708791255951 86
1751842642151 -0.04159700125455856 87
1751842669085 -0.05474519357085228 88
1751842696034 -0.059903115034103394 89
1751842722973 -0.07473732531070709 90
1751842749893 -0.07444209605455399 91
1751842776974 -0.07007432729005814 92
1751842804063 -0.06782800704240799 93
1751842831076 -0.08463455736637115 94
1751842858158 -0.07975538074970245 95
1751842885173 -0.08140484988689423 96
1751842912036 -0.08505178242921829 97
1751842938984 -0.08798445761203766 98
1751842965912 -0.08943169564008713 99
1751842992982 -0.09368633478879929 100
1751843019945 -0.09880311787128448 101
1751843046977 -0.10012613981962204 102
1751843073969 -0.10385840386152267 103
1751843100943 -0.10701257735490799 104
1751843127898 -0.11150598526000977 105
1751843154891 -0.11584144085645676 106
1751843181809 -0.11472143977880478 107
1751843208744 -0.11862941831350327 108
1751843235654 -0.11982676386833191 109
1751843262752 -0.12688592076301575 110
1751843289602 -0.130717933177948 111
1751843316679 -0.13245083391666412 112
1751843343617 -0.13527414202690125 113
1751843370620 -0.13958218693733215 114
1751843397607 -0.14181509613990784 115
1751843424667 -0.14046511054039001 116
1751843451603 -0.1442146897315979 117
1751843478576 -0.1504993885755539 118
1751843505512 -0.1513480693101883 119
1751844924268 -0.00879562459886074 120
1751844951177 -0.018426114693284035 121
1751844978190 -0.01819654554128647 122
1751845005247 -0.015082542784512043 123
1751845032263 -0.003549225628376007 124
1751845059281 -0.006527319550514221 125
1751845086275 -0.009328623302280903 126
1751845113254 -0.013391557149589062 127
1751845140320 -0.01746482402086258 128
1751845167431 -0.018274180591106415 129
1751845194488 -0.020682593807578087 130
1751845221541 -0.024324115365743637 131
1751845248525 -0.026311006397008896 132
1751845275444 -0.03055570274591446 133
1751845302401 -0.033115193247795105 134
1751845329292 -0.043425314128398895 135
1751845356175 -0.044058658182621 136
1751845383139 -0.04706306755542755 137
1751845410156 -0.047426797449588776 138
1751845437214 -0.052733179181814194 139
1751845464186 -0.05168507993221283 140
1751845491123 -0.048432230949401855 141
1751845518011 -0.05221807211637497 142
1751845545130 -0.05084066092967987 143
1751845571953 -0.050196323543787 144
1751845598836 -0.048768192529678345 145
1751845625895 -0.05224970355629921 146
1751845652779 -0.05252031981945038 147
1751845679767 -0.05563870817422867 148
1751845706703 -0.05396641418337822 149
1751845733654 -0.05558793991804123 150
1751845760639 -0.059241883456707 151
1751845787682 -0.06252114474773407 152
1751845814632 -0.06342964619398117 153
1751845841510 -0.06087043136358261 154
1751845868636 -0.06442674249410629 155
1751845895620 -0.06629534065723419 156
1751845922705 -0.0675906091928482 157
1751845949827 -0.06953687220811844 158
1751845976824 -0.07159922271966934 159
1751847410808 -0.0009678059141151607 160
1751847437920 0.00036910048220306635 161
1751847464869 -0.000854212383273989 162
1751847491870 0.0008939873659983277 163
1751847518779 -0.0025725585874170065 164
1751847545746 -0.003647854086011648 165
1751847572628 -0.007427247241139412 166
1751847599574 -0.008959157392382622 167
1751847626541 -0.009787681512534618 168
1751847653389 -0.01603521592915058 169
1751847680313 -0.021433155983686447 170
1751847708204 -0.02010294795036316 171
1751847733913 -0.02761917933821678 172
1751847759717 -0.027976488694548607 173
1751847785516 -0.030030306428670883 174
1751847811321 -0.03334791958332062 175
1751847836913 -0.03339102864265442 176
1751847862661 -0.03656085208058357 177
1751847888456 -0.03451364487409592 178
1751847914231 -0.032508350908756256 179
1751847940028 -0.033116430044174194 180
1751847965776 -0.03310472518205643 181
1751847991558 -0.03367539495229721 182
1751848017268 -0.03372197970747948 183
1751848043030 -0.033368390053510666 184
1751848068753 -0.035119228065013885 185
1751848094599 -0.0366298146545887 186
1751848120491 -0.03648148849606514 187
1751848146176 -0.03633305802941322 188
1751848171821 -0.037336334586143494 189
1751848197464 -0.038284625858068466 190
1751848223252 -0.03984411433339119 191
1751848249071 -0.04210970550775528 192
1751848274803 -0.04395865276455879 193
1751848300488 -0.04299885034561157 194
1751848326120 -0.04466720297932625 195
1751848351801 -0.044561028480529785 196
1751848377429 -0.04734349250793457 197
1751848403105 -0.04812789335846901 198
1751848428733 -0.050840552896261215 199
1751849792273 -0.016538022086024284 200
1751849818196 -0.000256282277405262 201
1751849843821 -0.006804006639868021 202
1751849869923 0.007327566854655743 203
1751849895997 0.005982283502817154 204
1751849921879 -0.0031170062720775604 205
1751849947648 -0.006460110656917095 206
1751849973357 -0.005673202220350504 207
1751849999513 -0.00944621954113245 208
1751850025553 -0.013727888464927673 209
1751850051596 -0.020776476711034775 210
1751850077616 -0.025286965072155 211
1751850103389 -0.02312319166958332 212
1751850129525 -0.026474028825759888 213
1751850155522 -0.029283039271831512 214
1751850181615 -0.03047311305999756 215
1751850207689 -0.03732392191886902 216
1751850233833 -0.03189949318766594 217
1751850259723 -0.03651208430528641 218
1751850285775 -0.031748272478580475 219
1751850311837 -0.04865071177482605 220
1751850337780 -0.04106917232275009 221
1751850363868 -0.04581393301486969 222
1751850389983 -0.04817010089755058 223
1751850415690 -0.0501537099480629 224
1751850441686 -0.061899423599243164 225
1751850467744 -0.05702819302678108 226
1751850493672 -0.06170794740319252 227
1751850519649 -0.04772811010479927 228
1751850545729 -0.051661599427461624 229
1751850571869 -0.054591983556747437 230
1751850597878 -0.055879972875118256 231
1751850623940 -0.05834553763270378 232
1751850650001 -0.057730771601200104 233
1751850676003 -0.06131395697593689 234
1751850701955 -0.0593278594315052 235
1751850728016 -0.05977630615234375 236
1751850754208 -0.06329652667045593 237
1751850780209 -0.06328167021274567 238
1751850806232 -0.06211371347308159 239
1751852180196 -0.02206309325993061 240
1751852206268 -0.03905792906880379 241
1751852232352 -0.05518718808889389 242
1751852258445 -0.06033922731876373 243
1751852284564 -0.10135214775800705 244
1751852310582 -0.10246922820806503 245
1751852336703 -0.10257862508296967 246
1751852362731 -0.10049232840538025 247
1751852388694 -0.0992986261844635 248
1751852414703 -0.07644001394510269 249
1751852440684 -0.08502418547868729 250
1751852466684 -0.07121370732784271 251
1751852492715 -0.06619827449321747 252
1751852518869 -0.07508041709661484 253
1751852544906 -0.07151592522859573 254
1751852570938 -0.07817968726158142 255
1751852597010 -0.08324699103832245 256
1751852623011 -0.09706051647663116 257
1751852649159 -0.09320122003555298 258
1751852675171 -0.08432835340499878 259
1751852701289 -0.08367986977100372 260
1751852727220 -0.09110572189092636 261
1751852753370 -0.09205703437328339 262
1751852779487 -0.08372098952531815 263
1751852805698 -0.09149076789617538 264
1751852831821 -0.08926670998334885 265
1751852858841 -0.07959644496440887 266
1751852885889 -0.08016908168792725 267
1751852912018 -0.07783535122871399 268
1751852938145 -0.07952915877103806 269
1751852964254 -0.07706621289253235 270
1751852990321 -0.07495667040348053 271
1751853017302 -0.07292808592319489 272
1751853044357 -0.08284248411655426 273
1751853071529 -0.07935569435358047 274
1751853097469 -0.0731370598077774 275
1751853123510 -0.07692470401525497 276
1751853149608 -0.08791608363389969 277
1751853176627 -0.0850524753332138 278
1751853203609 -0.07692965865135193 279
1751854623498 -0.008318179287016392 280
1751854650519 -0.06265547126531601 281
1751854677532 -0.08697265386581421 282
1751854704513 -0.09100286662578583 283
1751854731582 -0.06752334535121918 284
1751854758698 -0.054176364094018936 285
1751854785596 -0.06545928865671158 286
1751854812786 -0.07402891665697098 287
1751854839800 -0.07604716718196869 288
1751854866802 -0.06834030151367188 289
1751854893748 -0.06887402385473251 290
1751854920716 -0.06655043363571167 291
1751854947633 -0.06551960110664368 292
1751854974651 -0.06913453340530396 293
1751855001766 -0.07405845820903778 294
1751855028757 -0.06885844469070435 295
1751855055769 -0.06511276960372925 296
1751855082778 -0.06639623641967773 297
1751855109899 -0.0697532370686531 298
1751855136825 -0.07255397737026215 299
1751855163720 -0.07046918570995331 300
1751855190718 -0.08285170793533325 301
1751855217695 -0.06212673336267471 302
1751855244733 -0.06350395083427429 303
1751855271788 -0.07079396396875381 304
1751855298909 -0.07775145769119263 305
1751855325886 -0.07592745870351791 306
1751855352902 -0.07188007235527039 307
1751855379779 -0.06985589116811752 308
1751855406839 -0.07264874875545502 309
1751855433785 -0.06264356523752213 310
1751855460763 -0.07232627272605896 311
1751855487673 -0.07344358414411545 312
1751855514605 -0.06755910813808441 313
1751855541545 -0.06706073880195618 314
1751855568594 -0.0720399022102356 315
1751855595552 -0.07717659324407578 316
1751855622560 -0.06969985365867615 317
1751855649663 -0.07119042426347733 318
1751855676738 -0.07492350041866302 319
1751857096881 -0.02639688178896904 320
1751857123847 -0.04247575253248215 321
1751857150798 -0.06234538555145264 322
1751857177782 -0.05538102239370346 323
1751857204784 -0.05779343843460083 324
1751857231909 -0.06533700227737427 325
1751857258937 -0.06537053734064102 326
1751857285919 -0.06556468456983566 327
1751857312866 -0.05923381820321083 328
1751857339945 -0.06571783125400543 329
1751857367018 -0.06065216287970543 330
1751857393894 -0.05626928061246872 331
1751857420797 -0.0576900914311409 332
1751857447682 -0.04442854970693588 333
1751857474628 -0.05270823836326599 334
1751857501724 -0.0494496151804924 335
1751857528601 -0.051441408693790436 336
1751857555583 -0.057223957031965256 337
1751857582588 -0.05375116318464279 338
1751857609589 -0.0577145479619503 339
1751857636574 -0.06763170659542084 340
1751857663715 -0.06599096953868866 341
1751857690720 -0.06442804634571075 342
1751857717601 -0.06794989854097366 343
1751857744675 -0.0715695172548294 344
1751857771605 -0.06960487365722656 345
1751857798721 -0.07180018723011017 346
1751857825695 -0.075567327439785 347
1751857852629 -0.0765204131603241 348
1751857879690 -0.0751204788684845 349
1751857906769 -0.07279098033905029 350
1751857933778 -0.07063309103250504 351
1751857960804 -0.07544481754302979 352
1751857987838 -0.08395282924175262 353
1751858014814 -0.08446987718343735 354
1751858041754 -0.07527387142181396 355
1751858068869 -0.07608500123023987 356
1751858095835 -0.08070255815982819 357
1751858122779 -0.08167243003845215 358
1751858149738 -0.08141737431287766 359
1751859582405 -0.014530224725604057 360
1751859609330 -0.02414930798113346 361
1751859636229 -0.04178167134523392 362
1751859663127 -0.05239841714501381 363
1751859690162 -0.03898169472813606 364
1751859717069 -0.029965683817863464 365
1751859743956 -0.027656685560941696 366
1751859770937 -0.02788582630455494 367
1751859797848 -0.016743971034884453 368
1751859824909 -0.021068057045340538 369
1751859851976 -0.019557997584342957 370
1751859879016 -0.022353878244757652 371
1751859905930 -0.01876683160662651 372
1751859932825 -0.020742304623126984 373
1751859959779 -0.02354191616177559 374
1751859986589 -0.021727705374360085 375
1751860014485 -0.022311804816126823 376
1751860040334 -0.023135535418987274 377
1751860066039 -0.02133922278881073 378
1751860091694 -0.01731400564312935 379
1751860117473 -0.03279690444469452 380
1751860143067 -0.030508799478411674 381
1751860168891 -0.03680980205535889 382
1751860194663 -0.028793711215257645 383
1751860220374 -0.02735026739537716 384
1751860245972 -0.03494349867105484 385
1751860271697 -0.03485255688428879 386
1751860297460 -0.027408525347709656 387
1751860323167 -0.03777594864368439 388
1751860348793 -0.043286021798849106 389
1751860374501 -0.02204909175634384 390
1751860400326 -0.03567279130220413 391
1751860426043 -0.051500171422958374 392
1751860451765 -0.05285373330116272 393
1751860477530 -0.04648533836007118 394
1751860503203 -0.04005202651023865 395
1751860528930 -0.03911564499139786 396
1751860554781 -0.0398591086268425 397
1751860580411 -0.0389007143676281 398
1751860606126 -0.03872906044125557 399
1751862001884 -0.03169231489300728 400
1751862028115 -0.048191361129283905 401
1751862054274 -0.03053727000951767 402
1751862080478 -0.0397728756070137 403
1751862106641 -0.03418704494833946 404
1751862132961 -0.03771425411105156 405
1751862159027 -0.024790773168206215 406
1751862185201 -0.025768382474780083 407
1751862211427 -0.0181387048214674 408
1751862237496 -0.03650156408548355 409
1751862263641 -0.03538554534316063 410
1751862289935 -0.033737123012542725 411
1751862316063 -0.030833370983600616 412
1751862342234 -0.03240969032049179 413
1751862368424 -0.030860424041748047 414
1751862394707 -0.03653319925069809 415
1751862420955 -0.03621019423007965 416
1751862447103 -0.03056183084845543 417
1751862473225 -0.0399317666888237 418
1751862499269 -0.03611578047275543 419
1751862525442 -0.0350465252995491 420
1751862551597 -0.04698764905333519 421
1751862577892 -0.04319252073764801 422
1751862604070 -0.03669681400060654 423
1751862630263 -0.03449675440788269 424
1751862656404 -0.04397761449217796 425
1751862682611 -0.03881470486521721 426
1751862708694 -0.0420694574713707 427
1751862734797 -0.041953980922698975 428
1751862760967 -0.047890592366456985 429
1751862787144 -0.0413496270775795 430
1751862813384 -0.0436687171459198 431
1751862839679 -0.04733856022357941 432
1751862865827 -0.045863647013902664 433
1751862892016 -0.047602489590644836 434
1751862918095 -0.0505366288125515 435
1751862944239 -0.04931297525763512 436
1751862970302 -0.050030678510665894 437
1751862996446 -0.049223966896533966 438
1751863022570 -0.04831169545650482 439
1751864446641 -0.008280429057776928 440
1751864474072 0.008915606886148453 441
1751864501449 0.013663168996572495 442
1751864528764 -0.023733943700790405 443
1751864555969 -0.012776795774698257 444
1751864583275 0.005174675956368446 445
1751864610600 0.018929626792669296 446
1751864637859 0.019461767747998238 447
1751864665156 0.007037361618131399 448
1751864692335 0.003492436371743679 449
1751864719657 -0.009266719222068787 450
1751864746892 -0.004751720931380987 451
1751864774099 0.006503487005829811 452
1751864801329 -0.006811473518610001 453
1751864828592 -0.008385960012674332 454
1751864855936 -0.00343612814322114 455
1751864883230 -0.012707225047051907 456
1751864910534 -0.011199632659554482 457
1751864937739 -0.006294761318713427 458
1751864964993 -0.009531790390610695 459
1751864992178 -0.020629532635211945 460
1751865019424 -0.016923610121011734 461
1751865046768 -0.010206084698438644 462
1751865074139 -0.019738782197237015 463
1751865101389 -0.01861795037984848 464
1751865128715 -0.024625912308692932 465
1751865155977 -0.025384383276104927 466
1751865183242 -0.018600456416606903 467
1751865210705 -0.03220677375793457 468
1751865237936 -0.026978418231010437 469
1751865265192 -0.015960728749632835 470
1751865292575 -0.021904483437538147 471
1751865319859 -0.020317841321229935 472
1751865347069 -0.02021714299917221 473
1751865374490 -0.026954863220453262 474
1751865401896 -0.02460808865725994 475
1751865429290 -0.01000911369919777 476
1751865456517 -0.029973676428198814 477
1751865483901 -0.029745446518063545 478
1751865511192 -0.015343157574534416 479
1751866946967 -0.06549342721700668 480
1751866974223 -0.03902624920010567 481
1751867001484 -0.02692391723394394 482
1751867028798 -0.033658601343631744 483
1751867056130 -0.02164020575582981 484
1751867083354 -0.026643456891179085 485
1751867110629 -0.017578965052962303 486
1751867137928 -0.020157024264335632 487
1751867165121 -0.025366123765707016 488
1751867192387 -0.01858055219054222 489
1751867219609 -0.019944654777646065 490
1751867246815 -0.024437163025140762 491
1751867274156 -0.018349716439843178 492
1751867301428 -0.024320274591445923 493
1751867328679 -0.021666139364242554 494
1751867355888 -0.016081497073173523 495
1751867383155 -0.02370629645884037 496
1751867410472 -0.03157877177000046 497
1751867437854 -0.01446378231048584 498
1751867465152 -0.03447805345058441 499
1751867492397 -0.03113684616982937 500
1751867519572 -0.024967487901449203 501
1751867546798 -0.02169942297041416 502
1751867574102 -0.026679372414946556 503
1751867601336 -0.027190454304218292 504
1751867628651 -0.026804417371749878 505
1751867656077 -0.029619555920362473 506
1751867683267 -0.035761624574661255 507
1751867710478 -0.03401057422161102 508
1751867737682 -0.0355021171271801 509
1751867764948 -0.03479389101266861 510
1751867792220 -0.034117572009563446 511
1751867819429 -0.0339336171746254 512
1751867846735 -0.03355365991592407 513
1751867874082 -0.03494648262858391 514
1751867901269 -0.0343049094080925 515
1751867928494 -0.03325234353542328 516
1751867955810 -0.034065231680870056 517
1751867983002 -0.03641745448112488 518
1751868010391 -0.03721332177519798 519
1751869459200 -0.016564756631851196 520
1751869486489 -0.029303114861249924 521
1751869513671 -0.030332662165164948 522
1751869541031 -0.002095780335366726 523
1751869568252 -0.04876888915896416 524
1751869595396 -0.03938257321715355 525
1751869622599 -0.02905876375734806 526
1751869649894 -0.00723183061927557 527
1751869677094 0.008904499933123589 528
1751869704320 0.0031147142872214317 529
1751869731602 -0.003572366200387478 530
1751869758760 0.00391047727316618 531
1751869785920 0.003944220021367073 532
1751869813087 0.003720422275364399 533
1751869840241 0.0013472434366121888 534
1751869867648 -0.006492577493190765 535
1751869894847 0.003902539610862732 536
1751869922083 -0.006772980559617281 537
1751869949235 -0.0020467983558773994 538
1751869976531 -0.0020403973758220673 539
1751870003671 -0.005496438592672348 540
1751870030930 -0.00037244008854031563 541
1751870058092 -0.012029140256345272 542
1751870085431 -0.0034354873932898045 543
1751870112659 -0.005990225821733475 544
1751870139828 -0.004380420781672001 545
1751870167173 -0.0036803227849304676 546
1751870194398 -0.011203502304852009 547
1751870221604 -0.011009764857590199 548
1751870248899 -0.009932066313922405 549
1751870276097 -0.002971450798213482 550
1751870303276 -0.011622833088040352 551
1751870330446 -0.010516282171010971 552
1751870357685 -0.016763625666499138 553
1751870384952 0.0013709464110434055 554
1751870412282 -0.014597080647945404 555
1751870439490 -0.017263654619455338 556
1751870466827 -0.012964226305484772 557
1751870493968 -0.01311122253537178 558
1751870521142 -0.008639132604002953 559
1751871922064 -0.03567878529429436 560
1751871947964 -0.032942403107881546 561
1751871973760 -0.036052532494068146 562
1751871999617 -0.04458102211356163 563
1751872025518 -0.03969941660761833 564
1751872051482 -0.05515025183558464 565
1751872077283 -0.05001714453101158 566
1751872103163 -0.023497872054576874 567
1751872128903 -0.01514645665884018 568
1751872154764 -0.013760793954133987 569
1751872180647 -0.017625750973820686 570
1751872206625 -0.016481168568134308 571
1751872232359 -0.005258308257907629 572
1751872258209 -0.01920212060213089 573
1751872283999 -0.016465380787849426 574
1751872309846 -0.0050420379266142845 575
1751872335706 -0.018498752266168594 576
1751872361482 -0.007636028341948986 577
1751872387412 -0.01882724091410637 578
1751872413339 -0.016721099615097046 579
1751872439127 -0.012349688448011875 580
1751872464846 -0.022584140300750732 581
1751872490553 -0.007862013764679432 582
1751872516375 -0.01626601628959179 583
1751872542282 -0.011675022542476654 584
1751872568090 -0.020918119698762894 585
1751872593866 -0.011067798361182213 586
1751872619723 -0.009551828727126122 587
1751872645551 -0.005443044006824493 588
1751872671496 -0.0005359407514333725 589
1751872697318 -0.012980159372091293 590
1751872723217 -0.011399071663618088 591
1751872749029 -0.013912474736571312 592
1751872774975 -0.010194120928645134 593
1751872800766 -0.011462092399597168 594
1751872826523 -0.006746300961822271 595
1751872852365 -0.007972370833158493 596
1751872878147 -0.01138198934495449 597
1751872904020 -0.013141158036887646 598
1751872929767 -0.014621203765273094 599
1751874308079 -0.03129541873931885 600
1751874334242 -0.03484420105814934 601
1751874360460 -0.04316485673189163 602
1751874386625 -0.029492750763893127 603
1751874412786 -0.019506527110934258 604
1751874439020 -0.01769173890352249 605
1751874465368 -0.04300292581319809 606
1751874491500 -0.026598520576953888 607
1751874517835 -0.025361569598317146 608
1751874543991 -0.03349495306611061 609
1751874570123 -0.027244970202445984 610
1751874596272 -0.03482828661799431 611
1751874622460 -0.03784503415226936 612
1751874648546 -0.021204913035035133 613
1751874674844 -0.02363778091967106 614
1751874701032 -0.0027871401980519295 615
1751874727296 -0.0314173698425293 616
1751874753527 -0.02281557023525238 617
1751874779890 -0.015902647748589516 618
1751874806034 -0.014932018704712391 619
1751874832293 -0.021665815263986588 620
1751874858492 -0.021346619352698326 621
1751874884760 -0.023205984383821487 622
1751874910930 -0.03201504424214363 623
1751874937100 -0.03295496851205826 624
1751874963283 -0.03553672134876251 625
1751874989529 -0.03239160403609276 626
1751875015672 -0.0380554161965847 627
1751875041848 -0.039556823670864105 628
1751875068096 -0.037606410682201385 629
1751875094324 -0.04244878143072128 630
1751875120528 -0.04034598171710968 631
1751875146716 -0.04308762028813362 632
1751875173081 -0.0419873371720314 633
1751875199414 -0.035663556307554245 634
1751875225608 -0.03986986353993416 635
1751875251962 -0.04300136864185333 636
1751875278166 -0.043480511754751205 637
1751875304346 -0.045542676001787186 638
1751875330535 -0.04780980944633484 639
1751876723905 -0.05150766298174858 640
1751876751313 -0.03670329228043556 641
1751876777480 -0.03426416963338852 642
1751876804725 -0.030929023399949074 643
1751876830817 -0.03348345682024956 644
1751876858205 -0.02758660539984703 645
1751876884351 -0.044793061912059784 646
1751876911672 -0.04252465069293976 647
1751876937854 -0.04729520156979561 648
1751876965144 -0.05392739176750183 649
1751876991292 -0.05144285783171654 650
1751877018703 -0.048945244401693344 651
1751877044806 -0.0469803661108017 652
1751877072181 -0.04019322246313095 653
1751877098346 -0.04275493323802948 654
1751877125592 -0.03495039790868759 655
1751877151871 -0.034184977412223816 656
1751877179289 -0.04130516201257706 657
1751877206639 -0.04988720268011093 658
1751877233892 -0.05569111183285713 659
1751877260075 -0.050633009523153305 660
1751877287467 -0.047143638134002686 661
1751877313731 -0.047051116824150085 662
1751877341198 -0.056951601058244705 663
1751877368608 -0.057073820382356644 664
1751877395936 -0.06148870661854744 665
1751877423271 -0.05917612090706825 666
1751877450597 -0.0614948496222496 667
1751877476795 -0.06392370164394379 668
1751877504094 -0.056589845567941666 669
1751877531386 -0.05993780493736267 670
1751877558629 -0.0653618574142456 671
1751877585860 -0.05728522315621376 672
1751877613115 -0.062108173966407776 673
1751877639336 -0.06178790703415871 674
1751877666735 -0.06265680491924286 675
1751877694114 -0.06705311685800552 676
1751877721417 -0.06213323771953583 677
1751877748749 -0.0697830468416214 678
1751877775978 -0.06471181660890579 679
1751879213647 -0.03723243251442909 680
1751879240941 -0.021923702210187912 681
1751879268202 -0.12082481384277344 682
1751879295545 -0.054416075348854065 683
1751879322817 -0.13564348220825195 684
1751879350185 -0.1566203087568283 685
1751879377499 -0.11668600142002106 686
1751879404847 -0.13205792009830475 687
1751879432206 -0.13977977633476257 688
1751879459543 -0.13796637952327728 689
1751879486763 -0.12638667225837708 690
1751879513989 -0.12646502256393433 691
1751879541364 -0.12547805905342102 692
1751879568654 -0.13426053524017334 693
1751879595940 -0.13764169812202454 694
1751879623386 -0.13532762229442596 695
1751879650747 -0.14179463684558868 696
1751879678063 -0.14081719517707825 697
1751879705416 -0.13204467296600342 698
1751879732773 -0.14279140532016754 699
1751879760141 -0.14003193378448486 700
1751879787441 -0.144839808344841 701
1751879814874 -0.12913967669010162 702
1751879842250 -0.14467261731624603 703
1751879869446 -0.14350798726081848 704
1751879896693 -0.12883701920509338 705
1751879924137 -0.1413698047399521 706
1751879951383 -0.13190700113773346 707
1751879978678 -0.126002237200737 708
1751880005858 -0.150645911693573 709
1751880033302 -0.15060636401176453 710
1751880060638 -0.1460871547460556 711
1751880087947 -0.15139682590961456 712
1751880115152 -0.14213620126247406 713
1751880142581 -0.13787253201007843 714
1751880169874 -0.13875532150268555 715
1751880197145 -0.13517679274082184 716
1751880224429 -0.13615305721759796 717
1751880251718 -0.13918374478816986 718
1751880279009 -0.1456463783979416 719
1751881721864 -0.02736349031329155 720
1751881749178 -0.0169967133551836 721
1751881776458 -0.010861151851713657 722
1751881803932 -0.013581307604908943 723
1751881831346 -0.023684311658143997 724
1751881859059 -0.031454652547836304 725
1751881886286 -0.035164810717105865 726
1751881913755 -0.025370072573423386 727
1751881941055 -0.025460995733737946 728
1751881968473 -0.03742976859211922 729
1751881995713 -0.03517089784145355 730
1751882022991 -0.036816079169511795 731
1751882050331 -0.03770839422941208 732
1751882077705 -0.0414094552397728 733
1751882105055 -0.035883087664842606 734
1751882132337 -0.04027976840734482 735
1751882159650 -0.03379000723361969 736
1751882187012 -0.0392381027340889 737
1751882214318 -0.032541610300540924 738
1751882241588 -0.04336981475353241 739
1751882268853 -0.04018918424844742 740
1751882296199 -0.04851239174604416 741
1751882323471 -0.04763321578502655 742
1751882350720 -0.05058888718485832 743
1751882378031 -0.042131271213293076 744
1751882405353 -0.04087774455547333 745
1751882432749 -0.040511250495910645 746
1751882459981 -0.04686257988214493 747
1751882487379 -0.04798012226819992 748
1751882514748 -0.045620400458574295 749
1751882541927 -0.051993612200021744 750
1751882569186 -0.049527496099472046 751
1751882596492 -0.04734313488006592 752
1751882623784 -0.04506706818938255 753
1751882650976 -0.04980660229921341 754
1751882678305 -0.051270969212055206 755
1751882705598 -0.05187418684363365 756
1751882732914 -0.052161917090415955 757
1751882760219 -0.05245881900191307 758
1751882787576 -0.052225805819034576 759
1751884219692 -0.019331829622387886 760
1751884245580 -0.03008023276925087 761
1751884271410 -0.03653417527675629 762
1751884297298 -0.03385866433382034 763
1751884323175 -0.0225010234862566 764
1751884349098 0.00699975062161684 765
1751884375004 0.01567794568836689 766
1751884400877 0.01217856165021658 767
1751884426621 0.01145161222666502 768
1751884452566 0.021090896800160408 769
1751884478301 0.0189864132553339 770
1751884504113 0.02111878991127014 771
1751884529908 0.01588316075503826 772
1751884555775 0.011683449149131775 773
1751884581585 0.015872329473495483 774
1751884607443 0.012210735119879246 775
1751884633370 0.005959630012512207 776
1751884659288 0.007762111257761717 777
1751884685056 0.01565360277891159 778
1751884710937 0.00766430189833045 779
1751884736730 0.014655236154794693 780
1751884762522 0.014795981347560883 781
1751884788408 0.013448340818285942 782
1751884814169 0.012277480214834213 783
1751884840081 0.010173555463552475 784
1751884865933 0.012517779134213924 785
1751884891818 0.010969240218400955 786
1751884917767 0.0109183918684721 787
1751884943755 0.010330765508115292 788
1751884969606 0.008362455293536186 789
1751884995468 0.006887194234877825 790
1751885021262 0.0031129131093621254 791
1751885047061 0.007188673596829176 792
1751885073014 0.007471791002899408 793
1751885098846 0.006668548099696636 794
1751885124599 0.007923001423478127 795
1751885150466 0.0016940550412982702 796
1751885176373 0.0008953313808888197 797
1751885202202 0.0008148238994181156 798
1751885227952 0.0036026372108608484 799
1751886619234 -0.028849955648183823 800
1751886645119 -0.0373259112238884 801
1751886671365 -0.0216432623565197 802
1751886697549 -0.03240776062011719 803
1751886723747 -0.027759170159697533 804
1751886749923 -0.04076102748513222 805
1751886776169 -0.03875769302248955 806
1751886801964 -0.030518613755702972 807
1751886828059 -0.027800623327493668 808
1751886854210 -0.066726453602314 809
1751886880325 -0.03700833022594452 810
1751886906509 0.011733198538422585 811
1751886932785 0.019202064722776413 812
1751886958914 -0.0030350391753017902 813
1751886985136 -0.011582829989492893 814
1751887011265 -0.01958315446972847 815
1751887037521 -0.018342122435569763 816
1751887063815 -0.022050119936466217 817
1751887090067 -0.03169230744242668 818
1751887116285 -0.035998135805130005 819
1751887142557 -0.036546073853969574 820
1751887168890 -0.04585237056016922 821
1751887195198 -0.04793486371636391 822
1751887221502 -0.050844162702560425 823
1751887247644 -0.05272068828344345 824
1751887273908 -0.054805904626846313 825
1751887300287 -0.05792754143476486 826
1751887326618 -0.05867083743214607 827
1751887352835 -0.06065773963928223 828
1751887379031 -0.056698717176914215 829
1751887405265 -0.059955719858407974 830
1751887431459 -0.06350025534629822 831
1751887457736 -0.07137849181890488 832
1751887484034 -0.06911249458789825 833
1751887510080 -0.07127142697572708 834
1751887536209 -0.07104013860225677 835
1751887562377 -0.07366973161697388 836
1751887588563 -0.07581207901239395 837
1751887614910 -0.0720268040895462 838
1751887641097 -0.06967855989933014 839
1751889025216 -0.009153279475867748 840
1751889051520 -0.03266358748078346 841
1751889077689 -0.026564540341496468 842
1751889105200 -0.034370001405477524 843
1751889131286 -0.03895486146211624 844
1751889157523 -0.035966675728559494 845
1751889183761 -0.03982306271791458 846
1751889209919 -0.033656567335128784 847
1751889236074 -0.031040646135807037 848
1751889263327 -0.033938899636268616 849
1751889289543 -0.030689846724271774 850
1751889316110 -0.031337276101112366 851
1751889342275 -0.03660324960947037 852
1751889368490 -0.03042571246623993 853
1751889394649 -0.03561811149120331 854
1751889421917 -0.041216522455215454 855
1751889448089 -0.036522701382637024 856
1751889475417 -0.03551159426569939 857
1751889501532 -0.03628337383270264 858
1751889527706 -0.03680257499217987 859
1751889553851 -0.028598662465810776 860
1751889581160 -0.03493358939886093 861
1751889607323 -0.03393058106303215 862
1751889634516 -0.03100016340613365 863
1751889660753 -0.04390518367290497 864
1751889687004 -0.036358460783958435 865
1751889713170 -0.037747323513031006 866
1751889740440 -0.03606702759861946 867
1751889766730 -0.033120181411504745 868
1751889794150 -0.03144490718841553 869
1751889820355 -0.033561885356903076 870
1751889847670 -0.030752576887607574 871
1751889874008 -0.03378496319055557 872
1751889901265 -0.027459414675831795 873
1751889927524 -0.03268139809370041 874
1751889954829 -0.030752478167414665 875
1751889981061 -0.02718650922179222 876
1751890008384 -0.03185310587286949 877
1751890035635 -0.03382787108421326 878
1751890062896 -0.03705030679702759 879
1751891499056 -0.003734445199370384 880
1751891526295 -0.004841474816203117 881
1751891553501 -0.01108590979129076 882
1751891580774 -0.006568508688360453 883
1751891608010 -0.01189079787582159 884
1751891635336 -0.009097227826714516 885
1751891662582 -0.005469553172588348 886
1751891690010 -0.007009461522102356 887
1751891717271 -0.006832677870988846 888
1751891744668 -0.008887778967618942 889
1751891771963 -0.005061281379312277 890
1751891799281 -0.010835162363946438 891
1751891826546 -0.007580214645713568 892
1751891853810 -0.00935577042400837 893
1751891881101 -0.012021285481750965 894
1751891908507 -0.010794156230986118 895
1751891935771 -0.009958414360880852 896
1751891962972 -0.011787847615778446 897
1751891990224 -0.008653232827782631 898
1751892017453 -0.01000894233584404 899
1751892044700 -0.014349698089063168 900
1751892072020 -0.01572633720934391 901
1751892099310 -0.010082609951496124 902
1751892126686 -0.01247477252036333 903
1751892153909 -0.016379520297050476 904
1751892181307 -0.01385941170156002 905
1751892208540 -0.01401541754603386 906
1751892235786 -0.014863856136798859 907
1751892263125 -0.016130823642015457 908
1751892290412 -0.013374977745115757 909
1751892317767 -0.01438944786787033 910
1751892345037 -0.0160233024507761 911
1751892372386 -0.017073074355721474 912
1751892399665 -0.015525790862739086 913
1751892427039 -0.017747187986969948 914
1751892454246 -0.017322208732366562 915
1751892481578 -0.01722164824604988 916
1751892508908 -0.0166187547147274 917
1751892536096 -0.016121756285429 918
1751892563379 -0.017680887132883072 919
1751894000986 -0.0050843218341469765 920
1751894028293 -0.0036621950566768646 921
1751894055641 0.010843739844858646 922
1751894083006 0.013703259639441967 923
1751894110272 0.0065317233093082905 924
1751894137544 0.005772698204964399 925
1751894165013 0.005806055851280689 926
1751894192193 0.013167774304747581 927
1751894219488 0.011836538091301918 928
1751894246806 0.006716375704854727 929
1751894274038 0.015942703932523727 930
1751894301458 0.01486014761030674 931
1751894328587 0.012190662324428558 932
1751894355798 0.016351254656910896 933
1751894383070 0.008297035470604897 934
1751894410300 0.015264465473592281 935
1751894437546 0.014233950525522232 936
1751894464836 0.018405789509415627 937
1751894492203 0.019911983981728554 938
1751894519563 0.018520351499319077 939
1751894546959 0.014316788874566555 940
1751894574157 0.017771702259778976 941
1751894601358 0.01741110533475876 942
1751894628639 0.021205583587288857 943
1751894655977 0.021066898480057716 944
1751894683450 0.021323472261428833 945
1751894710874 0.02002919279038906 946
1751894738053 0.018790969625115395 947
1751894765375 0.01866009645164013 948
1751894792649 0.018870344385504723 949
1751894819938 0.019274504855275154 950
1751894847333 0.020900657400488853 951
1751894874607 0.019743282347917557 952
1751894901811 0.021185442805290222 953
1751894929060 0.016704274341464043 954
1751894956308 0.023279700428247452 955
1751894983533 0.018594253808259964 956
1751895010750 0.021140094846487045 957
1751895038060 0.020497383549809456 958
1751895065310 0.021046699956059456 959
1751896518540 0.005159107036888599 960
1751896545890 0.008699680678546429 961
1751896573063 0.010342678986489773 962
1751896600319 0.010361244902014732 963
1751896627553 0.013676644302904606 964
1751896655734 0.01152920164167881 965
1751896681601 0.015544387511909008 966
1751896707502 0.02282697707414627 967
1751896733274 0.011389902792870998 968
1751896759224 0.018419455736875534 969
1751896785016 0.013038914650678635 970
1751896810901 0.017351949587464333 971
1751896836925 0.017406754195690155 972
1751896862783 0.017829813063144684 973
1751896888654 0.019139787182211876 974
1751896914458 0.02113378793001175 975
1751896940333 0.020532812923192978 976
1751896966116 0.02019456773996353 977
1751896991994 0.01943160779774189 978
1751897017821 0.02026372030377388 979
1751897043808 0.02157968282699585 980
1751897069721 0.023345882073044777 981
1751897095576 0.02148406393826008 982
1751897121409 0.021547582000494003 983
1751897147310 0.023797379806637764 984
1751897173161 0.023149719461798668 985
1751897199239 0.02585260383784771 986
1751897225033 0.02498660981655121 987
1751897250991 0.025500822812318802 988
1751897276965 0.025250131264328957 989
1751897302812 0.023682525381445885 990
1751897328632 0.02470868080854416 991
1751897354556 0.02555244415998459 992
1751897380336 0.025938203558325768 993
1751897406199 0.025447838008403778 994
1751897432133 0.024772636592388153 995
1751897457973 0.02699282206594944 996
1751897483974 0.02488643303513527 997
1751897510018 0.02342529222369194 998
1751897535830 0.02762051671743393 999
1751899037377 0.0007352047832682729 1000
1751899063368 -0.0003140417393296957 1001
1751899089421 -8.675758726894855e-05 1002
1751899115721 0.005321269389241934 1003
1751899141939 0.005934457760304213 1004
1751899167765 0.0022106291726231575 1005
1751899193660 0.0012581422924995422 1006
1751899219555 0.0076955752447247505 1007
1751899245854 0.006667575798928738 1008
1751899272081 0.010233075357973576 1009
1751899298313 0.009708824567496777 1010
1751899324532 0.009259546175599098 1011
1751899350398 0.0036676106974482536 1012
1751899376607 0.008546215482056141 1013
1751899402783 0.008557461202144623 1014
1751899429036 0.013065699487924576 1015
1751899455308 0.00733516551554203 1016
1751899481501 0.006457403302192688 1017
1751899507395 0.00754751730710268 1018
1751899533722 0.012837744317948818 1019
1751899559990 0.010186140425503254 1020
1751899586254 0.009255435317754745 1021
1751899612484 0.011251424439251423 1022
1751899638693 0.009691538289189339 1023
1751899664660 0.008868142031133175 1024
1751899690917 0.01113999355584383 1025
1751899717306 0.010181497782468796 1026
1751899743567 0.012701524421572685 1027
1751899769790 0.010291152633726597 1028
1751899796016 0.006125871557742357 1029
1751899822407 0.006932936143130064 1030
1751899848707 0.010018454864621162 1031
1751899874855 0.010335028171539307 1032
1751899901152 0.00870535708963871 1033
1751899927325 0.009859886020421982 1034
1751899953580 0.009024313651025295 1035
1751899979906 0.00892031379044056 1036
1751900006118 0.008897674269974232 1037
1751900032364 0.009513909928500652 1038
1751900058553 0.008420055732131004 1039
1751901445991 -0.009439208544790745 1040
1751901472192 -0.014931684359908104 1041
1751901498499 -0.00677119754254818 1042
1751901524770 0.002278522588312626 1043
1751901551059 0.006681311875581741 1044
1751901577354 -0.0026635790709406137 1045
1751901603589 0.010017070919275284 1046
1751901629828 0.004991595633327961 1047
1751901656146 0.0096051637083292 1048
1751901682320 0.001818009652197361 1049
1751901708586 0.01023681741207838 1050
1751901734858 0.015283534303307533 1051
1751901761226 0.01157047227025032 1052
1751901787397 0.006791276857256889 1053
1751901813649 0.008463334292173386 1054
1751901839874 0.012870913371443748 1055
1751901866068 0.017187077552080154 1056
1751901892227 0.01609792932868004 1057
1751901918482 0.007495078258216381 1058
1751901944707 0.01033304538577795 1059
1751901970833 0.01606917381286621 1060
1751901997063 0.010197572410106659 1061
1751902023250 0.012280456721782684 1062
1751902049473 0.012049917131662369 1063
1751902075674 0.011865809559822083 1064
1751902101898 0.008345063775777817 1065
1751902129276 0.01271037571132183 1066
1751902155547 0.011744958348572254 1067
1751902181865 0.011028315871953964 1068
1751902208073 0.012287662364542484 1069
1751902234318 0.008225045166909695 1070
1751902260533 0.008738843724131584 1071
1751902287973 0.009855765849351883 1072
1751902314158 0.010667728260159492 1073
1751902340313 0.010069198906421661 1074
1751902366517 0.008051014505326748 1075
1751902392694 0.008329418487846851 1076
1751902419055 0.009326528757810593 1077
1751902446427 0.010229403153061867 1078
1751902472702 0.009173824451863766 1079
1751903910295 -0.013935783877968788 1080
1751903937695 -0.01909019984304905 1081
1751903965178 -0.019460827112197876 1082
1751903992622 -0.012821288779377937 1083
1751904019970 -0.017790041863918304 1084
1751904047346 -0.01535879448056221 1085
1751904074631 -0.01730925217270851 1086
1751904102077 -0.012265535071492195 1087
1751904129397 -0.013653188943862915 1088
1751904156778 -0.016904031857848167 1089
1751904184111 -0.016344986855983734 1090
1751904211592 -0.014843284152448177 1091
1751904238905 -0.01604362763464451 1092
1751904266323 -0.020162295550107956 1093
1751904293765 -0.0193331278860569 1094
1751904321155 -0.014800431206822395 1095
1751904348434 -0.0212177075445652 1096
1751904375824 -0.016150709241628647 1097
1751904403182 -0.014187389984726906 1098
1751904430468 -0.01644415222108364 1099
1751904457820 -0.01587306708097458 1100
1751904485133 -0.015931863337755203 1101
1751904512630 -0.018969492986798286 1102
1751904539944 -0.02038881555199623 1103
1751904567211 -0.01651502400636673 1104
1751904594505 -0.020666446536779404 1105
1751904621899 -0.02021869830787182 1106
1751904649274 -0.020953167229890823 1107
1751904676556 -0.023201540112495422 1108
1751904703994 -0.024216964840888977 1109
1751904731316 -0.022509045898914337 1110
1751904758769 -0.0218649972230196 1111
1751904786248 -0.019438907504081726 1112
1751904813451 -0.020203281193971634 1113
1751904840689 -0.019346773624420166 1114
1751904868001 -0.020694762468338013 1115
1751904895349 -0.02183227427303791 1116
1751904922712 -0.022943738847970963 1117
1751904949892 -0.023149054497480392 1118
1751904977125 -0.0228500384837389 1119
1751906415270 0.0030516483820974827 1120
1751906442611 0.002696421928703785 1121
1751906469873 -0.0012271992163732648 1122
1751906497273 0.01721952296793461 1123
1751906524502 0.009499946609139442 1124
1751906551761 0.01994200423359871 1125
1751906579053 0.011524174362421036 1126
1751906606453 0.014775848016142845 1127
1751906633598 0.01149824634194374 1128
1751906660919 0.014604847878217697 1129
1751906688206 0.015149078331887722 1130
1751906715491 0.016392439603805542 1131
1751906742817 0.012307509779930115 1132
1751906770154 0.013012866489589214 1133
1751906797539 0.01490420289337635 1134
1751906824767 0.015486853197216988 1135
1751906852122 0.013304067775607109 1136
1751906879431 0.012701818719506264 1137
1751906906791 0.01212913915514946 1138
1751906934105 0.013723332434892654 1139
1751906961366 0.013428378850221634 1140
1751906988738 0.010763725265860558 1141
1751907016055 0.01224232092499733 1142
1751907043381 0.01168171688914299 1143
1751907070684 0.011416228488087654 1144
1751907097979 0.010123234242200851 1145
1751907125359 0.009876325726509094 1146
1751907152802 0.010402730666100979 1147
1751907180028 0.008906122297048569 1148
1751907207293 0.008729733526706696 1149
1751907234558 0.010204222984611988 1150
1751907261899 0.008949044160544872 1151
1751907289179 0.008884355425834656 1152
1751907316456 0.0100846067070961 1153
1751907343771 0.008457478135824203 1154
1751907371008 0.007862907834351063 1155
1751907398308 0.008582064881920815 1156
1751907425637 0.008914364501833916 1157
1751907452948 0.008062120527029037 1158
1751907480238 0.007442330941557884 1159
1751908932810 -0.01915706880390644 1160
1751908960186 -0.007750696036964655 1161
1751908987467 -0.002532517770305276 1162
1751909014734 -0.004400587175041437 1163
1751909042007 -0.006281432695686817 1164
1751909069361 -0.010281192138791084 1165
1751909096675 0.0009176121093332767 1166
1751909123878 0.001797463046386838 1167
1751909151247 -0.009856841526925564 1168
1751909178541 -0.004123733378946781 1169
1751909205792 0.006085758097469807 1170
