1747885706351 2.3104856230995874 0
1747885708880 2.303975387053056 1
1747885711612 2.3010900887576016 2
1747885714129 2.2988856705752285 3
1747885716663 2.2960101691159336 4
1747885719198 2.2929725646972656 5
1747885721733 2.2891405062241987 6
1747885724458 2.2854637015949595 7
1747885726988 2.281024521047419 8
1747885729539 2.2747163555838843 9
1747885732062 2.268029819835316 10
1747885734813 2.260942654176192 11
1747885737360 2.25286882573908 12
1747885739886 2.244324705817483 13
1747885742423 2.235039299184626 14
1747885744962 2.2250747680664062 15
1747885747718 2.2147734381935815 16
1747885750255 2.204643336209384 17
1747885752793 2.1955847306685015 18
1747885755730 2.1881614164872603 19
1747885758293 2.179456515745683 20
1747885760845 2.1688992110165684 21
1747885763390 2.161296237598766 22
1747885765919 2.155913244594227 23
1747885768677 2.1485073349692603 24
1747885771231 2.138227267698808 25
1747885773780 2.1330385424874048 26
1747885776332 2.132462826642123 27
1747885779101 2.128139235756614 28
1747885781641 2.1190954771908848 29
1747885784179 2.11525483564897 30
1747885786718 2.118055668744174 31
1747885789284 2.117011460390958 32
1747885792036 2.1094294678081167 33
1747885794584 2.110204501585527 34
1747885797130 2.1125668612393467 35
1747885799695 2.1061477010900322 36
1747885802461 2.1052336259321733 37
1747885805214 2.1072883389212866 38
1747885807780 2.1021346395665947 39
1747885920422 2.6967085274783047 40
1747885923017 2.109997099096125 41
1747885925594 2.3957243832674893 42
1747885928181 2.2135005213997583 43
1747885930773 2.1080086447975854 44
1747885933108 2.1690260713750664 45
1747885935698 2.214813622561368 46
1747885938294 2.1996923793445933 47
1747885940895 2.153323910453103 48
1747885943494 2.1170452508059414 49
1747885946091 2.1153458031741055 50
1747885948686 2.1377120451493696 51
1747885951296 2.145968047055331 52
1747885953903 2.1456497365778144 53
1747885956504 2.1380228129300205 54
1747885959110 2.1268852190537886 55
1747885961709 2.116756655953147 56
1747885964286 2.110872355374423 57
1747885966615 2.1098920865492388 58
1747885969403 2.1099964922124688 59
1747885971999 2.1107584563168613 60
1747885974607 2.1117790178819136 61
1747885977201 2.1126083677465264 62
1747885979803 2.1129383607344194 63
1747885982394 2.112831787629561 64
1747885984980 2.1123587651686235 65
1747885987590 2.1116060560399834 66
1747885990214 2.1106629371643066 67
1747885992833 2.1096243208104912 68
1747885995425 2.1085444580424917 69
1747885998026 2.1080185283314097 70
1747886000384 2.10752948847684 71
1747886002995 2.107013789090243 72
1747886005592 2.1065661040219394 73
1747886008195 2.1061492399735884 74
1747886010795 2.10581356828863 75
1747886013413 2.10550856590271 76
1747886016019 2.1052823716943916 77
1747886018827 2.1050441048362036 78
1747886021424 2.1048871170390737 79
1747886135527 2.237175291234797 80
1747886138144 2.1748434630307285 81
1747886140790 2.165385289625688 82
1747886143429 2.1097265590320933 83
1747886146061 2.1287894465706567 84
1747886148703 2.149276473305442 85
1747886151348 2.136359453201294 86
1747886153996 2.113726789301092 87
1747886156611 2.1108043627305464 88
1747886159276 2.1241322213953193 89
1747886161911 2.1271987828341397 90
1747886164562 2.1199304190548984 91
1747886166946 2.1097307205200195 92
1747886169601 2.1033905419436367 93
1747886172245 2.1036796136335894 94
1747886174892 2.107863014394587 95
1747886177528 2.11076376654885 96
1747886180170 2.1090205149217085 97
1747886182809 2.1035218889063056 98
1747886185656 2.0981464169242163 99
1747886188295 2.0964346582239326 100
1747886190933 2.0984254533594306 101
1747886193573 2.100577852942727 102
1747886196223 2.0995696891437876 103
1747886198857 2.095603509382768 104
1747886201493 2.092192216352983 105
1747886204136 2.091844168576327 106
1747886206515 2.0935522426258433 107
1747886209162 2.094155875119296 108
1747886211807 2.0921772610057485 109
1747886214438 2.089433886788108 110
1747886217077 2.088473515077071 111
1747886219721 2.0894443772055884 112
1747886222364 2.089877041903409 113
1747886225008 2.0883477384393867 114
1747886227646 2.086315155029297 115
1747886230282 2.08579496903853 116
1747886232919 2.0863200317729604 117
1747886235765 2.086045178500089 118
1747886238400 2.084563732147217 119
1747886351860 2.305933128703724 120
1747886354492 2.151842008937489 121
1747886356868 2.1810199564153496 122
1747886359523 2.0966651656410913 123
1747886362157 2.0999782302162866 124
1747886364817 2.132216215133667 125
1747886367479 2.1304793141104956 126
1747886370131 2.1069355227730493 127
1747886372758 2.092475999485363 128
1747886375401 2.1002567247910933 129
1747886378058 2.1136804710734975 130
1747886380720 2.1142769943584097 131
1747886383358 2.1027171395041724 132
1747886385999 2.0922130021181973 133
1747886388650 2.0920394117181953 134
1747886391041 2.09838604927063 135
1747886393673 2.1011419729752974 136
1747886396318 2.095917073163119 137
1747886398960 2.0877930251034824 138
1747886401808 2.0848500728607178 139
1747886404437 2.0882026932456275 140
1747886407084 2.090568434108387 141
1747886409713 2.0868115425109863 142
1747886412365 2.080804152922197 143
1747886415018 2.079362154006958 144
1747886417658 2.081889932805842 145
1747886420309 2.082075097344138 146
1747886422940 2.0780889987945557 147
1747886425586 2.074959494850852 148
1747886428245 2.0760440176183526 149
1747886430626 2.0772412473505195 150
1747886433272 2.0746200518174605 151
1747886435917 2.071938406337391 152
1747886438567 2.0724453275853936 153
1747886441207 2.072902939536355 154
1747886443862 2.070601311596957 155
1747886446531 2.068720665845004 156
1747886449182 2.069214712489735 157
1747886452044 2.068755366585471 158
1747886454689 2.066498106176203 159
1747886568470 2.2954694574529473 160
1747886571131 2.1112170869653877 161
1747886573793 2.174680059606379 162
1747886576176 2.095965797250921 163
1747886578820 2.0776037086140025 164
1747886581487 2.1046864986419678 165
1747886584153 2.1147136904976587 166
1747886586792 2.099267677827315 167
1747886589453 2.0800800756974653 168
1747886592121 2.078378590670499 169
1747886594786 2.090136007829146 170
1747886597445 2.095071705904874 171
1747886600100 2.090447859330611 172
1747886602764 2.081933996894143 173
1747886605416 2.0744647112759678 174
1747886608076 2.0714504718780518 175
1747886610733 2.07284613089128 176
1747886613130 2.0763029835440894 177
1747886615773 2.0786666870117188 178
1747886618639 2.0779708949002353 179
1747886621291 2.074294610456987 180
1747886623936 2.0693982514468106 181
