1746679438830 0.6806016564369202 0
1746679600495 0.6640674024820328 1
1746679764076 0.6367397308349609 2
1746679928517 0.5974362045526505 3
1746680093189 0.5555042028427124 4
1746680258590 0.5309840887784958 5
1746680423896 0.5136756300926208 6
1746680589279 0.5043707489967346 7
1746680755412 0.4993230551481247 8
1746680921707 0.4973834306001663 9
1746681088231 0.49633610248565674 10
1746681255080 0.4954816550016403 11
1746681422389 0.4945150315761566 12
1746681589900 0.4939149469137192 13
1746681757414 0.49355824291706085 14
1746681925552 0.4937420040369034 15
1746682093400 0.4932284504175186 16
1746682262335 0.4931032210588455 17
1746682432290 0.49298323690891266 18
1746682602519 0.4930135905742645 19
1746682772922 0.4927501827478409 20
1746682943841 0.49295273423194885 21
1746683113991 0.49309980869293213 22
1746683284749 0.49283650517463684 23
1746683456083 0.49312445521354675 24
1746683626289 0.49301645159721375 25
1746683797243 0.49279215931892395 26
1746683968946 0.4930868297815323 27
1746684140932 0.4928574860095978 28
1746684312525 0.4928862452507019 29
1746684484109 0.4932102859020233 30
1746684655938 0.4930976778268814 31
1746684827133 0.4927941709756851 32
1746684998454 0.4928461164236069 33
1746685170380 0.49303898215293884 34
1746685342461 0.49312634766101837 35
1746685514755 0.49311967194080353 36
1746685686953 0.49297425150871277 37
1746685858947 0.49249984323978424 38
1746686030554 0.4931977391242981 39
1746686202085 0.4931820183992386 40
1746686373933 0.49310266971588135 41
1746686545621 0.49344944953918457 42
1746686717337 0.49348874390125275 43
1746686889381 0.49340078234672546 44
1746687061386 0.4967929571866989 45
1746687233625 0.49665114283561707 46
1746687405833 0.4965599328279495 47
1746687578375 0.496711865067482 48
1746687751204 0.4966082274913788 49
1746687922950 0.49630555510520935 50
1746688093908 0.4984031468629837 51
1746688264765 0.49856171011924744 52
1746688436638 0.49864035844802856 53
1746688609286 0.4984460771083832 54
1746688781837 0.4987686425447464 55
1746688954654 0.49870359897613525 56
1746689126530 0.49946409463882446 57
1746689298181 0.499751552939415 58
1746689470022 0.4996233582496643 59
1746689642714 0.4996684193611145 60
1746689815533 0.4993794709444046 61
1746689988389 0.49965015053749084 62
1746690161405 0.49919968843460083 63
1746690334399 0.5003724843263626 64
1746690507201 0.49981676042079926 65
1746690680273 0.4987970292568207 66
1746690853467 0.4988207370042801 67
1746691026578 0.49979038536548615 68
1746691199927 0.4994511008262634 69
1746691373674 0.4988849610090256 70
1746691547361 0.4985649436712265 71
1746691720898 0.49853619933128357 72
1746691894327 0.4994239807128906 73
1746692066731 0.4986906796693802 74
1746692239066 0.49850448966026306 75
1746692411887 0.4984609931707382 76
1746692585540 0.49838361144065857 77
1746692759741 0.49820268154144287 78
1746692932735 0.49791598320007324 79
1746693106596 0.4982922524213791 80
1746693280428 0.49799591302871704 81
1746693455399 0.498034343123436 82
1746693629158 0.4978686720132828 83
1746693802345 0.4977707713842392 84
1746693975900 0.4978685677051544 85
1746694149728 0.4978359341621399 86
1746694322010 0.4979988932609558 87
1746694494284 0.49810880422592163 88
1746694666565 0.49812276661396027 89
1746694838870 0.4981013089418411 90
1746695011336 0.49793945252895355 91
1746695183884 0.49796001613140106 92
1746695356467 0.49788230657577515 93
1746695528753 0.49772292375564575 94
1746695701244 0.49777303636074066 95
1746695873589 0.49793052673339844 96
1746696045700 0.49806803464889526 97
1746696218415 0.4980161488056183 98
1746696390739 0.49783504009246826 99
