1746679438830 1e-05 0
1746679600495 1e-05 1
1746679764076 1e-05 2
1746679928517 1e-05 3
1746680093189 1e-05 4
1746680258590 1e-05 5
1746680423896 1e-05 6
1746680589279 1e-05 7
1746680755412 1e-05 8
1746680921707 1e-05 9
1746681088231 1e-05 10
1746681255080 1e-05 11
1746681422389 1e-05 12
1746681589900 1e-05 13
1746681757414 1e-05 14
1746681925552 1e-05 15
1746682093400 1e-05 16
1746682262335 1e-05 17
1746682432290 1e-05 18
1746682602519 1e-05 19
1746682772922 1e-05 20
1746682943841 1e-05 21
1746683113991 1e-05 22
1746683284749 1e-05 23
1746683456083 1e-05 24
1746683626289 1e-05 25
1746683797243 1e-05 26
1746683968946 1e-05 27
1746684140932 1e-05 28
1746684312525 1e-05 29
1746684484109 1e-05 30
1746684655938 1e-05 31
1746684827133 1e-05 32
1746684998454 1e-05 33
1746685170380 1e-05 34
1746685342461 1e-05 35
1746685514755 1e-05 36
1746685686953 1e-05 37
1746685858947 1e-05 38
1746686030554 1e-05 39
1746686202085 1e-05 40
1746686373933 1e-05 41
1746686545621 1e-05 42
1746686717337 1e-05 43
1746686889381 5e-06 44
1746687061386 5e-06 45
1746687233625 5e-06 46
1746687405833 5e-06 47
1746687578375 5e-06 48
1746687751204 5e-06 49
1746687922950 2.5e-06 50
1746688093908 2.5e-06 51
1746688264765 2.5e-06 52
1746688436638 2.5e-06 53
1746688609286 2.5e-06 54
1746688781837 2.5e-06 55
1746688954654 1.25e-06 56
1746689126530 1.25e-06 57
1746689298181 1.25e-06 58
1746689470022 1.25e-06 59
1746689642714 1.25e-06 60
1746689815533 1.25e-06 61
1746689988389 6.25e-07 62
1746690161405 6.25e-07 63
1746690334399 6.25e-07 64
1746690507201 6.25e-07 65
1746690680273 6.25e-07 66
1746690853467 6.25e-07 67
1746691026578 3.125e-07 68
1746691199927 3.125e-07 69
1746691373674 3.125e-07 70
1746691547361 3.125e-07 71
1746691720898 3.125e-07 72
1746691894327 3.125e-07 73
1746692066731 1.5625e-07 74
1746692239066 1.5625e-07 75
1746692411887 1.5625e-07 76
1746692585540 1.5625e-07 77
1746692759741 1.5625e-07 78
1746692932735 1.5625e-07 79
1746693106596 7.8125e-08 80
1746693280428 7.8125e-08 81
1746693455399 7.8125e-08 82
1746693629158 7.8125e-08 83
1746693802345 7.8125e-08 84
1746693975900 7.8125e-08 85
1746694149728 3.90625e-08 86
1746694322010 3.90625e-08 87
1746694494284 3.90625e-08 88
1746694666565 3.90625e-08 89
1746694838870 3.90625e-08 90
1746695011336 3.90625e-08 91
1746695183884 1.953125e-08 92
1746695356467 1.953125e-08 93
1746695528753 1.953125e-08 94
1746695701244 1.953125e-08 95
1746695873589 1.953125e-08 96
1746696045700 1.953125e-08 97
1746696218415 1.953125e-08 98
1746696390739 1.953125e-08 99
