1747886987253 0.104 0
1747887545994 0.138 1
1747888070380 0.1962 2
1747888596638 0.1964 3
1747889128561 0.229 4
1747889658489 0.2364 5
1747890192439 0.2492 6
1747890731257 0.2524 7
1747891271295 0.2436 8
1747891813296 0.252 9
1747892356550 0.2504 10
1747892903551 0.2486 11
1747893459734 0.25 12
1747894024995 0.2582 13
1747894581626 0.2614 14
1747895135300 0.2594 15
1747895694725 0.2676 16
1747896250072 0.2638 17
1747896806258 0.265 18
1747897361589 0.2666 19
1747897915129 0.2718 20
1747898467943 0.275 21
1747899017384 0.2766 22
1747899567914 0.2742 23
1747900116345 0.2802 24
1747900670536 0.2834 25
1747901222585 0.2872 26
1747901779064 0.2882 27
1747902334585 0.2924 28
1747902880405 0.2942 29
1747903430623 0.2986 30
1747903986042 0.2998 31
1747904561855 0.3514 32
1747905119326 0.3498 33
1747905680256 0.3498 34
1747906236173 0.3524 35
1747906791857 0.3522 36
1747907348215 0.3506 37
1747907905160 0.3512 38
1747908462505 0.3536 39
1747909018578 0.3534 40
1747909566724 0.3538 41
1747910108879 0.3548 42
1747910650855 0.3546 43
1747911198256 0.3578 44
1747911748898 0.3596 45
1747912296850 0.3608 46
1747912841723 0.3626 47
1747913390967 0.3632 48
1747913937518 0.3632 49
1747914482946 0.3652 50
1747915037937 0.368 51
1747915593764 0.3672 52
1747916171563 0.3682 53
1747916731139 0.3698 54
1747917286481 0.3704 55
1747917840096 0.3712 56
1747918389279 0.3724 57
1747918937306 0.3738 58
1747919485512 0.3736 59
1747920035284 0.3764 60
1747920600924 0.3792 61
1747921154032 0.377 62
1747921704547 0.3802 63
1747922252445 0.3838 64
1747922821281 0.3842 65
1747923369646 0.3832 66
1747923916545 0.3844 67
1747924462317 0.382 68
1747925013540 0.3852 69
1747925586536 0.3832 70
1747926149839 0.3846 71
1747926729102 0.386 72
1747927282307 0.3862 73
1747927830574 0.386 74
1747928379614 0.3862 75
1747928931996 0.3808 76
1747929484543 0.3796 77
1747930039496 0.3782 78
1747930590820 0.4178 79
1747931139731 0.4214 80
1747931689619 0.4222 81
1747932244721 0.422 82
1747932803018 0.4248 83
1747933355640 0.425 84
1747933905147 0.4252 85
1747934458542 0.4256 86
1747935013008 0.425 87
1747935566858 0.4276 88
1747936120311 0.4272 89
1747936675499 0.4276 90
1747937226788 0.43 91
1747937779345 0.432 92
1747938350215 0.4336 93
1747938904148 0.4308 94
1747939459824 0.4324 95
1747940011188 0.4344 96
1747940563687 0.433 97
1747941117154 0.4346 98
1747941669127 0.4334 99
1747942220146 0.4326 100
1747942773325 0.4324 101
1747943322982 0.4314 102
1747943875122 0.4298 103
1747944425876 0.4368 104
1747944979485 0.4374 105
1747945549012 0.4398 106
1747946102893 0.4412 107
1747946656304 0.4404 108
1747947214127 0.4408 109
1747947765257 0.4428 110
1747948314806 0.4436 111
1747948865806 0.443 112
1747949420211 0.4448 113
1747949964357 0.4424 114
1747950515761 0.4436 115
1747951072339 0.4428 116
1747951629390 0.4418 117
1747952184146 0.4426 118
1747952731091 0.4408 119
1747953277552 0.4408 120
1747953826830 0.4416 121
1747954374248 0.4404 122
1747954924692 0.442 123
1747955474168 0.4414 124
1747956020777 0.442 125
1747956570070 0.441 126
1747957120609 0.4416 127
1747957677020 0.4422 128
1747958231864 0.4418 129
1747958789522 0.4424 130
1747959342216 0.4422 131
1747959896947 0.4418 132
1747960453824 0.443 133
1747961008697 0.4434 134
1747961562971 0.4432 135
1747962117917 0.4438 136
1747962672703 0.4438 137
1747963227191 0.4444 138
1747963783660 0.4456 139
1747964335671 0.446 140
1747964893186 0.4472 141
1747965450781 0.4482 142
1747966005286 0.4494 143
1747966559297 0.4492 144
1747967115719 0.4494 145
1747967668372 0.4498 146
1747968222324 0.4502 147
1747968782909 0.45 148
1747969344575 0.4516 149
1747969907092 0.4512 150
1747970469722 0.4506 151
1747971030858 0.4512 152
1747971591268 0.4518 153
