1747887459573 0.001 0
1747887462102 0.001 1
1747887464584 0.001 2
1747887467061 0.001 3
1747887469733 0.001 4
1747887472203 0.001 5
1747887474697 0.001 6
1747887477195 0.001 7
1747887479882 0.001 8
1747887482370 0.001 9
1747887484883 0.001 10
1747887487377 0.001 11
1747887490060 0.001 12
1747887492536 0.001 13
1747887495042 0.001 14
1747887497534 0.001 15
1747887500017 0.001 16
1747887502694 0.001 17
1747887505203 0.001 18
1747887507911 0.001 19
1747887510407 0.001 20
1747887513107 0.001 21
1747887515623 0.001 22
1747887518117 0.001 23
1747887520598 0.001 24
1747887523094 0.001 25
1747887525789 0.001 26
1747887528272 0.001 27
1747887530761 0.001 28
1747887533257 0.001 29
1747887535963 0.001 30
1747887538461 0.001 31
1747887540954 0.001 32
1747887543447 0.001 33
1747887545956 0.001 34
1747887548654 0.001 35
1747887551153 0.001 36
1747887553638 0.001 37
1747887556526 0.001 38
1747887559024 0.001 39
1747887673618 0.001 40
1747887676206 0.001 41
1747887678757 0.001 42
1747887681300 0.001 43
1747887683837 0.001 44
1747887686412 0.001 45
1747887688956 0.001 46
1747887691514 0.001 47
1747887693808 0.001 48
1747887696406 0.001 49
1747887698942 0.0005 50
1747887701486 0.0005 51
1747887704041 0.0005 52
1747887706639 0.0005 53
1747887709201 0.0005 54
1747887711755 0.0005 55
1747887714322 0.00025 56
1747887716902 0.00025 57
1747887719444 0.00025 58
1747887722195 0.00025 59
1747887724751 0.00025 60
1747887727349 0.00025 61
1747887729631 0.000125 62
1747887732178 0.000125 63
1747887734733 0.000125 64
1747887737356 0.000125 65
1747887739905 0.000125 66
1747887742460 0.000125 67
1747887745020 0.000125 68
1747887747580 0.000125 69
1747887750130 0.000125 70
1747887752690 0.000125 71
1747887755256 0.000125 72
1747887757871 0.000125 73
1747887760427 0.000125 74
1747887762983 0.000125 75
1747887765300 0.000125 76
1747887767914 0.000125 77
1747887770685 0.000125 78
1747887773268 0.000125 79
1747887886650 0.001 80
1747887889248 0.001 81
1747887891879 0.001 82
1747887894482 0.001 83
1747887897095 0.001 84
1747887899699 0.001 85
1747887902347 0.001 86
1747887904962 0.001 87
1747887907571 0.001 88
1747887909931 0.001 89
1747887912601 0.001 90
1747887915215 0.001 91
1747887917827 0.001 92
1747887920436 0.001 93
1747887923098 0.001 94
1747887925722 0.001 95
1747887928338 0.001 96
1747887930957 0.001 97
1747887933571 0.001 98
1747887936384 0.001 99
1747887938997 0.001 100
1747887941641 0.001 101
1747887944250 0.001 102
1747887946606 0.001 103
1747887949222 0.001 104
1747887951874 0.001 105
1747887954484 0.001 106
1747887957105 0.001 107
1747887959710 0.001 108
1747887962367 0.001 109
1747887964965 0.001 110
1747887967579 0.001 111
1747887970193 0.001 112
1747887972840 0.001 113
1747887975446 0.001 114
1747887978068 0.001 115
1747887980430 0.001 116
1747887983095 0.001 117
1747887985911 0.001 118
1747887988521 0.001 119
1747888102932 0.001 120
1747888105586 0.001 121
1747888108190 0.001 122
1747888110814 0.001 123
1747888113440 0.001 124
1747888116097 0.001 125
1747888118717 0.001 126
1747888121346 0.001 127
1747888123976 0.001 128
1747888126372 0.001 129
1747888128991 0.001 130
1747888131609 0.001 131
1747888134233 0.0005 132
1747888136891 0.0005 133
1747888139507 0.0005 134
1747888142131 0.0005 135
1747888144767 0.0005 136
1747888147420 0.0005 137
1747888150039 0.0005 138
1747888152862 0.0005 139
1747888155474 0.0005 140
1747888158129 0.0005 141
1747888160764 0.0005 142
1747888163370 0.0005 143
1747888165999 0.0005 144
1747888168401 0.0005 145
1747888171031 0.0005 146
1747888173650 0.0005 147
1747888176297 0.0005 148
1747888178934 0.0005 149
1747888181552 0.0005 150
1747888184181 0.0005 151
1747888186811 0.0005 152
1747888189478 0.0005 153
1747888192102 0.0005 154
1747888194723 0.0005 155
1747888197376 0.0005 156
1747888200002 0.0005 157
1747888202833 0.0005 158
1747888205201 0.0005 159
1747888320857 0.001 160
1747888323489 0.001 161
1747888326128 0.001 162
1747888328766 0.001 163
1747888331440 0.001 164
1747888334074 0.001 165
1747888336732 0.001 166
1747888339389 0.001 167
1747888342073 0.001 168
1747888344705 0.001 169
1747888347352 0.001 170
1747888349980 0.001 171
1747888352639 0.0005 172
1747888355282 0.0005 173
1747888357663 0.0005 174
1747888360304 0.0005 175
1747888362980 0.0005 176
1747888365642 0.0005 177
1747888368313 0.00025 178
1747888371192 0.00025 179
1747888373869 0.00025 180
1747888376529 0.00025 181
1747888379170 0.00025 182
1747888381798 0.00025 183
1747888384437 0.000125 184
1747888387104 0.000125 185
1747888389761 0.000125 186
1747888392453 0.000125 187
1747888394845 0.000125 188
1747888397497 0.000125 189
1747888400142 0.000125 190
1747888402834 0.000125 191
1747888405497 0.000125 192
1747888408165 0.000125 193
1747888410811 0.000125 194
1747888413476 0.000125 195
1747888416127 0.000125 196
1747888418768 0.000125 197
1747888421603 0.000125 198
1747888424288 0.000125 199
1747888540703 0.001 200
1747888543362 0.001 201
1747888546083 0.001 202
1747888548753 0.001 203
1747888551428 0.001 204
1747888554094 0.001 205
1747888556832 0.0005 206
1747888559516 0.0005 207
1747888562200 0.0005 208
1747888564879 0.0005 209
1747888567607 0.0005 210
1747888570304 0.0005 211
1747888572959 0.0005 212
1747888575378 0.00025 213
1747888578080 0.00025 214
1747888580738 0.00025 215
1747888583400 0.00025 216
1747888586076 0.00025 217
1747888588782 0.00025 218
1747888591648 0.00025 219
1747888594294 0.00025 220
1747888597026 0.00025 221
1747888599716 0.000125 222
1747888602381 0.000125 223
1747888605048 0.000125 224
1747888607775 0.000125 225
1747888610474 0.000125 226
1747888612870 0.000125 227
1747888615556 0.000125 228
1747888618270 0.000125 229
1747888620933 0.000125 230
1747888623594 0.000125 231
1747888626265 0.000125 232
1747888628966 0.000125 233
1747888631616 0.000125 234
1747888634275 0.000125 235
1747888636970 0.000125 236
1747888639685 0.000125 237
1747888642557 0.000125 238
1747888645233 0.000125 239
1747888762246 0.001 240
1747888764638 0.001 241
1747888767330 0.001 242
1747888770014 0.001 243
1747888772708 0.001 244
1747888775375 0.001 245
1747888778043 0.0005 246
1747888780703 0.0005 247
1747888783396 0.0005 248
1747888786065 0.0005 249
1747888788762 0.0005 250
1747888791490 0.0005 251
1747888794166 0.0005 252
1747888796851 0.0005 253
1747888799545 0.0005 254
1747888802002 0.0005 255
1747888804646 0.0005 256
1747888807311 0.0005 257
1747888809987 0.0005 258
1747888812882 0.0005 259
1747888815529 0.0005 260
1747888818186 0.0005 261
1747888820850 0.0005 262
1747888823552 0.0005 263
1747888826240 0.0005 264
1747888828929 0.0005 265
1747888831594 0.0005 266
1747888834282 0.0005 267
1747888836966 0.0005 268
1747888839403 0.0005 269
1747888842104 0.0005 270
1747888844799 0.0005 271
1747888847493 0.0005 272
1747888850178 0.0005 273
1747888852894 0.0005 274
1747888855559 0.0005 275
1747888858264 0.0005 276
1747888860963 0.0005 277
1747888863881 0.0005 278
1747888866556 0.0005 279
1747888983526 0.001 280
1747888986234 0.001 281
1747888988886 0.001 282
1747888991554 0.001 283
1747888993956 0.001 284
1747888996700 0.001 285
1747888999368 0.0005 286
1747889002033 0.0005 287
1747889004687 0.0005 288
1747889007418 0.0005 289
1747889010096 0.0005 290
1747889012759 0.0005 291
1747889015424 0.00025 292
1747889018135 0.00025 293
1747889020798 0.00025 294
1747889023455 0.00025 295
1747889026130 0.00025 296
1747889028824 0.00025 297
1747889031214 0.000125 298
1747889034071 0.000125 299
1747889036746 0.000125 300
1747889039419 0.000125 301
1747889042067 0.000125 302
1747889044741 0.000125 303
1747889047466 0.000125 304
1747889050142 0.000125 305
1747889052795 0.000125 306
1747889055475 0.000125 307
1747889058169 0.000125 308
1747889060853 0.000125 309
1747889063530 0.000125 310
1747889066214 0.000125 311
1747889068688 0.000125 312
1747889071365 0.000125 313
1747889074043 0.000125 314
1747889076755 0.000125 315
1747889079508 0.000125 316
1747889082215 0.000125 317
1747889085131 0.000125 318
1747889087826 0.000125 319
1747889205273 0.001 320
1747889207966 0.001 321
1747889210659 0.001 322
1747889213351 0.001 323
1747889215999 0.001 324
1747889218695 0.001 325
1747889221126 0.0005 326
1747889223846 0.0005 327
1747889226529 0.0005 328
1747889229193 0.0005 329
1747889231899 0.0005 330
1747889234557 0.0005 331
1747889237237 0.00025 332
