1747887563894 0.001 0
1747887566403 0.001 1
1747887569105 0.001 2
1747887571608 0.001 3
1747887574108 0.001 4
1747887576616 0.001 5
1747887579336 0.0005 6
1747887581844 0.0005 7
1747887584361 0.0005 8
1747887586881 0.0005 9
1747887589589 0.0005 10
1747887592103 0.0005 11
1747887594627 0.00025 12
1747887597140 0.00025 13
1747887599857 0.00025 14
1747887602383 0.00025 15
1747887604901 0.00025 16
1747887607422 0.00025 17
1747887609950 0.000125 18
1747887612873 0.000125 19
1747887615402 0.000125 20
1747887617919 0.000125 21
1747887620434 0.000125 22
1747887623157 0.000125 23
1747887625692 6.25e-05 24
1747887628215 6.25e-05 25
1747887630734 6.25e-05 26
1747887633461 6.25e-05 27
1747887635979 6.25e-05 28
1747887638493 6.25e-05 29
1747887641013 3.125e-05 30
1747887643542 3.125e-05 31
1747887646279 3.125e-05 32
1747887648805 3.125e-05 33
1747887651327 3.125e-05 34
1747887653866 3.125e-05 35
1747887656608 1.5625e-05 36
1747887659138 1.5625e-05 37
1747887661852 1.5625e-05 38
1747887664384 1.5625e-05 39
1747887778313 0.001 40
1747887780904 0.001 41
1747887783478 0.001 42
1747887786052 0.001 43
1747887788654 0.001 44
1747887791238 0.001 45
1747887793812 0.0005 46
1747887796399 0.0005 47
1747887798741 0.0005 48
1747887801319 0.0005 49
1747887803893 0.0005 50
1747887806473 0.0005 51
1747887809085 0.0005 52
1747887811667 0.0005 53
1747887814237 0.0005 54
1747887816815 0.0005 55
1747887819417 0.0005 56
1747887821981 0.0005 57
1747887824551 0.0005 58
1747887827331 0.0005 59
1747887829943 0.0005 60
1747887832527 0.0005 61
1747887835108 0.0005 62
1747887837438 0.0005 63
1747887840053 0.0005 64
1747887842635 0.0005 65
1747887845203 0.0005 66
1747887847765 0.0005 67
1747887850380 0.0005 68
1747887852956 0.0005 69
1747887855536 0.0005 70
1747887858117 0.0005 71
1747887860738 0.0005 72
1747887863328 0.0005 73
1747887865910 0.0005 74
1747887868488 0.0005 75
1747887870847 0.0005 76
1747887873435 0.0005 77
1747887876222 0.0005 78
1747887878797 0.0005 79
1747887993556 0.001 80
1747887996158 0.001 81
1747887998759 0.001 82
1747888001371 0.001 83
1747888004011 0.001 84
1747888006611 0.001 85
1747888009216 0.0005 86
1747888011822 0.0005 87
1747888014473 0.0005 88
1747888016825 0.0005 89
1747888019424 0.0005 90
1747888022030 0.0005 91
1747888024671 0.00025 92
1747888027280 0.00025 93
1747888029883 0.00025 94
1747888032493 0.00025 95
1747888035104 0.00025 96
1747888037715 0.00025 97
1747888040312 0.000125 98
1747888043147 0.000125 99
1747888045793 0.000125 100
1747888048387 0.000125 101
1747888050989 0.000125 102
1747888053314 0.000125 103
1747888055957 6.25e-05 104
1747888058564 6.25e-05 105
1747888061177 6.25e-05 106
1747888063774 6.25e-05 107
1747888066411 6.25e-05 108
1747888069009 6.25e-05 109
1747888071615 3.125e-05 110
1747888074223 3.125e-05 111
1747888076867 3.125e-05 112
1747888079474 3.125e-05 113
1747888082073 3.125e-05 114
1747888084686 3.125e-05 115
1747888087016 1.5625e-05 116
1747888089624 1.5625e-05 117
1747888092423 1.5625e-05 118
1747888095065 1.5625e-05 119
1747888210305 0.001 120
1747888212922 0.001 121
1747888215536 0.001 122
1747888218192 0.001 123
1747888220826 0.001 124
1747888223447 0.001 125
1747888226070 0.0005 126
1747888228729 0.0005 127
1747888231352 0.0005 128
1747888233973 0.0005 129
1747888236599 0.0005 130
1747888239012 0.0005 131
1747888241626 0.00025 132
1747888244241 0.00025 133
1747888246858 0.00025 134
1747888249509 0.00025 135
1747888252125 0.00025 136
1747888254732 0.00025 137
1747888257342 0.000125 138
1747888260189 0.000125 139
1747888262810 0.000125 140
1747888265444 0.000125 141
1747888268093 0.000125 142
1747888270775 0.000125 143
1747888273412 6.25e-05 144
1747888276074 6.25e-05 145
1747888278449 6.25e-05 146
1747888281119 6.25e-05 147
1747888283756 6.25e-05 148
1747888286416 6.25e-05 149
1747888289085 3.125e-05 150
1747888291762 3.125e-05 151
1747888294420 3.125e-05 152
1747888297063 3.125e-05 153
1747888299707 3.125e-05 154
1747888302337 3.125e-05 155
1747888305002 1.5625e-05 156
1747888307639 1.5625e-05 157
1747888310526 1.5625e-05 158
1747888313149 1.5625e-05 159
1747888429143 0.001 160
1747888431777 0.001 161
1747888434464 0.001 162
1747888437117 0.001 163
1747888439782 0.001 164
1747888442444 0.001 165
1747888445137 0.0005 166
1747888447766 0.0005 167
1747888450400 0.0005 168
1747888453047 0.0005 169
1747888455731 0.0005 170
1747888458366 0.0005 171
1747888460999 0.00025 172
1747888463672 0.00025 173
1747888466060 0.00025 174
1747888468723 0.00025 175
1747888471367 0.00025 176
1747888474048 0.00025 177
1747888476702 0.000125 178
1747888479583 0.000125 179
1747888482236 0.000125 180
1747888484939 0.000125 181
1747888487613 0.000125 182
1747888490282 0.000125 183
1747888492916 0.000125 184
1747888495605 0.000125 185
1747888498251 0.000125 186
1747888500905 0.000125 187
1747888503296 0.000125 188
1747888506003 0.000125 189
1747888508660 0.000125 190
1747888511311 0.000125 191
1747888513947 0.000125 192
1747888516676 0.000125 193
1747888519363 0.000125 194
1747888522038 0.000125 195
1747888524714 0.000125 196
1747888527463 0.000125 197
1747888530343 0.000125 198
1747888532983 0.000125 199
1747888650422 0.001 200
1747888652806 0.001 201
1747888655478 0.001 202
1747888658132 0.001 203
1747888660832 0.001 204
1747888663480 0.001 205
1747888666157 0.0005 206
1747888668852 0.0005 207
1747888671494 0.0005 208
1747888674142 0.0005 209
1747888676814 0.0005 210
1747888679501 0.0005 211
1747888682135 0.00025 212
1747888684519 0.00025 213
1747888687169 0.00025 214
1747888689855 0.00025 215
1747888692492 0.00025 216
1747888695153 0.00025 217
1747888697814 0.000125 218
1747888700703 0.000125 219
1747888703362 0.000125 220
1747888706037 0.000125 221
1747888708723 0.000125 222
1747888711413 0.000125 223
1747888714066 6.25e-05 224
1747888716724 6.25e-05 225
1747888719392 6.25e-05 226
1747888721821 6.25e-05 227
1747888724478 6.25e-05 228
1747888727177 6.25e-05 229
1747888729929 6.25e-05 230
1747888732607 6.25e-05 231
1747888735292 6.25e-05 232
1747888737984 6.25e-05 233
1747888740701 6.25e-05 234
1747888743352 6.25e-05 235
1747888746008 6.25e-05 236
1747888748663 6.25e-05 237
1747888751566 6.25e-05 238
1747888754208 6.25e-05 239
1747888871669 0.001 240
1747888874376 0.001 241
1747888877051 0.001 242
1747888879452 0.001 243
1747888882118 0.001 244
1747888884802 0.001 245
1747888887482 0.0005 246
1747888890157 0.0005 247
1747888892808 0.0005 248
1747888895499 0.0005 249
1747888898173 0.0005 250
1747888900821 0.0005 251
1747888903474 0.00025 252
1747888906175 0.00025 253
1747888908847 0.00025 254
1747888911520 0.00025 255
1747888913909 0.00025 256
1747888916620 0.00025 257
1747888919295 0.000125 258
1747888922162 0.000125 259
1747888924889 0.000125 260
1747888927562 0.000125 261
1747888930235 0.000125 262
1747888932876 0.000125 263
1747888935555 6.25e-05 264
1747888938201 6.25e-05 265
1747888940862 6.25e-05 266
1747888943517 6.25e-05 267
1747888946220 6.25e-05 268
1747888948622 6.25e-05 269
1747888951280 3.125e-05 270
1747888953924 3.125e-05 271
1747888956591 3.125e-05 272
1747888959273 3.125e-05 273
1747888961945 3.125e-05 274
1747888964597 3.125e-05 275
1747888967306 1.5625e-05 276
1747888969978 1.5625e-05 277
1747888972846 1.5625e-05 278
1747888975506 1.5625e-05 279
1747889092950 0.001 280
1747889095619 0.001 281
1747889098316 0.001 282
1747889101045 0.001 283
1747889103733 0.001 284
1747889106140 0.001 285
1747889108860 0.0005 286
1747889111513 0.0005 287
1747889114173 0.0005 288
1747889116844 0.0005 289
1747889119552 0.0005 290
1747889122223 0.0005 291
1747889124898 0.00025 292
1747889127589 0.00025 293
1747889130249 0.00025 294
1747889132909 0.00025 295
1747889135565 0.00025 296
1747889138232 0.00025 297
1747889140658 0.000125 298
1747889143510 0.000125 299
1747889146184 0.000125 300
1747889148883 0.000125 301
1747889151595 0.000125 302
1747889154261 0.000125 303
1747889156950 6.25e-05 304
1747889159637 6.25e-05 305
1747889162366 6.25e-05 306
1747889165054 6.25e-05 307
1747889167747 6.25e-05 308
1747889170472 6.25e-05 309
1747889173139 6.25e-05 310
1747889175804 6.25e-05 311
1747889178482 6.25e-05 312
1747889180969 6.25e-05 313
1747889183636 6.25e-05 314
1747889186310 6.25e-05 315
1747889189008 6.25e-05 316
1747889191706 6.25e-05 317
1747889194560 6.25e-05 318
1747889197230 6.25e-05 319
