1749098560264 0.001 0
1749098809949 0.001 1
1749099064306 0.001 2
1749099319360 0.001 3
1749099575762 0.001 4
1749099832667 0.001 5
1749100091317 0.001 6
1749100350161 0.001 7
1749100609971 0.001 8
1749100868423 0.001 9
1749101127608 0.001 10
1749101386414 0.001 11
1749101644941 0.001 12
1749101903199 0.001 13
1749102162134 0.001 14
1749102420635 0.001 15
1749102679006 0.001 16
1749102939387 0.001 17
1749103199168 0.001 18
1749103458928 0.001 19
1749103719239 0.001 20
1749103978109 0.001 21
1749104238070 0.001 22
1749104497672 0.001 23
1749104757004 0.001 24
1749105012013 0.001 25
1749105267367 0.001 26
1749105526041 0.001 27
1749105785959 0.001 28
1749106044546 0.001 29
1749106303960 0.0005 30
1749106563060 0.0005 31
1749106822252 0.0005 32
1749107081393 0.0005 33
1749107338482 0.0005 34
1749107594481 0.0005 35
1749107849916 0.0005 36
1749108106582 0.0005 37
1749108362120 0.0005 38
1749108616390 0.0005 39
1749108872551 0.0005 40
1749109128427 0.0005 41
1749109383556 0.0005 42
1749109639274 0.0005 43
1749109894836 0.0005 44
1749110150672 0.0005 45
1749110406352 0.0005 46
1749110662523 0.0005 47
1749110916561 0.0005 48
1749111171886 0.0005 49
1749111427577 0.00025 50
1749111683069 0.00025 51
1749111939429 0.00025 52
1749112195377 0.00025 53
1749112450111 0.00025 54
1749112704852 0.00025 55
1749112960901 0.00025 56
1749113217653 0.00025 57
1749113474127 0.00025 58
1749113731237 0.00025 59
1749113988209 0.00025 60
1749114244710 0.00025 61
1749114501366 0.000125 62
1749114758262 0.000125 63
1749115014594 0.000125 64
1749115272336 0.000125 65
1749115530987 0.000125 66
1749115788754 0.000125 67
1749116046606 0.000125 68
1749116303723 0.000125 69
1749116560617 0.000125 70
1749116818567 0.000125 71
1749117076985 0.000125 72
1749117334804 0.000125 73
1749117592687 0.000125 74
1749117849213 0.000125 75
1749118107191 0.000125 76
1749118365887 0.000125 77
1749118623426 0.000125 78
1749118879944 0.000125 79
1749119137342 0.000125 80
1749119394355 6.25e-05 81
1749119651468 6.25e-05 82
1749119909416 6.25e-05 83
1749120166412 6.25e-05 84
1749120423681 6.25e-05 85
1749120680195 6.25e-05 86
1749120938241 6.25e-05 87
1749121196404 3.125e-05 88
1749121455034 3.125e-05 89
1749121713380 3.125e-05 90
1749121970383 3.125e-05 91
1749122227524 3.125e-05 92
1749122484616 3.125e-05 93
1749122742434 3.125e-05 94
1749122999818 1.5625e-05 95
1749123258781 1.5625e-05 96
1749123516054 1.5625e-05 97
1749123772874 1.5625e-05 98
1749124028892 1.5625e-05 99
1749124287189 1.5625e-05 100
1749124545682 7.8125e-06 101
1749124805350 7.8125e-06 102
1749125063008 7.8125e-06 103
1749125320403 7.8125e-06 104
1749125577840 7.8125e-06 105
1749125837742 7.8125e-06 106
1749126097078 7.8125e-06 107
1749126355829 7.8125e-06 108
1749126613034 7.8125e-06 109
1749126871861 7.8125e-06 110
1749127131317 7.8125e-06 111
1749127389683 7.8125e-06 112
1749127650269 7.8125e-06 113
1749127909983 3.90625e-06 114
1749128170749 3.90625e-06 115
1749128429762 3.90625e-06 116
1749128691580 3.90625e-06 117
1749128953037 3.90625e-06 118
1749129213623 3.90625e-06 119
1749129474694 1.953125e-06 120
1749129735222 1.953125e-06 121
1749129996782 1.953125e-06 122
1749130254163 1.953125e-06 123
1749130513588 1.953125e-06 124
1749130774915 1.953125e-06 125
1749131035929 9.765625e-07 126
1749131295417 9.765625e-07 127
1749131551966 9.765625e-07 128
1749131808697 9.765625e-07 129
1749132065742 9.765625e-07 130
1749132323893 9.765625e-07 131
1749132579979 4.8828125e-07 132
1749132839276 4.8828125e-07 133
1749133095685 4.8828125e-07 134
1749133354267 4.8828125e-07 135
1749133611700 4.8828125e-07 136
1749133868858 4.8828125e-07 137
1749134126789 4.8828125e-07 138
1749134383810 4.8828125e-07 139
1749134641235 2.44140625e-07 140
1749134901580 2.44140625e-07 141
1749135159614 2.44140625e-07 142
1749135417263 2.44140625e-07 143
1749135675618 2.44140625e-07 144
1749135935053 2.44140625e-07 145
1749136193712 1.220703125e-07 146
1749136451840 1.220703125e-07 147
1749136708929 1.220703125e-07 148
1749136967007 1.220703125e-07 149
1749137224635 1.220703125e-07 150
1749137481745 1.220703125e-07 151
1749137738963 6.103515625e-08 152
1749137996079 6.103515625e-08 153
1749138254380 6.103515625e-08 154
1749138513034 6.103515625e-08 155
1749138771096 6.103515625e-08 156
1749139029084 6.103515625e-08 157
1749139287434 3.0517578125e-08 158
1749139545755 3.0517578125e-08 159
1749139803328 3.0517578125e-08 160
1749140061440 3.0517578125e-08 161
1749140318803 3.0517578125e-08 162
1749140576929 3.0517578125e-08 163
1749140835776 1.52587890625e-08 164
1749141090630 1.52587890625e-08 165
1749141346624 1.52587890625e-08 166
1749141602615 1.52587890625e-08 167
1749141858377 1.52587890625e-08 168
1749142116320 1.52587890625e-08 169
1749142375164 1.52587890625e-08 170
1749142633453 1.52587890625e-08 171
1749142894021 1.52587890625e-08 172
1749143153156 1.52587890625e-08 173
1749143413563 1.52587890625e-08 174
1749143674386 1.52587890625e-08 175
1749143934307 1.52587890625e-08 176
1749144195135 1.52587890625e-08 177
1749144454900 1.52587890625e-08 178
1749144715132 1.52587890625e-08 179
1749144972551 1.52587890625e-08 180
1749145231931 1.52587890625e-08 181
1749145492968 1.52587890625e-08 182
1749145753393 1.52587890625e-08 183
1749146013452 1.52587890625e-08 184
1749146272694 1.52587890625e-08 185
1749146530056 1.52587890625e-08 186
1749146787542 1.52587890625e-08 187
1749147044169 1.52587890625e-08 188
1749147301756 1.52587890625e-08 189
1749147560419 1.52587890625e-08 190
1749147820596 1.52587890625e-08 191
1749148079090 1.52587890625e-08 192
1749148336663 1.52587890625e-08 193
1749148596767 1.52587890625e-08 194
1749148854801 1.52587890625e-08 195
1749149112438 1.52587890625e-08 196
1749149371184 1.52587890625e-08 197
1749149629495 1.52587890625e-08 198
1749149888581 1.52587890625e-08 199
1749150146077 1.52587890625e-08 200
1749150406405 1.52587890625e-08 201
1749150664686 1.52587890625e-08 202
1749150920928 1.52587890625e-08 203
1749151177859 1.52587890625e-08 204
1749151437670 1.52587890625e-08 205
1749151696785 1.52587890625e-08 206
1749151955642 1.52587890625e-08 207
1749152212735 1.52587890625e-08 208
1749152469622 1.52587890625e-08 209
1749152728948 1.52587890625e-08 210
1749152987724 1.52587890625e-08 211
1749153247739 1.52587890625e-08 212
1749153508324 1.52587890625e-08 213
1749153768966 1.52587890625e-08 214
1749154030228 1.52587890625e-08 215
1749154291585 1.52587890625e-08 216
1749154551551 1.52587890625e-08 217
1749154811176 1.52587890625e-08 218
1749155071027 1.52587890625e-08 219
1749155329918 1.52587890625e-08 220
1749155589966 1.52587890625e-08 221
1749155847657 1.52587890625e-08 222
1749156106811 1.52587890625e-08 223
1749156364932 1.52587890625e-08 224
1749156624719 1.52587890625e-08 225
1749156885019 1.52587890625e-08 226
1749157143638 1.52587890625e-08 227
1749157403734 1.52587890625e-08 228
1749157663873 1.52587890625e-08 229
1749157923929 1.52587890625e-08 230
1749158184992 1.52587890625e-08 231
1749158444062 1.52587890625e-08 232
1749158703647 1.52587890625e-08 233
1749158962390 1.52587890625e-08 234
1749159220909 1.52587890625e-08 235
1749159480552 1.52587890625e-08 236
1749159740961 1.52587890625e-08 237
1749160001456 1.52587890625e-08 238
1749160263089 1.52587890625e-08 239
1749160523586 1.52587890625e-08 240
1749160782668 1.52587890625e-08 241
1749161044108 1.52587890625e-08 242
1749161302900 1.52587890625e-08 243
1749161561817 1.52587890625e-08 244
1749161823355 1.52587890625e-08 245
1749162083214 1.52587890625e-08 246
1749162343606 1.52587890625e-08 247
1749162602700 1.52587890625e-08 248
1749162862375 1.52587890625e-08 249
1749163120728 1.52587890625e-08 250
1749163378180 1.52587890625e-08 251
1749163637197 1.52587890625e-08 252
1749163895747 1.52587890625e-08 253
1749164153384 1.52587890625e-08 254
1749164413784 1.52587890625e-08 255
1749164671261 1.52587890625e-08 256
1749164930702 1.52587890625e-08 257
1749165188700 1.52587890625e-08 258
1749165447672 1.52587890625e-08 259
1749165706162 1.52587890625e-08 260
1749165963827 1.52587890625e-08 261
1749166222004 1.52587890625e-08 262
1749166479895 1.52587890625e-08 263
1749166738433 1.52587890625e-08 264
1749166997688 1.52587890625e-08 265
1749167254969 1.52587890625e-08 266
1749167514519 1.52587890625e-08 267
1749167774748 1.52587890625e-08 268
1749168032148 1.52587890625e-08 269
1749168290671 1.52587890625e-08 270
1749168550736 1.52587890625e-08 271
1749168808800 1.52587890625e-08 272
1749169067348 1.52587890625e-08 273
1749169326136 1.52587890625e-08 274
1749169585484 1.52587890625e-08 275
1749169844762 1.52587890625e-08 276
1749170102974 1.52587890625e-08 277
1749170360648 1.52587890625e-08 278
1749170618527 1.52587890625e-08 279
1749170877313 1.52587890625e-08 280
1749171137313 1.52587890625e-08 281
1749171397896 1.52587890625e-08 282
1749171658184 1.52587890625e-08 283
1749171916920 1.52587890625e-08 284
1749172176999 1.52587890625e-08 285
1749172435890 1.52587890625e-08 286
1749172696172 1.52587890625e-08 287
1749172954766 1.52587890625e-08 288
1749173215645 1.52587890625e-08 289
1749173475529 1.52587890625e-08 290
1749173734713 1.52587890625e-08 291
1749173992737 1.52587890625e-08 292
1749174251175 1.52587890625e-08 293
1749174511555 1.52587890625e-08 294
1749174770553 1.52587890625e-08 295
1749175028845 1.52587890625e-08 296
1749175289165 1.52587890625e-08 297
1749175547181 1.52587890625e-08 298
1749175806911 1.52587890625e-08 299
1749176065966 1.52587890625e-08 300
1749176325975 1.52587890625e-08 301
1749176586861 1.52587890625e-08 302
1749176846979 1.52587890625e-08 303
1749177107758 1.52587890625e-08 304
1749177367448 1.52587890625e-08 305
1749177627525 1.52587890625e-08 306
1749177886784 1.52587890625e-08 307
1749178147747 1.52587890625e-08 308
1749178409242 1.52587890625e-08 309
1749178671056 1.52587890625e-08 310
1749178931241 1.52587890625e-08 311
1749179190451 1.52587890625e-08 312
1749179450601 1.52587890625e-08 313
1749179711191 1.52587890625e-08 314
1749179971447 1.52587890625e-08 315
1749180232385 1.52587890625e-08 316
1749180493742 1.52587890625e-08 317
1749180754748 1.52587890625e-08 318
1749181015201 1.52587890625e-08 319
1749181276266 1.52587890625e-08 320
1749181536847 1.52587890625e-08 321
1749181800543 1.52587890625e-08 322
1749182061862 1.52587890625e-08 323
1749182323463 1.52587890625e-08 324
1749182584321 1.52587890625e-08 325
1749182844931 1.52587890625e-08 326
1749183105417 1.52587890625e-08 327
1749183368180 1.52587890625e-08 328
1749183630693 1.52587890625e-08 329
1749183893295 1.52587890625e-08 330
1749184154687 1.52587890625e-08 331
1749184417188 1.52587890625e-08 332
