1747889406656 2.3105521202087402 0
1747889409365 2.3039622740312056 1
1747889412038 2.3013147440823642 2
1747889414695 2.2990507862784644 3
1747889417725 2.296349460428411 4
1747889420426 2.293821334838867 5
1747889423108 2.290638403459029 6
1747889425787 2.286920590834184 7
1747889428812 2.2828819318251177 8
1747889431492 2.2779828851873223 9
1747889434169 2.272064685821533 10
1747889436867 2.265451344576749 11
1747889439886 2.2584617788141426 12
1747889442608 2.2504569833928887 13
1747889445299 2.241817691109397 14
1747889447995 2.2323614033785733 15
1747889450708 2.2225100343877617 16
1747889453733 2.2122897018085825 17
1747889456424 2.202173189683394 18
1747889459298 2.1933312199332495 19
1747889462009 2.1852936527945777 20
1747889465050 2.1744018251245674 21
1747889467842 2.164827650243586 22
1747889470558 2.159982269460505 23
1747889473249 2.1539207588542593 24
1747889475934 2.1422463113611396 25
1747889478955 2.1344289129430596 26
1747889481661 2.1324514909224077 27
1747889484358 2.1278924725272437 28
1747889487044 2.118440411307595 29
1747889490216 2.114202217622237 30
1747889492932 2.115830963308161 31
1747889495633 2.112934285944158 32
1747889498339 2.106088074770841 33
1747889501189 2.107810453935103 34
1747889504228 2.108758319507946 35
1747889506912 2.102543527429754 36
1747889509606 2.102569753473455 37
1747889512850 2.104302839799361 38
1747889515541 2.099058671431108 39
1747889641782 2.670994585210627 40
1747889644726 2.1018597429448906 41
1747889647134 2.393594568425959 42
1747889649988 2.2184104919433594 43
1747889652961 2.1035327261144463 44
1747889655784 2.161353653127497 45
1747889658609 2.211513736031272 46
1747889661462 2.201337770982222 47
1747889664430 2.1569561524824663 48
1747889667279 2.1334750435569068 49
1747889670153 2.1157904971729624 50
1747889673147 2.1093966527418657 51
1747889676030 2.1139956170862373 52
1747889678859 2.123735124414617 53
1747889681746 2.131971467625011 54
1747889684307 2.1330751072276724 55
1747889687148 2.1309986981478604 56
1747889690001 2.1264120882207695 57
1747889692888 2.120568123730746 58
1747889696050 2.1147216883572666 59
1747889698883 2.1098533326929267 60
1747889701746 2.1080510399558325 61
1747889704624 2.1067134900526567 62
1747889707507 2.105831167914651 63
1747889710374 2.105395642193881 64
1747889713254 2.105287703600797 65
1747889716220 2.1054467504674736 66
1747889719069 2.1055329496210273 67
1747889721944 2.1056358597495337 68
1747889724492 2.105664751746438 69
1747889727351 2.1056282086805864 70
1747889730209 2.1055714217099277 71
1747889733074 2.105451150373979 72
1747889736069 2.1053374247117476 73
1747889738915 2.1052143573760986 74
1747889741803 2.1050658226013184 75
1747889744826 2.1048916469920766 76
1747889747703 2.104714415290139 77
1747889750779 2.104503046382557 78
1747889753638 2.1043927669525146 79
1747889877224 2.233821153640747 80
1747889880260 2.1736280051144687 81
1747889883194 2.1632119742306797 82
1747889886111 2.107927755876021 83
1747889889151 2.1277287006378174 84
1747889892097 2.1479263522408227 85
1747889894587 2.1339303363453257 86
1747889897482 2.111265529285778 87
1747889900520 2.109818371859464 88
1747889903460 2.123745007948442 89
1747889906373 2.1248828064311636 90
1747889909400 2.1167035319588403 91
1747889912348 2.1063954830169678 92
1747889915273 2.1008378809148613 93
1747889918181 2.102103840221058 94
1747889921101 2.1065468788146973 95
1747889924009 2.1087174632332544 96
1747889926894 2.1059675866907295 97
1747889929904 2.0999860113317315 98
1747889932993 2.094952258196744 99
1747889935869 2.0941561352122915 100
1747889938762 2.096709901636297 101
1747889941238 2.098447647961703 102
1747889944128 2.0964086922732266 103
1747889947014 2.092117959802801 104
1747889950046 2.0894030007449063 105
1747889952984 2.089965343475342 106
1747889955899 2.0916500091552734 107
1747889958784 2.0913510539314966 108
1747889961829 2.088676170869307 109
1747889964726 2.0862885171716865 110
1747889967629 2.086306853727861 111
1747889970613 2.0875132083892822 112
1747889973529 2.0871338194066826 113
1747889976412 2.085078651254827 114
1747889978870 2.0836316455494273 115
1747889981826 2.0839302323081275 116
1747889984755 2.084346641193737 117
1747889987878 2.083406751806086 118
1747889990917 2.0818733085285532 119
1747890115791 2.299211697144942 120
1747890118693 2.1637491529638115 121
1747890121643 2.174233479933305 122
1747890124717 2.089258454062722 123
1747890127625 2.102168321609497 124
1747890130539 2.1331868821924385 125
1747890133605 2.125437303022905 126
1747890136566 2.099172527139837 127
1747890139471 2.0882831053300337 128
1747890142427 2.100147247314453 129
1747890145085 2.1123514608903364 130
1747890148044 2.1086530685424805 131
1747890150994 2.095063252882524 132
1747890154080 2.0870752334594727 133
1747890157033 2.0906665325164795 134
1747890159960 2.0977711894295434 135
1747890162865 2.0984687588431616 136
1747890165906 2.091408707878806 137
1747890168833 2.0838056044145064 138
1747890171971 2.082714861089533 139
1747890175066 2.0865391167727383 140
1747890178022 2.087349848313765 141
1747890180959 2.082291082902388 142
1747890183953 2.0770691524852407 143
1747890186629 2.07721868428317 144
1747890189610 2.079937306317416 145
1747890192576 2.078945051540028 146
1747890195636 2.0746248201890425 147
1747890198567 2.072591326453469 148
1747890201510 2.0741550488905474 149
1747890204470 2.074340083382346 150
1747890207569 2.071210167624734 151
1747890210508 2.0692362135106865 152
1747890213481 2.0702107819643887 153
1747890216569 2.070146170529452 154
1747890219536 2.0675515044819224 155
1747890222493 2.0661285790530117 156
1747890225001 2.0666529698805376 157
1747890228135 2.0657400001179087 158
1747890231063 2.0634129264137964 159
1747890356610 2.2734832763671875 160
1747890359689 2.1239920529452236 161
1747890362600 2.162076061422175 162
1747890365526 2.0788374597376045 163
1747890368446 2.073175300251354 164
1747890371476 2.107161435213956 165
1747890374386 2.111355413090099 166
1747890377303 2.0874475565823642 167
1747890380343 2.0691451376134697 168
1747890383241 2.0745589949867944 169
1747890386157 2.088612989945845 170
1747890388640 2.0904938090931284 171
1747890391701 2.0792889811775903 172
1747890394624 2.0680301622910933 173
1747890397553 2.066724582151933 174
1747890400593 2.072862213308161 175
1747890403515 2.076280203732577 176
1747890406415 2.0711132179607046 177
1747890409319 2.062217517332597 178
1747890412571 2.058686364780773 179
1747890415489 2.062064994465221 180
1747890418388 2.0645211176438765 181
1747890421426 2.0605583407662134 182
1747890424336 2.0541917844252153 183
1747890427256 2.052624160593206 184
1747890429741 2.05561317097057 185
1747890432785 2.055866739966653 186
1747890435698 2.0511130419644443 187
1747890438610 2.0477952523664995 188
1747890441639 2.049218242818659 189
1747890444545 2.049985733899203 190
1747890447364 2.046669288115068 191
1747890450216 2.0438072898171167 192
1747890453185 2.0444610769098457 193
1747890456028 2.0444366281682793 194
1747890458871 2.041847662492232 195
1747890461829 2.039815664291382 196
1747890464673 2.0399188561873003 197
1747890467717 2.0394353649832984 198
1747890470135 2.036769758571278 199
1747890592739 2.267280015078458 200
1747890595753 2.10140306299383 201
1747890598609 2.188617142764005 202
1747890601484 2.096821806647561 203
1747890604367 2.0418597784909336 204
1747890607391 2.0693596709858286 205
1747890610271 2.1052737452767114 206
1747890613131 2.0961526957425205 207
1747890616135 2.0636184865778144 208
1747890619024 2.045364271510731 209
1747890621494 2.0521505529230293 210
1747890624390 2.0681169033050537 211
1747890627410 2.071121259169145 212
1747890630307 2.066900383342396 213
1747890633179 2.0580324693159624 214
1747890636206 2.0486462766473945 215
1747890639078 2.042367306622592 216
1747890641938 2.0410749262029473 217
1747890644822 2.041986205361106 218
1747890648025 2.0431897423484107 219
1747890650869 2.044126944108443 220
1747890653730 2.0443822253834116 221
1747890656767 2.0437467965212734 222
1747890659660 2.0423562309958716 223
1747890662101 2.0404583540829746 224
1747890665003 2.039458318190141 225
1747890668011 2.0384338985789907 226
1747890670908 2.0374728332866323 227
1747890673784 2.0366849682547827 228
1747890676810 2.036110119386153 229
1747890679705 2.035690112547441 230
1747890682594 2.03548923405734 231
1747890685478 2.035358017141169 232
1747890688371 2.035318201238459 233
1747890691232 2.0352517691525547 234
1747890694109 2.03512506051497 235
1747890697084 2.034940329464999 236
1747890699960 2.034639661962336 237
1747890702609 2.0342673388394443 238
1747890705459 2.03385311906988 239
1747890830214 2.1939961476759477 240
1747890833075 2.0806412913582544 241
1747890835958 2.137760812586004 242
1747890838833 2.085559758273038 243
1747890841833 2.0490357225591485 244
1747890844297 2.0569798946380615 245
1747890847179 2.0843151916157114 246
1747890850064 2.08170147375627 247
1747890852934 2.0575891841541636 248
1747890855828 2.043602141467008 249
1747890858702 2.0491900877519087 250
1747890861681 2.060125957835804 251
1747890864559 2.0624485232613305 252
1747890867412 2.053776047446511 253
1747890870269 2.0417019670659844 254
1747890873250 2.036461439999667 255
1747890876139 2.041096904061057 256
1747890878999 2.046783837405118 257
1747890882008 2.043891256505793 258
1747890884658 2.0351115356792104 259
1747890887529 2.030741409821944 260
1747890890383 2.0339580449191006 261
1747890893362 2.0377759716727515 262
1747890896267 2.035563815723766 263
1747890899165 2.0293192863464355 264
1747890902167 2.0263488509438257 265
1747890905042 2.0289555246179756 266
1747890907923 2.0302923159165815 267
1747890910784 2.0261546048251065 268
1747890913787 2.0227078957991167 269
1747890916688 2.023866046558727 270
1747890919556 2.0248695720325816 271
1747890922489 2.022203575481068 272
1747890924963 2.019397258758545 273
1747890927827 2.0199337655847724 274
1747890930685 2.020061492919922 275
1747890933700 2.0173368020491167 276
1747890936595 2.0158123753287573 277
1747890939670 2.0164800123734907 278
1747890942638 2.015381943095814 279
1747891066920 2.242269342595881 280
1747891069790 2.0672020478682085 281
1747891072648 2.1519799449227075 282
1747891075660 2.1036935502832588 283
1747891078580 2.0469070998105137 284
1747891081468 2.0280760635029185 285
1747891084374 2.053214051506736 286
1747891087411 2.0739305236122827 287
1747891090322 2.064034180207686 288
1747891093217 2.0412795543670654 289
1747891096200 2.0283503315665503 290
1747891098707 2.0311053449457344 291
1747891101578 2.0402876030315054 292
1747891104456 2.0430047512054443 293
1747891107471 2.0423849495974453 294
1747891110358 2.0389058806679468 295
1747891113223 2.033562811938199 296
1747891116119 2.0280151583931665 297
1747891119132 2.023806832053445 298
1747891122193 2.02254674651406 299
1747891125060 2.021884560585022 300
1747891128054 2.0217044786973433 301
1747891130899 2.02184720472856 302
1747891133750 2.0220658779144287 303
1747891136239 2.022113084793091 304
1747891139260 2.02190240946683 305
1747891142178 2.0213311585513027 306
1747891145095 2.020492196083069 307
1747891148160 2.0195466821843926 308
1747891151064 2.0185524116862905 309
1747891153980 2.0177071636373345 310
1747891156893 2.0170749751004307 311
1747891159910 2.016674691980535 312
1747891162785 2.0164017894051294 313
1747891165699 2.016214457425204 314
1747891168707 2.0160043998198076 315
1747891171580 2.0157187310132114 316
1747891174036 2.0152662884105337 317
1747891177566 2.014753991907293 318
1747891180168 2.0141807252710517 319
1747891305321 2.167195883664218 320
1747891308219 2.065628160129894 321
1747891311202 2.102050239389593 322
1747891314089 2.0817328799854624 323
1747891316995 2.0504612272435967 324
1747891319900 2.028427492488514 325
1747891322480 2.0352632999420166 326
1747891325360 2.0539032329212534 327
1747891328213 2.0562713796442207 328
1747891331093 2.0436055010015313 329
1747891334092 2.0300185030156914 330
1747891337015 2.025939529592341 331
1747891339883 2.0300064303658227 332
1747891342868 2.0352103276686235 333
1747891345773 2.0365289341319692 334
1747891348701 2.032934990796176 335
1747891351575 2.02650126543912 336
1747891354566 2.0205264524980024 337
1747891357489 2.0182829986919057 338
1747891360628 2.0203203938224097 339
1747891363198 2.022970351305875 340
1747891366088 2.0217582204125146 341
1747891368962 2.017062707380815 342
1747891371833 2.0130941434340044 343
1747891374836 2.0123608112335205 344
1747891377739 2.0135565345937554 345
1747891380647 2.013723373413086 346
1747891383668 2.011529261415655 347
1747891386555 2.008502407507463 348
1747891389410 2.0070878592404453 349
1747891392281 2.0073807564648716 350
1747891395275 2.007015976038846 351
1747891398162 2.004872267896479 352
1747891401019 2.0027589364485308 353
1747891403590 2.002144694328308 354
1747891406475 2.001914522864602 355
1747891409380 2.0008578300476074 356
1747891412239 1.9994884079152888 357
1747891415436 1.9985944574529475 358
1747891418305 1.9977945414456455 359
1747891542278 2.217011560093273 360
1747891545185 2.047661217776212 361
1747891548165 2.1216898181221704 362
1747891551034 2.089692614295266 363
1747891553905 2.0380366065285425 364
1747891556884 2.0106380852785977 365
1747891559761 2.022742184725675 366
1747891562630 2.0440444946289062 367
1747891565091 2.0470299937508325 368
1747891568085 2.0343508503653784 369
1747891570962 2.0182878320867363 370
1747891573821 2.009258118542758 371
1747891576690 2.0112438852136787 372
1747891579682 2.018907243555242 373
1747891582546 2.0238212888891045 374
1747891585436 2.0220926891673696 375
1747891588443 2.0151958682320337 376
1747891591321 2.007773366841403 377
1747891594183 2.0037465420636265 378
1747891597288 2.0044513290578667 379
1747891600289 2.008039030161771 380
1747891603143 2.010816899212924 381
1747891605604 2.0095157514918935 382
1747891608620 2.0046124133196743 383
1747891611483 1.9998581409454346 384
1747891614352 1.998576207594438 385
1747891617253 2.000240770253268 386
1747891620247 2.001822742548856 387
1747891623121 2.0013190399516714 388
1747891625989 1.9987397627397017 389
1747891628972 1.9958956024863503 390
1747891631835 1.9945007887753574 391
1747891634701 1.9948214942758733 392
1747891637608 1.9953509460796008 393
1747891640629 1.9942866455424915 394
1747891643090 1.9919779625805942 395
1747891645992 1.9903811324726453 396
1747891648981 1.990430929444053 397
1747891652106 1.9907197193665938 398
1747891654981 1.989828109741211 399
1747891780524 2.182203401218761 400
1747891783108 2.040732817216353 401
1747891785994 2.0946504419500176 402
1747891788851 2.0706651644273237 403
1747891791699 2.0318691947243432 404
1747891794667 2.0059525749900122 405
1747891797578 2.0095954916693946 406
1747891800455 2.027416164224798 407
1747891803451 2.034440127286044 408
1747891806346 2.027294245633212 409
1747891809259 2.01322743025693 410
1747891812171 2.0017442378130825 411
1747891815196 2.000219637697393 412
1747891818111 2.0069321393966675 413
1747891820616 2.0130737694826992 414
1747891823638 2.012751991098577 415
1747891826553 2.006630767475475 416
1747891829482 1.9996136210181497 417
1747891832396 1.9959671930833296 418
1747891835636 1.9963036667216907 419
1747891838528 1.998622103170915 420
1747891841420 2.000421003861861 421
1747891844432 1.9992858388207175 422
1747891847348 1.9951168732209639 423
1747891850248 1.9908451708880337 424
1747891853136 1.9896605773405596 425
1747891856156 1.991482680494135 426
1747891859080 1.9930738752538508 427
1747891862004 1.991972186348655 428
1747891864643 1.9887610132044011 429
1747891867569 1.9858968474648215 430
1747891870491 1.9851189851760864 431
1747891873412 1.9857726638967341 432
1747891876336 1.985943544994701 433
1747891879276 1.984457861293446 434
1747891882187 1.9821731935847888 435
1747891885222 1.9810238968242297 436
1747891888157 1.9815266999331387 437
1747891891276 1.9817343625155361 438
1747891894165 1.980181867426092 439
1747892019756 2.195751732045954 440
1747892022645 2.0226230404593726 441
1747892025557 2.0912827361713755 442
1747892028592 2.0694738518108022 443
1747892031491 2.0281786051663486 444
1747892034386 2.0005398338491265 445
1747892037300 2.000875332138755 446
1747892040373 2.0168902440504595 447
1747892042839 2.025413383137096 448
1747892045724 2.02127142386003 449
1747892048610 2.0097532380710947 450
1747892051479 1.9975014491514727 451
1747892054341 1.9918491298502141 452
1747892057234 1.9952370686964556 453
1747892060203 2.0019549889998003 454
1747892063101 2.00459285215898 455
1747892065999 2.0007812760092993 456
1747892068988 1.9938244494524868 457
1747892071875 1.9885957891290837 458
1747892074963 1.9873798435384578 459
1747892077870 1.989202542738481 460
1747892080911 1.9914013689214534 461
1747892083793 1.9916666312651201 462
1747892086676 1.9890735691243953 463
1747892089142 1.9849198298020796 464
1747892092136 1.9823128093372693 465
1747892094999 1.98248460076072 466
1747892097894 1.9841083504936912 467
1747892100910 1.984575336629694 468
1747892103796 1.9827629869634456 469
1747892106693 1.9797715057026257 470
1747892109581 1.9776149012825706 471
1747892112589 1.9774202108383179 472
1747892115468 1.9782519340515137 473
1747892118380 1.9781251495534724 474
1747892121399 1.9764072136445479 475
1747892124288 1.9741924676028164 476
1747892126770 1.973479000004855 477
1747892129861 1.974125937982039 478
1747892132856 1.9742124730890447 479
