1746677025040 0.6867011040449142 0
1746677099732 0.6804828494787216 1
1746677176220 0.6730359941720963 2
1746677253572 0.6631375253200531 3
1746677329791 0.6492331475019455 4
1746677406346 0.6326767802238464 5
1746677482985 0.6127881705760956 6
1746677559727 0.5894672125577927 7
1746677637181 0.5631228983402252 8
1746677714338 0.5354107469320297 9
1746677791310 0.5082537084817886 10
1746677868688 0.48088714480400085 11
1746677945984 0.45886678993701935 12
1746678023506 0.44616347551345825 13
1746678100947 0.43398140370845795 14
1746678178417 0.42816679179668427 15
1746678256099 0.4242832213640213 16
1746678333658 0.4205562621355057 17
1746678411615 0.418607696890831 18
1746678489067 0.4163223206996918 19
1746678566337 0.4143287092447281 20
1746678643648 0.41341814398765564 21
1746678721087 0.41281986236572266 22
1746678798716 0.4113573282957077 23
1746678876762 0.41056616604328156 24
1746678954998 0.4098547101020813 25
1746679033210 0.40959860384464264 26
