1746677025040 1e-05 0
1746677099732 1e-05 1
1746677176220 1e-05 2
1746677253572 1e-05 3
1746677329791 1e-05 4
1746677406346 1e-05 5
1746677482985 1e-05 6
1746677559727 1e-05 7
1746677637181 1e-05 8
1746677714338 1e-05 9
1746677791310 1e-05 10
1746677868688 1e-05 11
1746677945984 1e-05 12
1746678023506 1e-05 13
1746678100947 1e-05 14
1746678178417 1e-05 15
1746678256099 1e-05 16
1746678333658 1e-05 17
1746678411615 1e-05 18
1746678489067 1e-05 19
1746678566337 1e-05 20
1746678643648 1e-05 21
1746678721087 1e-05 22
1746678798716 1e-05 23
1746678876762 1e-05 24
1746678954998 1e-05 25
1746679033210 1e-05 26
