1749095842241 0.104 0
1749095859704 0.1372 1
1749095876717 0.138 2
1749095895511 0.128 3
1749095914355 0.1968 4
1749095932483 0.1158 5
1749095951888 0.1526 6
1749095971216 0.1296 7
1749095990243 0.122 8
1749096009742 0.1298 9
1749096029158 0.1402 10
1749096048613 0.151 11
1749096068061 0.1822 12
1749096087741 0.1938 13
1749096106019 0.1964 14
1749096125514 0.2018 15
1749096144270 0.1672 16
1749096165516 0.173 17
1749096186702 0.1746 18
1749096206834 0.1946 19
1749096226312 0.2088 20
1749096246157 0.219 21
1749096267286 0.1864 22
1749096288225 0.1828 23
1749096309398 0.2082 24
1749096329509 0.2138 25
1749096349241 0.2058 26
1749096369043 0.1926 27
1749096389287 0.1984 28
1749096409274 0.215 29
1749096429226 0.215 30
1749096449129 0.2304 31
1749096469155 0.2184 32
1749096490359 0.2206 33
1749096511184 0.2088 34
1749096530993 0.2132 35
1749096550928 0.212 36
1749096570746 0.2102 37
1749096590518 0.2014 38
1749096610345 0.1982 39
1749096630505 0.2094 40
1749096650366 0.2124 41
1749096670458 0.2184 42
1749096690207 0.226 43
1749096710135 0.2076 44
1749096730266 0.2184 45
1749096749989 0.1368 46
1749096770241 0.1078 47
1749096790220 0.1388 48
1749096810093 0.1334 49
1749096829952 0.1198 50
1749096850083 0.118 51
1749096870118 0.1366 52
1749096890009 0.139 53
1749096909887 0.1128 54
1749096930423 0.1098 55
1749096950537 0.1366 56
1749096970484 0.1518 57
1749096990445 0.1064 58
1749097010674 0.1072 59
1749097031320 0.1526 60
1749097051352 0.1666 61
1749097071313 0.1054 62
1749097091433 0.1746 63
1749097112116 0.1626 64
1749097132021 0.1064 65
1749097152611 0.109 66
1749097173475 0.1594 67
1749097193417 0.1054 68
1749097214020 0.1132 69
1749097235385 0.1368 70
1749097255440 0.1054 71
1749097275797 0.1236 72
1749097295971 0.103 73
1749097315887 0.1124 74
1749097336472 0.1334 75
1749097356323 0.135 76
1749097377017 0.1374 77
1749097398346 0.2048 78
1749097418237 0.1178 79
1749097438054 0.126 80
1749097459385 0.1284 81
1749097479883 0.1916 82
1749097499768 0.115 83
1749097519640 0.1316 84
1749097540624 0.1268 85
1749097561586 0.1244 86
1749097581672 0.2026 87
1749097601660 0.1466 88
1749097623141 0.231 89
1749097643319 0.1192 90
1749097663349 0.1752 91
1749097684699 0.1402 92
1749097705054 0.101 93
1749097724990 0.1362 94
1749097745338 0.1522 95
1749097766776 0.0978 96
1749097786692 0.1356 97
1749097806939 0.2048 98
1749097828337 0.1286 99
1749097848214 0.224 100
1749097868253 0.1394 101
1749097888862 0.0942 102
1749097908794 0.1236 103
1749097928963 0.0934 104
1749097948935 0.1302 105
1749097969351 0.131 106
1749097989693 0.0938 107
1749098009614 0.1208 108
1749098029836 0.0936 109
1749098049795 0.1332 110
1749098070437 0.1184 111
1749098090657 0.0936 112
1749098110698 0.119 113
1749098131266 0.1164 114
1749098151441 0.0932 115
1749098171439 0.1326 116
1749098192011 0.116 117
1749098212275 0.0944 118
1749098232555 0.1168 119
1749098253099 0.117 120
1749098273318 0.2088 121
1749098293814 0.1032 122
1749098313832 0.1418 123
1749098334052 0.1412 124
1749098354254 0.1882 125
1749098375454 0.2064 126
1749098395423 0.2136 127
1749098415491 0.1914 128
1749098436312 0.1542 129
1749098456832 0.181 130
1749098477198 0.2686 131
1749098497542 0.2228 132
1749098517573 0.2114 133
1749098538878 0.1538 134
1749098559024 0.1754 135
1749098579339 0.275 136
1749098599480 0.2068 137
1749098619378 0.2054 138
1749098640737 0.1516 139
1749098660826 0.1694 140
1749098681192 0.2644 141
1749098701302 0.1994 142
1749098721135 0.1994 143
1749098742030 0.1536 144
1749098762039 0.1732 145
1749098782404 0.26 146
1749098803059 0.2512 147
1749098823365 0.1744 148
1749098844068 0.1518 149
1749098864528 0.2128 150
1749098885054 0.2652 151
1749098905259 0.2046 152
1749098926534 0.1638 153
1749098946789 0.1882 154
1749098967231 0.2746 155
1749098987593 0.2548 156
1749099008287 0.1666 157
1749099028623 0.1846 158
1749099049610 0.2784 159
1749099069912 0.2444 160
1749099090912 0.1684 161
1749099111611 0.1862 162
1749099132231 0.2738 163
1749099152585 0.1984 164
1749099173499 0.1674 165
1749099194223 0.2076 166
1749099214778 0.268 167
1749099234975 0.1792 168
1749099255488 0.1762 169
1749099276048 0.2672 170
1749099296407 0.2142 171
1749099317243 0.166 172
1749099337624 0.1908 173
1749099358439 0.2514 174
1749099378943 0.1656 175
1749099399260 0.176 176
1749099420136 0.2462 177
1749099440787 0.1774 178
1749099461275 0.1764 179
1749099482196 0.248 180
1749099502854 0.174 181
1749099523344 0.1744 182
1749099543995 0.2446 183
1749099564582 0.1694 184
1749099585323 0.1758 185
1749099605868 0.2448 186
1749099626806 0.1702 187
1749099647684 0.2418 188
1749099668768 0.1728 189
1749099689994 0.1706 190
1749099711082 0.2158 191
1749099732125 0.1702 192
1749099752630 0.2502 193
1749099774320 0.1706 194
1749099794965 0.183 195
1749099815965 0.1786 196
1749099836937 0.1712 197
1749099857658 0.2604 198
1749099878554 0.1536 199
1749099899137 0.2618 200
1749099920310 0.1514 201
1749099940996 0.2028 202
1749099961278 0.1438 203
1749099981830 0.2594 204
1749100002448 0.1418 205
1749100023150 0.1946 206
1749100043821 0.1358 207
1749100064140 0.2618 208
1749100084814 0.1644 209
1749100105403 0.1666 210
1749100126263 0.2284 211
1749100147562 0.14 212
1749100167943 0.1572 213
1749100188293 0.1298 214
1749100208934 0.211 215
1749100229364 0.1452 216
1749100249740 0.2782 217
1749100269930 0.2126 218
1749100290418 0.2304 219
1749100310928 0.3008 220
1749100331522 0.286 221
1749100352158 0.218 222
1749100372518 0.2742 223
1749100394212 0.299 224
1749100414668 0.2464 225
1749100435349 0.2166 226
1749100455748 0.2738 227
1749100477488 0.2914 228
1749100498183 0.2338 229
1749100519004 0.219 230
1749100539452 0.291 231
1749100560938 0.2908 232
1749100581883 0.2202 233
1749100602642 0.2328 234
1749100623393 0.2814 235
1749100644844 0.2588 236
1749100665679 0.223 237
1749100686367 0.2698 238
1749100707272 0.2722 239
1749100728163 0.221 240
1749100748873 0.2428 241
1749100769587 0.2654 242
1749100790119 0.2376 243
1749100810795 0.2278 244
1749100831806 0.2682 245
1749100852658 0.2458 246
1749100873491 0.2218 247
1749100894281 0.2598 248
1749100915328 0.2708 249
1749100936220 0.2252 250
1749100956773 0.2556 251
1749100977498 0.273 252
1749100998849 0.2244 253
1749101019579 0.2354 254
1749101040423 0.2754 255
1749101061548 0.2368 256
1749101082661 0.2364 257
1749101103322 0.2728 258
1749101124553 0.2294 259
1749101145248 0.2524 260
1749101166174 0.2652 261
1749101187339 0.2374 262
1749101207981 0.2484 263
1749101229145 0.2636 264
1749101250148 0.2414 265
1749101271281 0.2338 266
1749101292094 0.2674 267
1749101313749 0.254 268
1749101334701 0.2542 269
1749101356137 0.2378 270
1749101377147 0.25 271
1749101398135 0.2606 272
1749101419135 0.236 273
1749101440514 0.2474 274
1749101461700 0.2346 275
1749101482702 0.2384 276
1749101503715 0.2268 277
1749101524793 0.2496 278
1749101546239 0.2436 279
1749101567368 0.2458 280
1749101588525 0.2358 281
1749101609714 0.258 282
1749101631170 0.224 283
1749101652009 0.2626 284
1749101673420 0.2272 285
1749101694475 0.2486 286
1749101715702 0.25 287
1749101736998 0.2138 288
1749101757721 0.2574 289
1749101778832 0.2088 290
1749101799508 0.2508 291
1749101821241 0.218 292
1749101842104 0.216 293
1749101863153 0.26 294
1749101884874 0.2052 295
1749101905866 0.2792 296
1749101926944 0.2054 297
1749101947628 0.279 298
1749101968494 0.199 299
1749101989100 0.3414 300
1749102009506 0.3188 301
1749102030362 0.3138 302
1749102050953 0.345 303
1749102072747 0.3494 304
1749102093557 0.327 305
1749102114163 0.317 306
1749102134839 0.3392 307
1749102156676 0.3474 308
1749102177573 0.3258 309
1749102198263 0.3248 310
1749102218906 0.3418 311
1749102239641 0.3418 312
1749102260433 0.3276 313
1749102281328 0.3304 314
1749102301844 0.3382 315
1749102322598 0.3354 316
1749102343848 0.3252 317
1749102364383 0.331 318
1749102385106 0.3406 319
1749102406251 0.3342 320
1749102427205 0.3304 321
1749102447981 0.335 322
1749102468843 0.3352 323
1749102489931 0.331 324
1749102510917 0.4042 325
1749102531540 0.4044 326
1749102552383 0.406 327
1749102573136 0.4054 328
1749102593951 0.4054 329
1749102614467 0.405 330
1749102634934 0.4052 331
1749102656252 0.4056 332
1749102677390 0.4044 333
1749102698101 0.4046 334
1749102718442 0.404 335
1749102739088 0.4034 336
1749102759464 0.4032 337
1749102779911 0.403 338
1749102800952 0.4022 339
1749102821322 0.4032 340
1749102841903 0.4034 341
1749102862693 0.4018 342
1749102883422 0.402 343
1749102904214 0.402 344
1749102925212 0.4012 345
1749102945875 0.401 346
1749102966292 0.4028 347
1749102987106 0.4012 348
1749103007683 0.4038 349
1749103028343 0.4044 350
1749103049020 0.4024 351
1749103069781 0.4014 352
1749103090368 0.4012 353
1749103110891 0.4028 354
1749103131833 0.4014 355
1749103152528 0.401 356
1749103173383 0.4008 357
1749103194685 0.4018 358
1749103214760 0.401 359
1749103235993 0.4004 360
1749103257023 0.4012 361
1749103277471 0.436 362
1749103297857 0.4364 363
1749103318672 0.435 364
1749103339437 0.4372 365
1749103360088 0.4368 366
1749103380905 0.4366 367
1749103401787 0.4356 368
1749103422659 0.436 369
1749103443652 0.4358 370
1749103463517 0.436 371
1749103484049 0.4354 372
1749103504193 0.4508 373
1749103524375 0.4512 374
1749103544928 0.4516 375
1749103565140 0.4512 376
1749103586008 0.451 377
1749103606306 0.4516 378
1749103628130 0.451 379
1749103647924 0.451 380
1749103668470 0.4512 381
1749103688845 0.4516 382
1749103708910 0.451 383
1749103730285 0.451 384
1749103750797 0.4514 385
1749103770682 0.4516 386
1749103791346 0.4518 387
1749103811545 0.4512 388
1749103831460 0.4512 389
1749103851615 0.4522 390
1749103871686 0.4516 391
1749103891370 0.4552 392
1749103910917 0.4554 393
1749103931144 0.4558 394
1749103951709 0.455 395
1749103972329 0.4558 396
1749103991984 0.4552 397
1749104011438 0.453 398
1749104032076 0.4526 399
1749104052292 0.4524 400
1749104072476 0.4518 401
1749104092046 0.451 402
1749104112453 0.4506 403
1749104131954 0.4512 404
1749104150867 0.4516 405
1749104170785 0.4514 406
1749104191067 0.4514 407
1749104209145 0.4516 408
1749104228328 0.451 409
1749104247071 0.4504 410
1749104265569 0.4496 411
1749104283822 0.4492 412
1749104304021 0.4502 413
1749104323055 0.45 414
1749104344197 0.4498 415
1749104362764 0.4496 416
1749104380336 0.449 417
1749104397227 0.449 418
1749104413474 0.4498 419
1749104431415 0.4498 420
1749104449297 0.4504 421
1749104468498 0.4504 422
1749104484786 0.4494 423
1749104502953 0.4496 424
1749104521407 0.4494 425
1749104537816 0.4504 426
1749104556504 0.4504 427
1749104574725 0.4498 428
1749104592205 0.4498 429
1749104608771 0.4504 430
1749104629024 0.4502 431
1749104647728 0.4504 432
1749104667914 0.4506 433
1749104687018 0.4492 434
1749104708187 0.4498 435
1749104727692 0.45 436
1749104745149 0.45 437
1749104765500 0.4504 438
1749104781691 0.4496 439
1749104799210 0.4498 440
1749104817305 0.4494 441
1749104833223 0.45 442
1749104849773 0.4494 443
1749104868069 0.4494 444
1749104884853 0.4496 445
1749104902422 0.4496 446
1749104918266 0.45 447
1749104937453 0.4498 448
1749104954562 0.45 449
1749104973878 0.4506 450
1749104991834 0.4498 451
1749105009757 0.4496 452
1749105028688 0.449 453
1749105047353 0.45 454
1749105064025 0.45 455
1749105080636 0.45 456
1749105099259 0.4506 457
1749105118189 0.4502 458
1749105137792 0.4504 459
1749105156584 0.4496 460
1749105172879 0.4498 461
1749105188971 0.45 462
1749105206168 0.45 463
1749105224361 0.4496 464
1749105241743 0.45 465
1749105258811 0.45 466
1749105276723 0.4504 467
1749105292705 0.4506 468
1749105308772 0.4498 469
1749105328023 0.45 470
1749105345654 0.4498 471
1749105365451 0.4496 472
1749105383285 0.45 473
1749105403100 0.4508 474
1749105421617 0.4498 475
1749105439279 0.4498 476
1749105459243 0.45 477
1749105478581 0.4506 478
1749105497543 0.4496 479
1749105515079 0.4502 480
1749105533112 0.4504 481
1749105550759 0.4502 482
1749105566760 0.4498 483
1749105584420 0.4498 484
1749105604057 0.4502 485
1749105620367 0.4502 486
1749105638768 0.4504 487
1749105655280 0.4496 488
1749105673008 0.45 489
1749105689002 0.4494 490
1749105705264 0.45 491
1749105721668 0.4504 492
1749105739363 0.4498 493
1749105756458 0.4498 494
1749105775588 0.4494 495
1749105795135 0.4498 496
1749105812425 0.4502 497
1749105830235 0.4504 498
1749105849226 0.45 499
1749105869355 0.4496 500
1749105887714 0.4496 501
1749105904003 0.45 502
1749105923781 0.4504 503
1749105939971 0.4502 504
1749105956663 0.4498 505
1749105974973 0.4498 506
1749105992672 0.4498 507
1749106008885 0.45 508
1749106028568 0.4502 509
1749106047764 0.4496 510
1749106063732 0.4496 511
1749106083141 0.4504 512
1749106101048 0.4502 513
1749106120421 0.4506 514
1749106140920 0.4498 515
1749106157017 0.4502 516
1749106174922 0.4494 517
1749106192255 0.45 518
1749106210419 0.45 519
1749106227379 0.45 520
1749106244769 0.4508 521
1749106261437 0.4504 522
1749106278232 0.4504 523
1749106296255 0.45 524
1749106315232 0.4502 525
1749106333488 0.4496 526
1749106350542 0.4502 527
1749106366592 0.4498 528
1749106386371 0.45 529
1749106402972 0.45 530
1749106421270 0.4504 531
1749106438466 0.4502 532
1749106456417 0.4506 533
1749106474696 0.4498 534
1749106493916 0.45 535
1749106510655 0.4502 536
1749106527498 0.4502 537
1749106546300 0.4504 538
1749106563699 0.45 539
1749106580465 0.4502 540
1749106600093 0.45 541
1749106617387 0.4502 542
1749106635328 0.4502 543
1749106651345 0.4492 544
1749106668189 0.4502 545
1749106686127 0.4494 546
1749106705333 0.4498 547
1749106725429 0.4498 548
1749106747809 0.4502 549
1749106765298 0.4492 550
1749106781989 0.4488 551
1749106800713 0.4492 552
1749106819127 0.4496 553
1749106837641 0.449 554
1749106856014 0.4492 555
1749106874489 0.4498 556
1749106891136 0.4498 557
1749106910602 0.45 558
1749106930087 0.4498 559
1749106949769 0.4494 560
1749106968039 0.4498 561
1749106986181 0.4506 562
1749107004276 0.4506 563
1749107021799 0.4502 564
1749107038942 0.4506 565
1749107058310 0.4502 566
1749107077456 0.4502 567
1749107097728 0.4502 568
1749107117296 0.4504 569
1749107135968 0.4496 570
1749107153700 0.45 571
1749107173417 0.4506 572
1749107191723 0.45 573
1749107208204 0.4502 574
1749107226549 0.4506 575
1749107244318 0.4496 576
1749107261584 0.4494 577
1749107280621 0.4496 578
1749107297473 0.4498 579
1749107314894 0.4498 580
1749107333136 0.4504 581
1749107349288 0.4498 582
1749107366589 0.45 583
1749107383116 0.4502 584
1749107399848 0.4502 585
1749107418804 0.4488 586
1749107435786 0.4508 587
1749107455425 0.4498 588
1749107472971 0.4492 589
1749107488904 0.4502 590
1749107507021 0.4498 591
1749107524926 0.4494 592
1749107541131 0.4498 593
1749107557667 0.4496 594
1749107576347 0.4494 595
1749107593852 0.4494 596
1749107611902 0.4496 597
1749107629388 0.4494 598
1749107647985 0.4504 599
1749107665720 0.45 600
1749107685161 0.4498 601
1749107703180 0.4498 602
1749107721351 0.4502 603
1749107740374 0.4498 604
1749107758350 0.4506 605
1749107775659 0.4496 606
1749107793777 0.4496 607
1749107811299 0.45 608
1749107829564 0.4504 609
1749107845853 0.45 610
1749107864439 0.4498 611
1749107881360 0.4508 612
1749107899816 0.4502 613
1749107918067 0.4498 614
1749107934118 0.45 615
1749107952357 0.4502 616
1749107969453 0.4496 617
1749107990023 0.4498 618
1749108008670 0.4506 619
1749108024816 0.4496 620
1749108042445 0.4502 621
1749108061521 0.4502 622
1749108081450 0.45 623
1749108099337 0.45 624
1749108117682 0.45 625
1749108134810 0.4502 626
1749108151954 0.4504 627
1749108171504 0.4504 628
1749108191145 0.451 629
1749108208858 0.4506 630
1749108228256 0.4502 631
1749108244754 0.4502 632
1749108264644 0.4506 633
1749108284318 0.4506 634
1749108304758 0.4496 635
1749108321401 0.4498 636
1749108340794 0.4496 637
1749108357127 0.4492 638
1749108376966 0.45 639
1749108392969 0.4504 640
1749108411590 0.4494 641
1749108428038 0.45 642
1749108444549 0.4502 643
1749108461361 0.4506 644
1749108479052 0.45 645
1749108497387 0.45 646
1749108517130 0.4498 647
1749108533850 0.4496 648
1749108551882 0.4496 649
1749108570943 0.4496 650
1749108587878 0.4498 651
1749108605578 0.45 652
1749108625707 0.4498 653
1749108643622 0.4498 654
1749108662892 0.4504 655
1749108682013 0.4496 656
1749108699185 0.45 657
1749108720528 0.45 658
1749108736591 0.45 659
1749108755042 0.4494 660
1749108771651 0.4496 661
1749108788377 0.45 662
1749108805978 0.4494 663
1749108825855 0.45 664
1749108844036 0.4496 665
1749108862724 0.4498 666
1749108880629 0.4496 667
1749108899105 0.4498 668
1749108918250 0.4498 669
1749108937305 0.4506 670
1749108956122 0.4508 671
1749108974799 0.4502 672
1749108992232 0.4502 673
1749109009308 0.4502 674
1749109029791 0.449 675
1749109049400 0.4496 676
1749109068294 0.4492 677
1749109084682 0.4496 678
1749109101470 0.4502 679
1749109120729 0.4506 680
1749109138264 0.45 681
1749109156763 0.4504 682
1749109173998 0.4492 683
1749109190906 0.45 684
1749109207691 0.4498 685
1749109227450 0.4502 686
1749109245169 0.45 687
1749109265707 0.4496 688
1749109284387 0.4506 689
1749109303276 0.4496 690
1749109320973 0.449 691
1749109337872 0.4494 692
1749109357785 0.45 693
1749109374770 0.4496 694
1749109394370 0.4498 695
1749109413540 0.4498 696
1749109429929 0.4502 697
1749109447921 0.45 698
1749109466449 0.4502 699
1749109483358 0.4498 700
1749109500548 0.4492 701
1749109518397 0.45 702
1749109534847 0.4496 703
1749109555196 0.4496 704
1749109573804 0.4492 705
1749109595002 0.4496 706
1749109613719 0.4494 707
1749109631239 0.45 708
1749109647695 0.45 709
1749109665707 0.4506 710
1749109683218 0.4498 711
1749109702015 0.4502 712
1749109721324 0.45 713
1749109740953 0.45 714
1749109759422 0.4498 715
1749109776463 0.4498 716
1749109795972 0.4498 717
1749109814447 0.4496 718
1749109833730 0.45 719
1749109853886 0.45 720
1749109870915 0.4498 721
1749109887804 0.4494 722
1749109906765 0.4498 723
1749109924042 0.4494 724
1749109943297 0.45 725
1749109962161 0.4502 726
1749109980874 0.4498 727
1749109999479 0.4496 728
1749110016031 0.4492 729
1749110034856 0.4496 730
1749110052217 0.4498 731
1749110071398 0.45 732
1749110088042 0.4496 733
1749110107451 0.4504 734
1749110127271 0.4502 735
1749110143783 0.45 736
1749110162951 0.4502 737
1749110179518 0.4494 738
1749110198856 0.4504 739
1749110218133 0.4504 740
1749110236539 0.4496 741
1749110254089 0.45 742
1749110272161 0.4502 743
1749110290193 0.4498 744
1749110308911 0.4496 745
1749110329895 0.4502 746
1749110347237 0.4498 747
1749110364876 0.4504 748
1749110384810 0.4508 749
1749110401787 0.4502 750
1749110419731 0.4496 751
1749110437003 0.45 752
1749110456586 0.4494 753
1749110474920 0.45 754
1749110492853 0.4496 755
1749110509517 0.451 756
1749110526103 0.4498 757
1749110542819 0.4498 758
1749110564734 0.4498 759
1749110583191 0.4502 760
1749110603416 0.45 761
1749110621703 0.4502 762
1749110641924 0.4506 763
1749110659876 0.4494 764
1749110676191 0.45 765
1749110694159 0.451 766
1749110710630 0.451 767
1749110732310 0.4504 768
1749110751080 0.45 769
1749110768274 0.4506 770
1749110786862 0.4508 771
1749110806050 0.4506 772
1749110825638 0.4508 773
1749110846205 0.45 774
1749110863624 0.4502 775
1749110881033 0.4508 776
1749110901958 0.4506 777
1749110918319 0.4504 778
1749110936995 0.45 779
1749110955417 0.4504 780
1749110975656 0.45 781
1749110993318 0.4502 782
1749111012035 0.4494 783
1749111030583 0.4502 784
1749111048589 0.4506 785
1749111066632 0.4496 786
1749111085366 0.4498 787
1749111103393 0.4504 788
1749111120695 0.4496 789
1749111137762 0.4504 790
1749111154967 0.4498 791
1749111174177 0.4504 792
1749111191967 0.4502 793
1749111209232 0.45 794
1749111227329 0.4498 795
1749111245359 0.4494 796
1749111263144 0.4502 797
1749111283219 0.4496 798
1749111299497 0.4504 799
1749111316682 0.45 800
1749111337523 0.4498 801
1749111356782 0.4504 802
1749111374855 0.4498 803
1749111394110 0.4502 804
1749111412741 0.4498 805
1749111431843 0.4504 806
1749111451321 0.4502 807
1749111467575 0.4506 808
1749111486724 0.45 809
1749111507506 0.4502 810
1749111524947 0.4502 811
1749111543709 0.45 812
1749111561197 0.4504 813
1749111579297 0.45 814
1749111598081 0.449 815
1749111614954 0.4498 816
1749111634324 0.4494 817
1749111652618 0.4498 818
1749111670680 0.45 819
1749111687850 0.4502 820
1749111705019 0.45 821
1749111725335 0.4498 822
1749111742694 0.4502 823
1749111760780 0.4498 824
1749111779303 0.4502 825
1749111797190 0.45 826
1749111814177 0.4504 827
1749111831827 0.4508 828
1749111848913 0.4498 829
1749111866677 0.4498 830
1749111884055 0.4498 831
1749111901141 0.4502 832
1749111919770 0.4502 833
1749111939429 0.4496 834
1749111955665 0.4504 835
1749111972924 0.4502 836
1749111992506 0.4502 837
1749112011361 0.4492 838
1749112030198 0.45 839
1749112046855 0.4498 840
1749112063825 0.45 841
1749112085448 0.4502 842
1749112103861 0.451 843
1749112125093 0.4508 844
1749112144735 0.4508 845
1749112165575 0.4496 846
1749112182872 0.45 847
1749112199171 0.45 848
1749112215421 0.4496 849
1749112233344 0.45 850
1749112249428 0.4498 851
1749112266229 0.4498 852
1749112284260 0.4508 853
1749112301645 0.4494 854
1749112319193 0.45 855
1749112336808 0.4496 856
1749112356456 0.4508 857
1749112376363 0.451 858
1749112393615 0.4504 859
1749112409872 0.4504 860
1749112428853 0.45 861
1749112445688 0.4504 862
1749112466223 0.4492 863
1749112482136 0.45 864
1749112501970 0.4506 865
1749112518462 0.4498 866
1749112535204 0.4506 867
1749112554106 0.4502 868
1749112571617 0.4506 869
1749112590611 0.45 870
1749112608171 0.4498 871
1749112627546 0.4496 872
1749112644237 0.4508 873
1749112660214 0.45 874
1749112679418 0.4504 875
1749112699423 0.45 876
1749112717252 0.4506 877
1749112738438 0.4506 878
1749112759110 0.4502 879
1749112775797 0.4506 880
1749112793393 0.4508 881
1749112811425 0.4496 882
1749112827606 0.4504 883
1749112846967 0.45 884
1749112866108 0.4498 885
1749112884307 0.4504 886
1749112901739 0.4492 887
1749112920119 0.4502 888
1749112939706 0.4496 889
1749112957437 0.4504 890
1749112975414 0.4496 891
1749112993989 0.4494 892
1749113013004 0.4502 893
1749113031175 0.4504 894
1749113047700 0.45 895
1749113067305 0.4506 896
1749113084420 0.4506 897
1749113102074 0.4504 898
1749113121637 0.45 899
1749113138851 0.4504 900
1749113157627 0.4498 901
1749113176283 0.4504 902
1749113194234 0.4494 903
1749113211055 0.4504 904
1749113229280 0.4504 905
1749113245644 0.4508 906
1749113263640 0.4498 907
1749113282491 0.4496 908
1749113302973 0.4498 909
1749113321479 0.4504 910
1749113337698 0.4494 911
1749113354710 0.4506 912
1749113372181 0.4494 913
1749113391010 0.4504 914
1749113407627 0.4502 915
1749113426691 0.45 916
1749113442927 0.4504 917
1749113460075 0.4502 918
1749113478726 0.4498 919
1749113497861 0.4496 920
1749113515668 0.45 921
1749113535021 0.4496 922
1749113553894 0.4502 923
1749113571971 0.4502 924
1749113591981 0.4496 925
1749113609765 0.4504 926
1749113627270 0.4496 927
1749113644229 0.4502 928
1749113661744 0.4496 929
1749113678515 0.4502 930
1749113697477 0.4498 931
1749113715046 0.4498 932
1749113732194 0.45 933
1749113750825 0.4502 934
1749113768384 0.4496 935
1749113787475 0.4492 936
1749113803548 0.4502 937
1749113822176 0.4502 938
1749113841763 0.45 939
1749113859649 0.4494 940
1749113878657 0.45 941
1749113898305 0.4508 942
1749113917369 0.4492 943
1749113936133 0.4502 944
1749113956495 0.4502 945
1749113975648 0.4504 946
1749113993719 0.45 947
1749114013938 0.45 948
1749114032552 0.4496 949
1749114049600 0.4504 950
1749114068355 0.4498 951
1749114086339 0.4504 952
1749114104009 0.4508 953
1749114122219 0.4506 954
1749114138546 0.4504 955
1749114155036 0.4502 956
1749114174477 0.45 957
1749114191020 0.4506 958
1749114208381 0.4496 959
1749114227440 0.4504 960
1749114244088 0.4498 961
1749114261307 0.4506 962
1749114277710 0.451 963
1749114294545 0.45 964
1749114311903 0.4504 965
1749114328201 0.4508 966
1749114348709 0.45 967
1749114367181 0.4502 968
1749114387405 0.45 969
1749114404313 0.4498 970
1749114421247 0.4504 971
1749114440034 0.4504 972
1749114458274 0.4504 973
1749114478212 0.4506 974
1749114498900 0.45 975
1749114517559 0.4504 976
1749114537551 0.4502 977
1749114556927 0.45 978
1749114575484 0.4502 979
1749114595261 0.4506 980
1749114616452 0.4502 981
1749114636543 0.4498 982
1749114654868 0.4504 983
1749114671255 0.45 984
1749114688939 0.4504 985
1749114707078 0.45 986
1749114724838 0.4502 987
1749114743366 0.4498 988
1749114761493 0.4502 989
1749114779936 0.4494 990
1749114797049 0.4504 991
1749114813891 0.4494 992
1749114835524 0.4502 993
1749114851837 0.4502 994
1749114869552 0.4498 995
1749114888233 0.45 996
1749114906695 0.4498 997
1749114923977 0.4498 998
1749114940391 0.45 999
