1751838513925 -0.6038404703140259 0
1751840781991 -0.39364179968833923 1
1751843100449 -0.18814505636692047 2
1751845426740 -0.14292111992835999 3
1751847651604 -0.07970809936523438 4
1751849898209 -0.1347299963235855 5
1751852217010 -0.121830515563488 6
1751854534676 -0.12617237865924835 7
1751856782324 -0.05111125111579895 8
1751859015640 -0.07493217289447784 9
1751861380045 0.0029129565227776766 10
1751863728923 0.02527230978012085 11
1751866070366 -0.046565838158130646 12
1751868314235 -0.0919748842716217 13
1751870585769 -0.032036587595939636 14
1751872939477 0.00689486600458622 15
1751875291898 -0.04687394201755524 16
1751877582081 -0.0859561413526535 17
1751879829310 -0.026169249787926674 18
1751882091724 -0.018337460234761238 19
1751884439643 -0.006803335156291723 20
1751886790565 -0.02869032695889473 21
1751889141584 0.012953116558492184 22
1751891482991 -0.055891551077365875 23
1751893733426 -0.008015111088752747 24
1751896015969 -0.021802442148327827 25
1751898492099 -0.025485005229711533 26
1751900849236 -0.06335695087909698 27
1751903113555 -0.09833868592977524 28
1751905369561 0.00013273092918097973 29
1751907655460 -0.004616688471287489 30
