1751838513925 14.226502418518066 0
1751840781991 54.19636535644531 1
1751843100449 96.04485321044922 2
1751845426740 138.01397705078125 3
1751847651604 180.00936889648438 4
1751849898209 222.0053253173828 5
1751852217010 264.0024108886719 6
1751854534676 306.0041198730469 7
1751856782324 348.0016174316406 8
1751859015640 390.00225830078125 9
1751861380045 432.00128173828125 10
1751863728923 474.00146484375 11
1751866070366 516.0013427734375 12
1751868314235 558.0009155273438 13
1751870585769 600.0006713867188 14
1751872939477 642.0007934570312 15
1751875291898 684.0006103515625 16
1751877582081 726.00048828125 17
1751879829310 768.00048828125 18
1751882091724 810.00048828125 19
1751884439643 852.0006103515625 20
1751886790565 894.0003662109375 21
1751889141584 936.0004272460938 22
1751891482991 978.0004272460938 23
1751893733426 1020.0003662109375 24
1751896015969 1062.000244140625 25
1751898492099 1104.000244140625 26
1751900849236 1146.0001220703125 27
1751903113555 1188.0001220703125 28
1751905369561 1230.0001220703125 29
1751907655460 1272.0001220703125 30
