1751838695957 14.823566436767578 0
1751840967292 54.287113189697266 1
1751843292795 96.08414459228516 2
1751845612441 138.0277099609375 3
1751847833868 180.01597595214844 4
1751850083480 222.0069122314453 5
1751852402038 264.00469970703125 6
1751854728479 306.00390625 7
1751856964890 348.0024108886719 8
1751859198199 390.00177001953125 9
1751861567920 432.001220703125 10
1751863926803 474.0011901855469 11
1751866255879 516.0010986328125 12
1751868499144 558.0006713867188 13
1751870774345 600.0006713867188 14
1751873127587 642.0006103515625 15
1751875490094 684.00048828125 16
1751877767205 726.00048828125 17
1751880014245 768.00048828125 18
1751882280245 810.00048828125 19
1751884627603 852.0003662109375 20
1751886979862 894.0001831054688 21
1751889339728 936.00048828125 22
1751891668829 978.000244140625 23
1751893918750 1020.0003051757812 24
1751896204693 1062.0001220703125 25
1751898683598 1104.0001220703125 26
1751901047885 1146.0 27
1751903299823 1188.0 28
1751905554819 1230.0 29
1751907844366 1272.0 30
