1746676950488 0.6965852379798889 0
1746676967759 0.6918673515319824 19
1746676985021 0.6896817684173584 38
1746677026229 0.6867074966430664 40
1746677043198 0.6853440403938293 59
1746677060637 0.683939516544342 78
1746677100944 0.6805283427238464 80
1746677118602 0.6789392828941345 99
1746677136012 0.6772270202636719 118
1746677178587 0.6730672121047974 120
1746677196431 0.6710150241851807 139
1746677213940 0.6687723398208618 158
1746677255098 0.6632784008979797 160
1746677272639 0.6605948209762573 179
1746677290144 0.657339334487915 198
1746677331314 0.6494591236114502 200
1746677348916 0.6458842754364014 219
1746677366525 0.6420153975486755 238
1746677407869 0.6328741908073425 240
1746677425501 0.6285022497177124 259
1746677443158 0.6238334774971008 278
1746677484510 0.6130064725875854 280
1746677502164 0.6078030467033386 299
1746677519772 0.6023324728012085 318
1746677561260 0.5898992419242859 320
1746677578977 0.5838751196861267 339
1746677597006 0.5777552127838135 358
1746677638402 0.5637978315353394 360
1746677656109 0.5577480792999268 379
1746677674167 0.551222562789917 398
1746677715559 0.5363975763320923 400
1746677733261 0.530114471912384 419
1746677751269 0.5233426690101624 438
1746677792543 0.5095858573913574 440
1746677810353 0.5034826993942261 459
1746677828441 0.49699580669403076 478
1746677869921 0.4833323359489441 480
1746677887964 0.47726720571517944 499
1746677905778 0.47195693850517273 518
1746677947213 0.46215012669563293 520
1746677965290 0.4580402970314026 539
1746677983093 0.45738089084625244 558
1746678025046 0.45063865184783936 560
1746678042843 0.44529464840888977 579
1746678060675 0.441559374332428 598
1746678102484 0.4391860067844391 600
1746678120291 0.4347583055496216 619
1746678138095 0.4336446523666382 638
1746678179960 0.43340352177619934 640
1746678197815 0.42904961109161377 659
1746678215712 0.4282117784023285 678
1746678257646 0.42965829372406006 680
1746678275467 0.4253261983394623 699
1746678293293 0.42475593090057373 718
1746678335194 0.42673254013061523 720
1746678353071 0.422404944896698 739
1746678371258 0.42193904519081116 758
1746678412845 0.4244246482849121 760
1746678430637 0.4201049208641052 779
1746678448798 0.4196597635746002 798
1746678490296 0.421942800283432 800
1746678508095 0.41780000925064087 819
1746678526161 0.41759607195854187 838
1746678567564 0.42076146602630615 840
1746678585368 0.41644492745399475 859
1746678603450 0.4163427948951721 878
1746678644871 0.41958385705947876 880
1746678662989 0.4154461920261383 899
1746678680788 0.41518285870552063 918
1746678722324 0.4186055362224579 920
1746678740462 0.41442298889160156 939
1746678758324 0.4141319990158081 958
1746678800255 0.4178217649459839 960
1746678818111 0.41355380415916443 979
1746678836091 0.4129105806350708 998
1746678878309 0.4170151352882385 1000
1746678896325 0.41262519359588623 1019
1746678914331 0.4120546579360962 1038
1746678956552 0.41632190346717834 1040
1746678974556 0.4122752547264099 1059
1746678992517 0.4118931293487549 1078
1746679034762 0.41584813594818115 1080
1746679052740 0.41122114658355713 1099
1746679070672 0.4112170934677124 1118
