1747300950637 2.089151978492737 0
1747301003053 2.0891510248184204 19
1747301055030 2.0891512632369995 38
1747301180132 2.0874160528182983 40
1747301233467 2.0874154567718506 59
1747301286553 2.087415933609009 78
1747301409662 2.044528007507324 80
1747301462118 2.0445276498794556 99
1747301513545 2.04452645778656 118
1747301635977 2.009539008140564 120
1747301687411 2.0095385313034058 139
1747301739224 2.0095385313034058 158
1747301861728 1.989692747592926 160
1747301913437 1.9896923899650574 179
1747301965151 1.9896920323371887 198
1747302088041 1.9884124398231506 200
1747302140150 1.988411009311676 219
1747302192758 1.9884118437767029 238
1747302317599 1.9797778129577637 240
1747302370058 1.979778528213501 259
1747302422634 1.9797780513763428 278
1747302547496 1.9703603982925415 280
1747302600185 1.970361351966858 299
1747302652629 1.9703620076179504 318
1747302777801 1.9591865539550781 320
1747302830196 1.9591867327690125 339
1747302882731 1.9591864943504333 358
1747303006542 1.948188841342926 360
1747303058044 1.94818776845932 379
1747303110589 1.9481872916221619 398
1747303234720 1.9350318312644958 400
1747303286572 1.9350342750549316 419
1747303339034 1.9350342154502869 438
1747303463636 1.922408640384674 440
1747303516322 1.9224092960357666 459
1747303568667 1.9224094152450562 478
1747303692834 1.9109987020492554 480
1747303745151 1.9110015034675598 499
1747303797528 1.910997748374939 518
1747303922300 1.9065341353416443 520
1747303974530 1.9065343141555786 539
1747304026771 1.90653395652771 558
1747304150655 1.8994048237800598 560
1747304202605 1.8994050025939941 579
1747304255042 1.8994043469429016 598
