1747887807429 2.0798688151619653 0
1747888259355 2.081699393012307 1
1747888721198 2.0491197542710737 2
1747889187126 2.0294335972179067 3
1747889658469 2.028330672870983 4
1747890135173 2.0011347207156094 5
1747890617216 1.9942202893170444 6
1747891100526 1.9838415601036765 7
1747891590825 1.977991689335216 8
1747892082528 1.9662991978905418 9
1747892575762 1.9628838734193281 10
1747893067258 1.9510563828728416 11
1747893560399 1.9485710209066218 12
1747894064006 1.9356602105227383 13
1747894559549 1.9271012111143633 14
1747895087208 1.921271638436751 15
1747895752935 1.9155662926760586 16
1747896432050 1.9107081998478284 17
1747897114077 1.9060987775976008 18
1747897798457 1.9020995985377918 19
1747898476748 1.8978102423928 20
1747899154883 1.8938738866285845 21
1747899835712 1.8896487517790361 22
1747900518134 1.8841927485032515 23
1747901199821 1.8801568421450527 24
1747901884661 1.8763757835734973 25
1747902568430 1.8735658797350796 26
1747903250448 1.8693985722281716 27
1747903934558 1.86632840199904 28
1747904635442 1.8625216592441907 29
1747905316401 1.858655647798018 30
1747905998192 1.854927290569652 31
1747906683255 1.8508145050569014 32
1747907366711 1.8469221591949463 33
1747908056157 1.8442340330644087 34
1747908743268 1.8468647653406316 35
1747909426381 1.8419116952202537 36
1747910104969 1.839095863428983 37
1747910783466 1.8344879692251033 38
1747911458361 1.8330752090974287 39
1747912137117 1.830785404552113 40
1747912813764 1.8296936316923662 41
1747913489232 1.8247315341776067 42
1747914165703 1.8220353776758367 43
1747914845108 1.8161319927735762 44
1747915523686 1.8142316016283901 45
1747916218550 1.8094595887444236 46
1747916901923 1.8046159635890613 47
1747917583527 1.8005730672316118 48
1747918265564 1.796517090363936 49
1747918950240 1.7926943410526623 50
1747919634557 1.7888937429948286 51
1747920318790 1.7851148518649014 52
1747921017246 1.7812947034835815 53
1747921701600 1.7774697217074307 54
1747922390009 1.7735498384995894 55
1747923091774 1.7694765546105125 56
1747923773088 1.7653913389552722 57
1747924457062 1.7616437890312888 58
1747925140853 1.7582291798158125 59
1747925839621 1.7541284236040982 60
1747926547668 1.7501306317069314 61
1747927218606 1.746067231351679 62
1747927885721 1.7422751513394443 63
1747928551947 1.7390445037321611 64
1747929216707 1.7358894348144531 65
1747929882727 1.73253333568573 66
1747930546953 1.729210691018538 67
1747931212744 1.726220802827315 68
1747931875628 1.7233414108102971 69
1747932543500 1.7205378900874744 70
1747933225621 1.7177035266702825 71
1747933874849 1.7147294716401533 72
1747934494194 1.7118806513873013 73
1747935118261 1.7091077241030606 74
1747935744176 1.7064239653674038 75
1747936380988 1.7037522250955754 76
1747937013477 1.701371973211115 77
1747937644831 1.698530294678428 78
1747938293074 1.6960712237791582 79
1747938920012 1.6934949159622192 80
1747939541868 1.6909669746052136 81
1747940168941 1.6884918754751033 82
1747940792976 1.685903863473372 83
1747941418383 1.6832786798477173 84
1747942043759 1.681817423213612 85
1747942666233 1.681323159824718 86
1747943281534 1.679224675351923 87
1747943904966 1.6775803457606921 88
1747944529213 1.6758828163146973 89
1747945156748 1.6740690686485984 90
1747945800695 1.6721497990868308 91
1747946432719 1.6702109575271606 92
1747947058496 1.6681827090003274 93
1747947683980 1.666377381844954 94
1747948312046 1.6646644960750232 95
1747948942969 1.662271803075617 96
1747949583121 1.6595833409916272 97
1747950214082 1.6586305119774558 98
1747950833941 1.6557549021460793 99
1747951463488 1.6531177867542615 100
1747952093860 1.6520883386785334 101
1747952716295 1.6506510214372114 102
1747953344648 1.6475997512990779 103
1747953978306 1.6452418240633877 104
1747954597765 1.6450857357545332 105
1747955223638 1.6437732198021628 106
1747955858873 1.6378836306658657 107
1747956498101 1.6385377753864636 108
1747957137998 1.6347752159292048 109
1747957772868 1.6348331624811345 110
1747958400905 1.6306480927900835 111
1747959029635 1.6305093331770464 112
1747959649216 1.628345088525252 113
1747960269931 1.6270169669931585 114
1747960894593 1.628942142833363 115
1747961517376 1.6220633008263328 116
1747962137196 1.6200458461588079 117
1747962762355 1.6178338852795688 118
1747963391432 1.6158781918612393 119
1747964023575 1.6140581477772107 120
1747964645017 1.6123332977294922 121
1747965266528 1.610785961151123 122
1747965889492 1.6092429052699695 123
1747966520225 1.6077919439835981 124
1747967148428 1.6065201650966296 125
1747967778597 1.6052187247709795 126
1747968401483 1.6039220528169111 127
1747969018584 1.6026329777457498 128
1747969640758 1.6013745719736272 129
1747970261859 1.6002569848840886 130
1747970893537 1.5989887172525579 131
1747971516715 1.5978110161694614 132
1747972167351 1.5966297604820945 133
1747972820315 1.5954634276303379 134
1747973467998 1.5944310426712036 135
