1747887807429 0.001 0
1747888259355 0.001 1
1747888721198 0.001 2
1747889187126 0.001 3
1747889658469 0.001 4
1747890135173 0.001 5
1747890617216 0.001 6
1747891100526 0.001 7
1747891590825 0.001 8
1747892082528 0.001 9
1747892575762 0.001 10
1747893067258 0.0005 11
1747893560399 0.0005 12
1747894064006 0.0005 13
1747894559549 0.0005 14
1747895087208 0.0005 15
1747895752935 0.0005 16
1747896432050 0.0005 17
1747897114077 0.0005 18
1747897798457 0.0005 19
1747898476748 0.0005 20
1747899154883 0.0005 21
1747899835712 0.0005 22
1747900518134 0.0005 23
1747901199821 0.0005 24
1747901884661 0.0005 25
1747902568430 0.0005 26
1747903250448 0.0005 27
1747903934558 0.0005 28
1747904635442 0.0005 29
1747905316401 0.0005 30
1747905998192 0.0005 31
1747906683255 0.0005 32
1747907366711 0.0005 33
1747908056157 0.0005 34
1747908743268 0.0005 35
1747909426381 0.0005 36
1747910104969 0.0005 37
1747910783466 0.0005 38
1747911458361 0.0005 39
1747912137117 0.0005 40
1747912813764 0.0005 41
1747913489232 0.0005 42
1747914165703 0.0005 43
1747914845108 0.0005 44
1747915523686 0.0005 45
1747916218550 0.0005 46
1747916901923 0.0005 47
1747917583527 0.0005 48
1747918265564 0.0005 49
1747918950240 0.0005 50
1747919634557 0.0005 51
1747920318790 0.0005 52
1747921017246 0.0005 53
1747921701600 0.0005 54
1747922390009 0.0005 55
1747923091774 0.0005 56
1747923773088 0.0005 57
1747924457062 0.0005 58
1747925140853 0.0005 59
1747925839621 0.0005 60
1747926547668 0.0005 61
1747927218606 0.0005 62
1747927885721 0.0005 63
1747928551947 0.0005 64
1747929216707 0.0005 65
1747929882727 0.0005 66
1747930546953 0.0005 67
1747931212744 0.0005 68
1747931875628 0.0005 69
1747932543500 0.0005 70
1747933225621 0.0005 71
1747933874849 0.0005 72
1747934494194 0.0005 73
1747935118261 0.0005 74
1747935744176 0.0005 75
1747936380988 0.0005 76
1747937013477 0.0005 77
1747937644831 0.0005 78
1747938293074 0.0005 79
1747938920012 0.0005 80
1747939541868 0.0005 81
1747940168941 0.0005 82
1747940792976 0.0005 83
1747941418383 0.0005 84
1747942043759 0.0005 85
1747942666233 0.0005 86
1747943281534 0.0005 87
1747943904966 0.0005 88
1747944529213 0.0005 89
1747945156748 0.0005 90
1747945800695 0.0005 91
1747946432719 0.0005 92
1747947058496 0.0005 93
1747947683980 0.0005 94
1747948312046 0.0005 95
1747948942969 0.0005 96
1747949583121 0.0005 97
1747950214082 0.0005 98
1747950833941 0.0005 99
1747951463488 0.0005 100
1747952093860 0.0005 101
1747952716295 0.0005 102
1747953344648 0.0005 103
1747953978306 0.0005 104
1747954597765 0.0005 105
1747955223638 0.0005 106
1747955858873 0.0005 107
1747956498101 0.0005 108
1747957137998 0.0005 109
1747957772868 0.0005 110
1747958400905 0.0005 111
1747959029635 0.0005 112
1747959649216 0.0005 113
1747960269931 0.00025 114
1747960894593 0.00025 115
1747961517376 0.00025 116
1747962137196 0.00025 117
1747962762355 0.00025 118
1747963391432 0.00025 119
1747964023575 0.00025 120
1747964645017 0.00025 121
1747965266528 0.00025 122
1747965889492 0.00025 123
1747966520225 0.00025 124
1747967148428 0.00025 125
1747967778597 0.00025 126
1747968401483 0.00025 127
1747969018584 0.00025 128
1747969640758 0.00025 129
1747970261859 0.00025 130
1747970893537 0.00025 131
1747971516715 0.00025 132
1747972167351 0.00025 133
1747972820315 0.00025 134
1747973467998 0.00025 135
