1751838819643 0.6338059306144714 0
1751841222924 0.5986312627792358 1
1751843694041 0.6526028513908386 2
1751846175028 0.6279186010360718 3
1751848614828 0.6273972988128662 4
1751850991974 0.6339480876922607 5
1751853392759 0.6243279576301575 6
1751855865474 0.613273561000824 7
1751858347207 0.6402907371520996 8
1751860792161 0.6203228831291199 9
1751863213319 0.5956001877784729 10
1751865702330 0.682584822177887 11
1751868208944 0.6264194846153259 12
1751870722253 0.5956584811210632 13
1751873117523 0.5900734066963196 14
1751875520713 0.5867336392402649 15
1751877967173 0.5951166152954102 16
1751880474609 0.6075630784034729 17
1751882989042 0.5938432216644287 18
1751885415860 0.5845568776130676 19
1751887828174 0.5744433999061584 20
1751890253707 0.5738280415534973 21
1751892754191 0.5790557861328125 22
1751895266623 0.5786547660827637 23
1751897723661 0.5809674859046936 24
1751900246243 0.5802728533744812 25
1751902663962 0.5614477396011353 26
1751905167926 0.5636321306228638 27
1751907680984 0.5654924511909485 28
