1751226054352 1.8941215429116378 0
1751226112150 1.866129856556654 1
1751226170012 1.8487569313835015 2
1751226227897 1.8407372073693709 3
1751226285799 1.832620414143259 4
1751226343799 1.8226611644706943 5
1751226401647 1.8169513829052448 6
1751226459625 1.8084809363565661 7
1751226517582 1.8033068816770206 8
1751226575567 1.796764086931944 9
1751226633368 1.7893978177823804 10
1751226691257 1.7865619801662185 11
1751226749145 1.778644592247226 12
1751226807095 1.7753077095205134 13
1751226864751 1.7705539092421532 14
1751226922584 1.7625798992812634 15
1751226980368 1.7594387277283452 16
1751227038296 1.7550216665999456 17
1751227096207 1.7493464767255567 18
1751227154098 1.745126955888488 19
1751227211860 1.739774695851586 20
1751227269530 1.7331616566939787 21
1751227327245 1.729327317327261 22
1751227385152 1.724130729721351 23
1751227442873 1.719955602152781 24
1751227500792 1.7119375992227683 25
1751227558542 1.7092471986331723 26
1751227616235 1.7052264840088107 27
1751227674200 1.7001171731813387 28
1751227731960 1.693488016047261 29
1751227789664 1.6958423178981652 30
1751227847559 1.6877856227484616 31
1751227905370 1.684607062827457 32
1751227963285 1.6789493970572948 33
1751228021153 1.6747564206069165 34
1751228078946 1.6725548590448769 35
1751228136729 1.6671525355089793 36
1751228194592 1.6615745581009171 37
1751228252642 1.6580296165563844 38
1751228310384 1.6540997424586252 39
1751238391137 1.8542843234132638 40
1751238448972 1.7625092779370872 41
1751238506928 1.7398882122202353 42
1751238565025 1.7223939905789765 43
1751238622936 1.7103689255362207 44
1751238680865 1.6999722275544296 45
1751238738951 1.6916425136679953 46
1751238796999 1.6855984773825516 47
1751238854982 1.6742711995135655 48
1751238912913 1.666730385273695 49
1751238970828 1.6596516482532024 50
1751239028793 1.6499451293864034 51
1751239086704 1.6469636302102695 52
1751239144629 1.6405467946421017 53
1751239202639 1.6317366107620976 54
1751239260578 1.6239083900370381 55
1751239318535 1.6176891133866527 56
1751239376461 1.6177083941345864 57
1751239434459 1.6059296391904354 58
1751239492525 1.59971006993543 59
1751239550472 1.599096034060825 60
1751239608347 1.591294214129448 61
1751239666421 1.5843627175146884 62
1751239724292 1.5757916214113885 63
1751239782224 1.574481942098249 64
1751239840120 1.56768812476234 65
1751239898201 1.565597177567807 66
1751239956122 1.5589375939558854 67
1751240013962 1.5503729747777635 68
1751240071919 1.5448923825540326 69
1751240129903 1.5445362597026608 70
1751240187863 1.536278177391399 71
1751240245829 1.5304085371846503 72
1751240303957 1.5280162011357872 73
1751240361907 1.5278605761175805 74
1751240419705 1.5143842775035987 75
1751240477762 1.51402692056515 76
1751240535716 1.5097333612767132 77
1751240593667 1.5050039508125999 78
1751240651573 1.5023165548389608 79
1751250993235 1.8830577172338963 80
1751251051355 1.7657391608438708 81
1751251109164 1.7413921498439529 82
1751251167210 1.7253687612035058 83
1751251225292 1.7088344561105424 84
1751251283288 1.6973314403810285 85
1751251341408 1.6882706094871869 86
1751251399460 1.679556205868721 87
1751251457632 1.6720770407806744 88
1751251515688 1.6607502475380898 89
1751251573762 1.6554448892447082 90
1751251631883 1.6477633132175966 91
1751251690165 1.6386181488633156 92
1751251748201 1.6277460035952656 93
1751251806273 1.626324255358089 94
1751251864348 1.6162524653429335 95
1751251922403 1.6093556637113744 96
1751251980473 1.6032916094091805 97
1751252038454 1.6023215475407513 98
1751252096541 1.5928903198377653 99
1751252154588 1.5869781720367344 100
1751252212553 1.5837898538871245 101
1751252270524 1.574643906883218 102
1751252328612 1.5687173628671602 103
1751252386598 1.5611681525002827 104
1751252444568 1.555099749768322 105
1751252502666 1.5505240471525625 106
1751252560629 1.546731878749349 107
1751252618556 1.5408731218088756 108
1751252676798 1.5311600677669048 109
1751252734831 1.5303563374009999 110
1751252792860 1.5260874659500339 111
1751252850880 1.520667402581735 112
1751252908998 1.5162397728047587 113
1751252966889 1.5133823318914934 114
1751253024912 1.5042560710148378 115
1751253082809 1.5030408857220954 116
1751253140845 1.4979741210964592 117
1751253198656 1.4933179461143233 118
1751253256548 1.4875278479673646 119
1751263721120 1.9074732383543795 120
1751263779183 1.7732172340831973 121
1751263837385 1.745827759870074 122
1751263895542 1.7197952981699596 123
1751263953719 1.7083315249871125 124
1751264012088 1.6969520896673203 125
1751264070182 1.685867766765031 126
1751264128348 1.6775770261883736 127
1751264186612 1.6619774113324555 128
1751264244713 1.6562463309277187 129
1751264302969 1.6491355973888526 130
1751264361015 1.6447445194829593 131
1751264419232 1.6370756290853024 132
1751264477484 1.6234880066053434 133
1751264535610 1.619882345199585 134
1751264593793 1.6121939993040129 135
1751264651944 1.6066062203185125 136
1751264710275 1.5989513810385356 137
1751264768394 1.5907590548423203 138
1751264826637 1.5805775580758399 139
1751264884730 1.579292425716465 140
1751264942938 1.5737367011606693 141
1751265000999 1.5635040263560684 142
1751265059126 1.5633758242157372 143
1751265117113 1.5560553771528332 144
1751265175221 1.551555742255666 145
1751265233379 1.545562203634869 146
1751265291555 1.5348933891139247 147
1751265349531 1.5323651802133431 148
1751265407678 1.5269026725806973 149
1751265465794 1.5205568065020172 150
1751265523839 1.5202807309952648 151
1751265582055 1.515931188044223 152
1751265640337 1.5093366419049827 153
1751265698615 1.5065742036835714 154
1751265756853 1.5003937780857086 155
1751265814935 1.493828208270398 156
1751265873154 1.4901627366515724 157
1751265931397 1.4875602153214542 158
1751265989705 1.4782675782387906 159
1751276699779 1.9397255002774976 160
1751276758084 1.787621976977045 161
1751276816202 1.7539410821416161 162
1751276874394 1.7319158193739979 163
1751276932762 1.7138734585182234 164
1751276991078 1.7034167677841403 165
1751277049437 1.6917921033772556 166
1751277107778 1.678490137173371 167
1751277166058 1.673222890631719 168
1751277224556 1.6641886105591601 169
1751277282888 1.6529183865270831 170
1751277341198 1.6462408415973186 171
1751277399516 1.637988086112521 172
1751277458038 1.633181092413989 173
1751277516212 1.6238412562419067 174
1751277574592 1.6157357912849297 175
1751277632742 1.6120586195452646 176
1751277691030 1.6041337336328896 177
1751277749151 1.599884416569363 178
1751277807446 1.5874821702865036 179
1751277865740 1.5813228017227217 180
1751277923971 1.5761067203500054 181
1751277982319 1.5693306232040578 182
1751278040697 1.5663171813569285 183
1751278098816 1.5570078444751827 184
1751278157260 1.5502646135335618 185
1751278215594 1.5465480556542224 186
1751278273929 1.5427321706983177 187
1751278332270 1.5323072400960056 188
1751278390669 1.5270354185592045 189
1751278448978 1.5298174253918908 190
1751278507221 1.5155978731133721 191
1751278565279 1.5136185559359463 192
1751278623514 1.510111483999274 193
1751278681949 1.5001308145848187 194
1751278740291 1.5007858096875928 195
1751278798530 1.496969049288468 196
1751278856674 1.4928418519822033 197
1751278915081 1.485471455549652 198
1751278973365 1.4847039356827736 199
1751289682113 1.9567821171473374 200
1751289740620 1.7933108366348527 201
1751289798964 1.7551217289133505 202
1751289857488 1.732941623777151 203
1751289915853 1.7158852934160016 204
1751289974180 1.702373594045639 205
1751290032612 1.6888030344112352 206
1751290091191 1.6761917380446738 207
1751290149508 1.67089404436675 208
1751290207862 1.6582959565249356 209
1751290266472 1.6527654427019032 210
1751290324955 1.6451286246830767 211
1751290383496 1.6327174285596067 212
1751290441670 1.6278839287432758 213
1751290499986 1.6198255524716594 214
1751290558408 1.609428677030585 215
1751290617108 1.6009443703700195 216
1751290675576 1.5926543928005479 217
1751290733958 1.591976610435681 218
1751290792533 1.5826385156674818 219
1751290851056 1.5769086131318049 220
1751290909444 1.5681695670566775 221
1751290967872 1.561892712319439 222
1751291026114 1.5583350258794697 223
1751291084529 1.5527291094714946 224
1751291143091 1.5454205061224373 225
1751291201442 1.5441571900790387 226
1751291259861 1.5310115136883475 227
1751291318169 1.5290011025287888 228
1751291376629 1.521370698105205 229
1751291435077 1.5172229300845752 230
1751291493437 1.507662176408551 231
1751291551915 1.5121868178248405 232
1751291610272 1.5053070712495933 233
1751291668616 1.4984570707787166 234
1751291726958 1.4930122125555167 235
1751291785371 1.4878960986706344 236
1751291843790 1.4827838682315566 237
1751291902244 1.4783846072175286 238
1751291960543 1.476182172582908 239
1751302473766 1.9816274764862927 240
1751302532090 1.8057886297729882 241
1751302590603 1.7661051099950618 242
1751302649035 1.737315754998814 243
1751302707545 1.7192840792916038 244
1751302766222 1.7045510611073538 245
1751302824860 1.688875344327905 246
1751302883364 1.6832588389515877 247
1751302941684 1.6716194630346515 248
1751303000374 1.6634638583795591 249
1751303058790 1.6568970433013006 250
1751303117323 1.6453626443716614 251
1751303175822 1.6385518976233222 252
1751303234361 1.6292632852088322 253
1751303292746 1.620889168571342 254
1751303351328 1.614588434045965 255
1751303409781 1.6080315631221642 256
1751303467982 1.5978008112446829 257
1751303526484 1.5911215591159733 258
1751303584960 1.5861036208542911 259
1751303643354 1.5829733467914842 260
1751303701602 1.574812176214023 261
1751303760050 1.5652727112174034 262
1751303818690 1.5579161711714484 263
1751303877101 1.5541943166066299 264
1751303935602 1.550617358901284 265
1751303994093 1.540561675348065 266
1751304052456 1.5348480232059956 267
1751304110880 1.531469251960516 268
1751304169425 1.5259260674091903 269
1751304227873 1.5159807283092628 270
1751304286271 1.517775428227403 271
1751304344738 1.5107284638692031 272
1751304403337 1.5001804699951953 273
1751304461799 1.4983786005865445 274
1751304520142 1.492411240596663 275
1751304578540 1.486660506237637 276
1751304637074 1.4822509485212239 277
1751304695597 1.4753303202715786 278
1751304754038 1.4706661914559929 279
1751315443221 2.0506803874265063 280
1751315501658 1.832737429236824 281
1751315560291 1.7887743023986167 282
1751315619080 1.760414901443503 283
1751315677791 1.738976678726348 284
1751315736346 1.7220555459233848 285
1751315794702 1.7090129872614688 286
1751315853311 1.6961699520999736 287
1751315912255 1.6868728727779605 288
1751315970874 1.6737254878336734 289
1751316029278 1.666999162259427 290
1751316087947 1.6612171486697414 291
1751316146355 1.650743348354643 292
1751316204747 1.643240125003186 293
1751316263404 1.6320940479636192 294
1751316321981 1.6304547082294116 295
1751316380489 1.624957473101941 296
1751316438762 1.6162918331948193 297
1751316497160 1.611120843751864 298
1751316555626 1.6043370081619783 299
1751316613955 1.597149694846435 300
1751316672360 1.592058275910941 301
1751316731006 1.5843776847151192 302
1751316789530 1.58287069641731 303
1751316848071 1.5790397934615612 304
1751316906657 1.5707637396725742 305
1751316965310 1.5661543882028623 306
1751317023895 1.5613090514459393 307
1751317082414 1.5607069385322658 308
1751317140851 1.5547175437889316 309
1751317199399 1.548552639443766 310
1751317258103 1.5409914292395115 311
1751317316522 1.5371421091258526 312
1751317374988 1.5380447324026714 313
1751317433665 1.5291915691711686 314
1751317492085 1.5268674299798228 315
1751317550671 1.520433994518085 316
1751317609124 1.5156672078777442 317
1751317667517 1.5146666504442692 318
1751317726110 1.506792507388375 319
1751328467201 2.102117684077133 320
1751328525858 1.8497682030905376 321
1751328584579 1.7985395795919679 322
1751328643253 1.7703509909862822 323
1751328701930 1.7464712817560544 324
1751328760701 1.7284235476770184 325
1751328819317 1.71435727246783 326
1751328878235 1.7007900466295807 327
1751328936724 1.6892011006447403 328
1751328995479 1.679712332446467 329
1751329054232 1.671293953941627 330
1751329112768 1.6622805517505517 331
1751329171409 1.6514770869504323 332
1751329230184 1.644697830080986 333
1751329288712 1.641945374960249 334
1751329347276 1.634605492719195 335
1751329406067 1.6262516237118028 336
1751329464479 1.6187605488706718 337
1751329523086 1.6137601729821076 338
1751329581653 1.6071256392381408 339
1751329640185 1.599337138235569 340
1751329698847 1.5978583933954889 341
1751329757325 1.592462646690282 342
1751329816034 1.5851367542689496 343
1751329874644 1.5789887590164489 344
1751329933162 1.572594382207502 345
1751329991612 1.5675759037787265 346
1751330050169 1.5620980421927841 347
1751330108919 1.5630651217969982 348
1751330167486 1.5553066896444017 349
1751330226030 1.5519762885841457 350
1751330284638 1.5454354174435139 351
1751330343092 1.5399246490137144 352
1751330401595 1.5343763096766039 353
1751330460079 1.5313685468652032 354
1751330518516 1.5304825603961945 355
1751330577276 1.518038335171613 356
1751330635812 1.520769232714718 357
1751330694468 1.5137704035097903 358
1751330753020 1.5122184262356975 359
1751341592482 2.129119116135619 360
1751341651184 1.863287225026976 361
1751341709762 1.8101702017540282 362
1751341768527 1.7801759324290536 363
1751341827250 1.7568444985557685 364
1751341885703 1.7409693815491416 365
1751341944522 1.7215415337546305 366
1751342003369 1.7056654295460745 367
1751342061901 1.696813931519335 368
1751342120665 1.686104728755626 369
1751342179052 1.673960543152961 370
1751342237713 1.6658219329335473 371
1751342296413 1.6604618453844027 372
1751342355137 1.6522549434819005 373
1751342413821 1.6470038630068302 374
1751342472581 1.6374563280154357 375
1751342531310 1.6293242055584083 376
1751342590140 1.621026174588637 377
1751342648731 1.617994541132992 378
1751342707285 1.609099525619637 379
1751342766104 1.6056497056375851 380
1751342824704 1.5998519730161538 381
1751342883229 1.5941017134623094 382
1751342941830 1.586900544776158 383
1751343000501 1.5835410437800668 384
1751343059206 1.5788005204363302 385
1751343117797 1.5699172212996266 386
1751343176422 1.5661807276985862 387
1751343235067 1.561399937353351 388
1751343293749 1.559480058537288 389
1751343352253 1.5559716004539619 390
1751343411016 1.5518085763535716 391
1751343469529 1.5447777780619534 392
1751343527904 1.5401659773832017 393
1751343586544 1.5363813418556342 394
1751343645045 1.5318914418193428 395
1751343703717 1.5228689340027897 396
1751343762428 1.5214515910907225 397
1751343821084 1.517164990983226 398
1751343879632 1.5168340693820606 399
1751354764767 2.150685878301209 400
1751354823507 1.8740468743172558 401
1751354882417 1.8211276968094436 402
1751354941103 1.7895420613613995 403
1751354999789 1.7633776471696117 404
1751355058776 1.7466201379217885 405
1751355117587 1.7288198833438484 406
1751355176580 1.7187120409851724 407
1751355235570 1.7044923403723673 408
1751355294565 1.6948623220351609 409
1751355353352 1.684397927062078 410
1751355412349 1.6706623302941972 411
1751355471315 1.6663191931491548 412
1751355530238 1.6575034467334098 413
1751355589154 1.6491407650438221 414
1751355648065 1.6407062357122248 415
1751355707050 1.6325296932323412 416
1751355766038 1.6247514493086122 417
1751355824843 1.6189244447106665 418
1751355883912 1.615344867787578 419
1751355942538 1.607012111354958 420
1751356001438 1.605688965794715 421
1751356060469 1.5961294008249587 422
1751356119246 1.5881887684491547 423
1751356178115 1.5876198851249435 424
1751356236880 1.5796168805523352 425
1751356296053 1.5744419124993412 426
1751356354899 1.5709118937904185 427
1751356413892 1.565704490312121 428
1751356472984 1.5612643002109095 429
1751356531858 1.5547790977765212 430
1751356590647 1.5505604615265673 431
1751356649747 1.5473545481535522 432
1751356708843 1.5409163798798213 433
1751356767762 1.5399204682220111 434
1751356826639 1.5340224480764433 435
1751356885470 1.5245537564835765 436
1751356944239 1.5266788049855016 437
1751357002962 1.5223517475480384 438
1751357061775 1.5160658528858966 439
1751367859765 2.1649268215352837 440
1751367918825 1.8821811228990555 441
1751367977965 1.8308535245331852 442
1751368036903 1.7948438284749335 443
1751368095611 1.7702625925568016 444
1751368154558 1.7526104829528115 445
1751368213542 1.7382800870321014 446
1751368272351 1.7194843153384598 447
1751368331275 1.708823587745428 448
1751368390367 1.6950739500197498 449
1751368449417 1.686171474104578 450
1751368508342 1.6760276346044107 451
1751368566994 1.667466225610538 452
1751368625857 1.6569707454605536 453
1751368684774 1.6502019871364941 454
1751368743682 1.6421725096350366 455
1751368802648 1.6352821476757526 456
1751368861363 1.6282100501385601 457
1751368920643 1.620481952008876 458
1751368979858 1.6208399774676019 459
1751369038847 1.6113517054102637 460
1751369097656 1.6045985265888951 461
1751369156475 1.6001088886775754 462
1751369215361 1.5939801105044105 463
1751369274273 1.5896753987128085 464
1751369333101 1.586179937490008 465
1751369392060 1.5784767960960215 466
1751369451063 1.5736844695427201 467
1751369510008 1.5669515315781941 468
1751369569104 1.5625265135683797 469
1751369627948 1.5566907562315464 470
1751369686798 1.5489237850362605 471
1751369745807 1.5508501969955184 472
1751369804832 1.5456775237213483 473
1751369863831 1.5434743027118119 474
1751369922700 1.5368998243727467 475
1751369981698 1.5341606532985514 476
1751370040806 1.5283103006129914 477
1751370099717 1.52393371171572 478
1751370158763 1.5166318839923902 479
1751381020340 2.194392506033182 480
1751381079565 1.8908106058158658 481
1751381138624 1.8372143628922375 482
1751381197532 1.8017253554002806 483
1751381256457 1.7774193432520737 484
1751381315356 1.7578657614913853 485
1751381374211 1.7431675171987577 486
1751381433257 1.7285161743109876 487
1751381492146 1.7116770283742384 488
1751381550967 1.7040208100595258 489
1751381609970 1.6913734728639775 490
1751381668624 1.6808597997508266 491
1751381727537 1.672945755787871 492
1751381786537 1.663881978528066 493
1751381845526 1.653425109996037 494
1751381904583 1.6489734934134916 495
1751381963426 1.6424313495782288 496
1751382022411 1.6343850669535724 497
1751382081237 1.629731668328697 498
1751382140123 1.6234319701113484 499
1751382199079 1.6110855713486671 500
1751382257873 1.6085192269899629 501
1751382316920 1.6030630289830945 502
1751382375817 1.5990511869842357 503
1751382434670 1.5895732018080624 504
1751382493512 1.5880471339279956 505
1751382552271 1.5806852900846438 506
1751382611072 1.5745683830570092 507
1751382669910 1.5690337720919738 508
1751382728733 1.5672817971896043 509
1751382787519 1.5634239095855842 510
1751382846580 1.5581907640126618 511
1751382905430 1.5512323054400357 512
1751382964191 1.5463037687269123 513
1751383023204 1.544071308591149 514
1751383082301 1.534669135443189 515
1751383141338 1.533317800272595 516
1751383200347 1.531746039336378 517
1751383259354 1.5267193859273738 518
1751383318376 1.5247140486132016 519
