1751228432545 1.866772552782839 0
1751228490229 1.8242650540037588 1
1751228548238 1.8071796812794425 2
1751228606023 1.793968146497553 3
1751228663748 1.7798920101062818 4
1751228721640 1.7745423750443892 5
1751228779418 1.7627628828314217 6
1751228837457 1.754602644253861 7
1751228895234 1.7472864230248062 8
1751228953163 1.7379326163367792 9
1751229010969 1.7326575761491603 10
1751229068890 1.7241378802467475 11
1751229127160 1.7196578115902164 12
1751229184908 1.711904581974853 13
1751229242822 1.7065715413879265 14
1751229300710 1.702080469239842 15
1751229358306 1.6954811764034359 16
1751229416696 1.6861395202577114 17
1751229475363 1.6816994117742234 18
1751229533423 1.6763455207374962 19
1751229591476 1.6685048941184173 20
1751229649565 1.6618452404033055 21
1751229707661 1.6581958735531026 22
1751229765922 1.653048323975368 23
1751229824019 1.6478543071584268 24
1751229882405 1.6450733427296986 25
1751229940585 1.6383475637571379 26
1751229998724 1.634240530092608 27
1751230056807 1.6310951347378166 28
1751230114796 1.6181796853515236 29
1751230172832 1.6156737635081464 30
1751230230733 1.609154941344803 31
1751230288980 1.6056290952996775 32
1751230347236 1.6022224822504954 33
1751230405507 1.5963349108668892 34
1751230463456 1.5923012633892624 35
1751230521760 1.5861166702075438 36
1751230579865 1.5804257044060663 37
1751230637932 1.5818304890258745 38
1751230696195 1.5724945847283711 39
1751240879077 1.7026790051975034 40
1751240936848 1.6093848862431266 41
1751240994900 1.588784089142626 42
1751241052751 1.5815002914856782 43
1751241110852 1.5688295808028092 44
1751241168841 1.565299864858389 45
1751241226615 1.5538041679696604 46
1751241284504 1.5468865456906231 47
1751241342490 1.5433910045434127 48
1751241400619 1.5385462513024157 49
1751241458461 1.5304132835431532 50
1751241516431 1.5271068510006776 51
1751241574435 1.523218998177485 52
1751241632420 1.518619210205295 53
1751241690529 1.5122787430882454 54
1751241748529 1.5064876167611643 55
1751241806418 1.5074306221848184 56
1751241864358 1.500913824547421 57
1751241922369 1.4972064705057577 58
1751241980371 1.4923850284381346 59
1751242038304 1.4919624569063836 60
1751242096162 1.4866945062848655 61
1751242154278 1.4835799742828717 62
1751242212327 1.4784324704246088 63
1751242270393 1.4713538861410185 64
1751242328176 1.4684174870225517 65
1751242386167 1.468360942534425 66
1751242444008 1.4651090543378482 67
1751242501943 1.4595836512744427 68
1751242560005 1.4529948881403967 69
1751242617881 1.448235284537077 70
1751242675748 1.4451635466380552 71
1751242733856 1.4425809593363241 72
1751242792056 1.4403400119732728 73
1751242850240 1.4386291195723144 74
1751242908327 1.4325720112432132 75
1751242966220 1.4280273721299388 76
1751243024721 1.4238718568601392 77
1751243082613 1.4197370745241642 78
1751243140562 1.4189616092904047 79
1751253484422 1.7481847131116823 80
1751253542472 1.634431611069224 81
1751253600483 1.606342019343918 82
1751253658546 1.5846909514882348 83
1751253716770 1.5763745863329282 84
1751253774912 1.566102278164842 85
1751253833010 1.5599468302997677 86
1751253891075 1.5512061762538822 87
1751253949056 1.5386923697184434 88
1751254006963 1.537224236198447 89
1751254064896 1.53329263119535 90
1751254122769 1.5251284749670462 91
1751254180678 1.516915705393661 92
1751254238581 1.5098528157580982 93
1751254296547 1.5079644857482477 94
1751254354731 1.500974427908659 95
1751254412842 1.5006148764355616 96
1751254470956 1.4928754720498214 97
1751254528878 1.493013931946321 98
1751254586930 1.4864788590507074 99
1751254645051 1.482859518378973 100
1751254702962 1.4705951010639018 101
1751254760866 1.4671267027204686 102
1751254818943 1.4700086076151242 103
1751254876929 1.4630448838526553 104
1751254934960 1.4607084522193128 105
1751254992958 1.4547492076050152 106
1751255050830 1.453133803199638 107
1751255108718 1.4448821984908797 108
1751255166805 1.445314660668373 109
1751255224940 1.4400222511454062 110
1751255282618 1.435684109614654 111
1751255340505 1.430348340421915 112
1751255398265 1.429801459339532 113
1751255456365 1.4270918149162422 114
1751255514186 1.4221023199233143 115
1751255572091 1.415370145981962 116
1751255629927 1.4123961254954338 117
1751255687746 1.413651935078881 118
1751255745761 1.406557508828965 119
1751266303070 1.7993457561189479 120
1751266361199 1.662513036958196 121
1751266419240 1.6210107952356339 122
1751266477282 1.6001390977339311 123
1751266535406 1.5823797146705063 124
1751266593567 1.5722434358163313 125
1751266651691 1.5607907741584561 126
1751266709857 1.55155842311003 127
1751266767920 1.540908353572542 128
1751266825922 1.534888358278708 129
1751266884141 1.5260752984745936 130
1751266942184 1.5220253376120871 131
1751267000358 1.5144005590541796 132
1751267058464 1.5098099759356542 133
1751267116632 1.5082574486732483 134
1751267174886 1.4982013654979793 135
1751267233155 1.4955370090901852 136
1751267291453 1.4896087788722732 137
1751267349588 1.4810875362970612 138
1751267407518 1.479129876264117 139
1751267465714 1.4750268797982822 140
1751267523936 1.4737960015508262 141
1751267582160 1.4662160555070096 142
1751267640227 1.4583723819391294 143
1751267698327 1.4513634964823723 144
1751267756375 1.4550342746078968 145
1751267814626 1.4499239091846077 146
1751267872756 1.4379589957269756 147
1751267930882 1.434755983000452 148
1751267988895 1.4371339550072497 149
1751268047147 1.428699510341341 150
1751268105268 1.429345813664523 151
1751268163334 1.4199795055795799 152
1751268221607 1.4181002212518996 153
1751268279997 1.4122856774113395 154
1751268337963 1.4089433195238763 155
1751268395968 1.3996463035317985 156
1751268453789 1.404976131225174 157
1751268512001 1.4000786241482606 158
1751268570246 1.394062766297297 159
1751279202687 1.8417599817568606 160
1751279260831 1.6839920783584768 161
1751279319145 1.6458662453700195 162
1751279377340 1.6215465542944996 163
1751279435433 1.6040241074833004 164
1751279493623 1.589669213376262 165
1751279551772 1.5756805464625359 166
1751279609998 1.565640469843691 167
1751279668294 1.5575683706186034 168
1751279726469 1.5458373302085833 169
1751279784677 1.5393434275280347 170
1751279842914 1.5337802554396065 171
1751279901233 1.5256251205097546 172
1751279959540 1.5183754106136886 173
1751280017894 1.5130287639119409 174
1751280076150 1.5052255249836228 175
1751280134474 1.4967170371250673 176
1751280192779 1.495350737802007 177
1751280251049 1.4933270896700295 178
1751280309396 1.483138152144172 179
1751280367736 1.481978339227763 180
1751280426064 1.4712360934777693 181
1751280484236 1.4668987224047834 182
1751280542349 1.4650001200762661 183
1751280600642 1.462053233249621 184
1751280658734 1.4529815478758379 185
1751280717029 1.4457576454363086 186
1751280775373 1.4455782842229714 187
1751280833618 1.4395118789239363 188
1751280891839 1.4404724727977405 189
1751280950120 1.4310467056930065 190
1751281008192 1.4237646582451733 191
1751281066281 1.4222080809148876 192
1751281124671 1.4181939830834216 193
1751281183042 1.4116712541065433 194
1751281241439 1.4143311631950466 195
1751281299772 1.4104839559983124 196
1751281358022 1.403390301222151 197
1751281416336 1.4047663868828253 198
1751281474582 1.3952551738105037 199
1751292232645 1.8857973129911856 200
1751292290939 1.7116400064392523 201
1751292349501 1.6685179963030599 202
1751292407941 1.641436173834584 203
1751292466440 1.6198210946538232 204
1751292524888 1.6099415140395814 205
1751292583291 1.596137449145317 206
1751292641629 1.5787102004343814 207
1751292700109 1.5711028426885605 208
1751292758546 1.5628230121325364 209
1751292816849 1.5506555041806265 210
1751292875243 1.5455913540314545 211
1751292933568 1.5377394397827713 212
1751292992092 1.5298692133616318 213
1751293050412 1.5216915173964067 214
1751293108976 1.5170485560189595 215
1751293167339 1.5077718066220933 216
1751293225571 1.5057546516711062 217
1751293283734 1.4939076504246755 218
1751293342005 1.4901656477966092 219
1751293400358 1.4869167025793681 220
1751293458782 1.4788461822000416 221
1751293517139 1.472026930952614 222
1751293575445 1.465121417221698 223
1751293633879 1.4589163068343292 224
1751293692441 1.4511960778724065 225
1751293750885 1.4521038342605939 226
1751293809131 1.4504246484826913 227
1751293867425 1.4434103193608196 228
1751293925713 1.4388960207050496 229
1751293984030 1.4311708296564492 230
1751294042337 1.4308686005798252 231
1751294100736 1.4279506809332154 232
1751294159076 1.4198440916158936 233
1751294217254 1.419373757121238 234
1751294275635 1.414133295416832 235
1751294333934 1.407873812046918 236
1751294392128 1.405385845425454 237
1751294450465 1.398432116616856 238
1751294508784 1.3942324803634123 239
1751305047320 1.8921634632755409 240
1751305105582 1.7205592749471015 241
1751305163942 1.6748822707344184 242
1751305222535 1.6499259167096831 243
1751305281182 1.6284909417683429 244
1751305339595 1.6114653565666892 245
1751305398229 1.5962509167465297 246
1751305456575 1.586267982355573 247
1751305515093 1.5754455917260863 248
1751305573564 1.565626672045751 249
1751305631915 1.5594348280944608 250
1751305690262 1.547898024997928 251
1751305748768 1.5382345102050088 252
1751305807108 1.5314672738313675 253
1751305865498 1.5304253219880841 254
1751305924039 1.5185904306444256 255
1751305982449 1.513522963293574 256
1751306040901 1.5036816884848205 257
1751306099156 1.5007139335979114 258
1751306157412 1.494200306182558 259
1751306215864 1.4913760068064386 260
1751306274205 1.4822975393723359 261
1751306332832 1.473484762690284 262
1751306391273 1.474253612485799 263
1751306449724 1.4634842628782445 264
1751306508029 1.4625876874408938 265
1751306566306 1.4545516954226927 266
1751306624870 1.4446629570289091 267
1751306683152 1.452226378362287 268
1751306741407 1.4421897235919128 269
1751306800005 1.4345171265304089 270
1751306858577 1.4372073239223524 271
1751306917015 1.4325711852447554 272
1751306975413 1.4224054823544892 273
1751307033900 1.415653658522801 274
1751307092258 1.4154829288070852 275
1751307150587 1.4130011881616982 276
1751307208865 1.405641994015737 277
1751307267397 1.4047217758541757 278
1751307325686 1.3991209542886778 279
1751317977682 1.9717729420147159 280
1751318036171 1.7541111575608903 281
1751318094821 1.7091933681883595 282
1751318153344 1.6799504140561277 283
1751318211845 1.657957586036487 284
1751318270260 1.6403831419619648 285
1751318329020 1.6239142045378685 286
1751318387634 1.6090032343160023 287
1751318446318 1.6002213514663957 288
1751318504791 1.5864441581070423 289
1751318563208 1.5760786089707504 290
1751318621633 1.569488401101394 291
1751318680157 1.5571835423735054 292
1751318738770 1.5502391074868767 293
1751318797502 1.5429102937606247 294
1751318856048 1.5344475643201307 295
1751318914441 1.5291285142302513 296
1751318973112 1.5174522498114542 297
1751319031677 1.516053130003539 298
1751319090026 1.5100617683069273 299
1751319148440 1.5042549876326865 300
1751319206909 1.497133690525185 301
1751319265344 1.4939656179736962 302
1751319323752 1.487905619496649 303
1751319382359 1.4834863851693543 304
1751319440807 1.475081536241553 305
1751319499234 1.473448632792993 306
1751319557830 1.468049169941382 307
1751319616279 1.4605257267301732 308
1751319674708 1.457238507880406 309
1751319733127 1.4526956514878706 310
1751319791591 1.449681387028911 311
1751319849923 1.4419920234517618 312
1751319908575 1.443112614479932 313
1751319966934 1.435729714279825 314
1751320025339 1.4340392330830747 315
1751320083693 1.427306205034256 316
1751320141989 1.4271989234469153 317
1751320200442 1.4189389591867274 318
1751320258819 1.417091445828026 319
1751331069635 2.030063737522472 320
1751331128245 1.775278464975682 321
1751331186804 1.727616959674792 322
1751331245146 1.6937061483887108 323
1751331303670 1.673048246651888 324
1751331362168 1.6502495201473886 325
1751331420898 1.6331051005558535 326
1751331479418 1.6160647564313628 327
1751331538128 1.6046466187319972 328
1751331596743 1.5956884507428517 329
1751331655081 1.5851104215464809 330
1751331713613 1.5747890814461492 331
1751331772140 1.5651325231248683 332
1751331830670 1.5575854493813082 333
1751331889237 1.5482899692248215 334
1751331947897 1.5390602553432637 335
1751332006413 1.5373136279257862 336
1751332065091 1.5247310057959773 337
1751332123839 1.5216858972879974 338
1751332182334 1.5141291554001244 339
1751332241031 1.5093119300224564 340
1751332299499 1.500166013498198 341
1751332358068 1.4973516674204306 342
1751332416567 1.4897957119074734 343
1751332475215 1.485179159112952 344
1751332533841 1.484638473526998 345
1751332592192 1.479169869964773 346
1751332650573 1.4790969267487526 347
1751332709095 1.4640217907726765 348
1751332767656 1.4687891792167316 349
1751332826499 1.4540826190601697 350
1751332885119 1.454507983882319 351
1751332943459 1.4463885741477662 352
1751333002068 1.446441774679856 353
1751333060683 1.438776029443199 354
1751333119059 1.4377314116467128 355
1751333177607 1.4309684112668037 356
1751333236149 1.429953723129901 357
1751333294785 1.4197372763671658 358
1751333353262 1.4194394546476277 359
1751344196944 2.063213986767964 360
1751344255537 1.7974954907867042 361
1751344314094 1.7402919046580791 362
1751344372757 1.7066582217812538 363
1751344431365 1.6829606680707498 364
1751344490026 1.6582793393595652 365
1751344548633 1.644471007653258 366
1751344607408 1.6298751519484953 367
1751344666032 1.6142130111428825 368
1751344724656 1.607254494997588 369
1751344783252 1.5911672172898597 370
1751344841966 1.5825887708501383 371
1751344900631 1.5789852992377498 372
1751344959261 1.5722043466838924 373
1751345017953 1.5591635182499886 374
1751345076461 1.554135351018472 375
1751345135001 1.5443960441784426 376
1751345193679 1.5351796512576668 377
1751345252329 1.531045944175937 378
1751345311008 1.5235303653912111 379
1751345369746 1.519601371139288 380
1751345428265 1.51297966864976 381
1751345486752 1.5045729503035545 382
1751345545405 1.501915679397908 383
1751345604119 1.4949838986450976 384
1751345662697 1.4848120652816512 385
1751345721281 1.483230530877005 386
1751345779833 1.481039499355988 387
1751345838334 1.4777553680945525 388
1751345896940 1.4727124612439761 389
1751345955529 1.4662336398932068 390
1751346014194 1.4611824889751999 391
1751346072785 1.453055928376588 392
1751346131246 1.4507922086526046 393
1751346189904 1.4461744031445547 394
1751346248424 1.4407655271616848 395
1751346307200 1.4386834759603848 396
1751346365787 1.4362170323729515 397
1751346424380 1.4289400506425987 398
1751346482881 1.4288592169230634 399
1751357380224 2.089727460660718 400
1751357439183 1.8112955702976747 401
1751357497927 1.7574170309711585 402
1751357556762 1.7216224711049686 403
1751357615616 1.694335450841622 404
1751357674477 1.6671841601756485 405
1751357733412 1.6514898132194171 406
1751357792202 1.637859974395145 407
1751357850994 1.6228298602456397 408
1751357909947 1.611869312484156 409
1751357968693 1.6012981110675768 410
1751358027510 1.5890428667718715 411
1751358086250 1.5825671279294924 412
1751358145173 1.5720641010186889 413
1751358204066 1.562585679644888 414
1751358262968 1.560352635993199 415
1751358321787 1.54882333596999 416
1751358380549 1.5419941016218879 417
1751358439427 1.5387123156000266 418
1751358498202 1.5322201966562055 419
1751358556967 1.5263627882708202 420
1751358615654 1.5174158855595372 421
1751358674524 1.5093432763083414 422
1751358733590 1.5053474828600883 423
1751358792275 1.4997967698357322 424
1751358851097 1.4941194833002307 425
1751358909779 1.4906177913600749 426
1751358968596 1.4876769859005103 427
1751359027462 1.4838041090829805 428
1751359086330 1.4739932919090444 429
1751359145067 1.4680618965490297 430
1751359203798 1.4623470218344168 431
1751359262650 1.4613083682276986 432
1751359321732 1.458293693986806 433
1751359380645 1.4507166204804725 434
1751359439559 1.446092659776861 435
1751359498338 1.4456584534861825 436
1751359557109 1.4357441081242128 437
1751359615957 1.4363034096631138 438
1751359674865 1.4287523999810219 439
1751370477779 2.0995231206444176 440
1751370536450 1.817391912368211 441
1751370595293 1.7617876756597648 442
1751370654127 1.7293287160044366 443
1751370713189 1.7008323831991716 444
1751370772027 1.6797397194260901 445
1751370830885 1.6596028760752894 446
1751370889919 1.6449861838058992 447
1751370948774 1.6332906305112622 448
1751371007741 1.6171653917567297 449
1751371066604 1.6081755841997536 450
1751371125301 1.5931662395596504 451
1751371184114 1.5887212556871502 452
1751371242933 1.5834846889430827 453
1751371301920 1.5757376483895562 454
1751371360888 1.560098195956512 455
1751371419665 1.5565467229620977 456
1751371478350 1.547832362015139 457
1751371537075 1.5400479253042827 458
1751371595937 1.5344040542840958 459
1751371654662 1.5253841937942938 460
1751371713574 1.5250557342713529 461
1751371772556 1.5178021934222092 462
1751371831345 1.5105390880595555 463
1751371890193 1.5070110840553588 464
1751371949117 1.500125021419742 465
1751372008066 1.4913041909987277 466
1751372066921 1.4849594611335883 467
1751372125625 1.482766561887481 468
1751372184288 1.476524485105818 469
1751372242978 1.4749067462980747 470
1751372301874 1.4688761207190426 471
1751372360639 1.469206734814427 472
1751372419448 1.4586155787110329 473
1751372478110 1.4555586600168184 474
1751372536814 1.4509688991714607 475
1751372595474 1.4490456526929683 476
1751372654032 1.4410717731172389 477
1751372712890 1.4389120797542008 478
1751372771524 1.4322055943987586 479
1751383638297 2.128911222585223 480
1751383697398 1.8399283442307601 481
1751383756432 1.779724100435322 482
1751383815293 1.7390163103965195 483
1751383874564 1.7092029171233827 484
1751383933745 1.688748489049348 485
1751383993012 1.6718658425591209 486
1751384051948 1.6516943790695884 487
1751384110939 1.6416450288485398 488
1751384169972 1.6243624463677406 489
1751384229015 1.613702025941827 490
1751384287924 1.6019123596223919 491
1751384346749 1.5950058820572766 492
1751384405651 1.5800386711277745 493
1751384464659 1.5735121829943224 494
1751384523396 1.5736744251440873 495
1751384582487 1.56333360245282 496
1751384641167 1.5533312684433027 497
1751384700055 1.547469199719754 498
1751384759061 1.5443844751200893 499
1751384817874 1.5345217162235216 500
1751384876787 1.5296167694032192 501
1751384935822 1.5233518264510415 502
1751384994653 1.5161949477412484 503
1751385053456 1.508312757719647 504
1751385112416 1.5038828721100634 505
1751385171447 1.5034721260043709 506
1751385230529 1.4904375458982857 507
1751385289551 1.4916557595133781 508
1751385348344 1.4853731563145465 509
1751385407374 1.4774025566875935 510
1751385466319 1.4730191874233158 511
1751385525392 1.4719652550464326 512
1751385584245 1.4638975570825012 513
1751385643014 1.4615243944254788 514
1751385702136 1.4595454260706902 515
1751385761161 1.4514771876010029 516
1751385820017 1.4475190216167406 517
1751385878920 1.4436332370069893 518
1751385937667 1.4446697011590004 519
