1751221295312 2.056171588599682 0
1751221353162 2.0123346153308046 1
1751221411001 1.9987348710948771 2
1751221469015 1.9858804131773384 3
1751221526836 1.9761755747551268 4
1751221584723 1.9693336632441392 5
1751221642542 1.9583377208222041 6
1751221700321 1.953837850554423 7
1751221758175 1.9461180015721105 8
1751221816120 1.940150986340913 9
1751221874093 1.9339951595122165 10
1751221931882 1.924321723255244 11
1751221989778 1.9215561293742873 12
1751222047813 1.915936554697427 13
1751222105595 1.9102356328882955 14
1751222163604 1.9081672091375699 15
1751222221625 1.9000157039951195 16
1751222279446 1.8982304879887537 17
1751222337395 1.8922530863095413 18
1751222395433 1.8862111189148643 19
1751222453185 1.8822519775818696 20
1751222511337 1.8800128085369414 21
1751222569328 1.8773872737180104 22
1751222627371 1.8723119202662597 23
1751222685194 1.8689611313695258 24
1751222743187 1.862914358011701 25
1751222800956 1.8622170889919454 26
1751222858774 1.8561046973548152 27
1751222916568 1.854710890488191 28
1751222974429 1.8480963703583588 29
1751223032265 1.8483306928114458 30
1751223090004 1.8445070287720724 31
1751223147801 1.839868288487196 32
1751223205755 1.8372967961159619 33
1751223263669 1.8331712125377222 34
1751223321618 1.834386282685128 35
1751223379525 1.8258523538031362 36
1751223437522 1.8247788054021923 37
1751223495435 1.8214071965353056 38
1751223553097 1.8170985091816296 39
1751233472098 1.8794195279479027 40
1751233530040 1.7774962217293002 41
1751233588406 1.7555867138911376 42
1751233646523 1.738307935270396 43
1751233704467 1.7266918888146228 44
1751233762484 1.7174580490047282 45
1751233820484 1.7094896605068988 46
1751233878460 1.6988514123315162 47
1751233936559 1.6922839575193145 48
1751233994785 1.6831951134584167 49
1751234053002 1.6769208782775835 50
1751234110945 1.66940517926758 51
1751234168924 1.6605336967517028 52
1751234227096 1.6556786894798279 53
1751234285188 1.6501385308802128 54
1751234343121 1.6449528915638274 55
1751234401025 1.6373402107168327 56
1751234459099 1.6307719366794282 57
1751234517075 1.626599046317014 58
1751234574892 1.6155662380836227 59
1751234632712 1.6102401201020589 60
1751234690817 1.6098624694753776 61
1751234748774 1.6039417975328185 62
1751234806834 1.5950176993554288 63
1751234864851 1.5900105759501457 64
1751234922898 1.582028467208147 65
1751234981057 1.5745136189189823 66
1751235039249 1.5753673223609275 67
1751235097288 1.5703676237978719 68
1751235155385 1.5618061999028379 69
1751235213310 1.5573693564669653 70
1751235271471 1.5504511157897385 71
1751235329686 1.545935146510601 72
1751235387517 1.539945267479528 73
1751235445554 1.5347771109505133 74
1751235503776 1.5316078842363574 75
1751235561751 1.5248147137463093 76
1751235619738 1.5172325477681377 77
1751235677814 1.5139608220620588 78
1751235735644 1.5151990161023356 79
1751246046211 1.8721033622595398 80
1751246104350 1.7570335743102161 81
1751246162566 1.7297039563682945 82
1751246220721 1.7116874679923058 83
1751246278804 1.6985071596096863 84
1751246336811 1.6852096972817725 85
1751246395134 1.6765349398959766 86
1751246453353 1.66667655211958 87
1751246511395 1.655852168459784 88
1751246569643 1.6503519195724616 89
1751246627900 1.643327042121779 90
1751246686083 1.6327905031767758 91
1751246744223 1.625554883005944 92
1751246802525 1.6207341700792313 93
1751246860599 1.6126989190551368 94
1751246918652 1.6072326299141755 95
1751246976680 1.5965522053566845 96
1751247034826 1.5912309427830307 97
1751247092828 1.5856231698258356 98
1751247150949 1.5804148970002478 99
1751247208841 1.5721353929151187 100
1751247266900 1.5671968957917257 101
1751247325213 1.5608499585227533 102
1751247383440 1.5537523742426524 103
1751247441504 1.5481400757350705 104
1751247499658 1.545098882845857 105
1751247557995 1.5359746529297396 106
1751247616254 1.529980807480487 107
1751247674384 1.5263150290332057 108
1751247732280 1.5214861749925397 109
1751247790434 1.5176190351220695 110
1751247848635 1.510399515317245 111
1751247906741 1.508843856779012 112
1751247964864 1.4993535500358453 113
1751248022927 1.4969853934916584 114
1751248080807 1.491386392577128 115
1751248139013 1.4842695800418204 116
1751248196951 1.48183646324006 117
1751248255215 1.470958516340364 118
1751248313230 1.4709185612472622 119
1751258659922 1.885958907617764 120
1751258718116 1.7550266198813915 121
1751258776291 1.7178003937005997 122
1751258834457 1.6982221176678485 123
1751258892941 1.6879678334702144 124
1751258951128 1.673681226643649 125
1751259009458 1.6621802947060629 126
1751259067788 1.652662425894629 127
1751259126137 1.6409658329053358 128
1751259184386 1.6331516152078456 129
1751259242822 1.621474595571106 130
1751259301061 1.615200930021026 131
1751259359340 1.6087402261116288 132
1751259417441 1.6033319556577639 133
1751259475562 1.5931030925024638 134
1751259533831 1.5865988819436594 135
1751259591993 1.5787340148606084 136
1751259650384 1.5732238892127166 137
1751259708714 1.5631565942683003 138
1751259766975 1.559247395193035 139
1751259825255 1.5494854026897387 140
1751259883418 1.5471345463936979 141
1751259941542 1.541147499937903 142
1751259999663 1.5305274023928426 143
1751260057797 1.524803270331838 144
1751260116061 1.5220130709084598 145
1751260174115 1.5140062892301516 146
1751260232252 1.5053753097626297 147
1751260290408 1.503607295792211 148
1751260348509 1.5019565969705582 149
1751260406796 1.4946572895754466 150
1751260465010 1.4857603846625849 151
1751260523094 1.4804691563953052 152
1751260581303 1.4811685163189063 153
1751260639551 1.468188750134273 154
1751260697815 1.4678063964979216 155
1751260756164 1.459499704566869 156
1751260814391 1.4563526219942353 157
1751260872604 1.4519732221961021 158
1751260930758 1.4474721361290326 159
1751271584599 1.8929597224024208 160
1751271642934 1.755449409850619 161
1751271701323 1.7230165983465584 162
1751271759737 1.6962301033464344 163
1751271818109 1.679978927766735 164
1751271876309 1.665861378339204 165
1751271934619 1.6550532267852263 166
1751271992840 1.6448825936425815 167
1751272051097 1.6331890106878497 168
1751272109488 1.6219377961348405 169
1751272167970 1.6156813285567544 170
1751272226239 1.6059867966581474 171
1751272284401 1.5951930870386688 172
1751272342580 1.5853475620123474 173
1751272400790 1.5827066298912873 174
1751272459211 1.5741521062498742 175
1751272517718 1.5636342533610084 176
1751272576230 1.5568341230126945 177
1751272634474 1.5498507659543643 178
1751272692870 1.5392629504203796 179
1751272751256 1.5337025916034526 180
1751272809666 1.531446193090894 181
1751272867850 1.5262714790349656 182
1751272926117 1.5188307684253564 183
1751272984431 1.5125681693581017 184
1751273042825 1.5067056962712244 185
1751273101178 1.499531963332133 186
1751273159460 1.4992024231363426 187
1751273217712 1.4938907599584623 188
1751273276078 1.4853409684517167 189
1751273334494 1.4819149730557746 190
1751273392766 1.4737891605631872 191
1751273451161 1.4698837043886834 192
1751273509526 1.4630172479559074 193
1751273568039 1.461438449607654 194
1751273626387 1.4497561851008371 195
1751273684712 1.4456969628279859 196
1751273743025 1.4443651935593649 197
1751273801484 1.436510650610382 198
1751273859854 1.4350507872348481 199
1751284493403 1.9219265786761588 200
1751284551863 1.7660327719693834 201
1751284610270 1.7288273054767738 202
1751284668816 1.7000579684972763 203
1751284727293 1.6857301328669896 204
1751284785637 1.6741440475664355 205
1751284844215 1.6596780717372894 206
1751284902574 1.6459888565269383 207
1751284961104 1.6340498490767046 208
1751285019323 1.6251491477543658 209
1751285077771 1.6202351904728196 210
1751285136275 1.607957020063292 211
1751285194872 1.6002080254256725 212
1751285253370 1.5927974459799854 213
1751285311650 1.5861056457188996 214
1751285370113 1.5764911692928185 215
1751285428734 1.5669408034194598 216
1751285487429 1.560287963260304 217
1751285545823 1.5526629544117234 218
1751285604229 1.5501029914753004 219
1751285662548 1.539945937693119 220
1751285720851 1.532474016601389 221
1751285779214 1.530784143304283 222
1751285837672 1.5220484787767583 223
1751285896324 1.5179755552248522 224
1751285954774 1.5075320289893583 225
1751286013242 1.5015368749472229 226
1751286071750 1.4955196499147199 227
1751286130175 1.4936637295918032 228
1751286188506 1.484809598462148 229
1751286246897 1.4805417362261901 230
1751286305204 1.4798513390123844 231
1751286363702 1.4671579968522896 232
1751286422172 1.4675763787871057 233
1751286480663 1.4580122794617305 234
1751286539091 1.4572990018535743 235
1751286597549 1.4558806260201065 236
1751286655985 1.4418903663754463 237
1751286714422 1.4413228749551557 238
1751286772894 1.4444893381812356 239
1751297447078 1.9209572578018361 240
1751297505302 1.7696290209212087 241
1751297563643 1.7305508929897437 242
1751297622002 1.7083123255182395 243
1751297680274 1.687274451960217 244
1751297738770 1.672781334004619 245
1751297796961 1.664509405805306 246
1751297855282 1.6506570638580755 247
1751297913722 1.6382100656628609 248
1751297972123 1.6273652572523465 249
1751298031400 1.6242714415897022 250
1751298090063 1.6084083515134724 251
1751298148569 1.6023071059449152 252
1751298207097 1.5956421308219433 253
1751298265762 1.5806736712428657 254
1751298324378 1.5782277614555575 255
1751298383270 1.5677267417988994 256
1751298441771 1.5617566095157103 257
1751298500165 1.5550563294779172 258
1751298558855 1.5446078245612709 259
1751298617486 1.5402955836193128 260
1751298675934 1.5318267721344123 261
1751298734587 1.5264679372987964 262
1751298793058 1.5242859396067532 263
1751298851646 1.5164143290709367 264
1751298910263 1.5081232410262932 265
1751298969108 1.5024108930744908 266
1751299027705 1.4959844388067722 267
1751299086273 1.4881948998028582 268
1751299144892 1.481138513846831 269
1751299203445 1.4788291589780287 270
1751299261879 1.4699098156257109 271
1751299320335 1.470375750891187 272
1751299378782 1.4624777676706964 273
1751299437457 1.4549920545382933 274
1751299496130 1.4528187079863115 275
1751299554823 1.4435635253109715 276
1751299613557 1.4429506297138603 277
1751299672071 1.4417131146924063 278
1751299730764 1.4346220791339874 279
1751310353461 2.019752937284383 280
1751310411844 1.8070638714866205 281
1751310470154 1.7609269812025807 282
1751310528630 1.725973592563109 283
1751310586855 1.7064647772772745 284
1751310645120 1.6904699863357977 285
1751310703528 1.6767918995835565 286
1751310761972 1.665780519219962 287
1751310820520 1.6540826731784777 288
1751310879020 1.6440477259457111 289
1751310937378 1.6402542530135675 290
1751310995581 1.6300901855257424 291
1751311054144 1.6216918561946263 292
1751311112409 1.6138023300604387 293
1751311170675 1.6014567159793593 294
1751311229192 1.5977431203831325 295
1751311287536 1.5902936411174862 296
1751311346019 1.583331568335945 297
1751311404427 1.5763705166226083 298
1751311462829 1.5703446204689415 299
1751311521291 1.5624822591516105 300
1751311580144 1.555352551693266 301
1751311638686 1.5504607890139928 302
1751311696924 1.5447898794981567 303
1751311755883 1.5412089340388775 304
1751311814234 1.5331583910367705 305
1751311873094 1.5297403227199207 306
1751311932220 1.5207527821714228 307
1751311991029 1.5170685455880382 308
1751312049606 1.5112571553750471 309
1751312108386 1.5069708261977544 310
1751312167163 1.5053059987046502 311
1751312226098 1.5015929656272584 312
1751312284748 1.499157481234182 313
1751312343751 1.4869089966470546 314
1751312402731 1.4825267652896317 315
1751312461462 1.4828860241581092 316
1751312520148 1.4796460894021122 317
1751312578835 1.4734264805235646 318
1751312637358 1.4670419638807124 319
1751323269150 2.0386836389926346 320
1751323327492 1.8135181577368216 321
1751323386002 1.7628541121428662 322
1751323444418 1.732491854239594 323
1751323502868 1.71042577651414 324
1751323561336 1.6975500915538182 325
1751323619724 1.6815838156775995 326
1751323678157 1.6698889458044008 327
1751323736510 1.6576941501010547 328
1751323794835 1.6474734937602824 329
1751323853114 1.6393089578910307 330
1751323911520 1.6285597146912054 331
1751323969937 1.6216771704229442 332
1751324028352 1.6125045787881722 333
1751324086757 1.6073666072704575 334
1751324144979 1.6038520861078391 335
1751324203521 1.5948209728706966 336
1751324261829 1.584858102215962 337
1751324320259 1.5773175599222833 338
1751324378672 1.574467304755341 339
1751324436936 1.5678583573211322 340
1751324495311 1.5586329166862098 341
1751324553603 1.556842626157132 342
1751324612187 1.5507597289979458 343
1751324670621 1.5456624305383726 344
1751324729166 1.5391689982603898 345
1751324787335 1.5342901379547336 346
1751324845639 1.529425859451294 347
1751324904140 1.5237120498310437 348
1751324962664 1.5194481133737348 349
1751325021368 1.5136997743763707 350
1751325079918 1.5066391696984118 351
1751325138362 1.501827590844848 352
1751325196719 1.4988037605177273 353
1751325255135 1.4970222406766631 354
1751325313588 1.4920998147942803 355
1751325372062 1.4847252135249702 356
1751325430646 1.4807838208296082 357
1751325489102 1.4761467904529788 358
1751325547417 1.4696626348251647 359
1751336389587 2.06198676540093 360
1751336448050 1.8215946026823737 361
1751336506481 1.7707656882703304 362
1751336564869 1.7418219257484784 363
1751336623322 1.719979964196682 364
1751336681824 1.6997194564477964 365
1751336740288 1.6840471462769941 366
1751336798795 1.6739965843206102 367
1751336857220 1.6619075817817992 368
1751336915517 1.6527024087580768 369
1751336973858 1.6436537507582794 370
1751337032374 1.6335232484747062 371
1751337090946 1.6267064901238137 372
1751337149395 1.6178960502147675 373
1751337207672 1.61128019541502 374
1751337266122 1.6055525419386951 375
1751337324562 1.6003480475734582 376
1751337382903 1.5898918201300232 377
1751337441441 1.5839098610661246 378
1751337499947 1.5779498612338847 379
1751337558457 1.5718904787843877 380
1751337617043 1.56749031286348 381
1751337675697 1.5589950335296718 382
1751337734336 1.5508199009028347 383
1751337792817 1.5477824085815386 384
1751337851351 1.543447662483562 385
1751337909945 1.5349258048967882 386
1751337968333 1.531445274637504 387
1751338026873 1.5263500101864338 388
1751338085252 1.517407838255167 389
1751338143731 1.5185863138599829 390
1751338202248 1.5139671577648683 391
1751338260619 1.5070571533658288 392
1751338318808 1.5058370114050128 393
1751338377208 1.4985857060687109 394
1751338435654 1.4946591386740857 395
1751338493950 1.4883225763385945 396
1751338552297 1.483862780034542 397
1751338610802 1.4824405322698029 398
1751338669360 1.4732173308730125 399
1751349559228 2.0864492309364406 400
1751349618178 1.8364529809491201 401
1751349676955 1.783306466584856 402
1751349736009 1.7540230107578365 403
1751349794851 1.7249480878764933 404
1751349853826 1.7097793895412574 405
1751349912741 1.6943177943202583 406
1751349971611 1.68098101595586 407
1751350030404 1.6691753806715661 408
1751350089368 1.6590348485518585 409
1751350148194 1.6512762863527646 410
1751350206925 1.6399294493550605 411
1751350265977 1.6324996646832337 412
1751350324751 1.6222806359556587 413
1751350383455 1.6169683516702869 414
1751350442214 1.6068457632579587 415
1751350501046 1.6041224487125874 416
1751350560002 1.5954824228855697 417
1751350618653 1.5891424742611973 418
1751350677491 1.580600704997778 419
1751350736194 1.5791140686381946 420
1751350794851 1.5722249770029024 421
1751350853713 1.5661227110434661 422
1751350912403 1.5573347939009017 423
1751350971377 1.5550480552695014 424
1751351030237 1.5465966097333215 425
1751351089035 1.5447114871984178 426
1751351147564 1.5344473093070767 427
1751351206099 1.533795386214148 428
1751351264852 1.5267707383768125 429
1751351323658 1.519939258355986 430
1751351382409 1.5183467099612409 431
1751351441075 1.51054024560885 432
1751351499820 1.5036896033720537 433
1751351558405 1.5061345046216792 434
1751351617107 1.495232023637403 435
1751351675910 1.4918387779458002 436
1751351735336 1.488094988194379 437
1751351794082 1.4837572554295713 438
1751351852767 1.4801124141297557 439
1751362724154 2.098011838441545 440
1751362782976 1.8429298414425417 441
1751362841645 1.7900366932153702 442
1751362900415 1.7570200860500336 443
1751362959205 1.7337634824216366 444
1751363017908 1.715989331968806 445
1751363076496 1.6987910799004815 446
1751363135126 1.6858095188032498 447
1751363193784 1.6746697178618475 448
1751363252316 1.6615820036015727 449
1751363310909 1.652024548839439 450
1751363369579 1.640605725009333 451
1751363428307 1.6368947604840451 452
1751363487116 1.6255589239299297 453
1751363545874 1.6185736317526211 454
1751363604543 1.612555300986225 455
1751363663340 1.602138732305982 456
1751363722025 1.5965769399296155 457
1751363780538 1.5865586714988404 458
1751363839304 1.5822417200966314 459
1751363897841 1.5730603266168723 460
1751363956406 1.5698925172063438 461
1751364015011 1.5681886256418445 462
1751364073813 1.5567605034871534 463
1751364132364 1.5558424124663526 464
1751364191093 1.5448957718908787 465
1751364249780 1.5422640453008087 466
1751364308380 1.5379679392684589 467
1751364366936 1.5307781388136474 468
1751364425752 1.527392577379942 469
1751364484486 1.5241551334885033 470
1751364543340 1.5155379044061357 471
1751364602243 1.5138845890760422 472
1751364660751 1.505830985239961 473
1751364719408 1.5031354451044039 474
1751364777904 1.4979638765481385 475
1751364836666 1.4925180616026574 476
1751364895336 1.4917579283091156 477
1751364953874 1.4882272908633405 478
1751365012657 1.4819957840849052 479
1751375825151 2.1029171659187837 480
1751375883937 1.8508654036982493 481
1751375942657 1.7978134195912967 482
1751376001299 1.7617727866904302 483
1751376059974 1.7370623234998097 484
1751376118779 1.7174165729771962 485
1751376177576 1.7037177939306607 486
1751376236118 1.686627098782496 487
1751376294767 1.6733434630388564 488
1751376353502 1.6628201122988353 489
1751376412072 1.6575774438679218 490
1751376470739 1.6480237533423034 491
1751376529425 1.6407347856597467 492
1751376588164 1.6263985345986756 493
1751376647031 1.622079955583269 494
1751376705840 1.6117746484550564 495
1751376764642 1.606759754771536 496
1751376823283 1.598344603384083 497
1751376882083 1.5920241627503524 498
1751376940804 1.5877211893146688 499
1751376999592 1.5802829485725274 500
1751377058172 1.5763949386098168 501
1751377117105 1.5652604756707496 502
1751377175803 1.564979214221239 503
1751377234569 1.5593382411382415 504
1751377293380 1.5524426844309678 505
1751377352160 1.5467651615088636 506
1751377410842 1.5392695116725834 507
1751377469571 1.53428380665454 508
1751377528344 1.529923234812238 509
1751377587128 1.5271848680620843 510
1751377646021 1.5242954980243335 511
1751377704883 1.5122478824447503 512
1751377763633 1.5118644125759602 513
1751377822493 1.5063829073174433 514
1751377881268 1.5010224844921718 515
1751377940050 1.500597557560964 516
1751377999001 1.4916451888328248 517
1751378057770 1.4894809865138747 518
1751378116454 1.491393917663531 519
1751388954280 2.3317904292859812 520
1751389013117 1.944171394136819 521
1751389072082 1.8815990937027065 522
1751389131000 1.8405460806732827 523
1751389189686 1.8095840754156762 524
1751389248363 1.7894876165823503 525
1751389307197 1.765630965205756 526
1751389365965 1.7494368062100627 527
1751389425128 1.7369936735115268 528
1751389483903 1.7245581996711818 529
1751389542671 1.7105863629416986 530
