1751228432545 0.001 0
1751228490229 0.001 1
1751228548238 0.001 2
1751228606023 0.001 3
1751228663748 0.001 4
1751228721640 0.001 5
1751228779418 0.001 6
1751228837457 0.001 7
1751228895234 0.001 8
1751228953163 0.001 9
1751229010969 0.001 10
1751229068890 0.001 11
1751229127160 0.001 12
1751229184908 0.001 13
1751229242822 0.001 14
1751229300710 0.001 15
1751229358306 0.001 16
1751229416696 0.001 17
1751229475363 0.001 18
1751229533423 0.001 19
1751229591476 0.001 20
1751229649565 0.001 21
1751229707661 0.001 22
1751229765922 0.001 23
1751229824019 0.001 24
1751229882405 0.001 25
1751229940585 0.001 26
1751229998724 0.001 27
1751230056807 0.001 28
1751230114796 0.001 29
1751230172832 0.001 30
1751230230733 0.001 31
1751230288980 0.001 32
1751230347236 0.001 33
1751230405507 0.001 34
1751230463456 0.001 35
1751230521760 0.001 36
1751230579865 0.001 37
1751230637932 0.001 38
1751230696195 0.001 39
1751240879077 0.001 40
1751240936848 0.001 41
1751240994900 0.001 42
1751241052751 0.001 43
1751241110852 0.001 44
1751241168841 0.001 45
1751241226615 0.001 46
1751241284504 0.001 47
1751241342490 0.001 48
1751241400619 0.001 49
1751241458461 0.001 50
1751241516431 0.001 51
1751241574435 0.001 52
1751241632420 0.001 53
1751241690529 0.001 54
1751241748529 0.001 55
1751241806418 0.001 56
1751241864358 0.001 57
1751241922369 0.001 58
1751241980371 0.001 59
1751242038304 0.001 60
1751242096162 0.001 61
1751242154278 0.001 62
1751242212327 0.001 63
1751242270393 0.001 64
1751242328176 0.001 65
1751242386167 0.001 66
1751242444008 0.001 67
1751242501943 0.001 68
1751242560005 0.001 69
1751242617881 0.001 70
1751242675748 0.001 71
1751242733856 0.001 72
1751242792056 0.001 73
1751242850240 0.001 74
1751242908327 0.001 75
1751242966220 0.001 76
1751243024721 0.001 77
1751243082613 0.001 78
1751243140562 0.001 79
1751253484422 0.001 80
1751253542472 0.001 81
1751253600483 0.001 82
1751253658546 0.001 83
1751253716770 0.001 84
1751253774912 0.001 85
1751253833010 0.001 86
1751253891075 0.001 87
1751253949056 0.001 88
1751254006963 0.001 89
1751254064896 0.001 90
1751254122769 0.001 91
1751254180678 0.001 92
1751254238581 0.001 93
1751254296547 0.001 94
1751254354731 0.001 95
1751254412842 0.001 96
1751254470956 0.001 97
1751254528878 0.001 98
1751254586930 0.001 99
1751254645051 0.001 100
1751254702962 0.001 101
1751254760866 0.001 102
1751254818943 0.001 103
1751254876929 0.001 104
1751254934960 0.001 105
1751254992958 0.001 106
1751255050830 0.001 107
1751255108718 0.001 108
1751255166805 0.001 109
1751255224940 0.001 110
1751255282618 0.001 111
1751255340505 0.001 112
1751255398265 0.001 113
1751255456365 0.001 114
1751255514186 0.001 115
1751255572091 0.001 116
1751255629927 0.001 117
1751255687746 0.001 118
1751255745761 0.001 119
1751266303070 0.001 120
1751266361199 0.001 121
1751266419240 0.001 122
1751266477282 0.001 123
1751266535406 0.001 124
1751266593567 0.001 125
1751266651691 0.001 126
1751266709857 0.001 127
1751266767920 0.001 128
1751266825922 0.001 129
1751266884141 0.001 130
1751266942184 0.001 131
1751267000358 0.001 132
1751267058464 0.001 133
1751267116632 0.001 134
1751267174886 0.001 135
1751267233155 0.001 136
1751267291453 0.001 137
1751267349588 0.001 138
1751267407518 0.001 139
1751267465714 0.001 140
1751267523936 0.001 141
1751267582160 0.001 142
1751267640227 0.001 143
1751267698327 0.001 144
1751267756375 0.001 145
1751267814626 0.001 146
1751267872756 0.001 147
1751267930882 0.001 148
1751267988895 0.001 149
1751268047147 0.001 150
1751268105268 0.001 151
1751268163334 0.001 152
1751268221607 0.001 153
1751268279997 0.001 154
1751268337963 0.001 155
1751268395968 0.001 156
1751268453789 0.001 157
1751268512001 0.001 158
1751268570246 0.001 159
1751279202687 0.001 160
1751279260831 0.001 161
1751279319145 0.001 162
1751279377340 0.001 163
1751279435433 0.001 164
1751279493623 0.001 165
1751279551772 0.001 166
1751279609998 0.001 167
1751279668294 0.001 168
1751279726469 0.001 169
1751279784677 0.001 170
1751279842914 0.001 171
1751279901233 0.001 172
1751279959540 0.001 173
1751280017894 0.001 174
1751280076150 0.001 175
1751280134474 0.001 176
1751280192779 0.001 177
1751280251049 0.001 178
1751280309396 0.001 179
1751280367736 0.001 180
1751280426064 0.001 181
1751280484236 0.001 182
1751280542349 0.001 183
1751280600642 0.001 184
1751280658734 0.001 185
1751280717029 0.001 186
1751280775373 0.001 187
1751280833618 0.001 188
1751280891839 0.001 189
1751280950120 0.001 190
1751281008192 0.001 191
1751281066281 0.001 192
1751281124671 0.001 193
1751281183042 0.001 194
1751281241439 0.001 195
1751281299772 0.001 196
1751281358022 0.001 197
1751281416336 0.001 198
1751281474582 0.001 199
1751292232645 0.001 200
1751292290939 0.001 201
1751292349501 0.001 202
1751292407941 0.001 203
1751292466440 0.001 204
1751292524888 0.001 205
1751292583291 0.001 206
1751292641629 0.001 207
1751292700109 0.001 208
1751292758546 0.001 209
1751292816849 0.001 210
1751292875243 0.001 211
1751292933568 0.001 212
1751292992092 0.001 213
1751293050412 0.001 214
1751293108976 0.001 215
1751293167339 0.001 216
1751293225571 0.001 217
1751293283734 0.001 218
1751293342005 0.001 219
1751293400358 0.001 220
1751293458782 0.001 221
1751293517139 0.001 222
1751293575445 0.001 223
1751293633879 0.001 224
1751293692441 0.001 225
1751293750885 0.001 226
1751293809131 0.001 227
1751293867425 0.001 228
1751293925713 0.001 229
1751293984030 0.001 230
1751294042337 0.001 231
1751294100736 0.001 232
1751294159076 0.001 233
1751294217254 0.001 234
1751294275635 0.001 235
1751294333934 0.001 236
1751294392128 0.001 237
1751294450465 0.001 238
1751294508784 0.001 239
1751305047320 0.001 240
1751305105582 0.001 241
1751305163942 0.001 242
1751305222535 0.001 243
1751305281182 0.001 244
1751305339595 0.001 245
1751305398229 0.001 246
1751305456575 0.001 247
1751305515093 0.001 248
1751305573564 0.001 249
1751305631915 0.001 250
1751305690262 0.001 251
1751305748768 0.001 252
1751305807108 0.001 253
1751305865498 0.001 254
1751305924039 0.001 255
1751305982449 0.001 256
1751306040901 0.001 257
1751306099156 0.001 258
1751306157412 0.001 259
1751306215864 0.001 260
1751306274205 0.001 261
1751306332832 0.001 262
1751306391273 0.001 263
1751306449724 0.001 264
1751306508029 0.001 265
1751306566306 0.001 266
1751306624870 0.001 267
1751306683152 0.001 268
1751306741407 0.001 269
1751306800005 0.001 270
1751306858577 0.001 271
1751306917015 0.001 272
1751306975413 0.001 273
1751307033900 0.001 274
1751307092258 0.001 275
1751307150587 0.001 276
1751307208865 0.001 277
1751307267397 0.001 278
1751307325686 0.001 279
1751317977682 0.0005 280
1751318036171 0.0005 281
1751318094821 0.0005 282
1751318153344 0.0005 283
1751318211845 0.0005 284
1751318270260 0.0005 285
1751318329020 0.0005 286
1751318387634 0.0005 287
1751318446318 0.0005 288
1751318504791 0.0005 289
1751318563208 0.0005 290
1751318621633 0.0005 291
1751318680157 0.0005 292
1751318738770 0.0005 293
1751318797502 0.0005 294
1751318856048 0.0005 295
1751318914441 0.0005 296
1751318973112 0.0005 297
1751319031677 0.0005 298
1751319090026 0.0005 299
1751319148440 0.0005 300
1751319206909 0.0005 301
1751319265344 0.0005 302
1751319323752 0.0005 303
1751319382359 0.0005 304
1751319440807 0.0005 305
1751319499234 0.0005 306
1751319557830 0.0005 307
1751319616279 0.0005 308
1751319674708 0.0005 309
1751319733127 0.0005 310
1751319791591 0.0005 311
1751319849923 0.0005 312
1751319908575 0.0005 313
1751319966934 0.0005 314
1751320025339 0.0005 315
1751320083693 0.0005 316
1751320141989 0.0005 317
1751320200442 0.0005 318
1751320258819 0.0005 319
1751331069635 0.0005 320
1751331128245 0.0005 321
1751331186804 0.0005 322
1751331245146 0.0005 323
1751331303670 0.0005 324
1751331362168 0.0005 325
1751331420898 0.0005 326
1751331479418 0.0005 327
1751331538128 0.0005 328
1751331596743 0.0005 329
1751331655081 0.0005 330
1751331713613 0.0005 331
1751331772140 0.0005 332
1751331830670 0.0005 333
1751331889237 0.0005 334
1751331947897 0.0005 335
1751332006413 0.0005 336
1751332065091 0.0005 337
1751332123839 0.0005 338
1751332182334 0.0005 339
1751332241031 0.0005 340
1751332299499 0.0005 341
1751332358068 0.0005 342
1751332416567 0.0005 343
1751332475215 0.0005 344
1751332533841 0.0005 345
1751332592192 0.0005 346
1751332650573 0.0005 347
1751332709095 0.0005 348
1751332767656 0.0005 349
1751332826499 0.0005 350
1751332885119 0.0005 351
1751332943459 0.0005 352
1751333002068 0.0005 353
1751333060683 0.0005 354
1751333119059 0.0005 355
1751333177607 0.0005 356
1751333236149 0.0005 357
1751333294785 0.0005 358
1751333353262 0.0005 359
1751344196944 0.0005 360
1751344255537 0.0005 361
1751344314094 0.0005 362
1751344372757 0.0005 363
1751344431365 0.0005 364
1751344490026 0.0005 365
1751344548633 0.0005 366
1751344607408 0.0005 367
1751344666032 0.0005 368
1751344724656 0.0005 369
1751344783252 0.0005 370
1751344841966 0.0005 371
1751344900631 0.0005 372
1751344959261 0.0005 373
1751345017953 0.0005 374
1751345076461 0.0005 375
1751345135001 0.0005 376
1751345193679 0.0005 377
1751345252329 0.0005 378
1751345311008 0.0005 379
1751345369746 0.0005 380
1751345428265 0.0005 381
1751345486752 0.0005 382
1751345545405 0.0005 383
1751345604119 0.0005 384
1751345662697 0.0005 385
1751345721281 0.0005 386
1751345779833 0.0005 387
1751345838334 0.0005 388
1751345896940 0.0005 389
1751345955529 0.0005 390
1751346014194 0.0005 391
1751346072785 0.0005 392
1751346131246 0.0005 393
1751346189904 0.0005 394
1751346248424 0.0005 395
1751346307200 0.0005 396
1751346365787 0.0005 397
1751346424380 0.0005 398
1751346482881 0.0005 399
1751357380224 0.0005 400
1751357439183 0.0005 401
1751357497927 0.0005 402
1751357556762 0.0005 403
1751357615616 0.0005 404
1751357674477 0.0005 405
1751357733412 0.0005 406
1751357792202 0.0005 407
1751357850994 0.0005 408
1751357909947 0.0005 409
1751357968693 0.0005 410
1751358027510 0.0005 411
1751358086250 0.0005 412
1751358145173 0.0005 413
1751358204066 0.0005 414
1751358262968 0.0005 415
1751358321787 0.0005 416
1751358380549 0.0005 417
1751358439427 0.0005 418
1751358498202 0.0005 419
1751358556967 0.0005 420
1751358615654 0.0005 421
1751358674524 0.0005 422
1751358733590 0.0005 423
1751358792275 0.0005 424
1751358851097 0.0005 425
1751358909779 0.0005 426
1751358968596 0.0005 427
1751359027462 0.0005 428
1751359086330 0.0005 429
1751359145067 0.0005 430
1751359203798 0.0005 431
1751359262650 0.0005 432
1751359321732 0.0005 433
1751359380645 0.0005 434
1751359439559 0.0005 435
1751359498338 0.0005 436
1751359557109 0.0005 437
1751359615957 0.0005 438
1751359674865 0.0005 439
1751370477779 0.0005 440
1751370536450 0.0005 441
1751370595293 0.0005 442
1751370654127 0.0005 443
1751370713189 0.0005 444
1751370772027 0.0005 445
1751370830885 0.0005 446
1751370889919 0.0005 447
1751370948774 0.0005 448
1751371007741 0.0005 449
1751371066604 0.0005 450
1751371125301 0.0005 451
1751371184114 0.0005 452
1751371242933 0.0005 453
1751371301920 0.0005 454
1751371360888 0.0005 455
1751371419665 0.0005 456
1751371478350 0.0005 457
1751371537075 0.0005 458
1751371595937 0.0005 459
1751371654662 0.0005 460
1751371713574 0.0005 461
1751371772556 0.0005 462
1751371831345 0.0005 463
1751371890193 0.0005 464
1751371949117 0.0005 465
1751372008066 0.0005 466
1751372066921 0.0005 467
1751372125625 0.0005 468
1751372184288 0.0005 469
1751372242978 0.0005 470
1751372301874 0.0005 471
1751372360639 0.0005 472
1751372419448 0.0005 473
1751372478110 0.0005 474
1751372536814 0.0005 475
1751372595474 0.0005 476
1751372654032 0.0005 477
1751372712890 0.0005 478
1751372771524 0.0005 479
1751383638297 0.0005 480
1751383697398 0.0005 481
1751383756432 0.0005 482
1751383815293 0.0005 483
1751383874564 0.0005 484
1751383933745 0.0005 485
1751383993012 0.0005 486
1751384051948 0.0005 487
1751384110939 0.0005 488
1751384169972 0.0005 489
1751384229015 0.0005 490
1751384287924 0.0005 491
1751384346749 0.0005 492
1751384405651 0.0005 493
1751384464659 0.0005 494
1751384523396 0.0005 495
1751384582487 0.0005 496
1751384641167 0.0005 497
1751384700055 0.0005 498
1751384759061 0.0005 499
1751384817874 0.0005 500
1751384876787 0.0005 501
1751384935822 0.0005 502
1751384994653 0.0005 503
1751385053456 0.0005 504
1751385112416 0.0005 505
1751385171447 0.0005 506
1751385230529 0.0005 507
1751385289551 0.0005 508
1751385348344 0.0005 509
1751385407374 0.0005 510
1751385466319 0.0005 511
1751385525392 0.0005 512
1751385584245 0.0005 513
1751385643014 0.0005 514
1751385702136 0.0005 515
1751385761161 0.0005 516
1751385820017 0.0005 517
1751385878920 0.0005 518
1751385937667 0.0005 519
