1751223675138 0.001 0
1751223732951 0.001 1
1751223790719 0.001 2
1751223848694 0.001 3
1751223906526 0.001 4
1751223964360 0.001 5
1751224022325 0.001 6
1751224080059 0.001 7
1751224137749 0.001 8
1751224195831 0.001 9
1751224253576 0.001 10
1751224311472 0.001 11
1751224369377 0.001 12
1751224427331 0.001 13
1751224485086 0.001 14
1751224542873 0.001 15
1751224600659 0.001 16
1751224658566 0.001 17
1751224716488 0.001 18
1751224774506 0.001 19
1751224832473 0.001 20
1751224890412 0.001 21
1751224948195 0.001 22
1751225006207 0.001 23
1751225064223 0.001 24
1751225121993 0.001 25
1751225179775 0.001 26
1751225237734 0.001 27
1751225295582 0.001 28
1751225353505 0.001 29
1751225411354 0.001 30
1751225469342 0.001 31
1751225527093 0.001 32
1751225584852 0.001 33
1751225642644 0.001 34
1751225700576 0.001 35
1751225758283 0.001 36
1751225816294 0.001 37
1751225874343 0.001 38
1751225932266 0.001 39
1751235921469 0.001 40
1751235979613 0.001 41
1751236037764 0.001 42
1751236095814 0.001 43
1751236154077 0.001 44
1751236212293 0.001 45
1751236270250 0.001 46
1751236328328 0.001 47
1751236386380 0.001 48
1751236444207 0.001 49
1751236502058 0.001 50
1751236560140 0.001 51
1751236618117 0.001 52
1751236676007 0.001 53
1751236733890 0.001 54
1751236791822 0.001 55
1751236849741 0.001 56
1751236907774 0.001 57
1751236965647 0.001 58
1751237023621 0.001 59
1751237081752 0.001 60
1751237140021 0.001 61
1751237197963 0.001 62
1751237255922 0.001 63
1751237313938 0.001 64
1751237371862 0.001 65
1751237430109 0.001 66
1751237488256 0.001 67
1751237546178 0.001 68
1751237604193 0.001 69
1751237662151 0.001 70
1751237720134 0.001 71
1751237778326 0.001 72
1751237836413 0.001 73
1751237894382 0.001 74
1751237952296 0.001 75
1751238010323 0.001 76
1751238068532 0.001 77
1751238126626 0.001 78
1751238184609 0.001 79
1751248520606 0.001 80
1751248578805 0.001 81
1751248636936 0.001 82
1751248695048 0.001 83
1751248753205 0.001 84
1751248811276 0.001 85
1751248869362 0.001 86
1751248927515 0.001 87
1751248985609 0.001 88
1751249043643 0.001 89
1751249101951 0.001 90
1751249160065 0.001 91
1751249218096 0.001 92
1751249276323 0.001 93
1751249334429 0.001 94
1751249392349 0.001 95
1751249450415 0.001 96
1751249508379 0.001 97
1751249566492 0.001 98
1751249624687 0.001 99
1751249682651 0.001 100
1751249740781 0.001 101
1751249799040 0.001 102
1751249857083 0.001 103
1751249915274 0.001 104
1751249973390 0.001 105
1751250031572 0.001 106
1751250089624 0.001 107
1751250147707 0.001 108
1751250205652 0.001 109
1751250263670 0.001 110
1751250321704 0.001 111
1751250379674 0.001 112
1751250437844 0.001 113
1751250496052 0.001 114
1751250554099 0.001 115
1751250612064 0.001 116
1751250670117 0.001 117
1751250728018 0.001 118
1751250786069 0.001 119
1751261138599 0.001 120
1751261196671 0.001 121
1751261254963 0.001 122
1751261313302 0.001 123
1751261371439 0.001 124
1751261429781 0.001 125
1751261487915 0.001 126
1751261546045 0.001 127
1751261604229 0.001 128
1751261662303 0.001 129
1751261720330 0.001 130
1751261778590 0.001 131
1751261836672 0.001 132
1751261894849 0.001 133
1751261953007 0.001 134
1751262011152 0.001 135
1751262069286 0.001 136
1751262127555 0.001 137
1751262185695 0.001 138
1751262243888 0.001 139
1751262301931 0.001 140
1751262359986 0.001 141
1751262418041 0.001 142
1751262476356 0.001 143
1751262534473 0.001 144
1751262592645 0.001 145
1751262650760 0.001 146
1751262708899 0.001 147
1751262767218 0.001 148
1751262825414 0.001 149
1751262883602 0.001 150
1751262941981 0.001 151
1751263000273 0.001 152
1751263058483 0.001 153
1751263116646 0.001 154
1751263174883 0.001 155
1751263233186 0.001 156
1751263291534 0.001 157
1751263349682 0.001 158
1751263407848 0.001 159
1751274174288 0.001 160
1751274232630 0.001 161
1751274290887 0.001 162
1751274349426 0.001 163
1751274407601 0.001 164
1751274465896 0.001 165
1751274524227 0.001 166
1751274582476 0.001 167
1751274640964 0.001 168
1751274699425 0.001 169
1751274757806 0.001 170
1751274816059 0.001 171
1751274874435 0.001 172
1751274932819 0.001 173
1751274990947 0.001 174
1751275049239 0.001 175
1751275107534 0.001 176
1751275165921 0.001 177
1751275224277 0.001 178
1751275282520 0.001 179
1751275340764 0.001 180
1751275399107 0.001 181
1751275457572 0.001 182
1751275515856 0.001 183
1751275574174 0.001 184
1751275632306 0.001 185
1751275690906 0.001 186
1751275749297 0.001 187
1751275807480 0.001 188
1751275865896 0.001 189
1751275924086 0.001 190
1751275982315 0.001 191
1751276040632 0.001 192
1751276099206 0.001 193
1751276157348 0.001 194
1751276215576 0.001 195
1751276273943 0.001 196
1751276332278 0.001 197
1751276390691 0.001 198
1751276449093 0.001 199
1751287088326 0.001 200
1751287146819 0.001 201
1751287205260 0.001 202
1751287263628 0.001 203
1751287322191 0.001 204
1751287380683 0.001 205
1751287439298 0.001 206
1751287497919 0.001 207
1751287556454 0.001 208
1751287615026 0.001 209
1751287673454 0.001 210
1751287731821 0.001 211
1751287790190 0.001 212
1751287848407 0.001 213
1751287906826 0.001 214
1751287965236 0.001 215
1751288023714 0.001 216
1751288082058 0.001 217
1751288140481 0.001 218
1751288198896 0.001 219
1751288257505 0.001 220
1751288315862 0.001 221
1751288374132 0.001 222
1751288432602 0.001 223
1751288491239 0.001 224
1751288549688 0.001 225
1751288608218 0.001 226
1751288666526 0.001 227
1751288725058 0.001 228
1751288783417 0.001 229
1751288841892 0.001 230
1751288900167 0.001 231
1751288958374 0.001 232
1751289016778 0.001 233
1751289075168 0.001 234
1751289133614 0.001 235
1751289192129 0.001 236
1751289250764 0.001 237
1751289309037 0.001 238
1751289367344 0.001 239
1751299960916 0.001 240
1751300019463 0.001 241
1751300077832 0.001 242
1751300136356 0.001 243
1751300194774 0.001 244
1751300253299 0.001 245
1751300311796 0.001 246
1751300370509 0.001 247
1751300428963 0.001 248
1751300487565 0.001 249
1751300546174 0.001 250
1751300604867 0.001 251
1751300663464 0.001 252
1751300722068 0.001 253
1751300780503 0.001 254
1751300838929 0.001 255
1751300897554 0.001 256
1751300955982 0.001 257
1751301014445 0.001 258
1751301073054 0.001 259
1751301131640 0.001 260
1751301190137 0.001 261
1751301248507 0.001 262
1751301307009 0.001 263
1751301365532 0.001 264
1751301424132 0.001 265
1751301482750 0.001 266
1751301541278 0.001 267
1751301599854 0.001 268
1751301658319 0.001 269
1751301716642 0.001 270
1751301775035 0.001 271
1751301833695 0.001 272
1751301892199 0.001 273
1751301950905 0.001 274
1751302009469 0.001 275
1751302068222 0.001 276
1751302126684 0.001 277
1751302185137 0.001 278
1751302243593 0.001 279
1751312928093 0.0005 280
1751312986766 0.0005 281
1751313045183 0.0005 282
1751313103742 0.0005 283
1751313162287 0.0005 284
1751313220901 0.0005 285
1751313279607 0.0005 286
1751313338242 0.0005 287
1751313396799 0.0005 288
1751313455375 0.0005 289
1751313513966 0.0005 290
1751313572545 0.0005 291
1751313631060 0.0005 292
1751313689894 0.0005 293
1751313748517 0.0005 294
1751313807033 0.0005 295
1751313865552 0.0005 296
1751313924179 0.0005 297
1751313982830 0.0005 298
1751314041131 0.0005 299
1751314099713 0.0005 300
1751314158228 0.0005 301
1751314216674 0.0005 302
1751314275392 0.0005 303
1751314333905 0.0005 304
1751314392547 0.0005 305
1751314451071 0.0005 306
1751314509779 0.0005 307
1751314568541 0.0005 308
1751314627188 0.0005 309
1751314685865 0.0005 310
1751314744250 0.0005 311
1751314802865 0.0005 312
1751314861402 0.0005 313
1751314919817 0.0005 314
1751314978260 0.0005 315
1751315036791 0.0005 316
1751315095360 0.0005 317
1751315153934 0.0005 318
1751315212502 0.0005 319
1751325862645 0.0005 320
1751325921362 0.0005 321
1751325979955 0.0005 322
1751326038646 0.0005 323
1751326097299 0.0005 324
1751326155970 0.0005 325
1751326214613 0.0005 326
1751326273314 0.0005 327
1751326332072 0.0005 328
1751326390671 0.0005 329
1751326449238 0.0005 330
1751326508025 0.0005 331
1751326566709 0.0005 332
1751326625312 0.0005 333
1751326683952 0.0005 334
1751326742494 0.0005 335
1751326801328 0.0005 336
1751326860077 0.0005 337
1751326918615 0.0005 338
1751326977198 0.0005 339
1751327035812 0.0005 340
1751327094524 0.0005 341
1751327153025 0.0005 342
1751327211502 0.0005 343
1751327270077 0.0005 344
1751327328684 0.0005 345
1751327387350 0.0005 346
1751327446076 0.0005 347
1751327504820 0.0005 348
1751327563617 0.0005 349
1751327622263 0.0005 350
1751327681073 0.0005 351
1751327739690 0.0005 352
1751327798421 0.0005 353
1751327856999 0.0005 354
1751327915734 0.0005 355
1751327974429 0.0005 356
1751328033104 0.0005 357
1751328091641 0.0005 358
1751328150318 0.0005 359
1751338984639 0.0005 360
1751339043244 0.0005 361
1751339101612 0.0005 362
1751339160125 0.0005 363
1751339218761 0.0005 364
1751339277220 0.0005 365
1751339335519 0.0005 366
1751339394335 0.0005 367
1751339453654 0.0005 368
1751339512432 0.0005 369
1751339571273 0.0005 370
1751339630039 0.0005 371
1751339688823 0.0005 372
1751339747562 0.0005 373
1751339806294 0.0005 374
1751339865375 0.0005 375
1751339924166 0.0005 376
1751339982856 0.0005 377
1751340041541 0.0005 378
1751340100298 0.0005 379
1751340158985 0.0005 380
1751340217935 0.0005 381
1751340276803 0.0005 382
1751340335433 0.0005 383
1751340394259 0.0005 384
1751340452986 0.0005 385
1751340511725 0.0005 386
1751340570338 0.0005 387
1751340629130 0.0005 388
1751340687908 0.0005 389
1751340746709 0.0005 390
1751340805565 0.0005 391
1751340864400 0.0005 392
1751340923189 0.0005 393
1751340981824 0.0005 394
1751341040383 0.0005 395
1751341099009 0.0005 396
1751341157594 0.0005 397
1751341216310 0.0005 398
1751341275112 0.0005 399
1751352167107 0.0005 400
1751352226268 0.0005 401
1751352285281 0.0005 402
1751352344295 0.0005 403
1751352403346 0.0005 404
1751352462269 0.0005 405
1751352521322 0.0005 406
1751352580355 0.0005 407
1751352639377 0.0005 408
1751352698228 0.0005 409
1751352757318 0.0005 410
1751352816411 0.0005 411
1751352875415 0.0005 412
1751352934443 0.0005 413
1751352993223 0.0005 414
1751353052201 0.0005 415
1751353110978 0.0005 416
1751353169904 0.0005 417
1751353229012 0.0005 418
1751353288073 0.0005 419
1751353347123 0.0005 420
1751353406108 0.0005 421
1751353465071 0.0005 422
1751353524080 0.0005 423
1751353583045 0.0005 424
1751353641863 0.0005 425
1751353700815 0.0005 426
1751353759685 0.0005 427
1751353818730 0.0005 428
1751353877836 0.0005 429
1751353936677 0.0005 430
1751353995835 0.0005 431
1751354054754 0.0005 432
1751354113581 0.0005 433
1751354172711 0.0005 434
1751354231560 0.0005 435
1751354290509 0.0005 436
1751354349443 0.0005 437
1751354408396 0.0005 438
1751354467504 0.0005 439
1751365308265 0.0005 440
1751365366893 0.0005 441
1751365425863 0.0005 442
1751365484460 0.0005 443
1751365543167 0.0005 444
1751365601734 0.0005 445
1751365660400 0.0005 446
1751365719025 0.0005 447
1751365777619 0.0005 448
1751365836301 0.0005 449
1751365895232 0.0005 450
1751365954050 0.0005 451
1751366013075 0.0005 452
1751366071895 0.0005 453
1751366130813 0.0005 454
1751366189784 0.0005 455
1751366248820 0.0005 456
1751366307904 0.0005 457
1751366366824 0.0005 458
1751366426069 0.0005 459
1751366485082 0.0005 460
1751366544013 0.0005 461
1751366602948 0.0005 462
1751366661715 0.0005 463
1751366720710 0.0005 464
1751366779629 0.0005 465
1751366838487 0.0005 466
1751366897460 0.0005 467
1751366956390 0.0005 468
1751367015326 0.0005 469
1751367074180 0.0005 470
1751367133191 0.0005 471
1751367191944 0.0005 472
1751367250883 0.0005 473
1751367309832 0.0005 474
1751367368774 0.0005 475
1751367427619 0.0005 476
1751367486530 0.0005 477
1751367545716 0.0005 478
1751367604955 0.0005 479
1751378412928 0.0005 480
1751378471817 0.0005 481
1751378530603 0.0005 482
1751378589170 0.0005 483
1751378647703 0.0005 484
1751378706176 0.0005 485
1751378765052 0.0005 486
1751378823687 0.0005 487
1751378882331 0.0005 488
1751378941000 0.0005 489
1751378999635 0.0005 490
1751379058464 0.0005 491
1751379117077 0.0005 492
1751379175779 0.0005 493
1751379234288 0.0005 494
1751379293051 0.0005 495
1751379351963 0.0005 496
1751379410725 0.0005 497
1751379469430 0.0005 498
1751379528230 0.0005 499
1751379586881 0.0005 500
1751379645712 0.0005 501
1751379704496 0.0005 502
1751379763224 0.0005 503
1751379821904 0.0005 504
1751379880601 0.0005 505
1751379939340 0.0005 506
1751379997974 0.0005 507
1751380056867 0.0005 508
1751380115810 0.0005 509
1751380174810 0.0005 510
1751380233772 0.0005 511
1751380292636 0.0005 512
1751380351649 0.0005 513
1751380410510 0.0005 514
1751380469484 0.0005 515
1751380528593 0.0005 516
1751380587327 0.0005 517
1751380646366 0.0005 518
1751380705406 0.0005 519
