1746677064371 0.20017204591264454 0
1746677084887 0.20852554966139003 19
1746677105570 0.23434087018123856 38
1746677299634 0.34208883978646065 40
1746677328764 0.3557344420736593 59
1746677357638 0.3733607144965549 78
1746677547910 0.5006536057955858 80
1746677577499 0.5181828915520397 99
1746677606565 0.5312339234058344 118
1746677798547 0.6283386605719683 120
1746677828219 0.6354650721496462 139
1746677857597 0.643046899378442 158
1746678050299 0.7031701989491705 160
1746678079972 0.6947239253455677 179
1746678109118 0.7004039705497879 198
1746678301197 0.7343029188769787 200
1746678330817 0.7190464945645298 219
1746678360015 0.7198308215192328 238
1746678552038 0.7461437258060435 240
1746678581680 0.728656608165434 259
1746678610906 0.7295758730908386 278
1746678802720 0.7382540713315847 280
1746678832336 0.7314776551154142 299
1746678861601 0.7322872829396236 318
1746679055175 0.7525743634722913 320
1746679085010 0.7349059229335515 339
