1751219953437 0.3984 0
1751223751139 0.4212 1
1751227723925 0.4472 2
1751231726714 0.4526 3
1751235800673 0.4592 4
1751239862635 0.461 5
1751243866228 0.4652 6
1751248001607 0.4744 7
1751252033796 0.4688 8
1751256126640 0.4732 9
1751260207424 0.4702 10
1751264283176 0.4712 11
1751268450242 0.4788 12
1751272664360 0.48 13
1751276713074 0.4768 14
1751280866777 0.4824 15
1751284958098 0.4776 16
1751289066152 0.4748 17
1751293203648 0.4796 18
1751297341049 0.4802 19
1751301488831 0.4792 20
1751305642213 0.4816 21
1751309734574 0.4826 22
1751313872450 0.4842 23
1751318008779 0.4828 24
1751322130737 0.4828 25
1751326226671 0.4822 26
1751330390712 0.4856 27
1751334529616 0.4844 28
1751338715266 0.4876 29
1751342869845 0.4838 30
1751347060998 0.4848 31
1751351249579 0.4858 32
1751355381231 0.4924 33
1751359601268 0.4892 34
1751363794891 0.4922 35
1751367898829 0.4862 36
1751372016735 0.4928 37
1751376207194 0.4942 38
1751380353424 0.4948 39
1751384466497 0.4862 40
1751388689928 0.4912 41
