1746679901303 0.1042 0
1746679953834 0.1672 19
1746680006276 0.1636 38
1746680127178 0.173 40
1746680179724 0.2386 59
1746680232089 0.2884 78
1746680352978 0.1806 80
1746680405819 0.2762 99
1746680459201 0.2916 118
1746680581317 0.2278 120
1746680634629 0.3092 139
1746680687805 0.3256 158
1746680808579 0.1814 160
1746680862179 0.2946 179
1746680915841 0.3026 198
1746681038217 0.2154 200
1746681092159 0.336 219
1746681146006 0.3354 238
1746681267411 0.2714 240
1746681320572 0.332 259
1746681373231 0.3422 278
1746681495969 0.2392 280
1746681549698 0.3464 299
1746681603685 0.3508 318
1746681726692 0.273 320
1746681780807 0.3638 339
1746681835006 0.3696 358
1746681957924 0.2354 360
1746682012092 0.3742 379
1746682065974 0.3736 398
1746682189290 0.2748 400
1746682243316 0.3826 419
1746682297148 0.3908 438
1746682421032 0.288 440
1746682474917 0.3932 459
1746682529147 0.398 478
1746682652560 0.2594 480
1746682706979 0.3974 499
1746682761326 0.4022 518
1746682884641 0.32 520
1746682938795 0.4136 539
1746682992900 0.4142 558
1746683117070 0.2786 560
1746683171198 0.4128 579
1746683225661 0.4176 598
1746683350043 0.2642 600
1746683404366 0.4136 619
1746683458851 0.4206 638
1746683583187 0.3182 640
1746683637831 0.4202 659
1746683692488 0.4292 678
1746683816073 0.2602 680
1746683870778 0.4282 699
1746683925287 0.4344 718
1746684049835 0.2908 720
1746684104511 0.439 739
1746684158884 0.44 758
1746684283934 0.3144 760
1746684338385 0.4392 779
1746684393141 0.446 798
1746684517925 0.2646 800
1746684572878 0.4328 819
1746684627646 0.4412 838
1746684752326 0.2738 840
1746684807179 0.4468 859
1746684861663 0.4476 878
1746684986534 0.285 880
1746685041178 0.4394 899
1746685095544 0.4488 918
1746685219845 0.396 920
1746685274102 0.4534 939
1746685328909 0.4582 958
1746685453681 0.3484 960
1746685508260 0.46 979
1746685562903 0.4606 998
1746685686906 0.3242 1000
1746685741513 0.4536 1019
1746685795570 0.4606 1038
1746685919975 0.2832 1040
1746685974000 0.4622 1059
1746686028437 0.4602 1078
1746686152816 0.2714 1080
1746686207023 0.46 1099
1746686261541 0.4626 1118
1746686385943 0.2924 1120
1746686440616 0.4656 1139
1746686495105 0.4686 1158
1746686619291 0.465 1160
1746686673848 0.489 1179
1746686728620 0.4912 1198
1746686852846 0.4548 1200
1746686907548 0.4942 1219
1746686961873 0.497 1238
1746687086497 0.431 1240
1746687140851 0.4944 1259
1746687195500 0.5012 1278
1746687319403 0.4536 1280
1746687374163 0.498 1299
1746687428942 0.4992 1318
1746687553173 0.4512 1320
1746687607947 0.502 1339
1746687662345 0.501 1358
1746687786523 0.4598 1360
1746687841248 0.5008 1379
1746687895731 0.508 1398
1746688020310 0.447 1400
1746688074365 0.508 1419
1746688128650 0.5074 1438
1746688252544 0.4446 1440
1746688307248 0.5082 1459
1746688361997 0.5078 1478
1746688485651 0.4484 1480
1746688540448 0.5056 1499
1746688595234 0.5094 1518
1746688720702 0.4996 1520
1746688775229 0.5092 1539
1746688830407 0.5106 1558
1746688955021 0.4934 1560
1746689009007 0.5124 1579
1746689063794 0.5122 1598
1746689187585 0.4968 1600
1746689241866 0.5136 1619
1746689296660 0.5144 1638
1746689420751 0.5028 1640
1746689475464 0.5184 1659
1746689530170 0.5176 1678
1746689654496 0.5008 1680
1746689709301 0.5176 1699
1746689763679 0.5194 1718
1746689888745 0.5064 1720
1746689943253 0.5206 1739
1746689998170 0.5242 1758
1746690122950 0.5126 1760
1746690177853 0.5262 1779
1746690232149 0.5246 1798
1746690356863 0.5248 1800
1746690411882 0.5264 1819
1746690466304 0.5268 1838
1746690591218 0.526 1840
1746690645984 0.5282 1859
1746690700331 0.5296 1878
1746690825226 0.5274 1880
1746690879893 0.5294 1899
1746690934629 0.5306 1918
1746691059189 0.5268 1920
1746691114003 0.5294 1939
1746691168675 0.5316 1958
1746691293713 0.524 1960
1746691348948 0.5288 1979
1746691403122 0.531 1998
1746691527947 0.5258 2000
1746691582510 0.5288 2019
1746691637256 0.5328 2038
1746691762362 0.5264 2040
1746691816936 0.5308 2059
1746691871818 0.5328 2078
1746691996606 0.53 2080
1746692051476 0.5322 2099
1746692106326 0.5318 2118
1746692230806 0.5312 2120
1746692285735 0.5304 2139
1746692340570 0.5316 2158
1746692465169 0.5332 2160
1746692520031 0.5304 2179
1746692574504 0.5314 2198
1746692699746 0.5332 2200
1746692753909 0.5302 2219
1746692808173 0.5318 2238
1746692932759 0.5342 2240
1746692987593 0.5298 2259
1746693042584 0.5308 2278
1746693166555 0.5326 2280
1746693221201 0.5306 2299
1746693275827 0.532 2318
1746693401289 0.5316 2320
1746693456027 0.5314 2339
1746693510710 0.5306 2358
1746693636192 0.531 2360
1746693690771 0.5308 2379
1746693745609 0.5314 2398
1746693870510 0.5326 2400
1746693925468 0.5294 2419
1746693980415 0.529 2438
1746694105225 0.5308 2440
1746694160102 0.5298 2459
1746694214545 0.5292 2478
1746694339728 0.5312 2480
1746694394244 0.529 2499
1746694449102 0.5286 2518
1746694574411 0.53 2520
1746694628886 0.53 2539
1746694683668 0.529 2558
1746694808535 0.5304 2560
1746694863360 0.5284 2579
1746694918083 0.5272 2598
1746695042033 0.5296 2600
1746695096956 0.529 2619
1746695151833 0.5276 2638
1746695276913 0.5288 2640
1746695331953 0.5288 2659
1746695386561 0.5292 2678
1746695511889 0.5284 2680
1746695566487 0.5284 2699
1746695621458 0.529 2718
1746695746832 0.527 2720
1746695801607 0.5278 2739
1746695856598 0.5288 2758
1746695980921 0.5318 2760
1746696035994 0.5298 2779
1746696090823 0.5278 2798
1746696216721 0.5294 2800
1746696271944 0.53 2819
1746696326985 0.5274 2838
1746696452621 0.529 2840
1746696507221 0.5304 2859
1746696562123 0.5284 2878
1746696687513 0.5288 2880
1746696742673 0.53 2899
1746696797889 0.5276 2918
1746696922770 0.5282 2920
1746696977744 0.53 2939
1746697032403 0.5284 2958
1746697158191 0.5292 2960
1746697213003 0.5296 2979
1746697268121 0.5286 2998
1746697393707 0.531 3000
1746697448185 0.5292 3019
1746697502909 0.5284 3038
1746697628662 0.53 3040
1746697683800 0.5286 3059
1746697738808 0.5292 3078
1746697864254 0.53 3080
1746697919419 0.5292 3099
1746697974486 0.5294 3118
1746698099911 0.5294 3120
1746698154979 0.5292 3139
1746698209622 0.53 3158
1746698334179 0.5296 3160
1746698388349 0.5284 3179
1746698442654 0.5296 3198
1746698568086 0.5292 3200
1746698623304 0.5284 3219
1746698678520 0.5292 3238
1746698803609 0.5298 3240
1746698858744 0.5292 3259
1746698913537 0.5302 3278
1746699039377 0.5292 3280
1746699094457 0.528 3299
1746699149227 0.5298 3318
1746699274864 0.5292 3320
1746699329696 0.528 3339
1746699384963 0.5294 3358
1746699510542 0.5294 3360
1746699565734 0.5282 3379
1746699621045 0.53 3398
1746699746342 0.5294 3400
1746699801518 0.528 3419
1746699856369 0.5304 3438
1746699982001 0.5292 3440
1746700036525 0.529 3459
1746700091723 0.5304 3478
1746700216376 0.5288 3480
1746700271240 0.5288 3499
1746700326464 0.5298 3518
1746700452066 0.5292 3520
1746700507290 0.5284 3539
1746700562570 0.53 3558
1746700687985 0.5292 3560
1746700743151 0.5284 3579
1746700798280 0.5302 3598
1746700923815 0.5292 3600
1746700978955 0.5284 3619
1746701033863 0.53 3638
1746701159612 0.5286 3640
1746701214275 0.5284 3659
1746701269481 0.5304 3678
1746701394770 0.5284 3680
1746701449965 0.5282 3699
1746701505215 0.5306 3718
1746701630382 0.5302 3720
1746701684965 0.5298 3739
1746701739339 0.5298 3758
1746701864717 0.5298 3760
1746701919641 0.5298 3779
1746701974374 0.5296 3798
1746702098784 0.5294 3800
1746702153410 0.5294 3819
1746702207779 0.5296 3838
1746702332452 0.5296 3840
1746702387794 0.5298 3859
1746702443101 0.5296 3878
1746702568723 0.5296 3880
1746702624494 0.5302 3899
1746702679894 0.5298 3918
1746702806987 0.5296 3920
1746702862466 0.5296 3939
1746702918151 0.5294 3958
1746703045279 0.53 3960
1746703100180 0.5302 3979
1746703155679 0.5296 3998
