1746679901303 3.533865451812744 0
1746679953834 2.243235468864441 19
1746680006276 2.2183490991592407 38
1746680127178 2.1702518463134766 40
1746680179724 2.0187731981277466 59
1746680232089 1.9457513689994812 78
1746680352978 2.169785976409912 80
1746680405819 1.9597801566123962 99
1746680459201 1.9428341388702393 118
1746680581317 2.080275058746338 120
1746680634629 1.8833519220352173 139
1746680687805 1.8347070813179016 158
1746680808579 2.5442758798599243 160
1746680862179 1.9365641474723816 179
1746680915841 1.9080045223236084 198
1746681038217 2.2445499897003174 200
1746681092159 1.8353598713874817 219
1746681146006 1.8266342878341675 238
1746681267411 2.054387092590332 240
1746681320572 1.8469082713127136 259
1746681373231 1.8225133419036865 278
1746681495969 2.2310394048690796 280
1746681549698 1.7993471026420593 299
1746681603685 1.7856366038322449 318
1746681726692 1.9763054251670837 320
1746681780807 1.7686622738838196 339
1746681835006 1.7494634985923767 358
1746681957924 2.1403262615203857 360
1746682012092 1.7424132227897644 379
1746682065974 1.7307214736938477 398
1746682189290 2.0773593187332153 400
1746682243316 1.6968538761138916 419
1746682297148 1.6822521686553955 438
1746682421032 2.05808424949646 440
1746682474917 1.680429220199585 459
1746682529147 1.663714051246643 478
1746682652560 2.330858588218689 480
1746682706979 1.6791351437568665 499
1746682761326 1.6556436419487 518
1746682884641 1.9382538795471191 520
1746682938795 1.6351173520088196 539
1746682992900 1.6214535236358643 558
1746683117070 2.0699503421783447 560
1746683171198 1.6303498148918152 579
1746683225661 1.6172832250595093 598
1746683350043 2.3444483280181885 600
1746683404366 1.6554219126701355 619
1746683458851 1.6312279105186462 638
1746683583187 2.0551722049713135 640
1746683637831 1.6062065362930298 659
1746683692488 1.5875058770179749 678
1746683816073 2.1237945556640625 680
1746683870778 1.6033601760864258 699
1746683925287 1.5852368474006653 718
1746684049835 2.011444926261902 720
1746684104511 1.5766066908836365 739
1746684158884 1.561903715133667 758
1746684283934 1.9685061573982239 760
1746684338385 1.568155825138092 779
1746684393141 1.553378701210022 798
1746684517925 2.168179512023926 800
1746684572878 1.5820643305778503 819
1746684627646 1.5594324469566345 838
1746684752326 2.072160482406616 840
1746684807179 1.5634206533432007 859
1746684861663 1.545938789844513 878
1746684986534 2.007714033126831 880
1746685041178 1.5553946495056152 899
1746685095544 1.5370163321495056 918
1746685219845 1.6906601786613464 920
1746685274102 1.519752860069275 939
1746685328909 1.5029557943344116 958
1746685453681 1.7833656668663025 960
1746685508260 1.5119527578353882 979
1746685562903 1.4929257035255432 998
1746685686906 2.0508522987365723 1000
1746685741513 1.5302457213401794 1019
1746685795570 1.5177876353263855 1038
1746685919975 2.1850171089172363 1040
1746685974000 1.5362732410430908 1059
1746686028437 1.5162336230278015 1078
1746686152816 2.286885380744934 1080
1746686207023 1.5331838726997375 1099
1746686261541 1.517669141292572 1118
1746686385943 2.148038625717163 1120
1746686440616 1.521110713481903 1139
1746686495105 1.5047765970230103 1158
1746686619291 1.490885615348816 1160
1746686673848 1.4495576620101929 1179
1746686728620 1.4379640817642212 1198
1746686852846 1.536405324935913 1200
1746686907548 1.4341228008270264 1219
1746686961873 1.428139328956604 1238
1746687086497 1.607296884059906 1240
1746687140851 1.4392915964126587 1259
1746687195500 1.4238516092300415 1278
1746687319403 1.531087040901184 1280
1746687374163 1.4270989298820496 1299
1746687428942 1.4159201979637146 1318
1746687553173 1.5377294421195984 1320
1746687607947 1.417348027229309 1339
1746687662345 1.4087309837341309 1358
1746687786523 1.5184550285339355 1360
1746687841248 1.4148627519607544 1379
1746687895731 1.405413806438446 1398
1746688020310 1.5575547814369202 1400
1746688074365 1.4084317088127136 1419
1746688128650 1.4016019701957703 1438
1746688252544 1.5716696381568909 1440
1746688307248 1.4070331454277039 1459
1746688361997 1.3986223340034485 1478
1746688485651 1.557755470275879 1480
1746688540448 1.399209976196289 1499
1746688595234 1.3938136100769043 1518
1746688720702 1.4107532501220703 1520
1746688775229 1.3918477892875671 1539
1746688830407 1.3892383575439453 1558
1746688955021 1.4302781224250793 1560
1746689009007 1.388343870639801 1579
1746689063794 1.386789619922638 1598
1746689187585 1.4331836700439453 1600
1746689241866 1.3861029148101807 1619
1746689296660 1.3837226629257202 1638
1746689420751 1.4328439235687256 1640
1746689475464 1.3801864981651306 1659
1746689530170 1.3781368732452393 1678
1746689654496 1.4331029653549194 1680
1746689709301 1.376948356628418 1699
1746689763679 1.3758587837219238 1718
1746689888745 1.4183125495910645 1720
1746689943253 1.3766986727714539 1739
1746689998170 1.376063346862793 1758
1746690122950 1.4112603068351746 1760
1746690177853 1.3733264803886414 1779
1746690232149 1.373833179473877 1798
1746690356863 1.3848150372505188 1800
1746690411882 1.3719253540039062 1819
1746690466304 1.373245358467102 1838
1746690591218 1.3827871084213257 1840
1746690645984 1.3704083561897278 1859
1746690700331 1.3722622990608215 1878
1746690825226 1.3844072818756104 1880
1746690879893 1.3690072298049927 1899
1746690934629 1.3711970448493958 1918
1746691059189 1.384211242198944 1920
1746691114003 1.3686919212341309 1939
1746691168675 1.371459424495697 1958
1746691293713 1.389679729938507 1960
1746691348948 1.3711673617362976 1979
1746691403122 1.3707528710365295 1998
1746691527947 1.3890133500099182 2000
1746691582510 1.3692090511322021 2019
1746691637256 1.3704596161842346 2038
1746691762362 1.3873584866523743 2040
1746691816936 1.3686508536338806 2059
1746691871818 1.3705101013183594 2078
1746691996606 1.3731311559677124 2080
1746692051476 1.369544804096222 2099
1746692106326 1.3705045580863953 2118
1746692230806 1.3729295134544373 2120
1746692285735 1.3695636987686157 2139
1746692340570 1.3702210783958435 2158
1746692465169 1.3727503418922424 2160
1746692520031 1.3693735599517822 2179
1746692574504 1.3701506853103638 2198
1746692699746 1.3731122016906738 2200
1746692753909 1.3692431449890137 2219
1746692808173 1.3701212406158447 2238
1746692932759 1.3727562427520752 2240
1746692987593 1.369005799293518 2259
1746693042584 1.3700637817382812 2278
1746693166555 1.3733332753181458 2280
1746693221201 1.3690484166145325 2299
1746693275827 1.3698189854621887 2318
1746693401289 1.3728055357933044 2320
1746693456027 1.3689061999320984 2339
1746693510710 1.3696367144584656 2358
1746693636192 1.3725674152374268 2360
1746693690771 1.368377447128296 2379
1746693745609 1.3696531653404236 2398
1746693870510 1.3675077557563782 2400
1746693925468 1.3688588738441467 2419
1746693980415 1.3695480823516846 2438
1746694105225 1.3674641847610474 2440
1746694160102 1.3685510158538818 2459
1746694214545 1.3691613674163818 2478
1746694339728 1.3671847581863403 2480
1746694394244 1.3683830499649048 2499
1746694449102 1.368881642818451 2518
1746694574411 1.3670560121536255 2520
1746694628886 1.368450105190277 2539
1746694683668 1.3688849806785583 2558
1746694808535 1.3671255707740784 2560
1746694863360 1.3684873580932617 2579
1746694918083 1.36900794506073 2598
1746695042033 1.3670584559440613 2600
1746695096956 1.368454933166504 2619
1746695151833 1.3692094087600708 2638
1746695276913 1.3670414090156555 2640
1746695331953 1.3685098886489868 2659
1746695386561 1.369168221950531 2678
1746695511889 1.366973340511322 2680
1746695566487 1.3685154914855957 2699
1746695621458 1.3694427013397217 2718
1746695746832 1.366923213005066 2720
1746695801607 1.3688665628433228 2739
1746695856598 1.3696878552436829 2758
1746695980921 1.3652978539466858 2760
1746696035994 1.3685601353645325 2779
1746696090823 1.3694819211959839 2798
1746696216721 1.3653613328933716 2800
1746696271944 1.3684040904045105 2819
1746696326985 1.3691037893295288 2838
1746696452621 1.3652490377426147 2840
1746696507221 1.3681965470314026 2859
1746696562123 1.3690383434295654 2878
1746696687513 1.3651509881019592 2880
1746696742673 1.3681123852729797 2899
1746696797889 1.3688928484916687 2918
1746696922770 1.3651536703109741 2920
1746696977744 1.3681439757347107 2939
1746697032403 1.3689181804656982 2958
1746697158191 1.3652116060256958 2960
1746697213003 1.368070900440216 2979
1746697268121 1.3688854575157166 2998
1746697393707 1.3640777468681335 3000
1746697448185 1.367711067199707 3019
1746697502909 1.368373990058899 3038
1746697628662 1.3639733791351318 3040
1746697683800 1.3676545023918152 3059
1746697738808 1.368102252483368 3078
1746697864254 1.3638545274734497 3080
1746697919419 1.3675256371498108 3099
1746697974486 1.3679243326187134 3118
1746698099911 1.3638521432876587 3120
1746698154979 1.3674326539039612 3139
1746698209622 1.3678268194198608 3158
1746698334179 1.3636375069618225 3160
1746698388349 1.3673651814460754 3179
1746698442654 1.3677724599838257 3198
1746698568086 1.3636038303375244 3200
1746698623304 1.3672917485237122 3219
1746698678520 1.36762535572052 3238
1746698803609 1.363105297088623 3240
1746698858744 1.3665751218795776 3259
1746698913537 1.3673965334892273 3278
1746699039377 1.3631171584129333 3280
1746699094457 1.366493284702301 3299
1746699149227 1.367207407951355 3318
1746699274864 1.3630369901657104 3320
1746699329696 1.3664882183074951 3339
1746699384963 1.3671292066574097 3358
1746699510542 1.3630608916282654 3360
1746699565734 1.366378664970398 3379
1746699621045 1.3670145869255066 3398
1746699746342 1.3629685044288635 3400
1746699801518 1.36631441116333 3419
1746699856369 1.3669463992118835 3438
1746699982001 1.3629257678985596 3440
1746700036525 1.366247296333313 3459
1746700091723 1.366831123828888 3478
1746700216376 1.3626561760902405 3480
1746700271240 1.3656766414642334 3499
1746700326464 1.3664456605911255 3518
1746700452066 1.3626962900161743 3520
1746700507290 1.3655670881271362 3539
1746700562570 1.3663256764411926 3558
1746700687985 1.362717866897583 3560
1746700743151 1.365491509437561 3579
1746700798280 1.3662363290786743 3598
1746700923815 1.3626946210861206 3600
1746700978955 1.3653908371925354 3619
1746701033863 1.3661922812461853 3638
1746701159612 1.3626809120178223 3640
1746701214275 1.365374743938446 3659
1746701269481 1.3661606311798096 3678
1746701394770 1.362681806087494 3680
1746701449965 1.3653640747070312 3699
1746701505215 1.3661330342292786 3718
1746701630382 1.3630362749099731 3720
1746701684965 1.3649581670761108 3739
1746701739339 1.3658543825149536 3758
1746701864717 1.3629193305969238 3760
1746701919641 1.364850103855133 3779
1746701974374 1.365746557712555 3798
1746702098784 1.362879991531372 3800
1746702153410 1.3647816181182861 3819
1746702207779 1.3656573295593262 3838
1746702332452 1.3628634810447693 3840
1746702387794 1.364745020866394 3859
1746702443101 1.36556077003479 3878
1746702568723 1.3628699779510498 3880
1746702624494 1.3646861910820007 3899
1746702679894 1.365557849407196 3918
1746702806987 1.362868070602417 3920
1746702862466 1.3646717071533203 3939
1746702918151 1.36553955078125 3958
1746703045279 1.363468050956726 3960
1746703100180 1.364652156829834 3979
1746703155679 1.3653126955032349 3998
