1747305349035 3e-05 0
1747306062111 3e-05 1
1747306779003 3e-05 2
1747307534851 3e-05 3
1747308261262 3e-05 4
1747308995026 3e-05 5
1747309732529 3e-05 6
1747310473607 3e-05 7
1747311213391 3e-05 8
1747311954934 3e-05 9
1747312696876 3e-05 10
1747313440536 3e-05 11
1747314185799 3e-05 12
1747314933767 3e-05 13
1747315677074 3e-05 14
1747316422768 3e-05 15
1747317168751 3e-05 16
1747317916729 3e-05 17
1747318661971 3e-05 18
1747319409873 3e-05 19
1747320156604 3e-05 20
1747320898039 3e-05 21
1747321644403 3e-05 22
1747322388284 3e-05 23
1747323134046 3e-05 24
1747323878670 3e-05 25
1747324624579 3e-05 26
1747325371970 3e-05 27
1747326120494 3e-05 28
1747326871197 3e-05 29
1747327623258 3e-05 30
1747328374262 3e-05 31
1747329123378 3e-05 32
1747329870869 3e-05 33
1747330615611 3e-05 34
1747331357081 3e-05 35
1747332104333 3e-05 36
1747332846195 3e-05 37
1747333602442 3e-05 38
1747334359114 3e-05 39
1747335111427 3e-05 40
1747335862580 3e-05 41
1747336613037 3e-05 42
1747337368553 3e-05 43
1747338113858 3e-05 44
1747338855634 3e-05 45
1747339598752 3e-05 46
1747340338560 3e-05 47
