1747887177702 2.549531102180481 0
1747887264375 2.091607689857483 19
1747887351518 2.0836673974990845 38
1747887722529 2.4019776582717896 40
1747887804201 2.0906163454055786 59
1747887885304 2.079641342163086 78
1747888248252 2.195973515510559 80
1747888330707 2.053584575653076 99
1747888412579 2.030351400375366 118
1747888775625 2.3304728269577026 120
1747888858632 2.037686347961426 139
1747888941095 2.0267581939697266 158
1747889308076 2.277945399284363 160
1747889391178 2.033992052078247 179
1747889473920 2.017900586128235 198
1747889839130 2.242236018180847 200
1747889921707 2.0072688460350037 219
1747890004827 2.001541495323181 238
1747890373232 2.3700764179229736 240
1747890457367 2.007414937019348 259
1747890541247 2.0048441886901855 278
1747890913654 2.0853904485702515 280
1747890998050 1.9860457181930542 299
1747891082173 1.9845786690711975 318
1747891454962 2.0429911613464355 320
1747891540042 1.9776815176010132 339
1747891624599 1.9654322862625122 358
1747891996617 2.1986671686172485 360
1747892081196 1.9650987386703491 379
1747892165944 1.9562069177627563 398
1747892539660 2.276752471923828 400
1747892624271 1.9685466885566711 419
1747892708374 1.9594426155090332 438
1747893090997 2.1614205837249756 440
1747893177818 1.9443650841712952 459
1747893263949 1.9440902471542358 478
1747893647327 2.2252057790756226 480
1747893734235 1.9397903680801392 499
1747893827800 1.939979910850525 518
1747894212714 2.1542664766311646 520
1747894299323 1.9285016655921936 539
1747894385311 1.9276646375656128 558
1747894769991 2.1261767148971558 560
1747894857086 1.9281726479530334 579
1747894943606 1.914124071598053 598
1747895323607 2.0499720573425293 600
1747895410619 1.9051538705825806 619
1747895497578 1.9029678106307983 638
1747895883151 1.9622344374656677 640
1747895970928 1.8964152336120605 659
1747896057763 1.8873342871665955 678
1747896438890 1.9915689826011658 680
1747896525870 1.8799150586128235 699
1747896612420 1.8740853071212769 718
1747896994016 1.9613258242607117 720
1747897080881 1.8664510250091553 739
1747897167382 1.861604392528534 758
1747897550817 1.9586111903190613 760
1747897637791 1.854050099849701 779
1747897724126 1.8519022464752197 798
1747898100975 2.009005308151245 800
1747898187587 1.8635773658752441 819
1747898273449 1.8471317291259766 838
1747898654470 1.9278581142425537 840
1747898739972 1.8505505323410034 859
1747898825931 1.8404312133789062 878
1747899203047 1.9609379172325134 880
1747899288898 1.8446839451789856 899
1747899374177 1.8379417657852173 918
1747899753628 1.9558994770050049 920
1747899839219 1.8357802033424377 939
1747899924060 1.8292185068130493 958
1747900303543 1.930895745754242 960
1747900389882 1.8342555165290833 979
1747900475536 1.8254507780075073 998
1747900857139 1.9243164658546448 1000
1747900943698 1.8307183980941772 1019
1747901029863 1.8200801610946655 1038
1747901409810 1.9773865938186646 1040
1747901495511 1.8247170448303223 1059
1747901581556 1.8099589347839355 1078
1747901969259 1.875128149986267 1080
1747902057041 1.8091682195663452 1099
1747902143224 1.8050327897071838 1118
1747902519818 1.8507969975471497 1120
1747902605354 1.7989283800125122 1139
1747902689814 1.7928085327148438 1158
1747903065384 1.8801052570343018 1160
1747903150889 1.786779761314392 1179
1747903235810 1.7813435196876526 1198
1747903619551 1.8621641397476196 1200
1747903707143 1.7780965566635132 1219
1747903794093 1.7764994502067566 1238
1747904174593 1.8029436469078064 1240
1747904262073 1.7634616494178772 1259
1747904349184 1.7598406076431274 1278
1747904752569 1.7831555604934692 1280
1747904839321 1.7513225674629211 1299
1747904926402 1.7466503381729126 1318
1747905309418 1.8154600262641907 1320
1747905396789 1.753882110118866 1339
1747905485425 1.740001142024994 1358
1747905869627 1.781913161277771 1360
1747905957040 1.7386808395385742 1379
1747906043396 1.7328669428825378 1398
1747906425789 1.7743358612060547 1400
1747906512335 1.7285629510879517 1419
1747906599168 1.7293219566345215 1438
1747906981525 1.7843837141990662 1440
1747907068931 1.720484435558319 1459
1747907155494 1.7234413027763367 1478
1747907536900 1.8008434176445007 1480
1747907624178 1.7167737483978271 1499
1747907711978 1.7214467525482178 1518
1747908094799 1.7881713509559631 1520
1747908181206 1.7169561982154846 1539
1747908267496 1.718138039112091 1558
1747908651260 1.7891517281532288 1560
1747908737445 1.71222722530365 1579
1747908824536 1.714364230632782 1598
1747909206596 1.7873896360397339 1600
1747909293619 1.707034945487976 1619
1747909377942 1.7113768458366394 1638
1747909749696 1.780387043952942 1640
1747909834514 1.7064350843429565 1659
1747909919129 1.7079015374183655 1678
1747910292425 1.7800756692886353 1680
1747910377235 1.699293315410614 1699
1747910461579 1.704685389995575 1718
1747910834349 1.775184154510498 1720
1747910920230 1.6989254355430603 1739
1747911005942 1.7027822136878967 1758
1747911382554 1.7855089902877808 1760
1747911469103 1.6931403875350952 1779
1747911554662 1.7015706300735474 1798
1747911935270 1.7894761562347412 1800
1747912021318 1.6919898390769958 1819
1747912105842 1.7001413702964783 1838
1747912480275 1.792723834514618 1840
1747912564669 1.6909140348434448 1859
1747912648662 1.6983187198638916 1878
1747913029138 1.7941500544548035 1880
1747913115368 1.6898265480995178 1899
1747913199233 1.6958591938018799 1918
1747913575500 1.7932254076004028 1920
1747913660421 1.688398003578186 1939
1747913745122 1.6936445832252502 1958
1747914120385 1.792121946811676 1960
1747914205566 1.6867547631263733 1979
1747914290382 1.6915112733840942 1998
1747914668224 1.7704891562461853 2000
1747914755333 1.6954474449157715 2019
1747914841756 1.689583957195282 2038
1747915226184 1.7680973410606384 2040
1747915312674 1.6803456544876099 2059
1747915399943 1.6879172921180725 2078
1747915783121 1.7772313356399536 2080
1747915870007 1.6808791756629944 2099
1747915957291 1.6851977109909058 2118
1747916360519 1.7793241143226624 2120
1747916447876 1.679950773715973 2139
1747916534770 1.6832812428474426 2158
1747916919001 1.7795745730400085 2160
1747917005704 1.679058015346527 2179
1747917091730 1.6805685758590698 2198
1747917473957 1.7757859230041504 2200
1747917560341 1.6776037812232971 2219
1747917646332 1.678731381893158 2238
1747918025722 1.7730290293693542 2240
1747918111893 1.6759148240089417 2259
1747918197561 1.6767494082450867 2278
1747918574383 1.7699998617172241 2280
1747918659855 1.674280047416687 2299
1747918745484 1.674728512763977 2318
1747919123259 1.765527606010437 2320
1747919209131 1.6699811220169067 2339
1747919294065 1.6685277819633484 2358
1747919671954 1.7303194999694824 2360
1747919757524 1.6654722690582275 2379
1747919843603 1.664538025856018 2398
1747920221125 1.7405055165290833 2400
1747920306393 1.6652400493621826 2419
1747920392543 1.6656664609909058 2438
1747920787146 1.7473350763320923 2440
1747920873664 1.6641799211502075 2459
1747920959463 1.6644101738929749 2478
1747921340647 1.7431841492652893 2480
1747921426995 1.657155990600586 2499
1747921512394 1.655765175819397 2518
1747921890504 1.721109390258789 2520
1747921976454 1.6514948606491089 2539
1747922061681 1.65348881483078 2558
1747922457884 1.6859354376792908 2560
1747922543529 1.6474018096923828 2579
1747922629537 1.6497224569320679 2598
1747923007098 1.6903924942016602 2600
1747923093425 1.648820400238037 2619
1747923179150 1.647891640663147 2638
1747923555604 1.7031675577163696 2640
1747923640757 1.64676171541214 2659
1747923725610 1.6439668536186218 2678
1747924101943 1.6949697136878967 2680
1747924186285 1.6376931071281433 2699
1747924271256 1.6413837671279907 2718
1747924648913 1.7196794152259827 2720
1747924734619 1.642947494983673 2739
1747924820845 1.6444169878959656 2758
1747925201665 1.704846441745758 2760
1747925288127 1.6400858759880066 2779
1747925374624 1.6365967988967896 2798
1747925773585 1.7040021419525146 2800
1747925860209 1.633117437362671 2819
1747925946270 1.6332489848136902 2838
1747926352660 1.7214319109916687 2840
1747926450537 1.6318987011909485 2859
1747926536800 1.6341006755828857 2878
1747926916974 1.695131242275238 2880
1747927002924 1.627554178237915 2899
1747927089277 1.6313952207565308 2918
1747927468966 1.7034895420074463 2920
1747927555172 1.6403204202651978 2939
1747927641750 1.6300185322761536 2958
1747928015883 1.7054690718650818 2960
1747928100879 1.6291930079460144 2979
1747928186758 1.6250205636024475 2998
1747928565253 1.733021855354309 3000
1747928651579 1.632875919342041 3019
1747928736913 1.6277101039886475 3038
1747929118931 1.7335436940193176 3040
1747929205425 1.632633090019226 3059
1747929290765 1.6260395050048828 3078
1747929671972 1.7221709489822388 3080
1747929758236 1.6293113827705383 3099
1747929844739 1.6273316740989685 3118
1747930227170 1.650497317314148 3120
1747930313777 1.6227444410324097 3139
1747930400136 1.6206692457199097 3158
1747930777696 1.6322863698005676 3160
1747930863975 1.6182904243469238 3179
1747930949766 1.611362338066101 3198
1747931325360 1.62981379032135 3200
1747931411378 1.6052188277244568 3219
1747931497118 1.607014536857605 3238
1747931876380 1.6422526240348816 3240
1747931962911 1.6074861288070679 3259
1747932050083 1.6097991466522217 3278
1747932433762 1.6432724595069885 3280
1747932521140 1.60746568441391 3299
1747932607659 1.60825777053833 3318
1747932990393 1.6449228525161743 3320
1747933076201 1.6060416102409363 3339
1747933162378 1.6073640584945679 3358
1747933541747 1.644176721572876 3360
1747933627928 1.6056233644485474 3379
1747933713801 1.6067941188812256 3398
1747934091251 1.6411678194999695 3400
1747934177863 1.6056204438209534 3419
1747934263725 1.6065130233764648 3438
1747934646355 1.6403284668922424 3440
1747934732251 1.6050872206687927 3459
1747934818184 1.6061041951179504 3478
1747935200374 1.637578010559082 3480
1747935286783 1.6125484704971313 3499
1747935373130 1.602579414844513 3518
1747935754393 1.6430385112762451 3520
1747935840782 1.6023962497711182 3539
1747935926686 1.6010753512382507 3558
1747936307888 1.666230022907257 3560
1747936393808 1.6035171747207642 3579
1747936480621 1.6017438173294067 3598
1747936863144 1.6260404586791992 3600
1747936948953 1.603456735610962 3619
1747937035249 1.6004112362861633 3638
1747937414482 1.6419862508773804 3640
1747937499978 1.5990397930145264 3659
1747937586486 1.5980165600776672 3678
1747937965929 1.6585012078285217 3680
1747938051736 1.6051065325737 3699
1747938157619 1.598001480102539 3718
1747938538038 1.6415095329284668 3720
1747938624164 1.5975695848464966 3739
1747938710025 1.596450686454773 3758
1747939091505 1.6407318711280823 3760
1747939178075 1.596621572971344 3779
1747939264076 1.5961719751358032 3798
1747939646438 1.661587119102478 3800
1747939732251 1.603786826133728 3819
1747939818434 1.5955092310905457 3838
1747940197022 1.656559407711029 3840
1747940283083 1.598652184009552 3859
1747940368846 1.594052493572235 3878
1747940750474 1.6381912231445312 3880
1747940836836 1.5942880511283875 3899
1747940922516 1.5938991904258728 3918
1747941303844 1.6371147632598877 3920
1747941390329 1.5922475457191467 3939
1747941476126 1.5916301608085632 3958
1747941855713 1.6338133215904236 3960
1747941941293 1.5909790396690369 3979
1747942027469 1.5912115573883057 3998
1747942407538 1.632253885269165 4000
1747942493193 1.5903013944625854 4019
1747942579388 1.591376781463623 4038
1747942958234 1.6295854449272156 4040
1747943044306 1.5892890691757202 4059
1747943130320 1.5904847383499146 4078
1747943509645 1.6305401921272278 4080
1747943595915 1.5889265537261963 4099
1747943681387 1.5898680686950684 4118
1747944061783 1.5885237455368042 4120
1747944148307 1.5878704190254211 4139
1747944234059 1.5861490964889526 4158
1747944613063 1.6031983494758606 4160
1747944698623 1.5892193913459778 4179
1747944784768 1.5851879715919495 4198
1747945166044 1.5945119261741638 4200
1747945251930 1.5896657705307007 4219
1747945338090 1.5855519771575928 4238
1747945736074 1.5902010798454285 4240
1747945822810 1.5895466804504395 4259
1747945908481 1.5847037434577942 4278
1747946289702 1.5859863758087158 4280
1747946375621 1.5872111320495605 4299
1747946461845 1.5836631655693054 4318
1747946844853 1.5771839022636414 4320
1747946931959 1.5891056656837463 4339
1747947018236 1.583227515220642 4358
1747947398715 1.5833949446678162 4360
1747947484237 1.584941327571869 4379
1747947570025 1.5828121304512024 4398
1747947952574 1.5763736963272095 4400
1747948037661 1.5887309908866882 4419
1747948122571 1.5826902389526367 4438
1747948499154 1.5857900381088257 4440
1747948584582 1.5857561826705933 4459
1747948671236 1.582386314868927 4478
1747949055102 1.5750352144241333 4480
1747949141083 1.587680697441101 4499
1747949226780 1.5821818709373474 4518
1747949604385 1.5745143294334412 4520
1747949689319 1.586173176765442 4539
1747949773236 1.5816761255264282 4558
1747950149851 1.5757432579994202 4560
1747950234778 1.5847545266151428 4579
1747950320616 1.5813445448875427 4598
1747950704674 1.5727908611297607 4600
1747950791510 1.5858820080757141 4619
1747950877727 1.581390917301178 4638
1747951261291 1.5732812285423279 4640
1747951347961 1.5861514210700989 4659
1747951433985 1.5816003680229187 4678
1747951817696 1.5732406377792358 4680
1747951904735 1.5853420495986938 4699
1747951990990 1.5812245607376099 4718
1747952369456 1.5716026425361633 4720
1747952454082 1.5842314958572388 4739
1747952539607 1.580723762512207 4758
1747952915776 1.5710087418556213 4760
1747953000667 1.5834751725196838 4779
1747953084968 1.5804205536842346 4798
1747953463485 1.570610761642456 4800
1747953550751 1.5830624103546143 4819
1747953635923 1.5802903771400452 4838
1747954011982 1.5713302493095398 4840
1747954096789 1.582847774028778 4859
1747954181775 1.580207645893097 4878
1747954560841 1.5700350403785706 4880
1747954646274 1.5820947885513306 4899
1747954731141 1.5798395276069641 4918
1747955111642 1.5687773823738098 4920
1747955196659 1.581640601158142 4939
1747955282037 1.5796520113945007 4958
1747955659877 1.568095862865448 4960
1747955744751 1.5810312628746033 4979
1747955829716 1.5794541835784912 4998
1747956206877 1.5677660703659058 5000
1747956292491 1.5807803869247437 5019
1747956377393 1.5791438221931458 5038
1747956757680 1.5669552087783813 5040
1747956842814 1.5804744362831116 5059
1747956927840 1.5790226459503174 5078
1747957309874 1.565319836139679 5080
1747957395463 1.5799885988235474 5099
1747957481816 1.5788543224334717 5118
1747957866182 1.5634803175926208 5120
1747957952389 1.5795102715492249 5139
1747958037381 1.5787543654441833 5158
1747958421367 1.5617086291313171 5160
1747958507849 1.5790664553642273 5179
1747958594268 1.578886330127716 5198
1747958978994 1.5607585906982422 5200
1747959064691 1.5787410140037537 5219
1747959150043 1.5785948038101196 5238
1747959531027 1.5599734783172607 5240
1747959616291 1.5783191323280334 5259
1747959701343 1.578344702720642 5278
1747960086941 1.5589454770088196 5280
1747960172826 1.5778900980949402 5299
1747960258523 1.5781636238098145 5318
1747960644537 1.5576334595680237 5320
1747960729897 1.5776341557502747 5339
1747960815059 1.5780341029167175 5358
1747961197973 1.5569612383842468 5360
1747961283568 1.5771228671073914 5379
1747961369827 1.5778780579566956 5398
1747961752546 1.556153953075409 5400
1747961838383 1.576504409313202 5419
1747961924100 1.5776948928833008 5438
1747962307911 1.5553570985794067 5440
1747962393920 1.5760095715522766 5459
1747962479368 1.5775223970413208 5478
1747962861137 1.5544856190681458 5480
1747962946791 1.5757210850715637 5499
1747963032957 1.5774266123771667 5518
1747963416146 1.553718388080597 5520
1747963501819 1.5753831267356873 5539
1747963588651 1.5772919058799744 5558
1747963970664 1.552968680858612 5560
1747964055970 1.575070083141327 5579
1747964140814 1.5770972967147827 5598
1747964525408 1.5522581934928894 5600
1747964611743 1.5745999813079834 5619
1747964697773 1.5767636895179749 5638
1747965083869 1.5516710877418518 5640
1747965169924 1.5743243098258972 5659
1747965256260 1.5765346884727478 5678
1747965639623 1.550610363483429 5680
1747965725577 1.5741040110588074 5699
1747965811009 1.5765544772148132 5718
1747966193749 1.5499451756477356 5720
1747966279857 1.5737589597702026 5739
1747966365564 1.5763857960700989 5758
1747966748951 1.549458920955658 5760
1747966834912 1.5735520124435425 5779
1747966921108 1.5760180950164795 5798
1747967304028 1.54876309633255 5800
1747967389315 1.5732341408729553 5819
1747967474827 1.5757188200950623 5838
1747967856719 1.548292100429535 5840
1747967942314 1.5728077292442322 5859
1747968028242 1.5755782723426819 5878
1747968413006 1.5478835701942444 5880
1747968499972 1.572594940662384 5899
1747968587334 1.575338900089264 5918
1747968974005 1.5476897954940796 5920
1747969060747 1.5722582936286926 5939
1747969148289 1.5749555826187134 5958
1747969535961 1.5472798943519592 5960
1747969623750 1.5719168782234192 5979
1747969710541 1.5747600197792053 5998
1747970098906 1.546906590461731 6000
1747970186177 1.5716037154197693 6019
1747970273348 1.5745447278022766 6038
1747970661138 1.546590507030487 6040
1747970747833 1.571355938911438 6059
1747970834718 1.574314534664154 6078
1747971220565 1.5462685823440552 6080
1747971307065 1.5711630582809448 6099
1747971394413 1.5739814639091492 6118
1747971781383 1.5460311770439148 6120
1747971867523 1.5709484219551086 6139
1747971954853 1.5737648010253906 6158
