1749098314562 0.1234 0
1749098370709 0.2794 19
1749098427480 0.32 38
1749098563724 0.2492 40
1749098620847 0.3766 59
1749098677602 0.3842 78
1749098813434 0.3148 80
1749098871469 0.4106 99
1749098929338 0.4122 118
1749099067802 0.3142 120
1749099126240 0.4202 139
1749099184583 0.4256 158
1749099323314 0.269 160
1749099381604 0.4354 179
1749099440499 0.4406 198
1749099579239 0.3756 200
1749099638097 0.4484 219
1749099696571 0.4458 238
1749099836195 0.329 240
1749099895798 0.4524 259
1749099955067 0.4538 278
1749100095282 0.3866 280
1749100154215 0.4582 299
1749100213792 0.4602 318
1749100353858 0.283 320
1749100413602 0.45 339
1749100472679 0.4612 358
1749100613529 0.3598 360
1749100673028 0.4594 379
1749100732156 0.4652 398
1749100872379 0.3192 400
1749100931283 0.4594 419
1749100990557 0.468 438
1749101131261 0.291 440
1749101190428 0.4628 459
1749101249383 0.466 478
1749101389949 0.3986 480
1749101448984 0.4676 499
1749101508264 0.4682 518
1749101648476 0.3218 520
1749101707798 0.4678 539
1749101766583 0.4736 558
1749101906770 0.3588 560
1749101966224 0.4658 579
1749102025245 0.4746 598
1749102165770 0.3342 600
1749102224209 0.4708 619
1749102283463 0.4742 638
1749102424171 0.3266 640
1749102483575 0.4756 659
1749102542161 0.478 678
1749102682584 0.3322 680
1749102742337 0.4774 699
1749102802414 0.4796 718
1749102942954 0.3952 720
1749103002142 0.4676 739
1749103061514 0.4786 758
1749103202742 0.3964 760
1749103262137 0.479 779
1749103321457 0.484 798
1749103462486 0.3506 800
1749103521844 0.4858 819
1749103581655 0.4848 838
1749103722896 0.3866 840
1749103782547 0.4878 859
1749103841305 0.489 878
1749103981662 0.3696 880
1749104041005 0.4926 899
1749104100685 0.4896 918
1749104241638 0.3326 920
1749104301171 0.4832 939
1749104360340 0.4918 958
1749104501350 0.3162 960
1749104561052 0.4848 979
1749104620515 0.4932 998
1749104760533 0.356 1000
1749104818545 0.4922 1019
1749104877050 0.4948 1038
1749105015524 0.3708 1040
1749105074059 0.482 1059
1749105132511 0.493 1078
1749105270880 0.3776 1080
1749105329679 0.4916 1099
1749105389006 0.495 1118
1749105529573 0.3698 1120
1749105589245 0.497 1139
1749105648275 0.4968 1158
1749105789498 0.3936 1160
1749105847986 0.4996 1179
1749105907427 0.4978 1198
1749106048221 0.3912 1200
1749106107596 0.493 1219
1749106166890 0.5016 1238
1749106307524 0.4532 1240
1749106366815 0.4998 1259
1749106425850 0.5006 1278
1749106566594 0.4466 1280
1749106626260 0.4964 1299
1749106685778 0.4972 1318
1749106825936 0.4722 1320
1749106884850 0.4978 1339
1749106944188 0.5006 1358
1749107084951 0.4342 1360
1749107144626 0.4998 1379
1749107203696 0.503 1398
1749107342011 0.477 1400
1749107400359 0.5042 1419
1749107458927 0.5026 1438
1749107597986 0.45 1440
1749107655898 0.4982 1459
1749107714426 0.5078 1478
1749107853460 0.4208 1480
1749107912217 0.5026 1499
1749107970812 0.5056 1518
1749108110095 0.426 1520
1749108168753 0.5044 1539
1749108227202 0.5042 1558
1749108365645 0.4384 1560
1749108423495 0.5028 1579
1749108481833 0.5082 1598
1749108619901 0.4294 1600
1749108678737 0.5054 1619
1749108736761 0.5034 1638
1749108876107 0.462 1640
1749108934884 0.5012 1659
1749108993355 0.5026 1678
1749109132401 0.4008 1680
1749109190548 0.5024 1699
1749109248878 0.5094 1718
1749109387088 0.4336 1720
1749109445619 0.5008 1739
1749109503862 0.5012 1758
1749109642793 0.4272 1760
1749109701601 0.4984 1779
1749109760467 0.5102 1798
1749109898391 0.4742 1800
1749109956827 0.5076 1819
1749110015214 0.506 1838
1749110154189 0.3994 1840
1749110212898 0.5034 1859
1749110271132 0.5018 1878
1749110409936 0.3658 1880
1749110468784 0.5082 1899
1749110526939 0.511 1918
1749110666036 0.4026 1920
1749110724133 0.5086 1939
1749110782401 0.5118 1958
1749110920502 0.4206 1960
1749110978515 0.5106 1979
1749111036923 0.5038 1998
1749111175407 0.4446 2000
1749111234088 0.5134 2019
1749111292232 0.51 2038
1749111431155 0.484 2040
1749111489796 0.5102 2059
1749111547884 0.5076 2078
1749111687033 0.482 2080
1749111745155 0.5062 2099
1749111803804 0.5092 2118
1749111942935 0.4848 2120
1749112001299 0.5134 2139
1749112059521 0.5132 2158
1749112198891 0.4808 2160
1749112256589 0.5102 2179
1749112314558 0.5136 2198
1749112453668 0.4854 2200
1749112512000 0.5098 2219
1749112569992 0.5116 2238
1749112708350 0.4918 2240
1749112766865 0.5114 2259
1749112825262 0.5154 2278
1749112964430 0.4856 2280
1749113022966 0.5098 2299
1749113081871 0.5124 2318
1749113221196 0.502 2320
1749113279811 0.5078 2339
1749113338536 0.5126 2358
1749113478096 0.4826 2360
1749113536489 0.5108 2379
1749113595222 0.5108 2398
1749113734788 0.476 2400
1749113793441 0.5132 2419
1749113851663 0.5128 2438
1749113991775 0.4764 2440
1749114050443 0.5064 2459
1749114109329 0.5062 2478
1749114248230 0.4936 2480
1749114306615 0.5128 2499
1749114365404 0.5128 2518
1749114504900 0.5078 2520
1749114563362 0.5128 2539
1749114621499 0.5148 2558
1749114761784 0.5062 2560
1749114819874 0.5114 2579
1749114878565 0.5152 2598
1749115018121 0.5122 2600
1749115076917 0.517 2619
1749115135342 0.5128 2638
1749115275889 0.503 2640
1749115335039 0.5098 2659
1749115393946 0.5128 2678
1749115534569 0.5062 2680
1749115593367 0.5118 2699
1749115652105 0.515 2718
1749115792300 0.513 2720
1749115850962 0.5142 2739
1749115909782 0.514 2758
1749116050132 0.502 2760
1749116109203 0.5096 2779
1749116167780 0.5164 2798
1749116307714 0.5062 2800
1749116366008 0.513 2819
1749116424514 0.5138 2838
1749116564192 0.508 2840
1749116622569 0.5108 2859
1749116681511 0.51 2878
1749116822122 0.5038 2880
1749116881194 0.5146 2899
1749116940159 0.5138 2918
1749117080550 0.5098 2920
1749117139122 0.5136 2939
1749117198181 0.5154 2958
1749117338335 0.5016 2960
1749117397144 0.5132 2979
1749117456108 0.5146 2998
1749117596213 0.5008 3000
1749117654459 0.5082 3019
1749117713051 0.514 3038
1749117852773 0.51 3040
1749117911883 0.514 3059
1749117970522 0.5128 3078
1749118111167 0.5114 3080
1749118169963 0.519 3099
1749118228989 0.5166 3118
1749118369448 0.507 3120
1749118428391 0.5072 3139
1749118487007 0.5138 3158
1749118626938 0.5062 3160
1749118685469 0.515 3179
1749118744181 0.5162 3198
1749118883508 0.5102 3200
1749118941734 0.5144 3219
1749119000837 0.5098 3238
1749119140882 0.5012 3240
1749119199550 0.5206 3259
1749119257772 0.515 3278
1749119397917 0.5156 3280
1749119455996 0.5114 3299
1749119514921 0.5168 3318
1749119654999 0.5138 3320
1749119713960 0.5158 3339
1749119772448 0.514 3358
1749119912951 0.5156 3360
1749119971231 0.5152 3379
1749120030018 0.5154 3398
1749120169944 0.5138 3400
1749120228494 0.5146 3419
1749120286727 0.5134 3438
1749120427203 0.5122 3440
1749120485040 0.5152 3459
1749120543456 0.5106 3478
1749120683713 0.5146 3480
1749120742448 0.5138 3499
1749120800871 0.5124 3518
1749120941810 0.5148 3520
1749121000381 0.5166 3539
1749121059384 0.513 3558
1749121199989 0.5164 3560
1749121258938 0.5148 3579
1749121317338 0.516 3598
1749121458603 0.5174 3600
1749121517357 0.5168 3619
1749121575573 0.5164 3638
1749121716948 0.5164 3640
1749121775409 0.5156 3659
1749121834195 0.5158 3678
1749121973907 0.5164 3680
1749122032453 0.5172 3699
1749122090728 0.5152 3718
1749122231522 0.5174 3720
1749122289403 0.5164 3739
1749122347949 0.516 3758
1749122488140 0.5174 3760
1749122546507 0.5178 3779
1749122604802 0.5166 3798
1749122745954 0.5154 3800
1749122804172 0.5172 3819
1749122863210 0.5154 3838
1749123003363 0.5176 3840
1749123062233 0.5156 3859
1749123120681 0.5162 3878
1749123262347 0.5156 3880
1749123321032 0.518 3899
1749123379442 0.5168 3918
1749123519620 0.5142 3920
1749123578401 0.517 3939
1749123636474 0.5176 3958
1749123776373 0.5162 3960
1749123834441 0.5174 3979
1749123892935 0.5162 3998
1749124032403 0.5168 4000
1749124090764 0.5164 4019
1749124148654 0.5184 4038
1749124290765 0.5142 4040
1749124349773 0.5176 4059
1749124408387 0.516 4078
1749124549215 0.5178 4080
1749124607750 0.5146 4099
1749124666833 0.5188 4118
1749124809344 0.5168 4120
1749124867730 0.5154 4139
1749124926448 0.5188 4158
1749125066540 0.5158 4160
1749125124647 0.5148 4179
1749125183243 0.519 4198
1749125323915 0.517 4200
1749125382003 0.5158 4219
1749125440558 0.5162 4238
1749125581398 0.517 4240
1749125640389 0.5148 4259
1749125699453 0.5172 4278
1749125841304 0.5156 4280
1749125899711 0.5156 4299
1749125958759 0.5164 4318
1749126100637 0.5164 4320
1749126159706 0.5146 4339
1749126218248 0.5184 4358
1749126359356 0.517 4360
1749126417554 0.5154 4379
1749126476167 0.5182 4398
1749126616967 0.518 4400
1749126675141 0.5144 4419
1749126734039 0.5162 4438
1749126875405 0.5156 4440
1749126934598 0.5152 4459
1749126993180 0.5158 4478
1749127134852 0.5176 4480
1749127193100 0.5162 4499
1749127252142 0.5174 4518
1749127393259 0.5184 4520
1749127452337 0.5154 4539
1749127511119 0.5166 4558
1749127653853 0.5158 4560
1749127712792 0.5144 4579
1749127771293 0.5178 4598
1749127913574 0.5196 4600
1749127972622 0.517 4619
1749128031398 0.5156 4638
1749128174316 0.5202 4640
1749128233374 0.5162 4659
1749128292820 0.5144 4678
1749128433342 0.519 4680
1749128492283 0.5162 4699
1749128551479 0.516 4718
1749128695159 0.5196 4720
1749128754711 0.5162 4739
1749128813829 0.5152 4758
1749128956594 0.52 4760
1749129015536 0.517 4779
1749129074901 0.5154 4798
1749129217226 0.519 4800
1749129276751 0.5164 4819
1749129336014 0.515 4838
1749129478297 0.5228 4840
1749129537742 0.5162 4859
1749129596855 0.517 4878
1749129739187 0.5224 4880
1749129798226 0.517 4899
1749129857720 0.5166 4918
1749130000322 0.521 4920
1749130059391 0.5172 4939
1749130117398 0.5164 4958
1749130257704 0.5228 4960
1749130315598 0.5172 4979
1749130373993 0.5174 4998
1749130517197 0.5228 5000
1749130576361 0.5164 5019
1749130635957 0.5168 5038
1749130778518 0.5222 5040
1749130837982 0.5168 5059
1749130896884 0.5172 5078
1749131039522 0.5226 5080
1749131098496 0.5174 5099
1749131157195 0.517 5118
1749131298970 0.5224 5120
1749131357226 0.5182 5139
1749131415763 0.5164 5158
1749131555514 0.5224 5160
1749131614311 0.517 5179
1749131672718 0.5172 5198
1749131812247 0.525 5200
1749131870727 0.5174 5219
1749131928470 0.5172 5238
1749132069257 0.5246 5240
1749132127666 0.5164 5259
1749132185978 0.5168 5278
1749132327445 0.5238 5280
1749132385521 0.5164 5299
1749132443131 0.5166 5318
1749132583525 0.5238 5320
1749132641607 0.5186 5339
1749132700168 0.5172 5358
1749132842806 0.5238 5360
1749132900578 0.5186 5379
1749132958918 0.517 5398
1749133099636 0.5234 5400
1749133157984 0.5194 5419
1749133216476 0.5172 5438
1749133357775 0.5228 5440
1749133416401 0.5192 5459
1749133474418 0.5176 5478
1749133615238 0.5246 5480
1749133673510 0.5192 5499
1749133731433 0.5172 5518
1749133872388 0.5242 5520
1749133930611 0.5186 5539
1749133989471 0.5172 5558
1749134130371 0.5244 5560
1749134188957 0.519 5579
1749134246678 0.517 5598
1749134387329 0.5242 5600
1749134445389 0.5186 5619
1749134503817 0.5172 5638
1749134644784 0.5242 5640
1749134703278 0.5208 5659
1749134762223 0.5186 5678
1749134905126 0.5246 5680
1749134963618 0.521 5699
1749135022355 0.5182 5718
1749135163162 0.5254 5720
1749135222065 0.5208 5739
1749135280168 0.5184 5758
1749135420772 0.5236 5760
1749135479267 0.5206 5779
1749135537327 0.519 5798
1749135679185 0.5242 5800
1749135737363 0.52 5819
1749135795816 0.5184 5838
1749135938628 0.5248 5840
1749135997416 0.5206 5859
1749136055839 0.5186 5878
1749136197213 0.5254 5880
1749136255455 0.5222 5899
1749136314201 0.52 5918
1749136455354 0.5248 5920
1749136513760 0.5222 5939
1749136571854 0.5194 5958
1749136712466 0.5248 5960
1749136770787 0.5226 5979
1749136830412 0.5198 5998
1749136970552 0.5252 6000
1749137029005 0.5222 6019
1749137087728 0.5192 6038
1749137228173 0.5252 6040
1749137286750 0.5218 6059
1749137344853 0.5194 6078
1749137485269 0.525 6080
1749137543238 0.5222 6099
1749137601749 0.5196 6118
1749137742501 0.525 6120
1749137800896 0.5244 6139
1749137859077 0.522 6158
1749138000070 0.5262 6160
1749138058385 0.5242 6179
1749138117090 0.5212 6198
1749138257985 0.5264 6200
1749138316812 0.5236 6219
1749138375221 0.521 6238
1749138516605 0.526 6240
1749138574752 0.524 6259
1749138633731 0.522 6278
1749138774609 0.5266 6280
1749138833278 0.524 6299
1749138891304 0.5214 6318
1749139032654 0.5254 6320
1749139091289 0.5242 6339
1749139149529 0.5208 6358
1749139290993 0.5256 6360
1749139349468 0.5272 6379
1749139408453 0.5244 6398
1749139549286 0.5256 6400
1749139607812 0.5252 6419
1749139666895 0.5244 6438
1749139806855 0.5256 6440
1749139865526 0.5258 6459
1749139924126 0.5242 6478
1749140064946 0.527 6480
1749140122907 0.525 6499
1749140181429 0.5248 6518
1749140322314 0.5266 6520
1749140380847 0.5258 6539
1749140439158 0.525 6558
1749140580485 0.5256 6560
1749140639348 0.5254 6579
1749140697769 0.5244 6598
1749140839297 0.5258 6600
1749140897399 0.5262 6619
1749140955471 0.5254 6638
1749141094168 0.5262 6640
1749141152522 0.5266 6659
1749141210675 0.5258 6678
1749141350158 0.526 6680
1749141408277 0.5262 6699
1749141466440 0.526 6718
1749141606177 0.526 6720
1749141664409 0.5256 6739
1749141722337 0.5256 6758
1749141861947 0.5262 6760
1749141919702 0.5252 6779
1749141977806 0.5256 6798
1749142119910 0.5264 6800
1749142178623 0.526 6819
1749142237281 0.5258 6838
1749142378754 0.5258 6840
1749142437910 0.5258 6859
1749142496280 0.5264 6878
1749142637028 0.5266 6880
1749142695891 0.5262 6899
1749142754550 0.5256 6918
1749142897581 0.5262 6920
1749142956195 0.5266 6939
1749143014772 0.5262 6958
1749143156774 0.526 6960
1749143216251 0.5266 6979
1749143275358 0.5264 6998
1749143417152 0.5256 7000
1749143476373 0.5256 7019
1749143535447 0.5254 7038
1749143677960 0.5264 7040
1749143737147 0.5256 7059
1749143796212 0.5258 7078
1749143937905 0.5266 7080
1749143997372 0.5262 7099
1749144056155 0.5256 7118
1749144198697 0.5264 7120
1749144258022 0.5258 7139
1749144317559 0.5256 7158
1749144458505 0.526 7160
1749144517529 0.526 7179
1749144576713 0.5264 7198
1749144718690 0.526 7200
1749144777761 0.5264 7219
1749144836162 0.5258 7238
1749144976058 0.5262 7240
1749145035267 0.5264 7259
1749145094197 0.5262 7278
1749145235530 0.5266 7280
1749145295013 0.5264 7299
1749145353612 0.5256 7318
1749145496556 0.5266 7320
1749145555736 0.5266 7339
1749145615116 0.5258 7358
1749145756953 0.5266 7360
1749145815608 0.5262 7379
1749145875102 0.5254 7398
1749146017041 0.5262 7400
1749146076380 0.5262 7419
1749146135448 0.5256 7438
1749146276219 0.5262 7440
1749146335367 0.5268 7459
1749146394096 0.526 7478
1749146534016 0.5262 7480
1749146592462 0.526 7499
1749146650995 0.526 7518
1749146791083 0.5264 7520
1749146849799 0.5266 7539
1749146907689 0.526 7558
1749147047699 0.5268 7560
1749147106893 0.526 7579
1749147165086 0.526 7598
1749147305328 0.5268 7600
1749147364631 0.5274 7619
1749147422948 0.5258 7638
1749147564371 0.5262 7640
1749147623177 0.5262 7659
1749147682282 0.5262 7678
1749147824169 0.5268 7680
1749147883206 0.5268 7699
1749147941853 0.5256 7718
1749148082605 0.5258 7720
1749148141347 0.5262 7739
1749148199909 0.5258 7758
1749148340229 0.5264 7760
1749148399569 0.5266 7779
1749148458437 0.526 7798
1749148600301 0.527 7800
1749148658592 0.5268 7819
1749148717747 0.5262 7838
1749148858310 0.527 7840
1749148916522 0.5258 7859
1749148975247 0.526 7878
1749149116049 0.525 7880
1749149174816 0.526 7899
1749149234058 0.525 7918
1749149374752 0.5256 7920
1749149433308 0.5266 7939
1749149492540 0.5254 7958
1749149633030 0.5258 7960
1749149691271 0.5272 7979
1749149750251 0.5262 7998
1749149892129 0.5264 8000
1749149951007 0.5262 8019
1749150009759 0.526 8038
1749150149609 0.526 8040
1749150208337 0.5264 8059
1749150267583 0.5268 8078
1749150409994 0.5266 8080
1749150468820 0.5266 8099
1749150527811 0.526 8118
1749150668205 0.5264 8120
1749150725998 0.5262 8139
1749150784304 0.5258 8158
1749150924450 0.5264 8160
1749150982723 0.5266 8179
1749151040835 0.526 8198
1749151181439 0.526 8200
1749151240578 0.5268 8219
1749151299232 0.5258 8238
1749151441234 0.526 8240
1749151500605 0.5264 8259
1749151559479 0.5262 8278
1749151700312 0.5264 8280
1749151759430 0.5266 8299
1749151818205 0.526 8318
1749151959177 0.5272 8320
1749152017980 0.5266 8339
1749152076044 0.5262 8358
1749152216319 0.5266 8360
1749152274526 0.5258 8379
1749152333814 0.526 8398
1749152473201 0.5266 8400
1749152531540 0.526 8419
1749152590885 0.5258 8438
1749152732538 0.5264 8440
1749152791802 0.5258 8459
1749152850199 0.5248 8478
1749152991326 0.5256 8480
1749153050119 0.5258 8499
1749153109566 0.5258 8518
1749153251364 0.5262 8520
1749153310534 0.5266 8539
1749153370130 0.5262 8558
1749153511878 0.5262 8560
1749153570675 0.5264 8579
1749153629926 0.526 8598
1749153772557 0.5264 8600
1749153831668 0.5266 8619
1749153891292 0.5252 8638
1749154033792 0.5264 8640
1749154093185 0.5258 8659
1749154152050 0.5252 8678
1749154295151 0.525 8680
1749154354122 0.5264 8699
1749154413133 0.5256 8718
1749154555100 0.5254 8720
1749154613897 0.5262 8739
1749154673209 0.5248 8758
1749154814774 0.5262 8760
1749154873470 0.526 8779
1749154932810 0.5254 8798
1749155074633 0.5258 8800
1749155133471 0.5262 8819
1749155192805 0.525 8838
1749155333940 0.5252 8840
1749155392467 0.526 8859
1749155451191 0.5248 8878
1749155594002 0.5254 8880
1749155652979 0.5264 8899
1749155711088 0.526 8918
1749155851206 0.5262 8920
1749155910209 0.5258 8939
1749155968901 0.5248 8958
1749156110354 0.526 8960
1749156169305 0.5262 8979
1749156227911 0.5258 8998
1749156368503 0.5256 9000
1749156427701 0.5262 9019
1749156486764 0.5256 9038
1749156628294 0.5252 9040
1749156687539 0.5258 9059
1749156746520 0.5246 9078
1749156889004 0.526 9080
1749156947628 0.526 9099
1749157006475 0.525 9118
1749157147163 0.5256 9120
1749157206398 0.5254 9139
1749157264838 0.5254 9158
1749157407348 0.5262 9160
1749157466343 0.5264 9179
1749157525777 0.5262 9198
1749157667464 0.526 9200
1749157726367 0.5256 9219
1749157785860 0.5248 9238
1749157927508 0.5252 9240
1749157986213 0.5258 9259
1749158045843 0.5244 9278
1749158188608 0.5258 9280
1749158247398 0.5258 9299
1749158306506 0.5248 9318
1749158447607 0.5256 9320
1749158506451 0.5258 9339
1749158565768 0.525 9358
1749158707185 0.525 9360
1749158765648 0.5254 9379
1749158824608 0.5246 9398
1749158965986 0.5254 9400
1749159024910 0.5258 9419
1749159083844 0.5246 9438
1749159224487 0.525 9440
1749159283215 0.5258 9459
1749159342883 0.525 9478
1749159484141 0.5248 9480
1749159542876 0.5256 9499
1749159602497 0.524 9518
1749159744543 0.5248 9520
1749159803575 0.525 9539
1749159862823 0.5254 9558
1749160005490 0.525 9560
1749160064416 0.5254 9579
1749160123171 0.5248 9598
1749160266655 0.5262 9600
1749160325584 0.5256 9619
1749160384904 0.5256 9638
1749160527167 0.5248 9640
1749160586350 0.5262 9659
1749160644917 0.5252 9678
1749160786268 0.5244 9680
1749160845392 0.5248 9699
1749160904905 0.525 9718
1749161047686 0.5256 9720
1749161106908 0.526 9739
1749161165184 0.5248 9758
1749161306416 0.525 9760
1749161365256 0.5256 9779
1749161423556 0.525 9798
1749161565425 0.5248 9800
1749161624934 0.526 9819
1749161684015 0.5244 9838
1749161827324 0.5242 9840
1749161886437 0.5248 9859
1749161945330 0.5244 9878
1749162086822 0.5244 9880
1749162145919 0.525 9899
1749162205346 0.5242 9918
1749162347210 0.5248 9920
1749162406379 0.5258 9939
1749162464850 0.5242 9958
1749162606266 0.5242 9960
1749162665408 0.5252 9979
1749162724083 0.5246 9998
1749162865967 0.5252 10000
1749162924558 0.5254 10019
1749162983454 0.5244 10038
1749163124289 0.525 10040
1749163183241 0.5244 10059
1749163241720 0.5242 10078
1749163381732 0.525 10080
1749163441139 0.5254 10099
1749163499864 0.5238 10118
1749163640776 0.5246 10120
1749163699944 0.5256 10139
1749163758584 0.5244 10158
1749163899294 0.5244 10160
1749163958104 0.5246 10179
1749164016975 0.5238 10198
1749164156944 0.525 10200
1749164215731 0.525 10219
1749164275166 0.5234 10238
1749164417351 0.5256 10240
1749164475764 0.525 10259
1749164534124 0.5234 10278
1749164674842 0.5252 10280
1749164733505 0.525 10299
1749164792520 0.5238 10318
1749164934267 0.5254 10320
1749164992955 0.525 10339
1749165052137 0.5238 10358
1749165192250 0.5242 10360
1749165250498 0.5242 10379
1749165308815 0.5232 10398
1749165451233 0.5248 10400
1749165509992 0.5244 10419
1749165569103 0.5232 10438
1749165709745 0.5242 10440
1749165768444 0.5246 10459
1749165826935 0.5232 10478
1749165967382 0.5242 10480
1749166026152 0.5254 10499
1749166085099 0.523 10518
1749166225502 0.5248 10520
1749166284247 0.525 10539
1749166342890 0.5232 10558
1749166483470 0.5242 10560
1749166542503 0.5244 10579
1749166601097 0.523 10598
1749166741985 0.525 10600
1749166800919 0.5246 10619
1749166860039 0.5244 10638
1749167001268 0.525 10640
1749167060231 0.525 10659
1749167118835 0.5238 10678
1749167258479 0.5246 10680
1749167317074 0.5244 10699
1749167375770 0.5238 10718
1749167518119 0.5244 10720
1749167577208 0.524 10739
1749167636141 0.5224 10758
1749167778266 0.526 10760
1749167837172 0.5248 10779
1749167895637 0.5234 10798
1749168035699 0.5246 10800
1749168094387 0.5242 10819
1749168153595 0.5234 10838
1749168294245 0.5248 10840
1749168352967 0.5244 10859
1749168411637 0.5236 10878
1749168554296 0.5248 10880
1749168613070 0.5244 10899
1749168671829 0.5232 10918
1749168812350 0.524 10920
1749168870681 0.524 10939
1749168929741 0.5232 10958
1749169070950 0.5246 10960
1749169129544 0.5238 10979
1749169188156 0.523 10998
1749169329703 0.5244 11000
1749169388448 0.5242 11019
1749169446953 0.5226 11038
1749169589059 0.5238 11040
1749169647647 0.5244 11059
1749169706092 0.5236 11078
1749169848337 0.525 11080
1749169907025 0.5238 11099
1749169965654 0.5226 11118
1749170106530 0.5246 11120
1749170165407 0.5236 11139
1749170223827 0.5234 11158
1749170364218 0.525 11160
1749170422898 0.5248 11179
1749170481926 0.5232 11198
1749170622499 0.5248 11200
1749170681305 0.5238 11219
1749170740202 0.523 11238
1749170880898 0.5248 11240
1749170939758 0.5246 11259
1749170999211 0.5236 11278
1749171140862 0.5254 11280
1749171199790 0.5242 11299
1749171258979 0.5234 11318
1749171401490 0.5252 11320
1749171460169 0.5242 11339
1749171519248 0.5232 11358
1749171661751 0.5254 11360
1749171720734 0.524 11379
1749171779422 0.5234 11398
1749171920496 0.5244 11400
1749171979487 0.5246 11419
1749172038280 0.5232 11438
1749172180574 0.5244 11440
1749172239639 0.5246 11459
1749172298497 0.523 11478
1749172439436 0.5244 11480
1749172498185 0.5248 11499
1749172557381 0.5238 11518
1749172699739 0.5248 11520
1749172758554 0.5246 11539
1749172817753 0.5236 11558
1749172958285 0.5248 11560
1749173017499 0.5242 11579
1749173076571 0.5224 11598
1749173219216 0.5246 11600
1749173278676 0.5248 11619
1749173337511 0.5226 11638
1749173479120 0.5238 11640
1749173537825 0.524 11659
1749173596877 0.523 11678
1749173738304 0.5244 11680
1749173796779 0.5248 11699
1749173855481 0.5236 11718
1749173996309 0.5234 11720
1749174055480 0.524 11739
1749174114355 0.5234 11758
1749174254707 0.5236 11760
1749174313510 0.525 11779
1749174372853 0.5228 11798
1749174515147 0.524 11800
1749174573976 0.5248 11819
1749174633085 0.5234 11838
1749174774110 0.5242 11840
1749174832868 0.5246 11859
1749174892005 0.5242 11878
1749175032400 0.5244 11880
1749175091522 0.5238 11899
1749175150312 0.5232 11918
1749175292716 0.5246 11920
1749175351417 0.5248 11939
1749175409958 0.524 11958
1749175550768 0.524 11960
1749175609554 0.5244 11979
1749175668823 0.5236 11998
1749175810481 0.5248 12000
1749175868979 0.5248 12019
1749175927705 0.5238 12038
1749176069576 0.5242 12040
1749176129158 0.5246 12059
1749176188399 0.5232 12078
1749176329584 0.5246 12080
1749176388791 0.5246 12099
1749176447998 0.523 12118
1749176590414 0.525 12120
1749176649525 0.5248 12139
1749176708234 0.5238 12158
1749176850567 0.5248 12160
1749176910070 0.5246 12179
1749176969108 0.5234 12198
1749177111323 0.5248 12200
1749177169913 0.5244 12219
1749177229108 0.5234 12238
1749177371015 0.5248 12240
1749177429944 0.525 12259
1749177489028 0.5234 12278
1749177631024 0.5244 12280
1749177689875 0.5244 12299
1749177748700 0.5232 12318
1749177890344 0.5252 12320
1749177949070 0.5244 12339
1749178008700 0.5234 12358
1749178151339 0.525 12360
1749178210730 0.5242 12379
1749178269769 0.5232 12398
1749178412840 0.5246 12400
1749178472065 0.5242 12419
1749178531161 0.5242 12438
1749178675106 0.525 12440
1749178734317 0.524 12459
1749178792807 0.5232 12478
1749178934794 0.5248 12480
1749178993888 0.5248 12499
1749179052568 0.5236 12518
1749179194054 0.5252 12520
1749179252963 0.5254 12539
1749179312758 0.5244 12558
1749179454195 0.5242 12560
1749179513825 0.524 12579
1749179573019 0.5234 12598
1749179714767 0.5248 12600
1749179773625 0.5244 12619
1749179832658 0.5236 12638
1749179975048 0.5246 12640
1749180034355 0.5248 12659
1749180093339 0.5242 12678
1749180236000 0.5244 12680
1749180295235 0.5238 12699
1749180354518 0.5234 12718
1749180497330 0.5248 12720
1749180556864 0.5242 12739
1749180616187 0.5226 12758
1749180758353 0.5246 12760
1749180817350 0.5248 12779
1749180876869 0.5242 12798
1749181018754 0.525 12800
1749181077912 0.5248 12819
1749181137504 0.5236 12838
1749181279837 0.5244 12840
1749181338942 0.5252 12859
1749181397915 0.5234 12878
1749181540449 0.5254 12880
1749181599832 0.525 12899
1749181659681 0.5234 12918
1749181804162 0.5254 12920
1749181864009 0.5248 12939
1749181923430 0.5238 12958
1749182065855 0.5242 12960
1749182125075 0.5246 12979
1749182184461 0.5232 12998
1749182327009 0.525 13000
1749182386356 0.524 13019
1749182446215 0.5228 13038
1749182587881 0.5248 13040
1749182647301 0.525 13059
1749182706094 0.5236 13078
1749182848537 0.5254 13080
1749182907329 0.5244 13099
1749182966173 0.5234 13118
1749183108969 0.5252 13120
1749183168943 0.5238 13139
1749183228355 0.5228 13158
1749183371795 0.5246 13160
1749183431100 0.5248 13179
1749183490580 0.5234 13198
1749183634313 0.524 13200
1749183694225 0.524 13219
1749183753753 0.523 13238
1749183896903 0.5248 13240
1749183956637 0.525 13259
1749184016171 0.5236 13278
1749184158320 0.5256 13280
1749184218087 0.524 13299
1749184277555 0.5224 13318
1749184420819 0.5248 13320
1749184480293 0.5246 13339
1749184539639 0.524 13358
