1746679340661 0.6867750883102417 0
1746679409464 0.6805523037910461 1
1746679479069 0.6730307340621948 2
1746679549143 0.6631266474723816 3
1746679619316 0.6490198373794556 4
1746679689786 0.6321448087692261 5
1746679760696 0.6112903356552124 6
1746679830860 0.5868067741394043 7
1746679901179 0.561309814453125 8
1746679971775 0.5356309413909912 9
1746680042968 0.5098758935928345 10
1746680113555 0.48633846640586853 11
1746680184264 0.463493674993515 12
1746680255878 0.4505428373813629 13
1746680326829 0.43974342942237854 14
1746680397567 0.4328225553035736 15
1746680469484 0.42850956320762634 16
1746680541425 0.42494699358940125 17
1746680612930 0.4226713478565216 18
1746680684186 0.41951170563697815 19
1746680755739 0.4177747070789337 20
1746680827984 0.4160363972187042 21
1746680899696 0.41503140330314636 22
1746680971559 0.41402867436408997 23
1746681043159 0.4131610691547394 24
1746681114680 0.41265931725502014 25
1746681186366 0.41219058632850647 26
1746681258700 0.4116676449775696 27
1746681330391 0.41131046414375305 28
1746681402199 0.410871297121048 29
1746681474131 0.41063740849494934 30
1746681546820 0.4103286862373352 31
1746681619190 0.4100794792175293 32
1746681691542 0.4099392592906952 33
1746681763772 0.4097992181777954 34
1746681836665 0.40964943170547485 35
1746681908964 0.4096980392932892 36
1746681981244 0.40963536500930786 37
1746682053401 0.40945202112197876 38
1746682125406 0.4093012809753418 39
1746682197844 0.40927886962890625 40
1746682269826 0.4092702567577362 41
1746682342033 0.40890344977378845 42
1746682414959 0.4089277386665344 43
1746682487320 0.40888723731040955 44
1746682559719 0.4087761342525482 45
1746682632050 0.40907639265060425 46
1746682705047 0.4090278148651123 47
1746682777458 0.4088139533996582 48
1746682849905 0.4088301658630371 49
1746682922809 0.40861088037490845 50
1746682995193 0.408799409866333 51
1746683067783 0.40888434648513794 52
1746683140558 0.40884366631507874 53
1746683213671 0.40865349769592285 54
1746683286124 0.408454567193985 55
1746683358538 0.40861666202545166 56
1746683430935 0.40864259004592896 57
1746683503258 0.408505380153656 58
1746683575675 0.40865442156791687 59
1746683648204 0.4085339605808258 60
1746683720652 0.4086597263813019 61
1746683793093 0.4086054265499115 62
1746683865952 0.4085817337036133 63
1746683938684 0.4084681570529938 64
1746684011839 0.40853506326675415 65
1746684085461 0.40839022397994995 66
1746684158164 0.40833985805511475 67
1746684230628 0.4085554778575897 68
1746684303630 0.4084874987602234 69
1746684376746 0.40847471356391907 70
1746684448926 0.40850821137428284 71
1746684521844 0.40827250480651855 72
1746684594933 0.40822336077690125 73
1746684668093 0.40834948420524597 74
1746684740479 0.4082440137863159 75
1746684812954 0.4083865284919739 76
1746684885936 0.4084717035293579 77
1746684958501 0.40860843658447266 78
1746685031035 0.40869835019111633 79
1746685103612 0.40845462679862976 80
1746685176248 0.40846410393714905 81
1746685248893 0.4083980917930603 82
1746685321683 0.4083278179168701 83
1746685394074 0.4085080921649933 84
1746685466638 0.40837767720222473 85
1746685539253 0.40828683972358704 86
1746685611722 0.4086049497127533 87
1746685684179 0.40862056612968445 88
1746685756630 0.40838000178337097 89
1746685829713 0.40829700231552124 90
1746685902282 0.4085572063922882 91
1746685974774 0.4085104465484619 92
1746686047569 0.40829744935035706 93
1746686120732 0.4082518517971039 94
1746686193917 0.4083471894264221 95
1746686266423 0.40849265456199646 96
1746686339637 0.4084852337837219 97
1746686412911 0.4083191454410553 98
1746686485959 0.40844541788101196 99
