1749595080701 1.0 0
1749595248745 1.0 1
1749595406835 1.0 2
1749595564490 0.25 3
1749595723127 0.25 4
1749595881410 0.25 5
1749596040748 0.25 6
1749596202953 0.25 7
1749596361101 0.25 8
1749596518627 0.125 9
1749596676233 0.25 10
1749596837003 0.25 11
1749596997396 0.5 12
1749597159637 0.03125 13
1749597318012 0.25 14
1749597479688 0.0625 15
1749597642425 0.03125 16
1749597804092 0.0625 17
1749597968651 0.0009765625 18
1749598133720 0.0009765625 19
1749598298158 0.001953125 20
1749598463150 0.0009765625 21
1749598627788 0.0009765625 22
1749598792861 0.0009765625 23
1749598957921 0.0009765625 24
1749599122635 0.0009765625 25
1749599285698 0.015625 26
1749599451011 0.0009765625 27
1749599613918 0.0625 28
1749599778982 0.0009765625 29
1749599943796 0.0009765625 30
1749600108451 0.0009765625 31
1749600273582 0.0009765625 32
1749600438358 0.0009765625 33
1749600601449 0.03125 34
1749600762502 0.125 35
1749600924609 0.0625 36
1749601086558 0.0625 37
1749601248657 0.0625 38
1749601414003 0.0009765625 39
1749601578909 0.0009765625 40
1749601740550 0.03125 41
1749601905972 0.0009765625 42
1749602070882 0.0009765625 43
1749602233075 0.0625 44
1749602395145 0.0625 45
1749602556403 0.25 46
1749602717491 0.25 47
1749602880248 0.0009765625 48
1749603044143 0.0078125 49
1749603206464 0.0625 50
1749603372019 0.0009765625 51
1749603535025 0.03125 52
1749603699200 0.0078125 53
1749603862113 0.03125 54
1749604025584 0.015625 55
1749604189943 0.0078125 56
1749604353048 0.03125 57
1749604518391 0.00390625 58
1749604681723 0.03125 59
1749604845354 0.015625 60
1749605009006 0.015625 61
1749605172249 0.03125 62
1749605336004 0.015625 63
1749605499172 0.03125 64
1749605662482 0.03125 65
1749605826895 0.0078125 66
1749605990347 0.03125 67
1749606153807 0.03125 68
1749606317618 0.03125 69
1749606480623 0.03125 70
1749606644582 0.015625 71
1749606810855 0.0009765625 72
1749606974040 0.0625 73
1749607135132 0.03125 74
1749607301490 0.0009765625 75
1749607467335 0.0009765625 76
1749607630373 0.0625 77
1749607795952 0.0009765625 78
1749607961755 0.0009765625 79
1749608127095 0.00390625 80
1749608291770 0.015625 81
1749608457758 0.0009765625 82
1749608621469 0.03125 83
1749608787581 0.0009765625 84
1749608951775 0.015625 85
1749609118250 0.0009765625 86
1749609284324 0.0009765625 87
1749609450907 0.0009765625 88
1749609616281 0.00390625 89
1749609782302 0.0009765625 90
1749609948843 0.0009765625 91
1749610114921 0.0009765625 92
1749610280977 0.0009765625 93
1749610447514 0.0009765625 94
1749610613829 0.0009765625 95
1749610779976 0.0009765625 96
1749610946503 0.0009765625 97
1749611112677 0.0009765625 98
1749611279318 0.0009765625 99
1749611444398 0.0078125 100
1749611610607 0.0009765625 101
1749611777162 0.0009765625 102
1749611943505 0.0009765625 103
1749612109877 0.0009765625 104
1749612276793 0.0009765625 105
1749612443150 0.0009765625 106
1749612609547 0.0009765625 107
1749612776739 0.0009765625 108
1749612943249 0.0009765625 109
1749613109715 0.0009765625 110
1749613276343 0.0009765625 111
1749613443240 0.0009765625 112
1749613609688 0.0009765625 113
1749613776718 0.0009765625 114
1749613943215 0.0009765625 115
1749614109723 0.0009765625 116
1749614276449 0.0009765625 117
1749614443434 0.0009765625 118
1749614608279 0.015625 119
1749614774844 0.0009765625 120
1749614941896 0.0009765625 121
1749615108361 0.0009765625 122
1749615274930 0.0009765625 123
1749615441723 0.0009765625 124
1749615608852 0.0009765625 125
1749615775344 0.0009765625 126
1749615941897 0.0009765625 127
1749616109111 0.0009765625 128
1749616275697 0.0009765625 129
1749616442296 0.0009765625 130
1749616609299 0.0009765625 131
1749616776024 0.0009765625 132
1749616942563 0.0009765625 133
1749617109216 0.0009765625 134
1749617276317 0.0009765625 135
1749617442987 0.0009765625 136
1749617609776 0.0009765625 137
1749617774820 0.015625 138
1749617942033 0.0009765625 139
1749618107630 0.0078125 140
1749618274315 0.0009765625 141
1749618438871 0.03125 142
1749618604393 0.0078125 143
1749618769388 0.015625 144
1749618936320 0.0009765625 145
1749619103056 0.0009765625 146
1749619270316 0.001953125 147
1749619437215 0.001953125 148
1749619604140 0.0009765625 149
1749619770847 0.0009765625 150
1749619937972 0.0009765625 151
1749620104720 0.0009765625 152
1749620271612 0.001953125 153
1749620436293 0.015625 154
1749620603270 0.0009765625 155
1749620769985 0.0009765625 156
1749620935237 0.015625 157
1749621102575 0.001953125 158
1749621268923 0.0009765625 159
1749621431221 0.015625 160
1749621596970 0.0078125 161
1749621761522 0.03125 162
1749621926101 0.03125 163
1749622090753 0.03125 164
1749622256065 0.015625 165
1749622420571 0.0078125 166
1749622587400 0.0009765625 167
1749622754333 0.0009765625 168
1749622920522 0.00390625 169
1749623083522 0.015625 170
1749623248690 0.0009765625 171
1749623415695 0.0009765625 172
1749623581958 0.00390625 173
1749623747177 0.015625 174
1749623914203 0.0009765625 175
1749624079466 0.015625 176
1749624244811 0.015625 177
1749624408997 0.0625 178
1749624572124 0.125 179
1749624739504 0.0009765625 180
1749624903746 0.03125 181
1749625065700 0.125 182
1749625231506 0.0078125 183
1749625394161 0.0625 184
1749625559579 0.015625 185
1749625724574 0.03125 186
1749625888122 0.0625 187
1749626053971 0.0078125 188
1749626216129 0.0625 189
1749626380452 0.0625 190
1749626545785 0.015625 191
1749626710546 0.03125 192
1749626874821 0.03125 193
1749627039577 0.03125 194
1749627205004 0.015625 195
1749627370102 0.03125 196
1749627535676 0.015625 197
1749627700119 0.03125 198
1749627865087 0.015625 199
1749628032683 0.0009765625 200
1749628197594 0.03125 201
1749628361533 0.0625 202
1749628526698 0.03125 203
1749628691933 0.015625 204
1749628856215 0.0625 205
1749629020858 0.03125 206
1749629185128 0.03125 207
1749629349960 0.03125 208
1749629515243 0.015625 209
1749629679462 0.03125 210
1749629844786 0.015625 211
1749630009762 0.03125 212
1749630174513 0.03125 213
1749630339279 0.03125 214
1749630503840 0.0625 215
1749630670961 0.0009765625 216
1749630835991 0.03125 217
1749631003294 0.0009765625 218
1749631167270 0.0625 219
1749631332456 0.03125 220
1749631497871 0.03125 221
1749631663157 0.03125 222
1749631828529 0.015625 223
1749631993124 0.0625 224
1749632159664 0.0078125 225
1749632325154 0.03125 226
1749632490048 0.03125 227
1749632655900 0.015625 228
1749632821311 0.03125 229
1749632988328 0.00390625 230
1749633153720 0.03125 231
1749633320165 0.0078125 232
1749633485126 0.03125 233
1749633650484 0.03125 234
1749633815917 0.03125 235
1749633983471 0.001953125 236
1749634147753 0.0625 237
1749634315444 0.0009765625 238
1749634480834 0.03125 239
1749634646096 0.03125 240
1749634811399 0.03125 241
1749634977438 0.015625 242
1749635142280 0.03125 243
1749635306977 0.0625 244
1749635473454 0.0078125 245
1749635639387 0.0078125 246
1749635804024 0.0625 247
1749635969803 0.015625 248
1749636137357 0.0009765625 249
1749636302152 0.03125 250
1749636467855 0.015625 251
1749636633206 0.03125 252
1749636798566 0.03125 253
1749636964301 0.015625 254
1749637130100 0.0078125 255
1749637295358 0.03125 256
1749637461206 0.015625 257
1749637626762 0.03125 258
1749637791769 0.03125 259
1749637956560 0.0625 260
1749638123265 0.0078125 261
1749638288881 0.03125 262
1749638454002 0.03125 263
1749638620714 0.0078125 264
1749638786899 0.015625 265
1749638952413 0.03125 266
1749639119119 0.0078125 267
1749639284421 0.03125 268
1749639450034 0.03125 269
1749639616271 0.015625 270
1749639781897 0.015625 271
1749639950485 0.0009765625 272
1749640118241 0.0009765625 273
1749640286205 0.0009765625 274
1749640453958 0.0009765625 275
1749640621939 0.0009765625 276
1749640789934 0.0009765625 277
1749640957988 0.0009765625 278
1749641126060 0.0009765625 279
1749641294143 0.0009765625 280
1749641462328 0.0009765625 281
1749641630213 0.0009765625 282
1749641798202 0.0009765625 283
1749641966282 0.0009765625 284
1749642134262 0.0009765625 285
1749642302306 0.0009765625 286
1749642470487 0.0009765625 287
1749642638324 0.0009765625 288
1749642806457 0.0009765625 289
1749642974580 0.0009765625 290
1749643142553 0.0009765625 291
1749643310689 0.0009765625 292
1749643478943 0.0009765625 293
1749643647191 0.0009765625 294
1749643815345 0.0009765625 295
1749643983598 0.0009765625 296
1749644151844 0.0009765625 297
1749644320173 0.0009765625 298
1749644488685 0.0009765625 299
1749644657180 0.0009765625 300
1749644825501 0.0009765625 301
1749644993835 0.0009765625 302
1749645162187 0.0009765625 303
1749645330602 0.0009765625 304
1749645498900 0.0009765625 305
1749645667125 0.0009765625 306
1749645835520 0.0009765625 307
1749646003635 0.0009765625 308
1749646172025 0.0009765625 309
1749646340336 0.0009765625 310
