1749595150171 1.0 0
1749595318757 0.5 1
1749595475852 1.0 2
1749595634560 0.25 3
1749595793014 0.25 4
1749595952364 0.125 5
1749596115046 0.0009765625 6
1749596273694 0.125 7
1749596430666 0.125 8
1749596589214 0.0625 9
1749596749591 0.0009765625 10
1749596910473 0.0009765625 11
1749597070626 0.0009765625 12
1749597231123 0.015625 13
1749597391747 0.0009765625 14
1749597553444 0.0009765625 15
1749597715675 0.0009765625 16
1749597877391 0.0009765625 17
1749598041880 0.0009765625 18
1749598206963 0.0009765625 19
1749598371432 0.0009765625 20
1749598536484 0.0009765625 21
1749598701123 0.0009765625 22
1749598866133 0.0009765625 23
1749599031226 0.0009765625 24
1749599196052 0.0009765625 25
1749599359200 0.0009765625 26
1749599524451 0.0009765625 27
1749599687151 0.0009765625 28
1749599852354 0.0009765625 29
1749600017154 0.0009765625 30
1749600182226 0.0009765625 31
1749600346900 0.0009765625 32
1749600512254 0.0009765625 33
1749600674919 0.0009765625 34
1749600836429 0.0009765625 35
1749600998508 0.0009765625 36
1749601160444 0.0009765625 37
1749601322592 0.0009765625 38
1749601487443 0.0009765625 39
1749601651308 0.0078125 40
1749601813968 0.0009765625 41
1749601979490 0.0009765625 42
1749602144807 0.0009765625 43
1749602307013 0.0009765625 44
1749602469178 0.0009765625 45
1749602629927 0.0009765625 46
1749602788285 0.03125 47
1749602953765 0.0009765625 48
1749603117652 0.0009765625 49
1749603279999 0.0009765625 50
1749603445638 0.0009765625 51
1749603608624 0.0009765625 52
1749603772752 0.0009765625 53
1749603935677 0.0009765625 54
1749604099302 0.0009765625 55
1749604263512 0.0009765625 56
1749604426766 0.0009765625 57
1749604592173 0.0009765625 58
1749604755351 0.0009765625 59
1749604918977 0.0009765625 60
1749605082633 0.0009765625 61
1749605245977 0.0009765625 62
1749605409688 0.0009765625 63
1749605572966 0.0009765625 64
1749605736274 0.0009765625 65
1749605901233 0.0009765625 66
1749606064622 0.0009765625 67
1749606228101 0.0009765625 68
1749606391448 0.0009765625 69
1749606554900 0.0009765625 70
1749606718972 0.0009765625 71
1749606884713 0.0009765625 72
1749607045390 0.03125 73
1749607209110 0.0009765625 74
1749607375451 0.0009765625 75
1749607541200 0.0009765625 76
1749607703671 0.00390625 77
1749607869864 0.0009765625 78
1749608035616 0.0009765625 79
1749608201456 0.0009765625 80
1749608365697 0.0009765625 81
1749608531717 0.0009765625 82
1749608695476 0.0009765625 83
1749608861878 0.0009765625 84
1749609026235 0.0009765625 85
1749609192317 0.0009765625 86
1749609358294 0.0009765625 87
1749609524820 0.0009765625 88
1749609690252 0.0009765625 89
1749609856363 0.0009765625 90
1749610022813 0.0009765625 91
1749610188896 0.0009765625 92
1749610355457 0.0009765625 93
1749610521571 0.0009765625 94
1749610687850 0.0009765625 95
1749610853962 0.0009765625 96
1749611020513 0.0009765625 97
1749611186740 0.0009765625 98
1749611353357 0.0009765625 99
1749611518422 0.0009765625 100
1749611684648 0.0009765625 101
1749611851373 0.0009765625 102
1749612017711 0.0009765625 103
1749612184079 0.0009765625 104
1749612350962 0.0009765625 105
1749612517260 0.0009765625 106
1749612683841 0.0009765625 107
1749612850879 0.0009765625 108
1749613017386 0.0009765625 109
1749613183934 0.0009765625 110
1749613351008 0.0009765625 111
1749613517524 0.0009765625 112
1749613683930 0.0009765625 113
1749613850944 0.0009765625 114
1749614017416 0.0009765625 115
1749614184107 0.0009765625 116
1749614351114 0.0009765625 117
1749614517579 0.0009765625 118
1749614682549 0.0009765625 119
1749614849011 0.0009765625 120
1749615016051 0.0009765625 121
1749615182548 0.0009765625 122
1749615349267 0.0009765625 123
1749615516023 0.0009765625 124
1749615683183 0.0009765625 125
1749615849554 0.0009765625 126
1749616016250 0.0009765625 127
1749616183329 0.0009765625 128
1749616349929 0.0009765625 129
1749616516445 0.0009765625 130
1749616683708 0.0009765625 131
1749616850211 0.0009765625 132
1749617016911 0.0009765625 133
1749617183443 0.0009765625 134
1749617350653 0.0009765625 135
1749617517369 0.0009765625 136
1749617684572 0.001953125 137
1749617849169 0.0009765625 138
1749618016392 0.0009765625 139
1749618181974 0.0009765625 140
1749618348648 0.0009765625 141
1749618513160 0.0009765625 142
1749618678651 0.0009765625 143
1749618843829 0.0009765625 144
1749619010675 0.0009765625 145
1749619177478 0.0009765625 146
1749619344665 0.0009765625 147
1749619511648 0.0009765625 148
1749619678424 0.0009765625 149
1749619845225 0.0009765625 150
1749620012404 0.0009765625 151
1749620179097 0.0009765625 152
1749620345459 0.00390625 153
1749620510792 0.0009765625 154
1749620677645 0.0009765625 155
1749620844445 0.0009765625 156
1749621009686 0.0009765625 157
1749621175907 0.00390625 158
1749621340586 0.03125 159
1749621505659 0.0009765625 160
1749621671434 0.001953125 161
1749621835935 0.0009765625 162
1749622000498 0.0009765625 163
1749622165132 0.0009765625 164
1749622329253 0.0078125 165
1749622494927 0.0009765625 166
1749622661848 0.0009765625 167
1749622828672 0.0009765625 168
1749622992684 0.03125 169
1749623156322 0.015625 170
1749623323082 0.0009765625 171
1749623490020 0.0009765625 172
1749623656348 0.001953125 173
1749623821625 0.0009765625 174
1749623988604 0.0009765625 175
1749624153940 0.0009765625 176
1749624319250 0.0009765625 177
1749624483450 0.0009765625 178
1749624646954 0.0009765625 179
1749624813846 0.0009765625 180
1749624976439 0.015625 181
1749625140081 0.0009765625 182
1749625304423 0.0078125 183
1749625468647 0.0009765625 184
1749625634023 0.0009765625 185
1749625798403 0.00390625 186
1749625962048 0.0009765625 187
1749626126292 0.015625 188
1749626290713 0.0009765625 189
1749626454845 0.0009765625 190
1749626620236 0.0009765625 191
1749626784939 0.0009765625 192
1749626949197 0.0009765625 193
1749627114095 0.0009765625 194
1749627279523 0.0009765625 195
1749627444638 0.0009765625 196
1749627609609 0.00390625 197
1749627774681 0.0009765625 198
1749627940011 0.0009765625 199
1749628107168 0.0009765625 200
1749628272059 0.0009765625 201
1749628436195 0.0009765625 202
1749628601050 0.0009765625 203
1749628766376 0.0009765625 204
1749628930593 0.0009765625 205
1749629094789 0.0009765625 206
1749629259633 0.0009765625 207
1749629424350 0.0009765625 208
1749629589644 0.0009765625 209
1749629753938 0.0009765625 210
1749629919322 0.0009765625 211
1749630084185 0.0009765625 212
1749630248937 0.0009765625 213
1749630413857 0.0009765625 214
1749630578404 0.0009765625 215
1749630745485 0.0009765625 216
1749630910572 0.0009765625 217
1749631077864 0.0009765625 218
1749631241878 0.0009765625 219
1749631407161 0.0009765625 220
1749631572566 0.0009765625 221
1749631737863 0.0009765625 222
1749631903108 0.0009765625 223
1749632067888 0.0009765625 224
1749632234380 0.0009765625 225
1749632399823 0.0009765625 226
1749632564851 0.0009765625 227
1749632730773 0.0009765625 228
1749632895995 0.0009765625 229
1749633063008 0.0009765625 230
1749633228452 0.0009765625 231
1749633394944 0.0009765625 232
1749633559896 0.0009765625 233
1749633725267 0.0009765625 234
1749633890590 0.0009765625 235
1749634058272 0.0009765625 236
1749634222527 0.0009765625 237
1749634390033 0.0009765625 238
1749634555395 0.0009765625 239
1749634720831 0.0009765625 240
1749634886113 0.0009765625 241
1749635052194 0.0009765625 242
1749635216934 0.0009765625 243
1749635381686 0.0009765625 244
1749635548154 0.0009765625 245
1749635714099 0.0009765625 246
1749635878611 0.0009765625 247
1749636044572 0.0009765625 248
1749636211998 0.0009765625 249
1749636376759 0.0009765625 250
1749636542553 0.0009765625 251
1749636707886 0.0009765625 252
1749636873202 0.0009765625 253
1749637038900 0.0009765625 254
1749637204739 0.0009765625 255
1749637370014 0.0009765625 256
1749637536005 0.0009765625 257
1749637701505 0.0009765625 258
1749637866359 0.0009765625 259
1749638031359 0.0009765625 260
1749638198137 0.0009765625 261
1749638363267 0.0009765625 262
1749638528825 0.0009765625 263
1749638695567 0.0009765625 264
1749638861658 0.0009765625 265
1749639027155 0.0009765625 266
1749639193523 0.0009765625 267
1749639359272 0.0009765625 268
1749639524897 0.0009765625 269
1749639691005 0.0009765625 270
1749639856840 0.0009765625 271
1749640025269 0.0009765625 272
1749640193055 0.0009765625 273
1749640360955 0.0009765625 274
1749640528881 0.0009765625 275
1749640696906 0.0009765625 276
1749640864865 0.0009765625 277
1749641032840 0.0009765625 278
1749641201003 0.0009765625 279
1749641369119 0.0009765625 280
1749641537228 0.0009765625 281
1749641705111 0.0009765625 282
1749641873077 0.0009765625 283
1749642041091 0.0009765625 284
1749642209144 0.0009765625 285
1749642377139 0.0009765625 286
1749642545292 0.0009765625 287
1749642713229 0.0009765625 288
1749642881368 0.0009765625 289
1749643049431 0.0009765625 290
1749643217486 0.0009765625 291
1749643385600 0.0009765625 292
1749643553962 0.0009765625 293
1749643722190 0.0009765625 294
1749643890388 0.0009765625 295
1749644058586 0.0009765625 296
1749644226998 0.0009765625 297
1749644395377 0.0009765625 298
1749644563731 0.0009765625 299
1749644732169 0.0009765625 300
1749644900589 0.0009765625 301
1749645068798 0.0009765625 302
1749645237218 0.0009765625 303
1749645405596 0.0009765625 304
1749645573956 0.0009765625 305
1749645742144 0.0009765625 306
1749645910468 0.0009765625 307
1749646078722 0.0009765625 308
1749646247020 0.0009765625 309
