1747893328770 0.2176 0
1747893544020 0.2382 1
1747893853405 0.2636 2
1747894156253 0.2758 3
1747894460381 0.278 4
1747894764717 0.2808 5
1747895070002 0.2904 6
1747895376580 0.2912 7
1747895681611 0.297 8
1747895986545 0.3026 9
1747896290269 0.3078 10
1747896593518 0.3194 11
1747896897254 0.3246 12
1747897200767 0.3302 13
1747897504297 0.3316 14
1747897807699 0.3352 15
1747898111946 0.3356 16
1747898415664 0.3362 17
1747898719361 0.3382 18
1747899022654 0.3378 19
1747899326954 0.3396 20
1747899630765 0.3398 21
1747899935361 0.3418 22
1747900239032 0.344 23
1747900544564 0.3442 24
1747900848903 0.343 25
1747901155218 0.344 26
1747901461266 0.3444 27
1747901768437 0.3444 28
1747902074847 0.3448 29
1747902382365 0.3454 30
1747902688231 0.348 31
1747902993614 0.349 32
1747903298516 0.3494 33
1747903604051 0.3504 34
1747903910352 0.3524 35
1747904216790 0.354 36
1747904547810 0.3528 37
1747904855147 0.3536 38
1747905163242 0.3594 39
1747905471647 0.3612 40
1747905780351 0.3598 41
1747906088567 0.3592 42
1747906396391 0.3584 43
1747906705288 0.3596 44
1747907013404 0.361 45
1747907321812 0.3618 46
1747907630213 0.3642 47
1747907940635 0.3648 48
1747908249171 0.367 49
1747908555950 0.3686 50
1747908863345 0.37 51
1747909169962 0.3714 52
1747909475333 0.3714 53
1747909781697 0.371 54
1747910087686 0.3724 55
1747910393600 0.3738 56
1747910700696 0.375 57
1747911007050 0.3756 58
1747911313958 0.3754 59
1747911620742 0.3772 60
1747911927253 0.3756 61
1747912235950 0.3772 62
1747912543155 0.3784 63
1747912850891 0.3806 64
1747913148383 0.38 65
1747913445021 0.3806 66
1747913743273 0.3812 67
1747914038905 0.381 68
1747914334515 0.3816 69
1747914630849 0.3826 70
1747914925957 0.3824 71
1747915221032 0.382 72
1747915516469 0.3814 73
1747915814330 0.3824 74
1747916135234 0.3846 75
1747916433029 0.3858 76
1747916736461 0.3868 77
1747917039340 0.3862 78
1747917337624 0.3888 79
1747917635950 0.3872 80
1747917939017 0.3902 81
1747918242554 0.3886 82
1747918545854 0.3894 83
1747918844292 0.3886 84
1747919148018 0.3904 85
1747919449377 0.3906 86
1747919752010 0.393 87
1747920055022 0.3934 88
1747920358794 0.3946 89
1747920678631 0.3966 90
1747920983145 0.3954 91
1747921286890 0.3972 92
1747921591247 0.3974 93
1747921897735 0.3966 94
1747922204160 0.397 95
1747922533736 0.398 96
1747922840711 0.3984 97
1747923146661 0.3994 98
1747923450256 0.4 99
1747923754078 0.4012 100
1747924058078 0.401 101
1747924361781 0.4022 102
1747924664878 0.4006 103
1747924967865 0.4016 104
1747925270858 0.4022 105
1747925591375 0.4014 106
1747925891763 0.4014 107
1747926212910 0.4024 108
1747926530072 0.4028 109
1747926829263 0.404 110
1747927128486 0.4054 111
1747927427844 0.407 112
1747927727583 0.4072 113
1747928026657 0.4076 114
1747928326659 0.4078 115
1747928625963 0.4094 116
1747928925603 0.4078 117
1747929226347 0.4088 118
1747929526108 0.4094 119
1747929827127 0.407 120
1747930128413 0.4096 121
1747930427676 0.4094 122
1747930728709 0.409 123
1747931029507 0.41 124
1747931329786 0.4076 125
1747931629840 0.4088 126
1747931928142 0.4092 127
1747932227424 0.411 128
1747932528139 0.4096 129
1747932830012 0.4104 130
1747933131741 0.4104 131
1747933433165 0.4104 132
1747933735785 0.4112 133
1747934037508 0.4116 134
1747934340417 0.4112 135
1747934643837 0.4108 136
1747934946217 0.4112 137
1747935248990 0.4114 138
1747935554735 0.4116 139
1747935866463 0.41 140
1747936177454 0.4098 141
1747936486283 0.4106 142
1747936797137 0.4108 143
1747937107013 0.4114 144
1747937418029 0.412 145
1747937728590 0.4118 146
1747938040619 0.4118 147
1747938374788 0.4118 148
1747938686379 0.4122 149
1747938998906 0.413 150
1747939310932 0.4126 151
1747939618235 0.4126 152
1747939928557 0.413 153
1747940239350 0.413 154
1747940549726 0.4136 155
1747940860068 0.413 156
1747941169999 0.4148 157
1747941480376 0.4142 158
1747941789664 0.4138 159
1747942101527 0.4146 160
1747942412216 0.4158 161
1747942722465 0.415 162
1747943033454 0.4148 163
1747943343734 0.4146 164
1747943653358 0.4154 165
1747943965581 0.4156 166
1747944276302 0.4152 167
1747944588610 0.4154 168
1747944900928 0.4162 169
1747945212828 0.4162 170
1747945546074 0.416 171
1747945859837 0.4168 172
1747946173476 0.4166 173
1747946487019 0.4172 174
1747946800586 0.4158 175
1747947114589 0.417 176
1747947425149 0.4172 177
1747947736340 0.4164 178
1747948051439 0.4164 179
1747948371825 0.4186 180
1747948692242 0.4178 181
1747949011353 0.4182 182
1747949331640 0.418 183
1747949652026 0.4176 184
1747949972506 0.418 185
1747950291779 0.4182 186
1747950611842 0.4182 187
1747950931620 0.4182 188
1747951251112 0.4176 189
1747951570741 0.4192 190
1747951890247 0.4176 191
1747952210350 0.419 192
1747952530583 0.4188 193
1747952850150 0.4186 194
1747953170041 0.4186 195
1747953490283 0.419 196
1747953813371 0.4194 197
1747954134129 0.4194 198
1747954457141 0.4204 199
1747954778603 0.4202 200
1747955097748 0.4192 201
1747955415875 0.4204 202
1747955734647 0.42 203
1747956053268 0.4202 204
1747956372450 0.42 205
1747956692760 0.4202 206
1747957012955 0.4204 207
1747957333553 0.4196 208
1747957654125 0.4204 209
1747957973590 0.4218 210
1747958294099 0.4216 211
1747958614124 0.4218 212
1747958934604 0.4214 213
1747959255610 0.422 214
1747959575227 0.4222 215
1747959895700 0.4224 216
1747960216868 0.4226 217
1747960536944 0.423 218
1747960857879 0.4234 219
1747961177393 0.423 220
1747961498105 0.4234 221
1747961818129 0.4238 222
1747962139017 0.4236 223
1747962459080 0.4238 224
1747962779906 0.4244 225
1747963100119 0.4244 226
1747963421131 0.424 227
1747963741893 0.4248 228
1747964063528 0.4248 229
1747964383835 0.4252 230
1747964703954 0.426 231
1747965024518 0.4252 232
1747965345734 0.4256 233
1747965666428 0.4258 234
1747965987736 0.4264 235
1747966307794 0.4266 236
1747966628171 0.4262 237
1747966949021 0.4262 238
1747967270006 0.426 239
1747967590695 0.4264 240
1747967910820 0.4264 241
1747968230841 0.4268 242
1747968551514 0.4274 243
1747968871442 0.428 244
1747969191376 0.4282 245
1747969512048 0.428 246
1747969831818 0.4288 247
1747970152408 0.429 248
1747970472689 0.4306 249
1747970793028 0.4298 250
1747971113317 0.43 251
1747971432779 0.4312 252
1747971753829 0.4306 253
1747972073735 0.4304 254
1747972392669 0.4314 255
1747972714181 0.4312 256
1747973035620 0.432 257
1747973358853 0.4322 258
1747973682070 0.4322 259
1747974004739 0.4312 260
1747974327883 0.4328 261
1747974650790 0.4324 262
1747974972990 0.4324 263
1747975288156 0.4326 264
1747975600429 0.4336 265
1747975911294 0.433 266
1747976224755 0.4332 267
1747976537400 0.4326 268
1747976849572 0.4324 269
1747977162379 0.4328 270
1747977473429 0.433 271
1747977786408 0.4334 272
1747978096118 0.4338 273
1747978404995 0.4338 274
1747978713586 0.4332 275
1747979023853 0.434 276
1747979333160 0.434 277
