1747893328770 2.076069951057434 0
1747893544020 2.053339958190918 1
1747893853405 2.0070383548736572 2
1747894156253 1.9674645066261292 3
1747894460381 1.9642218947410583 4
1747894764717 1.9395538568496704 5
1747895070002 1.9207014441490173 6
1747895376580 1.9131129384040833 7
1747895681611 1.8938167095184326 8
1747895986545 1.8819962739944458 9
1747896290269 1.8736872673034668 10
1747896593518 1.8574344515800476 11
1747896897254 1.8434456586837769 12
1747897200767 1.8282641768455505 13
1747897504297 1.8260431289672852 14
1747897807699 1.8216221928596497 15
1747898111946 1.8173023462295532 16
1747898415664 1.8096648454666138 17
1747898719361 1.801198661327362 18
1747899022654 1.7980258464813232 19
1747899326954 1.7953426837921143 20
1747899630765 1.7923609614372253 21
1747899935361 1.788461983203888 22
1747900239032 1.784287452697754 23
1747900544564 1.7798245549201965 24
1747900848903 1.777953326702118 25
1747901155218 1.774301826953888 26
1747901461266 1.7701852917671204 27
1747901768437 1.7683212757110596 28
1747902074847 1.7648913860321045 29
1747902382365 1.7628204822540283 30
1747902688231 1.7610692381858826 31
1747902993614 1.7554513812065125 32
1747903298516 1.7527541518211365 33
1747903604051 1.7508808970451355 34
1747903910352 1.7483359575271606 35
1747904216790 1.7475723028182983 36
1747904547810 1.7458131313323975 37
1747904855147 1.7447990775108337 38
1747905163242 1.735101342201233 39
1747905471647 1.7332661747932434 40
1747905780351 1.732398509979248 41
1747906088567 1.731387197971344 42
1747906396391 1.7299931645393372 43
1747906705288 1.7281326055526733 44
1747907013404 1.725949764251709 45
1747907321812 1.7248479127883911 46
1747907630213 1.7238661050796509 47
1747907940635 1.7218081951141357 48
1747908249171 1.719089686870575 49
1747908555950 1.7169532775878906 50
1747908863345 1.7141317129135132 51
1747909169962 1.7123355269432068 52
1747909475333 1.7096624970436096 53
1747909781697 1.7074245810508728 54
1747910087686 1.7046871781349182 55
1747910393600 1.7031071782112122 56
1747910700696 1.7006795406341553 57
1747911007050 1.69792240858078 58
1747911313958 1.6969093680381775 59
1747911620742 1.695350468158722 60
1747911927253 1.6931679844856262 61
1747912235950 1.6922049522399902 62
1747912543155 1.6908875107765198 63
1747912850891 1.6894245743751526 64
1747913148383 1.6878309845924377 65
1747913445021 1.6865007281303406 66
1747913743273 1.6851175427436829 67
1747914038905 1.6843096613883972 68
1747914334515 1.683233380317688 69
1747914630849 1.6816469430923462 70
1747914925957 1.680970549583435 71
1747915221032 1.6795307397842407 72
1747915516469 1.6783286333084106 73
1747915814330 1.6774041056632996 74
1747916135234 1.6771436929702759 75
1747916433029 1.6749850511550903 76
1747916736461 1.6741169095039368 77
1747917039340 1.6732167601585388 78
1747917337624 1.6715176105499268 79
1747917635950 1.6716551184654236 80
1747917939017 1.669085681438446 81
1747918242554 1.6688544750213623 82
1747918545854 1.6681312322616577 83
1747918844292 1.6665729880332947 84
1747919148018 1.6656783819198608 85
1747919449377 1.6648316979408264 86
1747919752010 1.6637129187583923 87
1747920055022 1.661911427974701 88
1747920358794 1.6604715585708618 89
1747920678631 1.658445656299591 90
1747920983145 1.656757116317749 91
1747921286890 1.6550766825675964 92
1747921591247 1.6537307500839233 93
1747921897735 1.65336674451828 94
1747922204160 1.6522771716117859 95
1747922533736 1.6520094871520996 96
1747922840711 1.6509201526641846 97
1747923146661 1.650535523891449 98
1747923450256 1.6500427722930908 99
1747923754078 1.649448573589325 100
1747924058078 1.6485981345176697 101
1747924361781 1.6476334929466248 102
1747924664878 1.6467032432556152 103
1747924967865 1.6453559398651123 104
1747925270858 1.6450721621513367 105
1747925591375 1.643295168876648 106
1747925891763 1.642550528049469 107
1747926212910 1.6413587927818298 108
1747926530072 1.6403889656066895 109
1747926829263 1.6387102007865906 110
1747927128486 1.6379343271255493 111
1747927427844 1.6371524333953857 112
1747927727583 1.6354464888572693 113
1747928026657 1.63449627161026 114
1747928326659 1.6330599188804626 115
1747928625963 1.6323128938674927 116
1747928925603 1.631899356842041 117
1747929226347 1.63029944896698 118
1747929526108 1.6299201846122742 119
1747929827127 1.6290233135223389 120
1747930128413 1.628633439540863 121
1747930427676 1.6276603937149048 122
1747930728709 1.6269107460975647 123
1747931029507 1.62660551071167 124
1747931329786 1.6265342831611633 125
1747931629840 1.6256547570228577 126
1747931928142 1.6245434880256653 127
1747932227424 1.624504804611206 128
1747932528139 1.6243090629577637 129
1747932830012 1.6232686042785645 130
1747933131741 1.6229358911514282 131
1747933433165 1.6221010088920593 132
1747933735785 1.6214388608932495 133
1747934037508 1.6206243634223938 134
1747934340417 1.619726836681366 135
1747934643837 1.6188703775405884 136
1747934946217 1.6180669069290161 137
1747935248990 1.6174120903015137 138
1747935554735 1.6169430017471313 139
1747935866463 1.6158649921417236 140
1747936177454 1.6153940558433533 141
1747936486283 1.6146672368049622 142
1747936797137 1.6141064167022705 143
1747937107013 1.613452434539795 144
1747937418029 1.6130233407020569 145
1747937728590 1.6128864884376526 146
1747938040619 1.612611711025238 147
1747938374788 1.612060308456421 148
1747938686379 1.611807107925415 149
1747938998906 1.6114473938941956 150
1747939310932 1.610921561717987 151
1747939618235 1.6103909015655518 152
1747939928557 1.6103721261024475 153
1747940239350 1.6099697947502136 154
1747940549726 1.6097878813743591 155
1747940860068 1.6093987822532654 156
1747941169999 1.6086490154266357 157
1747941480376 1.608497977256775 158
1747941789664 1.608415961265564 159
1747942101527 1.6079073548316956 160
1747942412216 1.6074512600898743 161
1747942722465 1.60719895362854 162
1747943033454 1.6068397164344788 163
1747943343734 1.6065332889556885 164
1747943653358 1.6063369512557983 165
1747943965581 1.6058377623558044 166
1747944276302 1.605565071105957 167
1747944588610 1.6052326560020447 168
1747944900928 1.605109453201294 169
1747945212828 1.6046863198280334 170
1747945546074 1.6041259169578552 171
1747945859837 1.6039575934410095 172
1747946173476 1.6036481261253357 173
1747946487019 1.6033574938774109 174
1747946800586 1.6032453775405884 175
1747947114589 1.6025304198265076 176
1747947425149 1.6022689938545227 177
1747947736340 1.6018555164337158 178
1747948051439 1.6017352938652039 179
1747948371825 1.60125333070755 180
1747948692242 1.6008830070495605 181
1747949011353 1.6005868911743164 182
1747949331640 1.600459098815918 183
1747949652026 1.600293755531311 184
1747949972506 1.5999823212623596 185
1747950291779 1.5995804071426392 186
1747950611842 1.599445641040802 187
1747950931620 1.5990598797798157 188
1747951251112 1.5988581776618958 189
1747951570741 1.5983461141586304 190
1747951890247 1.5983920097351074 191
1747952210350 1.5980034470558167 192
1747952530583 1.5977653861045837 193
1747952850150 1.597720980644226 194
1747953170041 1.597027063369751 195
1747953490283 1.5972410440444946 196
1747953813371 1.5967891812324524 197
1747954134129 1.596517562866211 198
1747954457141 1.5959326028823853 199
1747954778603 1.5959476828575134 200
1747955097748 1.5956459641456604 201
1747955415875 1.5953336954116821 202
1747955734647 1.5950221419334412 203
1747956053268 1.594864547252655 204
1747956372450 1.594598412513733 205
1747956692760 1.5944201946258545 206
1747957012955 1.593781590461731 207
1747957333553 1.5936546325683594 208
1747957654125 1.5935724973678589 209
1747957973590 1.5930503010749817 210
1747958294099 1.5926518440246582 211
1747958614124 1.5922443866729736 212
1747958934604 1.5918375253677368 213
1747959255610 1.5913181900978088 214
1747959575227 1.5911994576454163 215
1747959895700 1.590373456478119 216
1747960216868 1.5902706384658813 217
1747960536944 1.5894156694412231 218
1747960857879 1.5893683433532715 219
1747961177393 1.5886662602424622 220
1747961498105 1.5886738300323486 221
1747961818129 1.588057816028595 222
1747962139017 1.5879016518592834 223
1747962459080 1.5876865983009338 224
1747962779906 1.5871434211730957 225
1747963100119 1.5869028568267822 226
1747963421131 1.5866970419883728 227
1747963741893 1.5861526131629944 228
1747964063528 1.5860654711723328 229
1747964383835 1.5857062935829163 230
1747964703954 1.585213303565979 231
1747965024518 1.5848925709724426 232
1747965345734 1.5844758749008179 233
1747965666428 1.5840251445770264 234
1747965987736 1.583726406097412 235
1747966307794 1.5832877159118652 236
1747966628171 1.5828474164009094 237
1747966949021 1.5823193192481995 238
1747967270006 1.5818809866905212 239
1747967590695 1.581794798374176 240
1747967910820 1.5813948512077332 241
1747968230841 1.5809041857719421 242
1747968551514 1.580451250076294 243
1747968871442 1.5800831317901611 244
1747969191376 1.580022931098938 245
1747969512048 1.5795487761497498 246
1747969831818 1.5790804028511047 247
1747970152408 1.5786212682724 248
1747970472689 1.578446388244629 249
1747970793028 1.5781880021095276 250
1747971113317 1.577867329120636 251
1747971432779 1.5774988532066345 252
1747971753829 1.5771604180335999 253
1747972073735 1.576722800731659 254
1747972392669 1.5764524340629578 255
1747972714181 1.5761404037475586 256
1747973035620 1.5758801102638245 257
1747973358853 1.575362741947174 258
1747973682070 1.5750619173049927 259
1747974004739 1.5749027132987976 260
1747974327883 1.5742448568344116 261
1747974650790 1.5740557312965393 262
1747974972990 1.573681116104126 263
1747975288156 1.573281466960907 264
1747975600429 1.5730813145637512 265
1747975911294 1.5725566744804382 266
1747976224755 1.572593629360199 267
1747976537400 1.5722260475158691 268
1747976849572 1.5720178484916687 269
1747977162379 1.5718414187431335 270
1747977473429 1.5716922879219055 271
1747977786408 1.5714486241340637 272
1747978096118 1.571129024028778 273
1747978404995 1.5708322525024414 274
1747978713586 1.5702238082885742 275
1747979023853 1.5702167749404907 276
1747979333160 1.5701444149017334 277
