1747300812791 2.3222778276963667 0
1747300815117 2.2906326814131304 1
1747300817638 2.271452860398726 2
1747300819970 2.2563639770854604 3
1747300822278 2.2413648041811856 4
1747300824586 2.225413842634721 5
1747300827071 2.2089665369554 6
1747300829390 2.1928883249109443 7
1747300831699 2.1772769581187856 8
1747300834185 2.1621253273703833 9
1747300836494 2.1473750417882744 10
1747300838820 2.1334037347273394 11
1747300841316 2.1205490935932505 12
1747300843624 2.109188426624645 13
1747300845939 2.098655939102173 14
1747300848432 2.0883546742525967 15
1747300850775 2.078188007528132 16
1747300853112 2.0682125958529385 17
1747300855442 2.058463313362815 18
1747300857952 2.048801140351729 19
1747300860306 2.039356925270774 20
1747300862656 2.029814113270153 21
1747300865176 2.0201210975646973 22
1747300867512 2.0106949481097134 23
1747300869861 2.0016612247987227 24
1747300872378 1.9929734793576328 25
1747300874707 1.9847821972586892 26
1747300877034 1.9769276705655185 27
1747300879574 1.9694012511860242 28
1747300881930 1.9621105085719714 29
1747300884292 1.9549797556617043 30
1747300886646 1.9478924166072498 31
1747300889179 1.9410212256691672 32
1747300891547 1.9341335838491267 33
1747300893899 1.9276873523538762 34
1747300896423 1.921447602185336 35
1747300898778 1.9155445315621116 36
1747300901119 1.9099690480665727 37
1747300903642 1.9044244506142356 38
1747300905982 1.8990373611450195 39
1747300908332 1.8938995599746704 40
1747300910863 1.889302752234719 41
1747300913215 1.8858657750216397 42
1747300915571 1.8819840604608709 43
1747300917924 1.8745678771625867 44
1747300920461 1.872184926813299 45
1747300922826 1.8670314008539373 46
1747300925185 1.8609453331340442 47
1747300927729 1.8594288392500444 48
1747300930098 1.8522082675587048 49
1747300932468 1.846803524277427 50
1747300935027 1.8453687321056018 51
1747300937396 1.8384936831214211 52
1747300939772 1.832418355074796 53
1747300942137 1.8310105042024092 54
1747300944665 1.8259709748354824 55
1747300947015 1.818568153814836 56
1747300949375 1.8161874684420498 57
1747300951919 1.8144862218336626 58
1747300954281 1.8079560561613603 59
1747300956629 1.8012898076664319 60
1747300959176 1.798606514930725 61
1747300961544 1.7979912974617698 62
1747300963900 1.7973104281858965 63
1747300966266 1.7886529185555198 64
1747300968815 1.781678318977356 65
1747300971190 1.7806191661141135 66
1747300973544 1.7806251482530073 67
1747300976085 1.7761530551043423 68
1747300978441 1.7669268196279353 69
1747300980792 1.7643262147903442 70
1747300983346 1.7654721953652122 71
1747300985698 1.7616989395835183 72
1747300988064 1.755638512698087 73
1747300990618 1.7495993050661953 74
1747300992974 1.7470418106425891 75
1747300995329 1.747953317382119 76
1747300997680 1.7453988031907515 77
1747301000226 1.7390403855930676 78
1747301002595 1.7321809530258179 79
1747301004969 1.730960325761275 80
1747301007505 1.730695659464056 81
1747301009874 1.729073318568143 82
1747301012252 1.7294413501566106 83
1747301014810 1.7201207009228794 84
1747301017177 1.7136295708743008 85
1747301019551 1.7172583991830999 86
1747301021921 1.7132526202635332 87
1747301024463 1.7102840163490989 88
1747301026812 1.7070294401862405 89
1747301029169 1.698979291048917 90
1747301031702 1.6993698531931096 91
1747301034043 1.7002419341694226 92
1747301036393 1.6974226561459629 93
1747301038938 1.6955955570394343 94
1747301041307 1.688521526076577 95
1747301043678 1.6827028773047707 96
1747301046040 1.6862077171152288 97
1747301048577 1.68869656866247 98
1747301050957 1.685790939764543 99
1747301053333 1.6812856522473423 100
1747301055884 1.6712535402991555 101
1747301058241 1.6739636767994275 102
1747301060617 1.679736007343639 103
1747301063155 1.667951518839056 104
1747301065511 1.6631327325647527 105
1747301067864 1.6642269763079556 106
1747301070416 1.6589650457555598 107
1747301072800 1.6548418240113691 108
1747301075172 1.6552294817837803 109
1747301077551 1.6520522182637996 110
1747301080120 1.6520945809104226 111
1747301082503 1.6492660479112105 112
1747301084882 1.6485999714244495 113
1747301087439 1.6460986137390137 114
1747301089813 1.6452932249416004 115
1747301092186 1.6432824026454578 116
1747301094746 1.6422298821535977 117
1747301097104 1.6400835730812766 118
1747301099480 1.6391428383913906 119
1747301101859 1.6369704333218662 120
1747301104407 1.6361806284297595 121
1747301106773 1.6340189630335027 122
1747301109141 1.6329460252415051 123
1747301111709 1.631027492609891 124
1747301114093 1.6295791214162654 125
1747301116465 1.6283042539249768 126
1747301119025 1.6261878121982922 127
1747301121400 1.6247299367731267 128
1747301123785 1.6234631104902788 129
1747301126154 1.6216182166879827 130
1747301128703 1.619953372261741 131
1747301131089 1.6185864968733354 132
1747301133475 1.6171527017246594 133
1747301136045 1.6150581619956277 134
1747301138422 1.6142524589191785 135
1747301140808 1.6120993332429365 136
1747301143360 1.6103219444101506 137
1747301145738 1.6088747002861716 138
1747301148115 1.6075517806139858 139
1747301150665 1.6060633009130305 140
1747301153041 1.6055283438075671 141
1747301155413 1.6058788082816384 142
1747301157780 1.6067334630272605 143
1747301160349 1.599836522882635 144
1747301162735 1.6044605320150203 145
1747301165107 1.5981862870129673 146
1747301167670 1.601553743535822 147
1747301170053 1.5969620509581133 148
1747301172430 1.5994536443190142 149
1747301174991 1.5956730517474087 150
1747301177374 1.5968208421360364 151
1747301179756 1.5942172028801658 152
1747301182142 1.594606497071006 153
1747301184720 1.5932273431257769 154
1747301187077 1.5927577343854038 155
1747301189458 1.5915609056299382 156
1747301192031 1.5910204648971558 157
1747301194420 1.5899947773326526 158
1747301196808 1.5892404534599998 159
1747301199388 1.5885222174904563 160
1747301201759 1.5875394886190242 161
1747301204118 1.5867076353593306 162
1747301206485 1.5861140923066572 163
1747301209044 1.585057486187328 164
1747301211438 1.584162798794833 165
1747301213839 1.5836940787055276 166
1747301216414 1.5826323465867476 167
1747301218781 1.5820520899512551 168
1747301221165 1.5811281420967795 169
1747301223741 1.580154765735973 170
1747301226120 1.5797429084777832 171
1747301228520 1.578352386301214 172
1747301231076 1.5781363573941318 173
1747301233455 1.5771642381494695 174
1747301235825 1.5767094655470415 175
1747301238196 1.5757880969481035 176
1747301240756 1.5750962820920078 177
1747301243119 1.57398568500172 178
1747301245491 1.5733321796764026 179
1747301248049 1.5726383924484253 180
1747301250439 1.5720506689765237 181
1747301252801 1.5706401738253506 182
1747301255351 1.569892254742709 183
1747301257712 1.5693315701051191 184
1747301260079 1.5685618790713223 185
1747301262443 1.567915526303378 186
1747301264986 1.5670556371862239 187
1747301267341 1.5663722536780618 188
1747301269699 1.5657702142542058 189
1747301272248 1.564374024217779 190
1747301274609 1.5638138380917637 191
1747301276966 1.563246943733909 192
1747301279511 1.5626392364501953 193
1747301281880 1.561517065221613 194
1747301284249 1.5609065727754072 195
1747301286609 1.5601533326235684 196
1747301289155 1.559628963470459 197
1747301291518 1.5585562532598323 198
1747301293880 1.558086481961337 199
1747301296431 1.557131832296198 200
1747301298792 1.5559870438142256 201
1747301301157 1.5555663108825684 202
1747301303698 1.554894674908031 203
1747301306060 1.553908727385781 204
1747301308435 1.5531221953305332 205
1747301310981 1.5521624305031516 206
1747301313342 1.5519900647076694 207
1747301315705 1.5513050231066616 208
1747301318070 1.5503092787482522 209
1747301320616 1.5497699542479082 210
1747301322979 1.5485671867023816 211
1747301325335 1.548469987782565 212
1747301327888 1.5486326109279285 213
1747301330256 1.5495690865950151 214
1747301332616 1.5459327697753906 215
1747301335162 1.5484950217333706 216
1747301337515 1.545322754166343 217
1747301339902 1.5470721613277088 218
1747301342297 1.5449852293187922 219
1747301344864 1.5461138161745938 220
1747301347253 1.544140263037248 221
1747301349644 1.544796499339017 222
1747301352220 1.543259154666554 223
1747301354617 1.5436043414202603 224
1747301357013 1.5428045012734153 225
1747301359591 1.54292123967951 226
1747301361989 1.5419052189046687 227
1747301364377 1.542020158334212 228
1747301366747 1.5412666906010022 229
1747301369317 1.540971116586165 230
1747301371710 1.5405065579847856 231
1747301374090 1.5405233231457798 232
1747301376658 1.5399641340429133 233
1747301379044 1.5395780476656826 234
1747301381434 1.5385155244307085 235
1747301384013 1.5389568372206255 236
1747301386403 1.5380214127627285 237
1747301388777 1.538070711222562 238
1747301391321 1.5374122099442915 239
1747301393687 1.5374315001747825 240
1747301396063 1.5369704528288408 241
1747301398421 1.5367060899734497 242
1747301400996 1.5358103080229326 243
1747301404141 1.5355773405595259 244
1747301406506 1.535188382322138 245
1747301409059 1.5352938717061824 246
1747301411441 1.5344652479345149 247
1747301413825 1.5342796390706843 248
1747301416387 1.5337434898723254 249
1747301418771 1.5338506590236316 250
1747301421172 1.5331030108711936 251
1747301423544 1.532799699089744 252
1747301426100 1.5327575640244917 253
1747301428478 1.531794320453297 254
1747301430878 1.531489144672047 255
1747301433450 1.5312170657244595 256
1747301435837 1.5310631665316494 257
1747301438235 1.5307421575893054 258
1747301440815 1.5301656831394543 259
1747301443228 1.529872179031372 260
1747301445628 1.529568444598805 261
1747301448018 1.5291255929253318 262
1747301450595 1.5289485454559326 263
1747301453001 1.528612126003612 264
1747301455398 1.5277530496770686 265
1747301457961 1.5276176712729714 266
1747301460360 1.5273801738565618 267
1747301462746 1.5272638255899602 268
1747301465325 1.5263735164295544 269
1747301467717 1.5261082974347202 270
1747301470110 1.5258393396030774 271
1747301472685 1.5255011320114136 272
1747301475081 1.5251090418208728 273
1747301477472 1.5247090296311812 274
1747301479874 1.5240078080784192 275
1747301482554 1.5238588723269375 276
1747301484920 1.5238454667004673 277
1747301487285 1.5231836275620894 278
1747301489855 1.5227188088677146 279
1747301492249 1.5223613760688088 280
1747301494642 1.5220525047995828 281
1747301497229 1.5215677564794368 282
1747301499619 1.5214730284430764 283
1747301502020 1.5212411880493164 284
1747301504403 1.520782709121704 285
1747301506985 1.520228223367171 286
1747301509386 1.5200995857065374 287
1747301511768 1.5193935415961526 288
1747301514339 1.5187699036164717 289
1747301516731 1.518763780593872 290
1747301519109 1.5187746611508457 291
1747301521693 1.5179417458447544 292
1747301524099 1.5172260024330833 293
1747301526487 1.5169878764586016 294
1747301528867 1.5169273073023015 295
1747301531454 1.5165244232524524 296
1747301533849 1.5161126093430952 297
1747301536240 1.5158001834695989 298
1747301538820 1.514931483702226 299
1747301541220 1.5148572379892522 300
1747301543609 1.5146189494566484 301
1747301546191 1.5145887461575596 302
1747301548587 1.5138444033536045 303
1747301550990 1.5130550861358643 304
1747301553571 1.512738661332564 305
1747301555979 1.512900179082697 306
1747301558371 1.5121418129314075 307
1747301560773 1.5116783380508423 308
1747301563348 1.5111139254136519 309
1747301565738 1.5109838138927112 310
1747301568128 1.510522116314281 311
1747301570721 1.5103490244258533 312
1747301573114 1.510160511190241 313
1747301575496 1.5093510692769831 314
1747301578046 1.5090856227007778 315
1747301580432 1.5088834979317405 316
1747301582842 1.5084167393771084 317
1747301585232 1.5081703012639827 318
1747301587818 1.5074364813891323 319
1747301590209 1.5068176009438254 320
1747301592602 1.5068035992709072 321
1747301595179 1.5065676732496782 322
1747301597584 1.5058861537413164 323
1747301599983 1.5056685642762617 324
1747301602581 1.5052754878997803 325
1747301604998 1.5045354041186245 326
1747301607398 1.504330743442882 327
1747301609795 1.5040682770989158 328
1747301612376 1.5037988966161555 329
1747301614772 1.5043331709775059 330
1747301617168 1.5053011070598254 331
1747301619752 1.5027894648638638 332
1747301622138 1.50435763055628 333
1747301624535 1.5019911419261585 334
1747301627106 1.5036660757931797 335
1747301629508 1.5016840587962756 336
1747301631902 1.5031588727777654 337
1747301634478 1.5021190318194302 338
1747301636866 1.501531254161488 339
1747301639257 1.5024046247655696 340
1747301641655 1.5017574483698064 341
1747301644247 1.5013506737622349 342
1747301646646 1.5017747337167913 343
1747301649034 1.5015355782075361 344
1747301651607 1.501459457657554 345
1747301653986 1.500518267804926 346
1747301656361 1.5009620731527156 347
1747301658923 1.5012182972647927 348
1747301661312 1.5010481530969793 349
1747301663686 1.5012290586124768 350
1747301666057 1.500663312998685 351
1747301668615 1.5006801973689685 352
1747301671019 1.5008895505558362 353
1747301673419 1.5006578727201982 354
1747301676004 1.5003944418647073 355
1747301678391 1.5006424405358054 356
1747301680789 1.5004670403220437 357
1747301683378 1.5005377531051636 358
1747301685782 1.5005776448683306 359
1747301688163 1.5011183998801492 360
1747301690563 1.5004761110652576 361
1747301693143 1.5004794814369895 362
1747301695531 1.5002321980216287 363
1747301697919 1.5003406676379116 364
1747301700506 1.5006778023459695 365
1747301702918 1.5004897659475154 366
1747301705322 1.5004838163202459 367
1747301707914 1.5003587441010908 368
1747301710329 1.5003128268501975 369
1747301712743 1.5001188624988904 370
1747301715337 1.5000197995792737 371
1747301717757 1.5004246018149636 372
1747301720166 1.5004012259570034 373
1747301722582 1.5002886273644187 374
1747301725173 1.5002329349517822 375
1747301727568 1.5001619078896262 376
1747301729964 1.5002025149085305 377
1747301732536 1.5002655549482866 378
1747301734923 1.5004745396700772 379
1747301737307 1.5003764195875688 380
1747301739883 1.5008366541429 381
1747301742281 1.5006265531886707 382
1747301744684 1.4998775720596313 383
1747301747084 1.500328009778803 384
1747301749674 1.5008060390299016 385
1747301752063 1.4999528256329624 386
1747301754457 1.5002930706197566 387
1747301757034 1.500337232242931 388
1747301759434 1.5006826465780085 389
1747301761833 1.5005173358050259 390
1747301764422 1.500302325595509 391
1747301766830 1.5005828142166138 392
1747301769225 1.5000788623636419 393
1747301771622 1.5002670613202183 394
1747301774189 1.4998740824786099 395
1747301776573 1.5002352649515325 396
1747301778952 1.5004491914402356 397
1747301781542 1.5002605481581255 398
1747301783953 1.5004612532528965 399
1747301786332 1.5003895434466274 400
1747301788901 1.5006662607192993 401
1747301791298 1.5005758567289873 402
1747301793702 1.5003908330743962 403
1747301796284 1.500372052192688 404
1747301798699 1.500628807327964 405
1747301801097 1.5003155361522327 406
1747301803486 1.5001280091025613 407
1747301806063 1.500351363962347 408
1747301808446 1.500481908971613 409
1747301810846 1.5003278797323054 410
1747301813443 1.500379204750061 411
1747301815848 1.5003653331236406 412
1747301818236 1.5002574053677646 413
1747301820823 1.4998934810811824 414
1747301823225 1.500655390999534 415
1747301825670 1.50013728575273 416
1747301828105 1.5002337585796008 417
1747301830727 1.499961625445973 418
1747301833181 1.5004857561805032 419
1747301835633 1.5005492838946255 420
1747301838261 1.5002109679308804 421
1747301840709 1.5002613284371116 422
1747301843154 1.5006887045773594 423
1747301845785 1.500001159581271 424
1747301848210 1.5004913156682795 425
1747301850653 1.5002537423914128 426
1747301853098 1.5001877004450017 427
1747301855734 1.5002917376431553 428
1747301858164 1.5002733035521074 429
1747301860595 1.500503041527488 430
1747301863231 1.5004804459485142 431
1747301865677 1.5000643946907737 432
1747301868106 1.4999285827983508 433
1747301870744 1.4998874447562478 434
1747301873180 1.5000885833393445 435
1747301875598 1.5003246502442793 436
1747301878177 1.5009118210185657 437
1747301880596 1.5002658367156982 438
1747301883005 1.5003397139635952 439
1747301885405 1.5000205690210515 440
1747301887990 1.5000926147807727 441
1747301890409 1.500251910903237 442
1747301892855 1.5005024779926648 443
1747301895487 1.5000755353407427 444
1747301897908 1.500605734911832 445
1747301900309 1.5001003417101773 446
1747301902899 1.500148437239907 447
1747301905302 1.500322168523615 448
1747301907709 1.5003090121529319 449
1747301910113 1.5002213391390713 450
1747301912704 1.5005956563082608 451
1747301915113 1.5000533190640537 452
1747301917522 1.5005397579886697 453
1747301920110 1.5004078474911777 454
1747301922520 1.5000112056732178 455
1747301924929 1.5007053288546475 456
1747301927532 1.5001933141188188 457
1747301929942 1.5003338293595747 458
1747301932348 1.5004162896763196 459
1747301934751 1.500374815680764 460
1747301937332 1.5000894828276201 461
1747301939741 1.5001184940338135 462
1747301942148 1.5000966028733687 463
1747301944743 1.5002465464852073 464
1747301947143 1.5002898519689387 465
1747301949551 1.5001308592883023 466
1747301952139 1.5005473006855359 467
1747301954546 1.5000445517626675 468
1747301956950 1.5003476359627463 469
1747301959546 1.5002956065264614 470
1747301961951 1.5004460486498745 471
1747301964355 1.500340223312378 472
1747301966768 1.5001945278861306 473
1747301969368 1.5003984407945112 474
1747301971797 1.5002598003907637 475
1747301974215 1.5006801648573442 476
1747301976808 1.5003744580528953 477
1747301979220 1.5003357367082075 478
1747301981638 1.500643784349615 479
1747301984250 1.5006095170974731 480
1747301986657 1.5005091428756714 481
1747301989061 1.5007140311327847 482
1747301991480 1.5001598596572876 483
1747301994075 1.5002504262057217 484
1747301996479 1.5003769180991433 485
1747301998873 1.5002920519221912 486
1747302001510 1.5001429211009631 487
1747302003951 1.5003194267099553 488
1747302006387 1.5000095259059558 489
1747302008989 1.5004331848838113 490
1747302011423 1.500481215390292 491
1747302013843 1.5006079998883335 492
1747302016255 1.5005204352465542 493
1747302018843 1.5004789179021663 494
1747302021292 1.5000006719069048 495
1747302023723 1.500789837403731 496
1747302026349 1.4999536709351973 497
1747302028783 1.500141978263855 498
1747302031188 1.5006969300183384 499
1747302033770 1.5001982992345637 500
1747302036174 1.500397096980702 501
1747302038580 1.5004434802315452 502
1747302041201 1.5000806179913608 503
1747302043637 1.500485821203752 504
1747302046036 1.5006852475079624 505
1747302048441 1.500307180664756 506
1747302051063 1.5002153244885532 507
1747302053502 1.5001839724454014 508
1747302055922 1.5003619952635332 509
1747302058502 1.5001810680736194 510
1747302060945 1.5000547820871526 511
1747302063391 1.50044123692946 512
1747302066017 1.5002123334191062 513
1747302068459 1.500494046644731 514
1747302070906 1.500278646295721 515
1747302073343 1.5001967386765913 516
1747302075967 1.5006098747253418 517
1747302078397 1.5007304386659102 518
1747302080847 1.500613190911033 519
1747302083479 1.5001694830981167 520
1747302085916 1.5002380501140247 521
1747302088337 1.5003335801037876 522
1747302090769 1.5003966201435437 523
1747302093370 1.5005244341763584 524
1747302095783 1.5005007873881946 525
1747302098197 1.5004736943678423 526
1747302100815 1.5000665621324019 527
1747302103251 1.5001420216126875 528
1747302105693 1.50031625140797 529
1747302108327 1.500140298496593 530
1747302110754 1.500466455112804 531
1747302113190 1.500396728515625 532
1747302115805 1.5001272504979914 533
1747302118223 1.5002410086718472 534
1747302120661 1.500436706976457 535
1747302123110 1.500305089083585 536
1747302125739 1.5001355734738437 537
1747302128178 1.5006009448658337 538
1747302130620 1.5005974661220203 539
1747302133249 1.5003334392200818 540
1747302135705 1.5002787004817615 541
1747302138151 1.5001052618026733 542
1747302140793 1.5010012279857288 543
1747302143236 1.4998911402442239 544
1747302145692 1.499989477070895 545
1747302148331 1.500064026225697 546
1747302150789 1.5001268603584983 547
1747302153231 1.5002162239768289 548
1747302155661 1.5008024844256314 549
1747302158265 1.500061186877164 550
1747302160691 1.5001978223974055 551
1747302163108 1.5004220008850098 552
1747302165708 1.5004456693475896 553
1747302168120 1.5001793774691494 554
1747302170549 1.5008752237666736 555
1747302173172 1.5002788522026755 556
1747302175603 1.5002929188988425 557
1747302178031 1.5006509260697798 558
1747302180461 1.4999383796345105 559
1747302183102 1.5001696890050715 560
1747302185544 1.5002717755057595 561
1747302188004 1.500008377161893 562
1747302190638 1.5002442381598733 563
1747302193082 1.50024367462505 564
1747302195538 1.500305024060336 565
1747302198173 1.5006036975167014 566
1747302200614 1.5004122365604748 567
1747302203067 1.5001661777496338 568
1747302205516 1.500359838659113 569
1747302208120 1.5006450739773838 570
1747302210557 1.5008257085626775 571
1747302213004 1.500699444250627 572
1747302215629 1.5003640543330798 573
1747302218046 1.5000471418554133 574
1747302220482 1.500022378834811 575
1747302223111 1.5007836601950906 576
1747302225552 1.5002836855975064 577
1747302227998 1.5002623471346768 578
1747302230618 1.5000867301767522 579
1747302233044 1.5003811879591509 580
1747302235454 1.5003761920061978 581
1747302237865 1.500484748320146 582
1747302240473 1.5002259016036987 583
1747302242915 1.5005662874741987 584
1747302245344 1.5000569170171565 585
1747302247950 1.5002176761627197 586
1747302250388 1.500833803957159 587
1747302252814 1.5003391395915637 588
1747302255432 1.5002908381548794 589
1747302257843 1.50035560131073 590
1747302260277 1.5006943616000088 591
1747302262706 1.5001291253349998 592
1747302265324 1.5003680207512595 593
1747302267743 1.500613505190069 594
1747302270176 1.50029963796789 595
1747302272802 1.5002410411834717 596
1747302275229 1.5006686557422986 597
1747302277663 1.500383648005399 598
1747302280291 1.5004145232113926 599
1747302282736 1.5004339868372136 600
1747302285157 1.5005285306410356 601
1747302287575 1.500459616834467 602
1747302290191 1.500408031723716 603
1747302292647 1.5004272894425825 604
1747302295095 1.500051281668923 605
1747302297697 1.5000254349275068 606
1747302300136 1.5003080476414075 607
1747302302585 1.500359220938249 608
1747302305222 1.5005230036648838 609
1747302307677 1.500154896215959 610
1747302310139 1.5000161474401301 611
1747302312778 1.4999425953084773 612
1747302315220 1.5001888491890647 613
1747302317642 1.5009491010145708 614
1747302320072 1.5002058852802624 615
1747302322713 1.50045691836964 616
1747302325159 1.5004538731141523 617
1747302327579 1.5000798810612073 618
1747302330192 1.5002446282993664 619
1747302332646 1.5003829544240779 620
1747302335100 1.500626271421259 621
1747302337748 1.5003464005210183 622
1747302340199 1.5000267679041082 623
1747302342654 1.5003504427996548 624
1747302345106 1.5000702142715454 625
1747302347730 1.5000781579451128 626
1747302350177 1.5000232241370461 627
1747302352616 1.5003283674066716 628
1747302355232 1.5001137256622314 629
1747302357654 1.5002460154620083 630
1747302360088 1.5000383095307783 631
1747302362741 1.5005249218507246 632
1747302365200 1.5004295327446677 633
1747302367635 1.5003100525249133 634
1747302370042 1.5005097172477029 635
1747302372677 1.5007185610857876 636
1747302375112 1.5001574971459128 637
1747302377536 1.5002397082068704 638
1747302380151 1.5005001479929143 639
1747302382596 1.500354441729459 640
1747302385049 1.5005492838946255 641
1747302387692 1.50017587705092 642
1747302390131 1.5001964352347634 643
1747302392585 1.5000280358574607 644
1747302395217 1.5002304207194934 645
1747302397642 1.5001276948235251 646
1747302400057 1.5001777627251365 647
1747302402484 1.500502499667081 648
1747302405096 1.4999627525156194 649
1747302407509 1.5006057674234563 650
1747302409930 1.5006116195158525 651
1747302412562 1.5000831213864414 652
1747302415000 1.500663540580056 653
1747302417439 1.5001965436068447 654
1747302420056 1.5001364296132869 655
1747302422501 1.499948588284579 656
1747302424952 1.5004573193463413 657
1747302427414 1.5002225312319668 658
1747302430052 1.5001873103055088 659
1747302432506 1.5000812465494329 660
1747302434961 1.4998575232245706 661
1747302437609 1.5002437288110906 662
1747302440060 1.5003609548915515 663
1747302442500 1.50021615895358 664
1747302445126 1.5001745223999023 665
1747302447559 1.5009165568785234 666
1747302450001 1.500356912612915 667
1747302452456 1.50017202984203 668
1747302455075 1.500288800759749 669
1747302457518 1.500234690579501 670
1747302459935 1.5007000077854504 671
1747302462570 1.5004092454910278 672
1747302465003 1.5004260648380627 673
1747302467437 1.500581687146967 674
1747302470060 1.5001877004450017 675
1747302472502 1.5002287409522317 676
1747302474953 1.5003840381448919 677
1747302477566 1.5005420012907549 678
1747302480006 1.5002462430433794 679
1747302482466 1.5000578165054321 680
1747302484937 1.5006840987638994 681
1747302487571 1.5002513473684138 682
1747302490000 1.5001088164069436 683
1747302492453 1.5004008683291348 684
1747302495082 1.5003960566087202 685
1747302497526 1.5000751235268333 686
1747302499958 1.5002273646267978 687
1747302502594 1.5003844607960095 688
1747302505043 1.5002966794100674 689
1747302507492 1.5001330917531794 690
1747302509936 1.5005496198480779 691
1747302512579 1.5003519491715864 692
1747302515030 1.5002358176491477 693
1747302517477 1.5000355352054944 694
1747302520109 1.5003672404722734 695
1747302522557 1.5002228888598355 696
1747302525002 1.5001214417544277 697
1747302527638 1.5005219307812778 698
1747302530067 1.5004187497225674 699
1747302532518 1.5007477348501033 700
1747302534957 1.5003989284688777 701
1747302537561 1.5005311207337813 702
1747302539982 1.5003966743295842 703
1747302542430 1.5000102086500688 704
1747302545060 1.5000360012054443 705
1747302547517 1.5001332543113015 706
1747302549961 1.5002505454150112 707
1747302552605 1.5003644011237405 708
1747302555053 1.500389044935053 709
1747302557504 1.5006098422137173 710
1747302560141 1.5010770884427158 711
1747302562600 1.5001547011462124 712
1747302565049 1.499916293404319 713
1747302567483 1.5002491040663286 714
1747302570101 1.500404498793862 715
1747302572531 1.5003786087036133 716
1747302574946 1.5002441081133755 717
1747302577562 1.500215302814137 718
1747302579991 1.5003199252215298 719
1747302582442 1.5002549344843084 720
1747302585075 1.5003014369444414 721
1747302587508 1.5003091096878052 722
1747302589948 1.5008769252083518 723
1747302592381 1.4999173987995496 724
1747302594977 1.5000695857134732 725
1747302597385 1.5001333084973423 726
1747302599803 1.499970089305531 727
1747302602450 1.5005557211962612 728
1747302604901 1.5001347281716086 729
1747302607350 1.4999645081433384 730
1747302609972 1.5008011189374058 731
1747302612405 1.4999053153124722 732
1747302614835 1.5004530494863337 733
1747302617247 1.5003887198188088 734
1747302619864 1.500325701453469 735
1747302622328 1.5001506263559514 736
1747302624767 1.5002784512259744 737
1747302627391 1.500313867222179 738
1747302629835 1.50010638887232 739
1747302632304 1.5004544366489758 740
1747302634945 1.5004321336746216 741
1747302637384 1.5002111413262107 742
1747302639822 1.5002272129058838 743
1747302642443 1.5003060861067339 744
1747302644904 1.499946724284779 745
1747302647357 1.5001739805394954 746
1747302649799 1.500400261445479 747
1747302652442 1.5004933747378262 748
1747302654901 1.5003003748980435 749
1747302657354 1.5003354332663796 750
1747302659975 1.5003160996870561 751
1747302662429 1.5003570534966209 752
1747302664886 1.500464374368841 753
1747302667533 1.5000646005977283 754
1747302669967 1.5003411878239026 755
1747302672424 1.5006297068162398 756
1747302674887 1.500393564050848 757
1747302677521 1.5002402067184448 758
1747302679966 1.5003620277751575 759
1747302682417 1.5002372156489978 760
1747302685034 1.5000677433880893 761
1747302687454 1.5003864873539319 762
1747302689878 1.5001182014291936 763
1747302692519 1.5004038485613735 764
1747302694949 1.500344764102589 765
1747302697377 1.5001608783548528 766
1747302699784 1.5002562566237017 767
1747302702438 1.500513412735679 768
1747302704896 1.500137914310802 769
1747302707346 1.5003704049370505 770
1747302709987 1.5003244118257002 771
1747302712421 1.5004169724204324 772
1747302714827 1.4998974908481946 773
1747302717429 1.500439307906411 774
1747302719851 1.5002586841583252 775
1747302722270 1.5005556778474287 776
1747302724874 1.5002583048560403 777
1747302727290 1.4999301433563232 778
1747302729711 1.499847336248918 779
1747302732170 1.500349218195135 780
1747302734777 1.4998332803899592 781
1747302737184 1.5006000995635986 782
1747302739594 1.4998982277783481 783
1747302742247 1.5002565058794888 784
1747302744664 1.5001832030036233 785
1747302747079 1.5001785538413308 786
1747302749679 1.500011682510376 787
1747302752142 1.500160271471197 788
1747302754591 1.5003372105685147 789
1747302757031 1.4998936219648882 790
1747302759642 1.500407186421481 791
1747302762081 1.5004944259470159 792
1747302764520 1.4999818368391558 793
1747302767143 1.5002383535558528 794
1747302769565 1.50046105818315 795
1747302772025 1.500631039792841 796
1747302774668 1.500121907754378 797
1747302777118 1.5005202618512241 798
1747302779554 1.499979561025446 799
1747302781999 1.5001550804484973 800
1747302784635 1.5005616274746982 801
1747302787049 1.5000334761359475 802
1747302789462 1.5003319111737339 803
1747302792073 1.500569061799483 804
1747302794489 1.5004140788858586 805
1747302796903 1.4998890161514282 806
1747302799504 1.499990549954501 807
1747302801916 1.500168887051669 808
1747302804333 1.5004307573491877 809
1747302806932 1.5002537315542048 810
1747302809355 1.5001910383051091 811
1747302811790 1.5002257823944092 812
1747302814232 1.5001106370579114 813
1747302816850 1.5003418488935991 814
1747302819266 1.5004211013967341 815
1747302821705 1.5003167932683772 816
1747302824355 1.5003876686096191 817
1747302826800 1.500209017233415 818
1747302829227 1.5000387755307285 819
1747302831849 1.5001910491423174 820
1747302834292 1.500149282542142 821
1747302836720 1.5003138997338035 822
1747302839135 1.5000679709694602 823
1747302841764 1.5004143823276868 824
1747302844229 1.5000072826038708 825
1747302846693 1.5003335909409956 826
1747302849311 1.5003346529873935 827
1747302851760 1.5007607828487048 828
1747302854212 1.5002919218756936 829
1747302856860 1.5002026883038608 830
1747302859322 1.5004022229801526 831
1747302861784 1.500124920498241 832
1747302864235 1.4998500672253696 833
1747302866892 1.500290729782798 834
1747302869353 1.500385652888905 835
1747302871803 1.5000668655742297 836
1747302874437 1.5001938343048096 837
1747302876899 1.5005153309215198 838
1747302879328 1.500962257385254 839
1747302881965 1.4998237653212114 840
1747302884413 1.5001159798015247 841
1747302886840 1.4999134323813699 842
1747302889442 1.5001239018006758 843
1747302891895 1.4998009529980747 844
1747302894311 1.5001647797497837 845
1747302896723 1.4998979568481445 846
1747302899330 1.5004816163669934 847
1747302901784 1.5003337318247014 848
1747302904234 1.5005659840323708 849
1747302906883 1.500765702941201 850
1747302909342 1.4998696392232722 851
1747302911803 1.500660235231573 852
1747302914454 1.5003586140545933 853
1747302916886 1.500281734900041 854
1747302919312 1.500158580866727 855
1747302921758 1.4998212836005471 856
1747302924362 1.500085093758323 857
1747302926777 1.500111915848472 858
1747302929190 1.4998801188035444 859
1747302931814 1.4999854239550503 860
1747302934240 1.5003720413554797 861
1747302936663 1.5007380572232334 862
1747302939269 1.500436089255593 863
1747302941705 1.5000464157624678 864
1747302944158 1.4999510483308272 865
1747302946609 1.5000634518536655 866
1747302949206 1.500399882143194 867
1747302951630 1.5001248446377842 868
1747302954041 1.5003037127581509 869
1747302956637 1.500077323480086 870
1747302959054 1.4999646490270442 871
1747302961488 1.5002233548597856 872
1747302964138 1.5003265034068713 873
1747302966572 1.5003289092670788 874
1747302968993 1.5008888894861394 875
1747302971600 1.5005026730624111 876
1747302974024 1.5001686161214656 877
1747302976439 1.5004401857202703 878
1747302978854 1.5001813715154475 879
1747302981474 1.5006159760735251 880
1747302983933 1.5000620972026477 881
1747302986386 1.500326850197532 882
1747302988992 1.499945510517467 883
1747302991430 1.4999245621941306 884
1747302993887 1.500482060692527 885
1747302996499 1.5002310167659412 886
1747302998919 1.5002194751392712 887
1747303001354 1.500095616687428 888
1747303003783 1.5001859123056585 889
1747303006399 1.5001414689150723 890
1747303008818 1.5007888837294145 891
1747303011251 1.5006535378369419 892
1747303013889 1.500502109527588 893
1747303016331 1.5005138353867964 894
1747303018762 1.500170891935175 895
1747303021394 1.500297405503013 896
1747303023854 1.4999892169778997 897
1747303026249 1.500922593203458 898
1747303028641 1.5003879178654065 899
1747303031229 1.5000897537578235 900
1747303033634 1.5000918778506191 901
1747303036023 1.4999012838710437 902
1747303038608 1.500213016163219 903
1747303041008 1.500284487550909 904
1747303043406 1.5005621368234807 905
1747303045991 1.500055356459184 906
1747303048395 1.5006049437956377 907
1747303050804 1.500147516077215 908
1747303053395 1.499905521219427 909
1747303055799 1.5005602403120561 910
1747303058206 1.5003360076384111 911
1747303060613 1.500201940536499 912
1747303063198 1.500733028758656 913
1747303065599 1.5003886006095193 914
1747303068000 1.5002826343883167 915
1747303070600 1.5000880306417292 916
1747303073019 1.5003169991753318 917
1747303075432 1.5007987347516147 918
1747303078035 1.5006855942986228 919
1747303080452 1.5000972964546897 920
1747303082873 1.500636415048079 921
1747303085284 1.5007435083389282 922
1747303087896 1.5005608580329202 923
1747303090311 1.5008331103758379 924
1747303092735 1.5002176436510952 925
1747303095340 1.5006395361640237 926
1747303097759 1.5004673437638716 927
1747303100172 1.5002046606757424 928
1747303102775 1.5005731907757847 929
1747303105200 1.5004018870267002 930
1747303107614 1.5005613457072864 931
1747303110021 1.4999915469776501 932
1747303112622 1.5003267201510342 933
1747303115039 1.499944426796653 934
1747303117450 1.5006016926331953 935
1747303120058 1.5003710118207065 936
1747303122505 1.5003119815479626 937
1747303124933 1.500363989309831 938
1747303127550 1.5003059777346524 939
1747303129978 1.5001602389595725 940
1747303132453 1.5001629157499834 941
1747303135068 1.499995773488825 942
1747303137500 1.5003864656795154 943
1747303139925 1.5002688602967695 944
1747303142392 1.500046437436884 945
1747303145026 1.5002927671779285 946
1747303147455 1.5004289475354282 947
1747303149865 1.5003156445243142 948
1747303152489 1.5004378990693525 949
1747303154918 1.500269976529208 950
1747303157327 1.5005770596590908 951
1747303159939 1.5003282048485496 952
1747303162384 1.5004656856710261 953
1747303164847 1.500249830159274 954
1747303167274 1.5003424882888794 955
1747303169875 1.50056744705547 956
1747303172301 1.5001981800252742 957
1747303174715 1.500547398220409 958
1747303177330 1.5001057603142478 959
1747303179758 1.5007218230854382 960
1747303182217 1.5007395419207485 961
1747303184870 1.5002200603485107 962
1747303187328 1.5005472139878706 963
1747303189794 1.5001620270989158 964
1747303192254 1.5001474618911743 965
1747303194892 1.4999068650332363 966
1747303197319 1.5005101398988203 967
1747303199743 1.5000420266931707 968
1747303202380 1.500443848696622 969
1747303204851 1.5005177476189353 970
1747303207325 1.5005564147775823 971
1747303209938 1.4999735247005115 972
1747303212376 1.5004326105117798 973
1747303214802 1.5004549026489258 974
1747303217408 1.5002838915044612 975
1747303219835 1.5003763003782793 976
1747303222289 1.5001020973378962 977
1747303224737 1.500550920313055 978
1747303227390 1.5001564676111394 979
1747303229833 1.5007129149003462 980
1747303232289 1.5006023970517246 981
1747303234933 1.5001698732376099 982
1747303237382 1.5002266493710605 983
1747303239843 1.500417633490129 984
1747303242489 1.5004391886971213 985
1747303244934 1.49991774559021 986
1747303247378 1.5004669536243787 987
1747303249808 1.5003012960607356 988
1747303252452 1.5001013712449507 989
1747303254918 1.5002033710479736 990
1747303257374 1.5000743432478472 991
1747303259987 1.500633413141424 992
1747303262443 1.500081018968062 993
1747303264896 1.5002138181166216 994
1747303267544 1.5002313527193936 995
1747303270006 1.5006684281609275 996
1747303272474 1.5001534223556519 997
1747303274943 1.5005211613394998 998
1747303277580 1.5002829161557285 999
