1747893328572 1.0 0
1747893543823 1.0 1
1747893853171 1.0 2
1747894156014 1.0 3
1747894460143 1.0 4
1747894764481 1.0 5
1747895069768 1.0 6
1747895376342 1.0 7
1747895681370 1.0 8
1747895986302 1.0 9
1747896290032 1.0 10
1747896593276 1.0 11
1747896897020 1.0 12
1747897200530 1.0 13
1747897504057 1.0 14
1747897807462 1.0 15
1747898111709 1.0 16
1747898415423 1.0 17
1747898719124 1.0 18
1747899022420 1.0 19
1747899326713 1.0 20
1747899630527 1.0 21
1747899935122 1.0 22
1747900238785 1.0 23
1747900544320 1.0 24
1747900848661 1.0 25
1747901154973 1.0 26
1747901461024 1.0 27
1747901768192 1.0 28
1747902074602 1.0 29
1747902382120 1.0 30
1747902687984 1.0 31
1747902993372 1.0 32
1747903298272 1.0 33
1747903603813 1.0 34
1747903910108 1.0 35
1747904216549 1.0 36
1747904547573 1.0 37
1747904854907 1.0 38
1747905163004 1.0 39
1747905471400 1.0 40
1747905780112 1.0 41
1747906088328 1.0 42
1747906396151 1.0 43
1747906705050 1.0 44
1747907013160 1.0 45
1747907321568 1.0 46
1747907629970 1.0 47
1747907940396 1.0 48
1747908248931 1.0 49
1747908555712 1.0 50
1747908863104 1.0 51
1747909169725 1.0 52
1747909475091 1.0 53
1747909781456 1.0 54
1747910087443 1.0 55
1747910393361 1.0 56
1747910700451 1.0 57
1747911006805 1.0 58
1747911313717 1.0 59
1747911620500 1.0 60
1747911927011 1.0 61
1747912235710 1.0 62
1747912542914 1.0 63
1747912850648 1.0 64
1747913148147 1.0 65
1747913444783 1.0 66
1747913742437 1.0 67
1747914038664 1.0 68
1747914334275 1.0 69
1747914630608 1.0 70
1747914925720 1.0 71
1747915220792 1.0 72
1747915516230 1.0 73
1747915814093 1.0 74
1747916134996 1.0 75
1747916432791 1.0 76
1747916736223 1.0 77
1747917039102 1.0 78
1747917337386 1.0 79
1747917635712 1.0 80
1747917938781 1.0 81
1747918242315 1.0 82
1747918545616 1.0 83
1747918844054 1.0 84
1747919147778 1.0 85
1747919449136 1.0 86
1747919751770 1.0 87
1747920054781 1.0 88
1747920358552 1.0 89
1747920678392 1.0 90
1747920982901 1.0 91
1747921286650 1.0 92
1747921591007 1.0 93
1747921897492 1.0 94
1747922203917 1.0 95
1747922533491 1.0 96
1747922840469 1.0 97
1747923146417 1.0 98
1747923450014 1.0 99
1747923753834 1.0 100
1747924057836 1.0 101
1747924361539 1.0 102
1747924664636 1.0 103
1747924967623 1.0 104
1747925270619 1.0 105
1747925591123 1.0 106
1747925891526 1.0 107
1747926212670 1.0 108
1747926529834 1.0 109
1747926829025 1.0 110
1747927128247 1.0 111
1747927427605 1.0 112
1747927727347 1.0 113
1747928026419 1.0 114
1747928326422 1.0 115
1747928625725 1.0 116
1747928925365 1.0 117
1747929226111 1.0 118
1747929525869 1.0 119
1747929826890 1.0 120
1747930127576 1.0 121
1747930427438 1.0 122
1747930728470 1.0 123
1747931028662 1.0 124
1747931329544 1.0 125
1747931628999 1.0 126
1747931927298 1.0 127
1747932226584 1.0 128
1747932527296 1.0 129
1747932829166 1.0 130
1747933131501 1.0 131
1747933432923 1.0 132
1747933735546 1.0 133
1747934037269 1.0 134
1747934340175 1.0 135
1747934643597 1.0 136
1747934945975 1.0 137
1747935248750 1.0 138
1747935554484 1.0 139
1747935866218 1.0 140
1747936177211 1.0 141
1747936486038 1.0 142
1747936796891 1.0 143
1747937106771 1.0 144
1747937417784 1.0 145
1747937728340 1.0 146
1747938040375 1.0 147
1747938374539 1.0 148
1747938686134 1.0 149
1747938998659 1.0 150
1747939310691 1.0 151
1747939617991 1.0 152
1747939928311 1.0 153
1747940239104 1.0 154
1747940549481 1.0 155
1747940859826 1.0 156
1747941169761 1.0 157
1747941480132 1.0 158
1747941789427 1.0 159
1747942101284 1.0 160
1747942411980 1.0 161
1747942722220 1.0 162
1747943033212 1.0 163
1747943343489 1.0 164
1747943653115 1.0 165
1747943965339 1.0 166
1747944276059 1.0 167
1747944587766 1.0 168
1747944900061 1.0 169
1747945212581 1.0 170
1747945545827 1.0 171
1747945859591 1.0 172
1747946173232 1.0 173
1747946486774 1.0 174
1747946800342 1.0 175
1747947114343 1.0 176
1747947424290 1.0 177
1747947736098 1.0 178
1747948051194 1.0 179
1747948371572 1.0 180
1747948691393 1.0 181
1747949011108 1.0 182
1747949331389 1.0 183
1747949651781 1.0 184
1747949972257 1.0 185
1747950291535 1.0 186
1747950611595 1.0 187
1747950931358 1.0 188
1747951250864 1.0 189
1747951570497 1.0 190
1747951889998 1.0 191
1747952210102 1.0 192
1747952530329 1.0 193
1747952849906 1.0 194
1747953169796 1.0 195
1747953490030 1.0 196
1747953813123 1.0 197
1747954133884 1.0 198
1747954456889 1.0 199
1747954778353 1.0 200
1747955097500 1.0 201
1747955415631 1.0 202
1747955733778 1.0 203
1747956053011 1.0 204
1747956372200 1.0 205
1747956692513 1.0 206
1747957012707 1.0 207
1747957333307 1.0 208
1747957653250 1.0 209
1747957973342 1.0 210
1747958293853 1.0 211
1747958613875 1.0 212
1747958934356 1.0 213
1747959254738 1.0 214
1747959574976 1.0 215
1747959895452 1.0 216
1747960215997 1.0 217
1747960536699 1.0 218
1747960857629 1.0 219
1747961177144 1.0 220
1747961497854 1.0 221
1747961817877 1.0 222
1747962138772 1.0 223
1747962458833 1.0 224
1747962779654 1.0 225
1747963099876 1.0 226
1747963420884 1.0 227
1747963741648 1.0 228
1747964063284 1.0 229
1747964382948 1.0 230
1747964703698 1.0 231
1747965024272 1.0 232
1747965345487 1.0 233
1747965666178 1.0 234
1747965987493 1.0 235
1747966307543 1.0 236
1747966627924 1.0 237
1747966948773 1.0 238
1747967269119 1.0 239
1747967590448 1.0 240
1747967910575 1.0 241
1747968230594 1.0 242
1747968551266 1.0 243
1747968871193 1.0 244
1747969191129 1.0 245
1747969511799 1.0 246
1747969831568 1.0 247
1747970152155 1.0 248
1747970472429 1.0 249
1747970792776 1.0 250
1747971113071 1.0 251
1747971432530 1.0 252
1747971753582 1.0 253
1747972073490 1.0 254
1747972392418 1.0 255
1747972713921 1.0 256
1747973035373 1.0 257
1747973358601 1.0 258
1747973681818 1.0 259
1747974004488 1.0 260
1747974327631 1.0 261
1747974650546 1.0 262
1747974972117 1.0 263
1747975287914 1.0 264
1747975600186 1.0 265
1747975911050 1.0 266
1747976224514 1.0 267
1747976537151 1.0 268
1747976849326 1.0 269
1747977162134 1.0 270
1747977473185 1.0 271
1747977785529 1.0 272
1747978095873 1.0 273
1747978404754 1.0 274
1747978713345 1.0 275
1747979022987 1.0 276
1747979332918 1.0 277
