1747887367981 0.001 0
1747887372786 0.001 1
1747887377053 0.001 2
1747887381321 0.001 3
1747887385620 0.001 4
1747887389916 0.001 5
1747887394729 0.0005 6
1747887399037 0.0005 7
1747887403348 0.0005 8
1747887408130 0.0005 9
1747887412438 0.0005 10
1747887416723 0.0005 11
1747887421007 0.00025 12
1747887425833 0.00025 13
1747887430121 0.00025 14
1747887434841 0.00025 15
1747887439160 0.00025 16
1747887444165 0.00025 17
1747887448464 0.000125 18
1747887452990 0.000125 19
1747887457234 0.000125 20
1747887462033 0.000125 21
1747887466300 0.000125 22
1747887470584 0.000125 23
1747887475368 6.25e-05 24
1747887479627 6.25e-05 25
1747887483925 6.25e-05 26
1747887488216 6.25e-05 27
1747887493026 6.25e-05 28
1747887497310 6.25e-05 29
1747887501627 3.125e-05 30
1747887505923 3.125e-05 31
1747887510694 3.125e-05 32
1747887515015 3.125e-05 33
1747887519301 3.125e-05 34
1747887523621 3.125e-05 35
1747887528415 1.5625e-05 36
1747887532749 1.5625e-05 37
1747887537299 1.5625e-05 38
1747887542087 1.5625e-05 39
1747887914025 0.001 40
1747887918485 0.001 41
1747887922919 0.001 42
1747887926733 0.001 43
1747887931139 0.001 44
1747887935565 0.001 45
1747887939979 0.0005 46
1747887944430 0.0005 47
1747887948872 0.0005 48
1747887953341 0.0005 49
1747887957816 0.0005 50
1747887962243 0.0005 51
1747887966674 0.00025 52
1747887971095 0.00025 53
1747887975536 0.00025 54
1747887979959 0.00025 55
1747887984394 0.00025 56
1747887988842 0.00025 57
1747887993275 0.000125 58
1747887997954 0.000125 59
1747888002370 0.000125 60
1747888006782 0.000125 61
1747888011185 0.000125 62
1747888015645 0.000125 63
1747888020107 6.25e-05 64
1747888024575 6.25e-05 65
1747888029019 6.25e-05 66
1747888033454 6.25e-05 67
1747888037883 6.25e-05 68
1747888042296 6.25e-05 69
1747888046737 3.125e-05 70
1747888051155 3.125e-05 71
1747888055614 3.125e-05 72
1747888060026 3.125e-05 73
1747888064462 3.125e-05 74
1747888068895 3.125e-05 75
1747888073340 1.5625e-05 76
1747888077778 1.5625e-05 77
1747888082449 1.5625e-05 78
1747888086918 1.5625e-05 79
1747888460011 0.001 80
1747888464497 0.001 81
1747888469012 0.001 82
1747888473502 0.001 83
1747888478008 0.001 84
1747888482512 0.001 85
1747888487013 0.0005 86
1747888491499 0.0005 87
1747888496019 0.0005 88
1747888500534 0.0005 89
1747888505058 0.0005 90
1747888509591 0.0005 91
1747888514095 0.00025 92
1747888518616 0.00025 93
1747888523133 0.00025 94
1747888527647 0.00025 95
1747888532146 0.00025 96
1747888536664 0.00025 97
1747888541195 0.000125 98
1747888545977 0.000125 99
1747888550481 0.000125 100
1747888554996 0.000125 101
1747888559521 0.000125 102
1747888564046 0.000125 103
1747888568577 6.25e-05 104
1747888573093 6.25e-05 105
1747888577616 6.25e-05 106
1747888582123 6.25e-05 107
1747888586656 6.25e-05 108
1747888590597 6.25e-05 109
1747888595137 3.125e-05 110
1747888599680 3.125e-05 111
1747888604201 3.125e-05 112
1747888608725 3.125e-05 113
1747888613191 3.125e-05 114
1747888617708 3.125e-05 115
1747888622216 1.5625e-05 116
1747888626741 1.5625e-05 117
1747888631487 1.5625e-05 118
1747888636022 1.5625e-05 119
1747889014757 0.001 120
1747889019294 0.001 121
1747889023825 0.001 122
1747889028379 0.001 123
1747889032946 0.001 124
1747889036892 0.001 125
1747889041449 0.0005 126
1747889045977 0.0005 127
1747889050502 0.0005 128
1747889055053 0.0005 129
1747889059584 0.0005 130
1747889064102 0.0005 131
1747889068632 0.00025 132
1747889073165 0.00025 133
1747889077703 0.00025 134
1747889082244 0.00025 135
1747889086792 0.00025 136
1747889091335 0.00025 137
1747889095855 0.00025 138
1747889100651 0.00025 139
1747889105203 0.00025 140
1747889109749 0.00025 141
1747889114272 0.00025 142
1747889118807 0.00025 143
1747889123351 0.00025 144
1747889127885 0.00025 145
1747889132417 0.00025 146
1747889136934 0.00025 147
1747889141492 0.00025 148
1747889146034 0.00025 149
1747889150582 0.00025 150
1747889155114 0.00025 151
1747889159661 0.00025 152
1747889164213 0.00025 153
1747889168751 0.00025 154
1747889173311 0.00025 155
1747889177861 0.00025 156
1747889182412 0.00025 157
1747889187214 0.00025 158
1747889191776 0.00025 159
1747889573368 0.001 160
1747889577928 0.001 161
1747889582505 0.001 162
1747889586491 0.001 163
1747889591666 0.001 164
1747889595633 0.001 165
1747889600221 0.0005 166
1747889604777 0.0005 167
1747889609344 0.0005 168
1747889613891 0.0005 169
1747889618472 0.0005 170
1747889623049 0.0005 171
1747889627652 0.00025 172
1747889632241 0.00025 173
1747889636826 0.00025 174
1747889641407 0.00025 175
1747889645980 0.00025 176
1747889650542 0.00025 177
1747889655130 0.000125 178
1747889659949 0.000125 179
1747889664523 0.000125 180
1747889669095 0.000125 181
1747889673655 0.000125 182
1747889678226 0.000125 183
1747889682812 6.25e-05 184
1747889687380 6.25e-05 185
1747889691964 6.25e-05 186
1747889696552 6.25e-05 187
1747889701124 6.25e-05 188
1747889705720 6.25e-05 189
1747889710309 3.125e-05 190
1747889714883 3.125e-05 191
1747889719469 3.125e-05 192
1747889724059 3.125e-05 193
1747889728627 3.125e-05 194
1747889733215 3.125e-05 195
1747889737821 3.125e-05 196
1747889742398 3.125e-05 197
1747889747253 3.125e-05 198
1747889751842 3.125e-05 199
1747890134891 0.001 200
1747890139442 0.001 201
1747890144009 0.001 202
1747890148587 0.001 203
1747890153183 0.001 204
1747890157749 0.001 205
1747890162319 0.0005 206
1747890166908 0.0005 207
1747890171498 0.0005 208
1747890176058 0.0005 209
1747890180638 0.0005 210
1747890185239 0.0005 211
1747890189829 0.00025 212
1747890194400 0.00025 213
1747890198958 0.00025 214
1747890203534 0.00025 215
1747890208076 0.00025 216
1747890212667 0.00025 217
1747890217243 0.000125 218
1747890222070 0.000125 219
1747890226679 0.000125 220
1747890231262 0.000125 221
1747890235845 0.000125 222
1747890240440 0.000125 223
1747890244435 6.25e-05 224
1747890248946 6.25e-05 225
1747890253487 6.25e-05 226
1747890258011 6.25e-05 227
1747890262560 6.25e-05 228
1747890267110 6.25e-05 229
1747890271692 3.125e-05 230
1747890276264 3.125e-05 231
1747890280817 3.125e-05 232
1747890285366 3.125e-05 233
1747890289902 3.125e-05 234
1747890294432 3.125e-05 235
1747890298994 1.5625e-05 236
1747890303546 1.5625e-05 237
1747890308367 1.5625e-05 238
1747890312956 1.5625e-05 239
1747890696375 0.001 240
1747890700951 0.001 241
1747890705520 0.001 242
1747890710143 0.001 243
1747890714120 0.001 244
1747890718707 0.001 245
1747890723270 0.0005 246
1747890727877 0.0005 247
1747890732443 0.0005 248
1747890737056 0.0005 249
1747890741632 0.0005 250
1747890746244 0.0005 251
1747890750854 0.00025 252
1747890755469 0.00025 253
1747890760101 0.00025 254
1747890764708 0.00025 255
1747890769327 0.00025 256
1747890773913 0.00025 257
1747890778511 0.00025 258
1747890783384 0.00025 259
1747890787989 0.00025 260
1747890792575 0.00025 261
1747890797178 0.00025 262
1747890801800 0.00025 263
1747890806401 0.00025 264
1747890810995 0.00025 265
1747890815581 0.00025 266
1747890820193 0.00025 267
1747890824826 0.00025 268
1747890829447 0.00025 269
1747890834041 0.00025 270
1747890838669 0.00025 271
1747890843286 0.00025 272
1747890847901 0.00025 273
1747890852517 0.00025 274
1747890857169 0.00025 275
1747890861779 0.00025 276
1747890866380 0.00025 277
1747890871250 0.00025 278
1747890875868 0.00025 279
1747891260236 0.001 280
1747891264874 0.001 281
1747891269498 0.001 282
1747891274121 0.001 283
1747891278766 0.001 284
1747891283390 0.001 285
1747891288024 0.0005 286
1747891292674 0.0005 287
1747891297295 0.0005 288
1747891301955 0.0005 289
1747891306575 0.0005 290
1747891311216 0.0005 291
1747891315848 0.00025 292
1747891320513 0.00025 293
1747891325104 0.00025 294
1747891329758 0.00025 295
1747891334386 0.00025 296
1747891339021 0.00025 297
1747891343651 0.000125 298
1747891348525 0.000125 299
1747891353154 0.000125 300
1747891357783 0.000125 301
1747891362382 0.000125 302
1747891367053 0.000125 303
1747891371750 6.25e-05 304
1747891376433 6.25e-05 305
1747891381116 6.25e-05 306
1747891385798 6.25e-05 307
1747891390487 6.25e-05 308
1747891395170 6.25e-05 309
1747891399844 3.125e-05 310
1747891404537 3.125e-05 311
1747891409209 3.125e-05 312
1747891413896 3.125e-05 313
1747891418560 3.125e-05 314
1747891423226 3.125e-05 315
1747891427896 1.5625e-05 316
1747891432582 1.5625e-05 317
1747891437457 1.5625e-05 318
1747891441448 1.5625e-05 319
1747891827140 0.001 320
1747891831766 0.001 321
1747891836398 0.001 322
1747891841017 0.001 323
1747891845639 0.001 324
1747891850269 0.001 325
1747891854899 0.0005 326
1747891859513 0.0005 327
1747891864116 0.0005 328
1747891868733 0.0005 329
1747891873394 0.0005 330
1747891878006 0.0005 331
1747891882656 0.00025 332
1747891887276 0.00025 333
1747891891897 0.00025 334
1747891896515 0.00025 335
1747891901129 0.00025 336
1747891905737 0.00025 337
1747891910351 0.000125 338
1747891915225 0.000125 339
1747891919828 0.000125 340
1747891924452 0.000125 341
1747891928452 0.000125 342
1747891933060 0.000125 343
1747891937672 0.000125 344
1747891942298 0.000125 345
1747891946884 0.000125 346
1747891951499 0.000125 347
1747891956127 0.000125 348
1747891960756 0.000125 349
1747891965354 0.000125 350
1747891969956 0.000125 351
1747891974600 0.000125 352
1747891979218 0.000125 353
1747891983828 0.000125 354
1747891988432 0.000125 355
1747891993059 0.000125 356
1747891997698 0.000125 357
1747892002589 0.000125 358
1747892007237 0.000125 359
1747892393012 0.001 360
1747892397574 0.001 361
1747892401572 0.001 362
1747892406186 0.001 363
1747892410823 0.001 364
1747892415474 0.001 365
1747892420081 0.0005 366
1747892424698 0.0005 367
1747892429299 0.0005 368
1747892433933 0.0005 369
1747892438549 0.0005 370
1747892443174 0.0005 371
1747892447790 0.00025 372
1747892452429 0.00025 373
1747892457061 0.00025 374
1747892461694 0.00025 375
1747892466326 0.00025 376
1747892470947 0.00025 377
1747892475574 0.000125 378
1747892480437 0.000125 379
1747892485039 0.000125 380
1747892489648 0.000125 381
1747892494245 0.000125 382
1747892498826 0.000125 383
1747892503427 6.25e-05 384
1747892508026 6.25e-05 385
1747892512648 6.25e-05 386
1747892517256 6.25e-05 387
1747892521857 6.25e-05 388
1747892526483 6.25e-05 389
1747892531130 6.25e-05 390
1747892535160 6.25e-05 391
1747892539764 6.25e-05 392
1747892544392 6.25e-05 393
1747892548968 6.25e-05 394
1747892553593 6.25e-05 395
1747892558175 6.25e-05 396
1747892562802 6.25e-05 397
1747892567664 6.25e-05 398
1747892572269 6.25e-05 399
1747892959106 0.001 400
1747892963751 0.001 401
1747892968365 0.001 402
1747892973009 0.001 403
1747892977655 0.001 404
1747892982291 0.001 405
1747892986939 0.0005 406
1747892991579 0.0005 407
1747892996200 0.0005 408
1747893000845 0.0005 409
1747893005476 0.0005 410
1747893010124 0.0005 411
1747893014778 0.00025 412
1747893019386 0.00025 413
1747893024025 0.00025 414
1747893028683 0.00025 415
1747893033327 0.00025 416
1747893037968 0.00025 417
1747893042608 0.00025 418
1747893047516 0.00025 419
1747893052153 0.00025 420
1747893056755 0.00025 421
1747893061353 0.00025 422
1747893065995 0.00025 423
1747893070603 0.000125 424
1747893075219 0.000125 425
1747893079857 0.000125 426
1747893084469 0.000125 427
1747893089071 0.000125 428
1747893093665 0.000125 429
1747893098312 0.000125 430
1747893102336 0.000125 431
1747893106974 0.000125 432
1747893111575 0.000125 433
1747893116220 0.000125 434
1747893120823 0.000125 435
1747893125451 0.000125 436
1747893130044 0.000125 437
1747893134924 0.000125 438
1747893139550 0.000125 439
