1750195027725 2.306771993637085 0
1750197287603 2.139298915863037 1
1750199545112 2.0332071781158447 2
1750201715897 1.9270530939102173 3
1750203919689 1.902349591255188 4
1750206185177 1.8541535139083862 5
1750208455566 2.0776402950286865 6
1750210726725 1.81538724899292 7
1750212897852 1.8126187324523926 8
1750215102245 1.7671769857406616 9
1750217370150 1.764880657196045 10
1750219640332 1.8439472913742065 11
1750221910717 1.8111363649368286 12
1750224087412 1.7697534561157227 13
1750226293328 1.7740650177001953 14
1750228563514 1.876705288887024 15
1750230832522 1.8385955095291138 16
1750233096253 1.7222909927368164 17
1750235271748 1.7000242471694946 18
1750237492679 1.6966962814331055 19
1750239761782 1.6915885210037231 20
1750242033820 1.6984248161315918 21
1750244301554 1.795884132385254 22
1750246479862 1.7306958436965942 23
1750248701029 1.75117027759552 24
1750250967290 1.7004650831222534 25
1750253235501 1.698712706565857 26
1750255471102 1.6728123426437378 27
1750257652288 1.6992276906967163 28
1750259890375 1.6730009317398071 29
1750262160320 1.708512544631958 30
1750264430772 1.6859846115112305 31
1750266660338 1.7444701194763184 32
1750268846753 1.670035719871521 33
1750271095676 1.6871163845062256 34
1750273365955 1.6672570705413818 35
1750275636689 1.692537546157837 36
1750277850268 1.6583422422409058 37
1750280043856 1.6824088096618652 38
1750282304866 1.6579344272613525 39
1750284577363 1.6770433187484741 40
1750286849095 1.6528922319412231 41
1750289029189 1.6651402711868286 42
1750291231297 1.6463451385498047 43
1750293500809 1.6631780862808228 44
1750295773538 1.6390011310577393 45
1750298049131 1.662137746810913 46
1750300221716 1.6513794660568237 47
1750302433579 1.655983567237854 48
1750304702267 1.644484043121338 49
1750306974725 1.6448990106582642 50
1750309242042 1.6405248641967773 51
1750311419524 1.6184443235397339 52
1750313634718 1.610201120376587 53
1750315905156 1.6001437902450562 54
1750318178201 1.6020814180374146 55
1750320431032 1.596839427947998 56
1750322610489 1.5999364852905273 57
1750324840818 1.595014214515686 58
1750327113200 1.604609489440918 59
1750329384780 1.597872018814087 60
1750331620902 1.618009090423584 61
1750333805871 1.6051695346832275 62
1750336055024 1.6131960153579712 63
1750338324503 1.6093801259994507 64
1750340596090 1.594469428062439 65
1750342808343 1.5844290256500244 66
1750345001647 1.585111141204834 67
1750347259182 1.5826630592346191 68
1750349527592 1.582085132598877 69
1750351796556 1.581554889678955 70
1750354005339 1.5809663534164429 71
1750356196142 1.5805860757827759 72
1750358452593 1.5796078443527222 73
1750360725699 1.5789871215820312 74
1750362995457 1.5782872438430786 75
1750365204873 1.578495740890503 76
1750367397433 1.577555775642395 77
