1750863913081 1.0 0
1750866145328 1.0 1
1750868573271 1.0 2
1750871012732 1.0 3
1750873365399 1.0 4
1750875707372 1.0 5
1750878108167 1.0 6
1750880538572 1.0 7
1750882979129 1.0 8
1750885320725 0.5 9
1750887684394 0.5 10
1750890122613 0.5 11
1750892558182 1.0 12
1750894967504 1.0 13
1750897298700 1.0 14
1750899656599 1.0 15
1750902123721 0.25 16
1750904582499 0.5 17
1750906992022 0.5 18
1750909340416 0.5 19
1750911707608 1.0 20
1750914156436 0.5 21
1750916595132 1.0 22
1750918987020 1.0 23
1750921341826 0.5 24
1750923710634 1.0 25
1750926142767 1.0 26
1750928582963 1.0 27
1750930970955 1.0 28
1750933328032 0.5 29
1750935843576 0.0078125 30
1750938297644 0.5 31
1750940779468 0.25 32
1750943138087 0.5 33
1750945593601 0.015625 34
1750948026171 0.5 35
1750950467221 0.5 36
1750952919870 0.5 37
1750955264396 0.5 38
1750957599177 1.0 39
1750960043255 0.5 40
1750962552662 0.0625 41
1750965017605 0.125 42
1750967404148 0.125 43
1750969873295 0.015625 44
1750972359661 0.125 45
1750974837455 0.25 46
1750977265263 0.125 47
1750979664732 0.125 48
1750982093230 0.25 49
1750984546469 0.5 50
1750987011880 0.5 51
1750989466103 0.0009765625 52
1750991829884 0.5 53
1750994233122 0.25 54
1750996761648 0.03125 55
1750999332657 0.0009765625 56
1751001786626 0.0078125 57
1751004179087 0.25 58
1751006648224 0.25 59
1751009181981 0.03125 60
1751011629748 0.0078125 61
1751014007106 0.25 62
1751016494307 0.015625 63
1751019019145 0.03125 64
1751021614669 0.00390625 65
1751024119379 0.0009765625 66
1751026525250 0.125 67
1751029042525 0.015625 68
1751031576817 0.015625 69
1751034069091 0.125 70
