1749595088178 0.1214 0
1749595256011 0.1184 10
1749595414081 0.1764 20
1749595571696 0.1554 30
1749595730296 0.2198 40
1749595888588 0.1914 50
1749596047934 0.1628 60
1749596210635 0.153 70
1749596368204 0.2394 80
1749596525724 0.2234 90
1749596683355 0.1898 100
1749596844113 0.176 110
1749597004517 0.1764 120
1749597166724 0.167 130
1749597325571 0.1614 140
1749597487299 0.1706 150
1749597649534 0.1604 160
1749597811196 0.1638 170
1749597975771 0.1592 180
1749598140823 0.1662 190
1749598305710 0.1538 200
1749598470244 0.1496 210
1749598635353 0.14 220
1749598799948 0.0974 230
1749598965038 0.0928 240
1749599129732 0.092 250
1749599293258 0.1156 260
1749599458118 0.105 270
1749599621029 0.108 280
1749599786120 0.092 290
1749599950895 0.1056 300
1749600116026 0.118 310
1749600280683 0.1124 320
1749600445914 0.092 330
1749600608553 0.128 340
1749600770132 0.1614 350
1749600932223 0.0992 360
1749601094120 0.092 370
1749601256252 0.092 380
1749601421116 0.1358 390
1749601586502 0.1468 400
1749601748153 0.1242 410
1749601913105 0.092 420
1749602078466 0.0924 430
1749602240680 0.1044 440
1749602402731 0.1018 450
1749602563508 0.207 460
1749602724622 0.1868 470
1749602887370 0.2064 480
1749603051262 0.1506 490
1749603213638 0.1848 500
1749603379144 0.172 510
1749603542159 0.1306 520
1749603706328 0.1164 530
1749603869236 0.208 540
1749604032721 0.1266 550
1749604197079 0.1698 560
1749604360183 0.1334 570
1749604525578 0.1264 580
1749604688904 0.1214 590
1749604852488 0.1902 600
1749605016131 0.111 610
1749605179383 0.125 620
1749605343151 0.1166 630
1749605506310 0.1248 640
1749605669623 0.1182 650
1749605834566 0.1854 660
1749605997960 0.1166 670
1749606161421 0.1796 680
1749606324806 0.1152 690
1749606488244 0.109 700
1749606652200 0.1104 710
1749606818015 0.092 720
1749606981188 0.1394 730
1749607142770 0.1212 740
1749607308625 0.0922 750
1749607474960 0.116 760
1749607637514 0.177 770
1749607803106 0.178 780
1749607968901 0.2034 790
1749608134735 0.2002 800
1749608298916 0.2066 810
1749608464922 0.223 820
1749608628637 0.248 830
1749608795205 0.2148 840
1749608959439 0.191 850
1749609125395 0.216 860
1749609291938 0.2132 870
1749609458058 0.1916 880
1749609623439 0.1992 890
1749609789972 0.2276 900
1749609956031 0.2292 910
1749610122083 0.207 920
1749610288613 0.224 930
1749610454677 0.198 940
1749610620995 0.2116 950
1749610787591 0.2378 960
1749610953676 0.2364 970
1749611119825 0.216 980
1749611286479 0.2042 990
1749611451584 0.1836 1000
1749611617740 0.1734 1010
1749611784328 0.2266 1020
1749611950658 0.199 1030
1749612117039 0.1046 1040
1749612283951 0.1944 1050
1749612450313 0.279 1060
1749612617176 0.246 1070
1749612783915 0.2274 1080
1749612950415 0.25 1090
1749613116885 0.2606 1100
1749613284004 0.2436 1110
1749613450459 0.2352 1120
1749613616865 0.2524 1130
1749613783940 0.2718 1140
1749613950379 0.244 1150
1749614117383 0.2404 1160
1749614284100 0.2674 1170
1749614450617 0.2544 1180
1749614615449 0.252 1190
1749614782548 0.241 1200
1749614949079 0.2438 1210
1749615115540 0.2492 1220
1749615282594 0.2508 1230
1749615449377 0.259 1240
1749615616068 0.2444 1250
1749615782523 0.2442 1260
1749615949584 0.2568 1270
1749616116282 0.2522 1280
1749616282873 0.2456 1290
1749616449484 0.2374 1300
1749616616538 0.2358 1310
1749616783203 0.2416 1320
1749616949767 0.2342 1330
1749617116862 0.251 1340
1749617283496 0.259 1350
1749617450191 0.2452 1360
1749617617449 0.2424 1370
1749617782540 0.2412 1380
1749617949214 0.2448 1390
1749618114840 0.2304 1400
1749618281517 0.2372 1410
1749618446046 0.2236 1420
1749618611613 0.2216 1430
1749618776596 0.2192 1440
1749618943528 0.2622 1450
1749619110755 0.2378 1460
1749619277513 0.2256 1470
1749619444432 0.2394 1480
1749619611345 0.2418 1490
1749619778029 0.2376 1500
1749619945210 0.2428 1510
1749620111918 0.2382 1520
1749620278847 0.2268 1530
1749620443497 0.2262 1540
1749620610477 0.2356 1550
1749620777713 0.2392 1560
1749620942919 0.2234 1570
1749621109781 0.2292 1580
1749621276120 0.2632 1590
1749621438888 0.2176 1600
1749621604218 0.223 1610
1749621768718 0.2336 1620
1749621933332 0.2314 1630
1749622097943 0.2288 1640
1749622263257 0.2216 1650
1749622427782 0.2376 1660
1749622594617 0.2426 1670
1749622762023 0.2302 1680
1749622928200 0.2634 1690
1749623090733 0.253 1700
1749623255916 0.2348 1710
1749623422906 0.2256 1720
1749623589164 0.2182 1730
1749623754388 0.224 1740
1749623921923 0.2402 1750
1749624086706 0.2278 1760
1749624252041 0.2148 1770
1749624416201 0.2132 1780
1749624579792 0.2948 1790
1749624746718 0.324 1800
1749624911453 0.3284 1810
1749625072904 0.299 1820
1749625238726 0.3158 1830
1749625401862 0.314 1840
1749625566790 0.2996 1850
1749625731799 0.322 1860
1749625895332 0.306 1870
1749626061214 0.3172 1880
1749626223348 0.3064 1890
1749626387677 0.3218 1900
1749626553001 0.3038 1910
1749626717752 0.3094 1920
1749626882506 0.3058 1930
1749627046788 0.3052 1940
1749627212220 0.3008 1950
1749627377317 0.3096 1960
1749627542885 0.3062 1970
1749627707335 0.3046 1980
1749627872818 0.3048 1990
1749628039933 0.312 2000
1749628204862 0.3098 2010
1749628369278 0.2966 2020
1749628533913 0.2944 2030
1749628699143 0.4012 2040
1749628863439 0.3956 2050
1749629028082 0.3976 2060
1749629192361 0.4002 2070
1749629357166 0.4006 2080
1749629522463 0.399 2090
1749629687186 0.398 2100
1749629852524 0.3972 2110
1749630017018 0.3988 2120
1749630181726 0.399 2130
1749630346483 0.3978 2140
1749630511053 0.3948 2150
1749630678178 0.3988 2160
1749630843249 0.398 2170
1749631010550 0.4012 2180
1749631174975 0.3982 2190
1749631340204 0.3988 2200
1749631505087 0.3972 2210
1749631670418 0.3966 2220
1749631836221 0.399 2230
1749632000372 0.3962 2240
1749632166875 0.3988 2250
1749632332382 0.3968 2260
1749632497750 0.3988 2270
1749632663655 0.3992 2280
1749632828536 0.3964 2290
1749632996033 0.3994 2300
1749633160991 0.3996 2310
1749633327406 0.3992 2320
1749633492876 0.4 2330
1749633657757 0.3988 2340
1749633823152 0.3992 2350
1749633990726 0.3982 2360
1749634155486 0.3986 2370
1749634323172 0.3988 2380
1749634488064 0.3988 2390
1749634653332 0.3976 2400
1749634818644 0.3978 2410
1749634984705 0.3992 2420
1749635149984 0.3986 2430
1749635314232 0.3996 2440
1749635480742 0.3994 2450
1749635647148 0.3992 2460
1749635811263 0.3944 2470
1749635977036 0.442 2480
1749636144595 0.444 2490
1749636309888 0.444 2500
1749636475611 0.444 2510
1749636640923 0.4438 2520
1749636805767 0.4428 2530
1749636971545 0.4438 2540
1749637137849 0.4454 2550
1749637303062 0.4444 2560
1749637468494 0.4444 2570
1749637634031 0.4426 2580
1749637799507 0.4434 2590
1749637963819 0.4404 2600
1749638130514 0.4442 2610
1749638296112 0.444 2620
1749638461736 0.4426 2630
1749638627972 0.4428 2640
1749638794140 0.4436 2650
1749638959652 0.4446 2660
1749639126377 0.446 2670
1749639291665 0.4444 2680
1749639457285 0.4426 2690
1749639623510 0.4428 2700
1749639789676 0.445 2710
1749639957772 0.4674 2720
1749640125527 0.4674 2730
1749640293486 0.4676 2740
1749640461210 0.4674 2750
1749640629196 0.4674 2760
1749640797166 0.4666 2770
1749640965231 0.4664 2780
1749641133345 0.4664 2790
1749641301399 0.4672 2800
1749641469573 0.4672 2810
1749641637466 0.468 2820
1749641805457 0.4674 2830
1749641973542 0.4732 2840
1749642141495 0.4724 2850
1749642309591 0.4726 2860
1749642477741 0.4726 2870
1749642645592 0.4736 2880
1749642813723 0.4736 2890
1749642981834 0.4732 2900
1749643149803 0.4736 2910
1749643317950 0.474 2920
1749643486207 0.4744 2930
1749643654478 0.4738 2940
1749643822648 0.4758 2950
1749643990880 0.4764 2960
1749644159119 0.4764 2970
1749644327484 0.476 2980
1749644495941 0.4764 2990
1749644664420 0.4756 3000
1749644832774 0.478 3010
1749645001090 0.4786 3020
1749645169448 0.479 3030
1749645337863 0.479 3040
1749645506168 0.4772 3050
1749645674391 0.4778 3060
1749645842769 0.4776 3070
1749646010920 0.479 3080
1749646179307 0.478 3090
1749646347635 0.4794 3100
