1749097402862 0.2462 0
1749097625339 0.2886 1
1749097851519 0.3022 2
1749098076873 0.3108 3
1749098303415 0.3154 4
1749098530222 0.3254 5
1749098756863 0.324 6
1749098984794 0.3218 7
1749099212640 0.3276 8
1749099440226 0.3304 9
1749099671069 0.3342 10
1749099903133 0.3374 11
1749100196307 0.3396 12
1749100537534 0.343 13
1749100874861 0.3392 14
1749101213813 0.3486 15
1749101552552 0.3466 16
1749101890685 0.3548 17
1749102231206 0.3522 18
1749102571140 0.3604 19
1749102910079 0.3562 20
1749103245796 0.3576 21
1749103585735 0.3576 22
1749103922954 0.3626 23
1749104261719 0.36 24
1749104596436 0.3666 25
1749104932525 0.3612 26
1749105222234 0.3696 27
1749105460354 0.3588 28
1749105696937 0.3722 29
1749105935231 0.3626 30
1749106171277 0.3746 31
1749106404929 0.3726 32
1749106637015 0.3748 33
1749106869721 0.3734 34
1749107107398 0.3784 35
1749107345733 0.3752 36
1749107584160 0.3806 37
1749107822453 0.3696 38
1749108059750 0.373 39
1749108298766 0.3794 40
1749108536470 0.3818 41
1749108776294 0.38 42
1749109019808 0.382 43
1749109262965 0.3852 44
1749109572757 0.3886 45
1749109904150 0.3906 46
1749110235402 0.3916 47
1749110565602 0.39 48
1749110896999 0.3914 49
1749111228665 0.3984 50
1749111558482 0.3942 51
1749111889119 0.3954 52
1749112221175 0.3956 53
1749112553160 0.3998 54
1749112885376 0.3966 55
1749113217629 0.3994 56
1749113549249 0.4072 57
1749113883089 0.3988 58
1749114218108 0.4058 59
1749114551928 0.4038 60
1749114883044 0.4042 61
1749115216219 0.4094 62
1749115549379 0.403 63
1749115885275 0.4092 64
1749116219952 0.4102 65
1749116555786 0.405 66
1749116892191 0.411 67
1749117226116 0.4106 68
1749117559181 0.412 69
1749117892197 0.4104 70
1749118225574 0.4122 71
1749118558716 0.419 72
1749118890567 0.4226 73
1749119223512 0.4258 74
1749119554742 0.4276 75
1749119885110 0.427 76
1749120215145 0.4234 77
1749120546106 0.4296 78
1749120876935 0.4292 79
1749121207550 0.4296 80
1749121538174 0.43 81
1749121868833 0.433 82
1749122198845 0.4328 83
1749122528646 0.4364 84
1749122858433 0.4376 85
1749123188721 0.438 86
1749123517789 0.438 87
1749123847388 0.4402 88
1749124177316 0.436 89
1749124506859 0.4384 90
1749124836615 0.44 91
1749125164968 0.4396 92
1749125494497 0.4394 93
1749125823974 0.441 94
1749126152816 0.4398 95
1749126483490 0.4426 96
1749126814014 0.4426 97
1749127144073 0.4454 98
1749127473467 0.442 99
1749127803427 0.4418 100
1749128133409 0.441 101
1749128464080 0.4466 102
1749128794739 0.4458 103
1749129125247 0.4442 104
1749129454408 0.4442 105
1749129783402 0.4448 106
1749130112870 0.4464 107
1749130442406 0.443 108
1749130771499 0.4482 109
1749131100617 0.446 110
1749131429724 0.4474 111
1749131759310 0.4474 112
1749132086495 0.446 113
1749132414397 0.4484 114
1749132742973 0.4446 115
1749133070443 0.4466 116
1749133398014 0.4474 117
1749133725757 0.4468 118
1749134053367 0.4488 119
1749134381144 0.4482 120
1749134709552 0.4488 121
1749135037860 0.4488 122
1749135366024 0.4506 123
1749135694155 0.452 124
1749136021933 0.4542 125
1749136350072 0.4518 126
1749136677419 0.4522 127
1749137005392 0.4528 128
1749137333824 0.454 129
1749137662409 0.454 130
1749137990925 0.4536 131
1749138319173 0.4538 132
1749138647136 0.4572 133
1749138975845 0.4564 134
1749139304668 0.4564 135
1749139632751 0.4582 136
1749139962735 0.4574 137
1749140294081 0.4566 138
1749140622839 0.4572 139
1749140953967 0.456 140
1749141283981 0.457 141
1749141613804 0.4576 142
1749141942916 0.4568 143
1749142272694 0.457 144
1749142601480 0.4572 145
1749142930704 0.458 146
1749143258742 0.4568 147
1749143587645 0.4574 148
1749143916085 0.4576 149
1749144245960 0.4592 150
1749144574716 0.4572 151
1749144903372 0.4582 152
1749145233549 0.459 153
1749145562200 0.4592 154
1749145890504 0.4596 155
1749146219475 0.4604 156
1749146548829 0.4612 157
1749146877345 0.4604 158
1749147207132 0.4612 159
1749147536929 0.4612 160
1749147866178 0.461 161
1749148196831 0.462 162
1749148526883 0.4612 163
1749148858131 0.4614 164
1749149191307 0.4614 165
1749149524946 0.4622 166
1749149858590 0.4626 167
1749150193413 0.4616 168
1749150526760 0.4638 169
1749150860653 0.463 170
1749151194023 0.461 171
1749151528554 0.464 172
1749151862581 0.4634 173
1749152197105 0.464 174
1749152530198 0.4624 175
1749152864773 0.4636 176
1749153198746 0.4632 177
1749153533361 0.4636 178
1749153866511 0.4642 179
1749154199730 0.4648 180
1749154533860 0.4638 181
1749154869302 0.4638 182
1749155203815 0.4628 183
1749155537912 0.4642 184
1749155870055 0.465 185
1749156204521 0.4636 186
1749156537352 0.4636 187
1749156869585 0.4656 188
1749157201823 0.4648 189
1749157533984 0.4648 190
1749157861342 0.465 191
1749158191260 0.467 192
1749158521061 0.4668 193
1749158849586 0.4652 194
1749159177815 0.4668 195
1749159507028 0.4676 196
1749159838339 0.4684 197
1749160168484 0.465 198
1749160499668 0.4672 199
1749160829646 0.4676 200
1749161160423 0.4698 201
1749161491185 0.4674 202
1749161821115 0.4694 203
1749162151197 0.469 204
1749162480876 0.468 205
1749162810209 0.47 206
1749163139786 0.4704 207
1749163469241 0.4682 208
1749163798230 0.4702 209
1749164128241 0.4698 210
1749164457679 0.471 211
1749164787400 0.4714 212
1749165116255 0.4706 213
1749165445837 0.4696 214
1749165774954 0.469 215
1749166104781 0.4712 216
1749166435058 0.471 217
1749166764439 0.4724 218
1749167094240 0.4714 219
1749167425052 0.4722 220
1749167754597 0.4714 221
1749168084986 0.4716 222
1749168415098 0.4724 223
1749168746603 0.4712 224
1749169076666 0.4728 225
1749169407142 0.472 226
1749169737615 0.4726 227
1749170068544 0.4734 228
1749170399108 0.4722 229
1749170731616 0.4746 230
1749171060798 0.4746 231
1749171393110 0.4742 232
1749171724604 0.4746 233
1749172056128 0.4736 234
1749172387324 0.4764 235
1749172717844 0.4748 236
1749173047924 0.475 237
1749173379722 0.4772 238
1749173709001 0.4762 239
1749174039114 0.4768 240
1749174369071 0.4786 241
1749174698313 0.4754 242
1749175028762 0.4774 243
1749175359017 0.4788 244
1749175689079 0.4782 245
1749176018935 0.479 246
1749176349546 0.4786 247
1749176681048 0.4786 248
1749177011297 0.4792 249
1749177341231 0.479 250
1749177670839 0.4782 251
1749178001283 0.479 252
1749178330491 0.4784 253
1749178658523 0.4808 254
1749178988301 0.4788 255
1749179318621 0.4798 256
1749179646874 0.4816 257
1749179974617 0.4806 258
1749180302637 0.4806 259
1749180631020 0.4792 260
1749180960179 0.4792 261
1749181288211 0.4798 262
1749181615898 0.4786 263
1749181944780 0.48 264
1749182273269 0.4798 265
1749182601223 0.4798 266
1749182928604 0.4804 267
1749183254968 0.483 268
