1749097402862 2.046619176864624 0
1749097625339 1.933945655822754 1
1749097851519 1.9115957617759705 2
1749098076873 1.8878427743911743 3
1749098303415 1.8682953119277954 4
1749098530222 1.8486358523368835 5
1749098756863 1.8400452733039856 6
1749098984794 1.8332871198654175 7
1749099212640 1.8254223465919495 8
1749099440226 1.8151262402534485 9
1749099671069 1.8089173436164856 10
1749099903133 1.8014920353889465 11
1749100196307 1.7953672409057617 12
1749100537534 1.7891693711280823 13
1749100874861 1.7864446640014648 14
1749101213813 1.7741493582725525 15
1749101552552 1.769841194152832 16
1749101890685 1.7653647661209106 17
1749102231206 1.7658266425132751 18
1749102571140 1.7525646686553955 19
1749102910079 1.7565730214118958 20
1749103245796 1.7455589771270752 21
1749103585735 1.757357656955719 22
1749103922954 1.7342882752418518 23
1749104261719 1.7498583793640137 24
1749104596436 1.7245327830314636 25
1749104932525 1.7410686612129211 26
1749105222234 1.721006453037262 27
1749105460354 1.7440905570983887 28
1749105696937 1.7130065560340881 29
1749105935231 1.7363027930259705 30
1749106171277 1.7116779088974 31
1749106404929 1.718066394329071 32
1749106637015 1.7061073780059814 33
1749106869721 1.7086297869682312 34
1749107107398 1.7043368220329285 35
1749107345733 1.7095996737480164 36
1749107584160 1.7038671374320984 37
1749107822453 1.7095670700073242 38
1749108059750 1.706699550151825 39
1749108298766 1.6949040293693542 40
1749108536470 1.694976270198822 41
1749108776294 1.692061185836792 42
1749109019808 1.6886060237884521 43
1749109262965 1.682624340057373 44
1749109572757 1.6812788844108582 45
1749109904150 1.6787145733833313 46
1749110235402 1.6740893125534058 47
1749110565602 1.6748642921447754 48
1749110896999 1.6780151724815369 49
1749111228665 1.6658161878585815 50
1749111558482 1.668333649635315 51
1749111889119 1.6595889329910278 52
1749112221175 1.6613948941230774 53
1749112553160 1.6507989764213562 54
1749112885376 1.6565771698951721 55
1749113217629 1.6464879512786865 56
1749113549249 1.6447010040283203 57
1749113883089 1.6444579362869263 58
1749114218108 1.6498791575431824 59
1749114551928 1.6409845352172852 60
1749114883044 1.6498416662216187 61
1749115216219 1.6312007904052734 62
1749115549379 1.6480929851531982 63
1749115885275 1.628044605255127 64
1749116219952 1.6259944438934326 65
1749116555786 1.6282455325126648 66
1749116892191 1.6371222734451294 67
1749117226116 1.626341462135315 68
1749117559181 1.6293371319770813 69
1749117892197 1.6253519654273987 70
1749118225574 1.6270623803138733 71
1749118558716 1.6123306155204773 72
1749118890567 1.6081003546714783 73
1749119223512 1.6027467250823975 74
1749119554742 1.5999362468719482 75
1749119885110 1.5975390076637268 76
1749120215145 1.59384286403656 77
1749120546106 1.5933574438095093 78
1749120876935 1.5891917943954468 79
1749121207550 1.588840663433075 80
1749121538174 1.5854777097702026 81
1749121868833 1.5822138786315918 82
1749122198845 1.5797675848007202 83
1749122528646 1.5782533884048462 84
1749122858433 1.5747811794281006 85
1749123188721 1.573053002357483 86
1749123517789 1.5709987878799438 87
1749123847388 1.5717297792434692 88
1749124177316 1.5722357630729675 89
1749124506859 1.573531985282898 90
1749124836615 1.5660333037376404 91
1749125164968 1.567914366722107 92
1749125494497 1.5649248361587524 93
1749125823974 1.562419831752777 94
1749126152816 1.5623151063919067 95
1749126483490 1.5620624423027039 96
1749126814014 1.5568572878837585 97
1749127144073 1.5567739009857178 98
1749127473467 1.5555513501167297 99
1749127803427 1.557506501674652 100
1749128133409 1.5534916520118713 101
1749128464080 1.5514469146728516 102
1749128794739 1.55126291513443 103
1749129125247 1.5485650897026062 104
1749129454408 1.5488855242729187 105
1749129783402 1.5473228693008423 106
1749130112870 1.5481306910514832 107
1749130442406 1.546821415424347 108
1749130771499 1.5456244945526123 109
1749131100617 1.5437437891960144 110
1749131429724 1.5438517332077026 111
1749131759310 1.5430265665054321 112
1749132086495 1.5439748764038086 113
1749132414397 1.5413150191307068 114
1749132742973 1.545651137828827 115
1749133070443 1.5436474680900574 116
1749133398014 1.544406235218048 117
1749133725757 1.5404967069625854 118
1749134053367 1.5446449518203735 119
1749134381144 1.5366328358650208 120
1749134709552 1.534429669380188 121
1749135037860 1.534807562828064 122
1749135366024 1.531934916973114 123
1749135694155 1.5297378897666931 124
1749136021933 1.5281695127487183 125
1749136350072 1.5270423293113708 126
1749136677419 1.5260370373725891 127
1749137005392 1.5248478055000305 128
1749137333824 1.524420976638794 129
1749137662409 1.5233354568481445 130
1749137990925 1.5224560499191284 131
1749138319173 1.5213211178779602 132
1749138647136 1.5207584500312805 133
1749138975845 1.519977867603302 134
1749139304668 1.5191287398338318 135
1749139632751 1.518180787563324 136
1749139962735 1.517441213130951 137
1749140294081 1.5168582797050476 138
1749140622839 1.5163139700889587 139
1749140953967 1.5154251456260681 140
1749141283981 1.5145918130874634 141
1749141613804 1.5138532519340515 142
1749141942916 1.5130018591880798 143
1749142272694 1.512486219406128 144
1749142601480 1.5125506520271301 145
1749142930704 1.5116832852363586 146
1749143258742 1.5105524063110352 147
1749143587645 1.5104603171348572 148
1749143916085 1.510351538658142 149
1749144245960 1.5093938112258911 150
1749144574716 1.5087109208106995 151
1749144903372 1.5085185170173645 152
1749145233549 1.508183240890503 153
1749145562200 1.5074466466903687 154
1749145890504 1.5068722367286682 155
1749146219475 1.5069242715835571 156
1749146548829 1.506523311138153 157
1749146877345 1.5060990452766418 158
1749147207132 1.5056285858154297 159
1749147536929 1.5055958032608032 160
1749147866178 1.505030632019043 161
1749148196831 1.504689872264862 162
1749148526883 1.5046157240867615 163
1749148858131 1.5046900510787964 164
1749149191307 1.504806399345398 165
1749149524946 1.5034972429275513 166
1749149858590 1.5033749341964722 167
1749150193413 1.5038528442382812 168
1749150526760 1.5028268694877625 169
1749150860653 1.502305507659912 170
1749151194023 1.5023037791252136 171
1749151528554 1.5022493600845337 172
1749151862581 1.502307951450348 173
1749152197105 1.5010448694229126 174
1749152530198 1.5011385083198547 175
1749152864773 1.5015820860862732 176
1749153198746 1.5009974241256714 177
1749153533361 1.5009013414382935 178
1749153866511 1.5004799365997314 179
1749154199730 1.5004360675811768 180
1749154533860 1.4999664425849915 181
1749154869302 1.4996947646141052 182
1749155203815 1.4995346069335938 183
1749155537912 1.4989293217658997 184
1749155870055 1.498700201511383 185
1749156204521 1.498772382736206 186
1749156537352 1.498132050037384 187
1749156869585 1.4976794719696045 188
1749157201823 1.4975756406784058 189
1749157533984 1.4973917603492737 190
1749157861342 1.4972825050354004 191
1749158191260 1.4966413974761963 192
1749158521061 1.496440827846527 193
1749158849586 1.4961215257644653 194
1749159177815 1.4962554574012756 195
1749159507028 1.495229721069336 196
1749159838339 1.495211124420166 197
1749160168484 1.4948682188987732 198
1749160499668 1.4953171014785767 199
1749160829646 1.4941045045852661 200
1749161160423 1.4940440654754639 201
1749161491185 1.4937514662742615 202
1749161821115 1.4933813214302063 203
1749162151197 1.4926785826683044 204
1749162480876 1.4927667379379272 205
1749162810209 1.4919222593307495 206
1749163139786 1.4915120601654053 207
1749163469241 1.4921178221702576 208
1749163798230 1.491382658481598 209
1749164128241 1.4908220171928406 210
1749164457679 1.4906915426254272 211
1749164787400 1.489830493927002 212
1749165116255 1.4895753860473633 213
1749165445837 1.4892768263816833 214
1749165774954 1.4890772700309753 215
1749166104781 1.4883360266685486 216
1749166435058 1.4879634976387024 217
1749166764439 1.4874262809753418 218
1749167094240 1.487350881099701 219
1749167425052 1.486691176891327 220
1749167754597 1.4863302111625671 221
1749168084986 1.4859161972999573 222
1749168415098 1.4856698513031006 223
1749168746603 1.4856520295143127 224
1749169076666 1.4847824573516846 225
1749169407142 1.4844369292259216 226
1749169737615 1.4842669367790222 227
1749170068544 1.4836318492889404 228
1749170399108 1.483343482017517 229
1749170731616 1.4832719564437866 230
1749171060798 1.4824303984642029 231
1749171393110 1.482746958732605 232
1749171724604 1.4815961122512817 233
1749172056128 1.4815391302108765 234
1749172387324 1.4815899729728699 235
1749172717844 1.4806158542633057 236
1749173047924 1.4801831245422363 237
1749173379722 1.4803386330604553 238
1749173709001 1.4791672229766846 239
1749174039114 1.4786259531974792 240
1749174369071 1.4785928130149841 241
1749174698313 1.4777812361717224 242
1749175028762 1.4771161079406738 243
1749175359017 1.4770528674125671 244
1749175689079 1.4761390089988708 245
1749176018935 1.475769817829132 246
1749176349546 1.4763867259025574 247
1749176681048 1.47524094581604 248
1749177011297 1.4740117192268372 249
1749177341231 1.4737731218338013 250
1749177670839 1.473934531211853 251
1749178001283 1.4736089706420898 252
1749178330491 1.472821295261383 253
1749178658523 1.471718192100525 254
1749178988301 1.4721778631210327 255
1749179318621 1.471668541431427 256
1749179646874 1.47067528963089 257
1749179974617 1.46945059299469 258
1749180302637 1.4695661067962646 259
1749180631020 1.4692403674125671 260
1749180960179 1.469562828540802 261
1749181288211 1.4683578610420227 262
1749181615898 1.467732846736908 263
1749181944780 1.467119038105011 264
1749182273269 1.4666427969932556 265
1749182601223 1.466278076171875 266
1749182928604 1.4655306339263916 267
1749183254968 1.4645450115203857 268
