1747888730606 1.9615206718444824 0
1747888812735 1.8046724796295166 19
1747888896201 1.7912013530731201 38
1747889258087 1.9866065979003906 40
1747889340380 1.682271957397461 59
1747889423397 1.672566294670105 78
1747889790065 1.838270127773285 80
1747889874000 1.6118556261062622 99
1747889957471 1.610273540019989 118
1747890325729 1.6735218167304993 120
1747890409847 1.5785841345787048 139
1747890493468 1.568368136882782 158
1747890864571 1.7235791087150574 160
1747890949579 1.53296959400177 179
1747891033891 1.528928816318512 198
1747891406950 1.691943883895874 200
1747891492204 1.5074525475502014 219
1747891576356 1.4957510232925415 238
1747891951791 1.584363341331482 240
1747892037229 1.4738550186157227 259
1747892123116 1.4808576107025146 278
1747892501352 1.5684164762496948 280
1747892587572 1.4757494926452637 299
1747892673063 1.4773408770561218 318
1747893050897 1.6878809928894043 320
1747893136981 1.461840569972992 339
1747893222239 1.4593486785888672 358
1747893599635 1.5559273958206177 360
1747893685995 1.4462952613830566 379
1747893771671 1.4535197615623474 398
1747894159611 1.5724616646766663 400
1747894245633 1.4254269003868103 419
1747894331496 1.4329109191894531 438
1747894711110 1.4919249415397644 440
1747894796857 1.440540850162506 459
1747894882819 1.437251329421997 478
1747895262488 1.4920400977134705 480
1747895348647 1.4201909303665161 499
1747895434800 1.4067241549491882 518
1747895814598 1.5266175866127014 520
1747895901174 1.3995125889778137 539
1747895987318 1.386098861694336 558
1747896367676 1.4617040753364563 560
1747896453773 1.4131599068641663 579
1747896540582 1.4081916809082031 598
1747896920914 1.519782304763794 600
1747897007736 1.3926279544830322 619
1747897093916 1.3880765438079834 638
1747897474259 1.494613230228424 640
1747897561042 1.383790373802185 659
1747897647509 1.3903323411941528 678
1747898027511 1.5046800374984741 680
1747898114333 1.4016704559326172 699
1747898200544 1.3876802921295166 718
1747898582105 1.5481284260749817 720
1747898668804 1.3837108612060547 739
1747898754542 1.4056398272514343 758
1747899134566 1.455940306186676 760
1747899220844 1.3791429996490479 779
1747899307754 1.404347002506256 798
1747899688196 1.5309790968894958 800
1747899775118 1.379050374031067 819
1747899861514 1.397626280784607 838
1747900241885 1.5059688687324524 840
1747900327735 1.3700172901153564 859
1747900414360 1.3917257189750671 878
1747900794527 1.5611067414283752 880
1747900880450 1.3807730674743652 899
1747900966333 1.3858380317687988 918
1747901343185 1.4902191162109375 920
1747901428858 1.3859772682189941 939
1747901515054 1.4027760028839111 958
1747901896532 1.4878515601158142 960
1747901982879 1.3969781398773193 979
1747902069800 1.4161940217018127 998
1747902515556 1.4169089198112488 1000
1747902621181 1.378547489643097 1019
1747902727539 1.402620255947113 1038
1747903191987 1.4432363510131836 1040
1747903297219 1.404096245765686 1059
1747903403277 1.3994051218032837 1078
1747903868687 1.4197747707366943 1080
1747903974697 1.3982306718826294 1099
1747904080093 1.40706467628479 1118
1747904560437 1.474339246749878 1120
1747904666522 1.409588098526001 1139
1747904772626 1.403701364994049 1158
1747905238077 1.4214600324630737 1160
1747905344220 1.4087775945663452 1179
1747905450577 1.4248070120811462 1198
1747905916344 1.3999466300010681 1200
1747906022242 1.419235348701477 1219
1747906128792 1.4094391465187073 1238
1747906593745 1.436629831790924 1240
1747906698945 1.4212655425071716 1259
1747906805161 1.4248165488243103 1278
1747907269776 1.446660339832306 1280
1747907375205 1.4186466336250305 1299
1747907481177 1.4147589206695557 1318
1747907946274 1.4510857462882996 1320
1747908052082 1.4249975085258484 1339
1747908157363 1.4218577146530151 1358
1747908621580 1.419553816318512 1360
1747908726897 1.4244456887245178 1379
1747908832611 1.4383442997932434 1398
1747909274465 1.4355188608169556 1400
1747909379376 1.409635603427887 1419
1747909485646 1.4248707294464111 1438
1747909949556 1.4502397775650024 1440
1747910054162 1.4229796528816223 1459
1747910159383 1.4264348149299622 1478
1747910621656 1.4226337671279907 1480
1747910727424 1.41789710521698 1499
1747910832264 1.4280670881271362 1518
1747911296271 1.4305158853530884 1520
1747911401628 1.431947946548462 1539
1747911506485 1.431520700454712 1558
1747911968555 1.4321277737617493 1560
1747912074254 1.414600670337677 1579
1747912179275 1.4293016195297241 1598
1747912643955 1.4272081851959229 1600
1747912748944 1.420936644077301 1619
1747912854726 1.4235199689865112 1638
1747913318923 1.4285263419151306 1640
1747913419742 1.4265955686569214 1659
1747913514463 1.4401033520698547 1678
1747913926090 1.437310516834259 1680
1747914019321 1.431607186794281 1699
1747914113292 1.4354479908943176 1718
1747914523999 1.4187013506889343 1720
1747914616877 1.424350082874298 1739
1747914710434 1.4200778007507324 1758
1747915120878 1.42925626039505 1760
1747915214240 1.4154255986213684 1779
1747915307200 1.4271005392074585 1798
1747915718619 1.43130362033844 1800
1747915812149 1.4165264964103699 1819
1747915904748 1.423990786075592 1838
1747916335310 1.4226495027542114 1840
1747916428948 1.416558563709259 1859
1747916522037 1.4241127967834473 1878
1747916932447 1.4255662560462952 1880
1747917025533 1.4220353364944458 1899
1747917119127 1.4250484108924866 1918
1747917529147 1.4197431802749634 1920
1747917621661 1.4166843891143799 1939
1747917714431 1.423302948474884 1958
1747918124651 1.4290804266929626 1960
1747918218233 1.4167592525482178 1979
1747918312331 1.4194350242614746 1998
1747918725627 1.4272634387016296 2000
1747918818897 1.4129570722579956 2019
1747918912975 1.41927969455719 2038
1747919326180 1.4222078919410706 2040
1747919419556 1.4152383208274841 2059
1747919514456 1.4140792489051819 2078
1747919927929 1.4248474836349487 2080
1747920022075 1.4123234152793884 2099
1747920115333 1.4182233214378357 2118
1747920528413 1.4205596446990967 2120
1747920634978 1.4147383570671082 2139
1747920728567 1.417579174041748 2158
1747921141423 1.4254368543624878 2160
1747921234879 1.4131768345832825 2179
1747921329042 1.418753743171692 2198
1747921740789 1.422878623008728 2200
1747921834930 1.4134680032730103 2219
1747921928570 1.4175145030021667 2238
1747922340839 1.422788143157959 2240
1747922451392 1.4133252501487732 2259
1747922544635 1.4133610129356384 2278
1747922956661 1.4198849201202393 2280
1747923050342 1.4130419492721558 2299
1747923143401 1.4138737916946411 2318
1747923555040 1.4197232127189636 2320
1747923648200 1.4136047959327698 2339
1747923741779 1.4136239886283875 2358
1747924151538 1.4219161868095398 2360
1747924245004 1.4129979014396667 2379
1747924337751 1.4124115109443665 2398
1747924747761 1.4191693663597107 2400
1747924840710 1.4124523401260376 2419
1747924934506 1.4145780205726624 2438
1747925343573 1.4193685054779053 2440
1747925437209 1.4112175107002258 2459
1747925530021 1.4121684432029724 2478
1747925961840 1.4181637167930603 2480
1747926054311 1.4120184183120728 2499
1747926154674 1.412458598613739 2518
1747926593273 1.4203386306762695 2520
1747926685994 1.41058349609375 2539
1747926779346 1.4114396572113037 2558
1747927188615 1.417242169380188 2560
1747927282296 1.410509169101715 2579
1747927375432 1.4120740294456482 2598
1747927786643 1.4203195571899414 2600
1747927879471 1.4117562174797058 2619
1747927973032 1.4107901453971863 2638
1747928383578 1.4186491966247559 2640
1747928477196 1.41170334815979 2659
1747928570206 1.4112274050712585 2678
1747928981837 1.4128957390785217 2680
1747929074238 1.409303903579712 2699
1747929167516 1.4100640416145325 2718
1747929574914 1.4132021069526672 2720
1747929667901 1.4085567593574524 2739
1747929760199 1.409912884235382 2758
1747930168405 1.4127976894378662 2760
1747930261425 1.4089314937591553 2779
1747930354135 1.410353183746338 2798
1747930763782 1.4129254221916199 2800
1747930855849 1.408065140247345 2819
1747930948784 1.4094271063804626 2838
1747931355378 1.4130252599716187 2840
1747931448296 1.4083030819892883 2859
1747931540488 1.4094123244285583 2878
1747931947930 1.41191166639328 2880
1747932040063 1.4084885716438293 2899
1747932133047 1.4096143245697021 2918
1747932539278 1.4081393480300903 2920
1747932631846 1.4061461687088013 2939
1747932724050 1.4072334170341492 2958
1747933133100 1.4079152345657349 2960
1747933226571 1.4062885642051697 2979
1747933319423 1.4070817828178406 2998
1747933729413 1.4082043766975403 3000
1747933822956 1.4059419631958008 3019
1747933915549 1.4066555500030518 3038
1747934326802 1.4080485105514526 3040
1747934420911 1.4057327508926392 3059
1747934514274 1.4066572785377502 3078
1747934922982 1.4080930352210999 3080
1747935015070 1.4057563543319702 3099
1747935107135 1.4061940908432007 3118
1747935518657 1.4076012969017029 3120
1747935611910 1.4058688282966614 3139
1747935705794 1.4064090847969055 3158
1747936121259 1.4055697321891785 3160
1747936215923 1.4055696725845337 3179
1747936309507 1.4057703018188477 3198
1747936723192 1.4055824279785156 3200
1747936817320 1.4052886962890625 3219
1747936910594 1.405312955379486 3238
1747937326042 1.4058207869529724 3240
1747937419341 1.4052959084510803 3259
1747937513502 1.4050443172454834 3278
1747937927266 1.405320644378662 3280
1747938022899 1.4050419330596924 3299
1747938135188 1.4048783779144287 3318
1747938556443 1.4050958156585693 3320
1747938650787 1.4053134322166443 3339
1747938745787 1.405142605304718 3358
1747939159734 1.4055240154266357 3360
1747939254321 1.4049370288848877 3379
1747939348770 1.4049435257911682 3398
1747939764859 1.4041014313697815 3400
1747939860009 1.4049450755119324 3419
1747939954577 1.4047608971595764 3438
1747940373370 1.4040412306785583 3440
1747940467092 1.4049729108810425 3459
1747940562158 1.4046896696090698 3478
1747940976930 1.403729259967804 3480
1747941069401 1.404971182346344 3499
1747941162538 1.4046185612678528 3518
1747941571048 1.4035837650299072 3520
1747941662397 1.4049327969551086 3539
1747941754280 1.404582917690277 3558
1747942165376 1.4039903283119202 3560
1747942259683 1.4047268629074097 3579
1747942353209 1.4047752022743225 3598
1747942766545 1.4040045738220215 3600
1747942859872 1.4049264192581177 3619
1747942954167 1.4045484066009521 3638
1747943366014 1.402734398841858 3640
1747943459539 1.4044780135154724 3659
1747943553617 1.404488205909729 3678
1747943967542 1.4027191996574402 3680
1747944061369 1.404404640197754 3699
1747944154722 1.404510259628296 3718
1747944567620 1.4028122425079346 3720
1747944660978 1.4044421315193176 3739
1747944754895 1.4043602347373962 3758
1747945167346 1.4026158452033997 3760
1747945260517 1.4043376445770264 3779
1747945354474 1.4043007493019104 3798
1747945781158 1.4027886390686035 3800
1747945874307 1.4043556451797485 3819
1747945967446 1.4043030142784119 3838
1747946376357 1.4027597904205322 3840
1747946469836 1.404246747493744 3859
1747946562701 1.4042044281959534 3878
1747946973135 1.4019423127174377 3880
1747947066676 1.4034595489501953 3899
1747947159284 1.4038438200950623 3918
1747947569525 1.4020429849624634 3920
1747947663437 1.4036056995391846 3939
1747947756478 1.4039808511734009 3958
1747948167812 1.4019660353660583 3960
1747948261759 1.403563678264618 3979
1747948354657 1.4039541482925415 3998
1747948765382 1.4020126461982727 4000
1747948859084 1.4034523367881775 4019
1747948951822 1.4038087725639343 4038
1747949362818 1.4018848538398743 4040
1747949456168 1.4034391045570374 4059
1747949549012 1.403838574886322 4078
1747949958362 1.4019931554794312 4080
1747950051750 1.4034160375595093 4099
1747950144362 1.4038408994674683 4118
1747950553553 1.401703953742981 4120
1747950646940 1.4028538465499878 4139
1747950739865 1.4034625887870789 4158
1747951148965 1.4016773104667664 4160
1747951242400 1.402808129787445 4179
1747951335206 1.4034042358398438 4198
1747951744454 1.4016615152359009 4200
1747951838175 1.4027056097984314 4219
1747951931097 1.4033780694007874 4238
1747952340058 1.4017099738121033 4240
1747952433294 1.4026917219161987 4259
1747952525894 1.4033887386322021 4278
1747952935395 1.4017766118049622 4280
1747953028912 1.4027624130249023 4299
1747953121806 1.4033302664756775 4318
1747953535664 1.4017696380615234 4320
1747953627392 1.4027373790740967 4339
1747953719953 1.4033180475234985 4358
1747954125237 1.4019192457199097 4360
1747954217204 1.4024426341056824 4379
1747954309538 1.4026426076889038 4398
1747954713156 1.4018931984901428 4400
1747954804817 1.4023381471633911 4419
1747954896985 1.402767837047577 4438
1747955303093 1.4019386768341064 4440
1747955395927 1.4022539258003235 4459
1747955487456 1.402511477470398 4478
1747955891953 1.4018601179122925 4480
1747955984767 1.4023872017860413 4499
1747956076470 1.4027435183525085 4518
1747956482314 1.4018861055374146 4520
1747956574204 1.4022983312606812 4539
1747956666185 1.4026460647583008 4558
1747957074927 1.4019601345062256 4560
1747957168430 1.4024393558502197 4579
1747957262177 1.402759075164795 4598
1747957676099 1.4021090269088745 4600
1747957769492 1.402452826499939 4619
1747957863376 1.4025909900665283 4638
1747958276385 1.4021032452583313 4640
1747958371148 1.4023747444152832 4659
1747958465055 1.4026206135749817 4678
1747958878879 1.4021374583244324 4680
1747958973331 1.4023383855819702 4699
1747959067297 1.402567744255066 4718
1747959480215 1.402135193347931 4720
1747959573686 1.4023003578186035 4739
1747959667374 1.402593195438385 4758
1747960077982 1.4021154046058655 4760
1747960169829 1.4023382663726807 4779
1747960262589 1.402530312538147 4798
1747960668051 1.4021598100662231 4800
1747960760144 1.4022854566574097 4819
1747960852815 1.4025267362594604 4838
1747961258892 1.402117133140564 4840
1747961351125 1.4024245738983154 4859
1747961443886 1.4025313258171082 4878
1747961849640 1.4021362662315369 4880
1747961941591 1.4023649096488953 4899
1747962034275 1.4025434255599976 4918
1747962440545 1.4020702838897705 4920
1747962532296 1.4024049043655396 4939
1747962625172 1.402526617050171 4958
1747963032414 1.4020575881004333 4960
1747963124605 1.402380645275116 4979
1747963217422 1.4024916291236877 4998
1747963625312 1.402107298374176 5000
1747963718461 1.4023458361625671 5019
1747963810594 1.402496874332428 5038
1747964221120 1.4021196961402893 5040
1747964314139 1.402328372001648 5059
1747964407518 1.4025439620018005 5078
1747964818931 1.4020554423332214 5080
1747964912507 1.4023097157478333 5099
1747965006050 1.4025174975395203 5118
1747965417530 1.4020859599113464 5120
1747965510530 1.402256727218628 5139
1747965604075 1.4025036692619324 5158
1747966015603 1.4021224975585938 5160
1747966108558 1.4022964835166931 5179
1747966202793 1.4024961590766907 5198
1747966613874 1.4021186232566833 5200
1747966706315 1.4022847414016724 5219
1747966800120 1.4025156497955322 5238
1747967211105 1.4020943641662598 5240
1747967303861 1.402299702167511 5259
1747967397801 1.4025264382362366 5278
1747967809256 1.4020946025848389 5280
1747967902470 1.4023115038871765 5299
1747967995929 1.4025673866271973 5318
1747968406808 1.4021521210670471 5320
1747968500282 1.402368187904358 5339
1747968594449 1.402603566646576 5358
1747969005460 1.4021462202072144 5360
1747969098078 1.40236097574234 5379
1747969192227 1.402613878250122 5398
1747969604175 1.4021380543708801 5400
1747969698373 1.402425765991211 5419
1747969792157 1.4026371240615845 5438
1747970203972 1.4022159576416016 5440
1747970297188 1.4024021625518799 5459
1747970389822 1.402664601802826 5478
1747970800761 1.4022120237350464 5480
1747970893136 1.4024286270141602 5499
1747970985585 1.4026453495025635 5518
1747971395990 1.402256429195404 5520
1747971488458 1.4023800492286682 5539
1747971582068 1.402599036693573 5558
1747971992946 1.402228593826294 5560
1747972086032 1.4023568034172058 5579
1747972179262 1.4026116728782654 5598
1747972588971 1.4021877646446228 5600
1747972683150 1.4024627208709717 5619
1747972776505 1.402623176574707 5638
1747973186736 1.4021655917167664 5640
1747973278739 1.4024683237075806 5659
