1751912086513 -140.8697052001953 0
1751914582917 -40.199134826660156 1
1751917090222 -76.23237609863281 2
1751919612544 -42.818138122558594 3
1751922134723 -17.79241180419922 4
1751924644299 -26.4648494720459 5
1751927148501 -13.083667755126953 6
1751929650773 -8.261126518249512 7
1751932166683 -14.816079139709473 8
1751934694250 2.578500509262085 9
1751937252239 -5.403355121612549 10
1751939767707 -31.852157592773438 11
1751942284084 -21.00714874267578 12
1751944802777 -13.096250534057617 13
1751947337836 -3.8100969791412354 14
1751949883352 -40.278411865234375 15
1751952417439 -0.03602951765060425 16
1751954937486 -7.837449073791504 17
1751957453591 -19.151168823242188 18
1751959968994 -12.853181838989258 19
1751962509621 -23.83041000366211 20
1751965056640 -8.058732986450195 21
1751967590191 -3.5334901809692383 22
1751970104352 2.0888891220092773 23
1751972618507 -7.649240493774414 24
1751975130837 -5.548343181610107 25
1751977657470 -28.256816864013672 26
1751980203920 -12.219122886657715 27
1751982741190 -14.778983116149902 28
1751985257087 1.7114448547363281 29
1751987783582 -4.112167835235596 30
1751990297030 -3.4050235748291016 31
1751992819871 -4.630363941192627 32
1751995356275 0.9902385473251343 33
1751997893978 2.983156681060791 34
1752000412993 1.0858699083328247 35
1752002928515 -6.857357978820801 36
1752005444015 -5.777812957763672 37
1752007964913 -7.531192302703857 38
1752010502251 -6.085456848144531 39
1752013056080 1.2843067646026611 40
1752015578397 -5.605129241943359 41
1752018092313 3.3914999961853027 42
1752020605380 1.8780598640441895 43
1752023120837 2.7660343647003174 44
1752025654432 4.845592021942139 45
1752028192915 0.2994328737258911 46
1752030719423 1.2388861179351807 47
1752033234582 -2.6916518211364746 48
1752035747423 -17.94549560546875 49
1752038271425 1.655840277671814 50
1752040801750 3.0493671894073486 51
1752043339987 0.26351162791252136 52
1752045869292 -0.8308240175247192 53
1752048385394 2.193108558654785 54
1752050901516 0.8121641278266907 55
1752053428356 1.547919750213623 56
1752055972218 2.5621206760406494 57
1752058532769 3.51552152633667 58
1752061067666 -3.315626621246338 59
1752063608110 1.6567637920379639 60
1752066123682 -0.059522390365600586 61
1752068639260 3.5115180015563965 62
1752071163349 0.8255079388618469 63
1752073710894 3.362454414367676 64
1752076255657 3.9533867835998535 65
1752078781245 -0.515582799911499 66
1752081299761 2.352626085281372 67
