1751218762579 2.0536730766296385 0
1751218792261 1.9433204889297486 1
1751218822019 1.9119836568832398 2
1751218851728 1.9020976781845094 3
1751218881521 1.887817931175232 4
1751218911298 1.8806515455245971 5
1751218941037 1.8753844499588013 6
1751218970869 1.8679229021072388 7
1751219000615 1.8624754667282104 8
1751219030368 1.8590315341949464 9
1751219060045 1.8561538457870483 10
1751219089791 1.8523145198822022 11
1751219119546 1.8486343622207642 12
1751219149409 1.845239233970642 13
1751219179096 1.842157793045044 14
1751219208825 1.8444657802581788 15
1751219238587 1.8435972690582276 16
1751219268321 1.8366090059280396 17
1751219298148 1.834614062309265 18
1751219327882 1.8351706504821776 19
1751219357637 1.8312105655670166 20
1751219387372 1.8291224241256714 21
1751219417118 1.829544687271118 22
1751219446871 1.8296029329299928 23
1751219476578 1.8216737031936645 24
1751219506340 1.8217978715896606 25
1751219536020 1.820010781288147 26
1751219565720 1.8144200563430786 27
1751219595370 1.818825078010559 28
1751219625069 1.8187319755554199 29
1751219654777 1.8141904592514038 30
1751219684458 1.8113064527511598 31
1751219714192 1.8115551948547364 32
1751219743923 1.8094932556152343 33
1751219773631 1.8065506935119628 34
1751219803356 1.8052087545394897 35
1751219833007 1.8016703128814697 36
1751219862683 1.8025936841964723 37
1751219892429 1.8010462999343873 38
1751219922253 1.798424744606018 39
1751222560197 1.8141455411911012 40
1751222589777 1.8008696556091308 41
1751222619529 1.7954315662384033 42
1751222649206 1.7935007810592651 43
1751222678974 1.786893892288208 44
1751222708627 1.7814290285110475 45
1751222738336 1.7794627904891969 46
1751222768032 1.7797911643981934 47
1751222797751 1.7796428680419922 48
1751222827496 1.777085256576538 49
1751222857258 1.7785933494567872 50
1751222887044 1.779703688621521 51
1751222916801 1.7775665998458863 52
1751222946534 1.7726991891860961 53
1751222976253 1.768758487701416 54
1751223005945 1.7655028820037841 55
1751223035676 1.768539261817932 56
1751223065479 1.7689598083496094 57
1751223095222 1.7658856868743897 58
1751223125059 1.7674337148666381 59
1751223154892 1.7620512008666993 60
1751223184588 1.769619846343994 61
1751223214277 1.7645479202270509 62
1751223244063 1.7607090473175049 63
1751223273798 1.7645068645477295 64
1751223303535 1.7628187179565429 65
1751223333337 1.764937686920166 66
1751223363148 1.7611293554306031 67
1751223392906 1.7566254615783692 68
1751223422614 1.757047915458679 69
1751223452242 1.755247449874878 70
1751223482017 1.7528740167617798 71
1751223511823 1.7522706270217896 72
1751223541598 1.7538257598876954 73
1751223571242 1.750202441215515 74
1751223601029 1.7500906944274903 75
1751223630771 1.7548084259033203 76
1751223660582 1.7573348760604859 77
1751223690309 1.7539976835250854 78
1751223720040 1.7572761058807373 79
1751226489524 1.788972544670105 80
1751226519200 1.7699024438858033 81
1751226548936 1.7575117111206056 82
1751226578671 1.7485293865203857 83
1751226608404 1.745685338973999 84
1751226637981 1.744367003440857 85
1751226667637 1.7452523231506347 86
1751226697405 1.7390567064285278 87
1751226727177 1.741367268562317 88
1751226756950 1.7430233478546142 89
1751226786719 1.7434611797332764 90
1751226816480 1.738153100013733 91
1751226846129 1.7348870038986206 92
1751226875783 1.7369933366775512 93
1751226905517 1.7363788604736328 94
1751226935337 1.7313941240310669 95
1751226965113 1.7337188482284547 96
1751226994782 1.7323426246643066 97
1751227024450 1.7342420101165772 98
1751227054079 1.7301620483398437 99
1751227083819 1.7316749334335326 100
1751227113543 1.7257415533065796 101
1751227143257 1.7240970134735107 102
1751227172949 1.7246034145355225 103
1751227202568 1.7219518423080444 104
1751227232289 1.7227300882339478 105
1751227261880 1.7265633821487427 106
1751227291641 1.7273181915283202 107
1751227321305 1.7260418653488159 108
1751227351088 1.7246497392654419 109
1751227380880 1.7263639450073243 110
1751227410629 1.720961570739746 111
1751227440237 1.7194394588470459 112
1751227470008 1.714911437034607 113
1751227499820 1.714225697517395 114
1751227529499 1.711034321784973 115
1751227559263 1.7109514713287353 116
1751227589081 1.7118497133255004 117
1751227618789 1.7102529048919677 118
1751227648588 1.713773512840271 119
1751230476677 1.8198774099349975 120
1751230506440 1.790035891532898 121
1751230536271 1.7651779651641846 122
1751230565983 1.7547375917434693 123
1751230595771 1.7509745121002198 124
1751230625465 1.7432673215866088 125
1751230655191 1.7404489278793336 126
1751230685011 1.7358336210250855 127
1751230714804 1.7364368915557862 128
1751230744554 1.7338568210601806 129
1751230774342 1.7326582431793214 130
1751230804000 1.7354380369186402 131
1751230833747 1.7344609022140502 132
1751230863430 1.7330125570297241 133
1751230893069 1.7318292140960694 134
1751230922759 1.7314250707626342 135
1751230952476 1.7344278812408447 136
1751230982276 1.7329463243484498 137
1751231012021 1.7340579748153686 138
1751231041692 1.7276478052139281 139
1751231071435 1.7207936286926269 140
1751231101149 1.72182457447052 141
1751231130840 1.7228336334228516 142
1751231160593 1.7231580018997192 143
1751231190424 1.719935989379883 144
1751231220208 1.722731876373291 145
1751231249866 1.722349715232849 146
1751231279548 1.7215601205825806 147
1751231309258 1.718916940689087 148
1751231338903 1.7199613809585572 149
1751231368520 1.7275695323944091 150
1751231398278 1.7309839010238648 151
1751231428166 1.7308270454406738 152
1751231458006 1.7283845663070678 153
1751231487753 1.7236670970916748 154
1751231517547 1.71453959941864 155
1751231547289 1.7096306085586548 156
1751231576999 1.7139067649841309 157
1751231606736 1.7109129428863525 158
1751231636567 1.7066752195358277 159
1751234582098 1.8619688272476196 160
1751234611736 1.804811692237854 161
1751234641502 1.7744404554367066 162
1751234671186 1.7622164249420167 163
1751234700888 1.755154585838318 164
1751234730546 1.74572913646698 165
1751234760289 1.7446670532226562 166
1751234790003 1.734430980682373 167
1751234819664 1.734775996208191 168
1751234849275 1.7308812618255616 169
1751234878963 1.7290578603744506 170
1751234908568 1.731999921798706 171
1751234938181 1.730473566055298 172
1751234967820 1.7302104949951171 173
1751234997473 1.7255415201187134 174
1751235027282 1.7264511823654174 175
1751235057050 1.7252891302108764 176
1751235086804 1.728023362159729 177
1751235116504 1.721884799003601 178
1751235146221 1.721593976020813 179
1751235175889 1.7209354639053345 180
1751235205509 1.717574906349182 181
1751235235207 1.7215567111968995 182
1751235264834 1.7226391315460206 183
1751235294536 1.7271975517272948 184
1751235324243 1.721954917907715 185
1751235353860 1.7171037435531615 186
1751235383480 1.7198947191238403 187
1751235413221 1.716783094406128 188
1751235442986 1.7158978223800658 189
1751235472689 1.714516854286194 190
1751235502405 1.7105957984924316 191
1751235532112 1.713866400718689 192
1751235561788 1.71285719871521 193
1751235591460 1.7115936279296875 194
1751235621155 1.7115156412124635 195
1751235650813 1.7098702430725097 196
1751235680485 1.709302830696106 197
1751235710206 1.7092978715896607 198
1751235740005 1.7099558353424071 199
1751238613318 1.8569710493087768 200
1751238643046 1.8070775985717773 201
1751238672773 1.7655844211578369 202
1751238702461 1.7513938665390014 203
1751238732116 1.7477381706237793 204
1751238761865 1.7366986513137816 205
1751238791585 1.7285330057144166 206
1751238821305 1.7261736154556275 207
1751238851014 1.7211227416992188 208
1751238880842 1.7231333017349244 209
1751238910670 1.718812918663025 210
1751238940337 1.7181512594223023 211
1751238970060 1.7162351608276367 212
1751238999791 1.7202161073684692 213
1751239029358 1.7200111150741577 214
1751239059065 1.7218468189239502 215
1751239088768 1.719234085083008 216
1751239118376 1.718032431602478 217
1751239148053 1.715181088447571 218
1751239177688 1.7175896167755127 219
1751239207437 1.7168319940567016 220
1751239237125 1.7172224521636963 221
1751239266818 1.7117833375930787 222
1751239296503 1.7162596702575683 223
1751239326189 1.7119488716125488 224
1751239356023 1.7090622901916503 225
1751239385820 1.713531732559204 226
1751239415555 1.7122748851776124 227
1751239445255 1.7082430839538574 228
1751239474975 1.7055801630020142 229
1751239504703 1.7089368104934692 230
1751239534515 1.7075981140136718 231
1751239564301 1.706093716621399 232
1751239594029 1.704666757583618 233
1751239623796 1.7065675020217896 234
1751239653613 1.7070385217666626 235
1751239683344 1.706400418281555 236
1751239713048 1.7031968832015991 237
1751239742833 1.7046358823776244 238
1751239772507 1.7095954656600951 239
1751242631350 1.8472887754440308 240
1751242661053 1.8032872200012207 241
1751242690744 1.762625789642334 242
1751242720439 1.747061800956726 243
1751242750144 1.7388203620910645 244
1751242779825 1.7334660053253175 245
1751242809577 1.7320097446441651 246
1751242839379 1.7275031566619874 247
1751242869126 1.7216383218765259 248
1751242898909 1.7238625288009644 249
1751242928613 1.7202431440353394 250
1751242958278 1.7160399436950684 251
1751242988000 1.7137134790420532 252
1751243017776 1.7135082960128785 253
1751243047499 1.7111944437026978 254
1751243077155 1.7145761251449585 255
1751243106887 1.7147286415100098 256
1751243136618 1.7142002820968627 257
1751243166365 1.7145538330078125 258
1751243196114 1.7109426975250244 259
1751243225771 1.712095856666565 260
1751243255460 1.7084699392318725 261
1751243285108 1.711100435256958 262
1751243314796 1.7097317695617675 263
1751243344521 1.7077049255371093 264
1751243374213 1.7082206010818481 265
1751243403909 1.7056869983673095 266
1751243433697 1.7062716960906983 267
1751243463396 1.7054652214050292 268
1751243493026 1.7045917987823487 269
1751243522849 1.701791024208069 270
1751243552638 1.7027138948440552 271
1751243582386 1.7065707921981812 272
1751243612070 1.705110764503479 273
1751243641738 1.700439453125 274
1751243671526 1.7012494802474976 275
1751243701311 1.7018691539764403 276
1751243731009 1.6969869136810303 277
1751243760813 1.6945461273193358 278
1751243790496 1.6993457078933716 279
1751246678924 1.9100871562957764 280
1751246708655 1.8270288705825806 281
1751246738208 1.7807163000106812 282
1751246767953 1.7618172645568848 283
1751246797658 1.7460954427719115 284
1751246827322 1.7402684926986693 285
1751246857037 1.7269062042236327 286
1751246886784 1.7216949224472047 287
1751246916550 1.71935133934021 288
1751246946264 1.7154000043869018 289
1751246975941 1.7157875537872314 290
1751247005636 1.7153866767883301 291
1751247035376 1.7091872215270996 292
1751247065066 1.7083398818969726 293
1751247094750 1.7117351055145265 294
1751247124524 1.7100955247879028 295
1751247154269 1.712256908416748 296
1751247184005 1.7089418411254882 297
1751247213668 1.7051307678222656 298
1751247243389 1.705529260635376 299
1751247273047 1.7045178413391113 300
1751247302735 1.706762957572937 301
1751247332360 1.7067444324493408 302
1751247362032 1.7097451448440553 303
1751247391899 1.7072763442993164 304
1751247421704 1.7084405422210693 305
1751247451425 1.7073904752731324 306
1751247481184 1.704295778274536 307
1751247510888 1.6981520652770996 308
1751247540653 1.6998464822769166 309
1751247570331 1.6970320701599122 310
1751247599956 1.695666742324829 311
1751247629650 1.6945182085037231 312
1751247659376 1.6941083908081054 313
1751247689176 1.6948228120803832 314
1751247718766 1.694596266746521 315
1751247748469 1.691371989250183 316
1751247778151 1.6933099031448364 317
1751247807911 1.6928533077239991 318
1751247837619 1.6926005840301515 319
1751250784464 1.8989756107330322 320
1751250814188 1.8335633039474488 321
1751250844057 1.7868090391159057 322
1751250873819 1.7691966533660888 323
1751250903525 1.7464317321777343 324
1751250933193 1.740343976020813 325
1751250962964 1.7318858623504638 326
1751250992599 1.7277634143829346 327
1751251022309 1.7227426528930665 328
1751251052006 1.7176019906997682 329
1751251081715 1.7178812265396117 330
1751251111439 1.7119009971618653 331
1751251141134 1.7106810331344604 332
1751251170871 1.7086421728134156 333
1751251200664 1.708672857284546 334
1751251230403 1.706708264350891 335
1751251260144 1.7068809509277343 336
1751251289851 1.7075970888137817 337
1751251319497 1.7078306198120117 338
1751251349240 1.703405785560608 339
1751251378885 1.7058597564697267 340
1751251408578 1.7053712844848632 341
1751251438235 1.7021045446395875 342
1751251468072 1.7066435813903809 343
1751251497843 1.7055402517318725 344
1751251527460 1.7006878852844238 345
1751251557146 1.698330783843994 346
1751251586806 1.6996722936630249 347
1751251616537 1.7007774114608765 348
1751251646244 1.700045895576477 349
1751251675920 1.6967359781265259 350
1751251705569 1.6942123651504517 351
1751251735199 1.6947720289230346 352
1751251764956 1.6951261281967163 353
1751251794769 1.6987332820892334 354
1751251824486 1.6976820945739746 355
1751251854126 1.6954742193222045 356
1751251883861 1.6925348043441772 357
1751251913597 1.6935690641403198 358
1751251943364 1.6905778169631958 359
1751254861922 1.9290159940719604 360
1751254891713 1.8298325777053832 361
1751254921339 1.78606276512146 362
1751254951189 1.758450722694397 363
1751254980912 1.7451208114624024 364
1751255010600 1.73947172164917 365
1751255040378 1.7285740375518799 366
1751255070175 1.7265862941741943 367
1751255099841 1.723807454109192 368
1751255129563 1.7206387758255004 369
1751255159206 1.715567421913147 370
1751255188944 1.7151836156845093 371
1751255218769 1.7136502981185913 372
1751255248565 1.7103917598724365 373
1751255278308 1.7080669164657594 374
1751255308030 1.707755732536316 375
1751255337784 1.7077290296554566 376
1751255367462 1.7095549821853637 377
1751255397192 1.7074820041656493 378
1751255426937 1.7062402963638306 379
1751255456707 1.705515193939209 380
1751255486410 1.7061349630355835 381
1751255516197 1.7065129041671754 382
1751255545843 1.703535532951355 383
1751255575602 1.7077738761901855 384
1751255605249 1.7029442071914673 385
1751255635095 1.7012195587158203 386
1751255664866 1.7011945486068725 387
1751255694516 1.698126244544983 388
1751255724184 1.7020092248916625 389
1751255753905 1.70068519115448 390
1751255783720 1.6962973117828368 391
1751255813358 1.695319652557373 392
1751255843104 1.6974756956100463 393
1751255873090 1.6952393770217895 394
1751255902756 1.6944767236709595 395
1751255932426 1.700618600845337 396
1751255962205 1.6954896450042725 397
1751255991839 1.6919188261032105 398
1751256021612 1.6956811904907227 399
1751258950664 1.9323816299438477 400
1751258980499 1.8265878200531005 401
1751259010459 1.7886077165603638 402
1751259040259 1.7615808248519897 403
1751259070013 1.7457895278930664 404
1751259099835 1.7370030879974365 405
1751259129700 1.7316896438598632 406
1751259159500 1.7243447065353394 407
1751259189382 1.721315336227417 408
1751259219242 1.7147746801376342 409
1751259248998 1.7134668827056885 410
1751259278840 1.7159601688385009 411
1751259308631 1.70912823677063 412
1751259338644 1.7089878559112548 413
1751259368611 1.7074926376342774 414
1751259398454 1.7059611558914185 415
1751259428311 1.7052651405334474 416
1751259458163 1.7070654392242433 417
1751259488015 1.7064009666442872 418
1751259517866 1.709312343597412 419
1751259547726 1.706086230278015 420
1751259577488 1.7033688068389892 421
1751259607404 1.7003897905349732 422
1751259637293 1.6990687847137451 423
1751259667142 1.6973084926605224 424
1751259696994 1.6964743375778197 425
1751259726805 1.6960514068603516 426
1751259756581 1.6961213111877442 427
1751259786313 1.6944684267044068 428
1751259816169 1.6906285285949707 429
1751259846033 1.6938307285308838 430
1751259875754 1.6940804481506349 431
1751259905531 1.6938413858413697 432
1751259935346 1.6905692577362061 433
1751259965220 1.6939419746398925 434
1751259995009 1.6935665130615234 435
1751260024782 1.6873116493225098 436
1751260054638 1.6858678102493285 437
1751260084415 1.6845484018325805 438
1751260114289 1.6833729982376098 439
1751262997346 1.887234354019165 440
1751263027245 1.804176664352417 441
1751263057017 1.7679438591003418 442
1751263086909 1.7458539724349975 443
1751263116799 1.7417261600494385 444
1751263146742 1.7275888681411744 445
1751263176518 1.7241457223892211 446
1751263206499 1.7177790403366089 447
1751263236451 1.7098527669906616 448
1751263266323 1.712963342666626 449
1751263296239 1.7062799453735351 450
1751263326158 1.7069178581237794 451
1751263356035 1.702163815498352 452
1751263385905 1.7045527696609497 453
1751263415770 1.7046245098114015 454
1751263445620 1.6995909214019775 455
1751263475538 1.7048407793045044 456
1751263505362 1.70269935131073 457
1751263535209 1.7020789623260497 458
1751263565103 1.7011728763580323 459
1751263595067 1.7035650491714478 460
1751263625018 1.7020328521728516 461
1751263654882 1.6971333265304565 462
1751263684829 1.6927127838134766 463
1751263714628 1.6884739637374877 464
1751263744457 1.6898752689361571 465
1751263774227 1.6861162185668945 466
1751263804110 1.6882190942764281 467
1751263833935 1.6851041078567506 468
1751263863763 1.687621808052063 469
1751263893761 1.6858193635940553 470
1751263923528 1.6854950428009032 471
1751263953334 1.6869104146957397 472
1751263983235 1.6851001977920532 473
1751264013151 1.6851857662200929 474
1751264043016 1.683065366744995 475
1751264072861 1.6856160163879395 476
1751264102771 1.6830154180526733 477
1751264132603 1.6793791770935058 478
1751264162477 1.6804529190063477 479
1751267162172 1.9612003087997436 480
1751267192014 1.840324378013611 481
1751267221898 1.7905498504638673 482
1751267251766 1.7655484676361084 483
1751267281658 1.7465487957000732 484
1751267311572 1.735753583908081 485
1751267341338 1.7279232501983643 486
1751267371228 1.723143172264099 487
1751267401191 1.7173149108886718 488
1751267431100 1.718683910369873 489
1751267460981 1.714178204536438 490
1751267490876 1.7133167505264282 491
1751267520766 1.709045147895813 492
1751267550559 1.7045127153396606 493
1751267580363 1.705151343345642 494
1751267610207 1.7025605201721192 495
1751267640011 1.7020524978637694 496
1751267669828 1.6986175537109376 497
1751267699659 1.7038418769836425 498
1751267729537 1.7011964321136475 499
1751267759285 1.6982926368713378 500
1751267789205 1.6974958181381226 501
1751267819018 1.6979857444763184 502
1751267848863 1.6999048233032226 503
1751267878734 1.699041485786438 504
1751267908634 1.7024763584136964 505
1751267938593 1.7006003141403199 506
1751267968537 1.6901679277420043 507
1751267998384 1.6951621294021606 508
1751268028125 1.6997438192367553 509
1751268058074 1.692969799041748 510
1751268087986 1.6974539756774902 511
1751268117979 1.6905922412872314 512
1751268147852 1.6884270191192627 513
1751268177776 1.688084316253662 514
1751268207659 1.688209843635559 515
1751268237470 1.6883786916732788 516
1751268267348 1.6880655527114867 517
1751268297163 1.6847755670547486 518
1751268327027 1.6897336483001708 519
1751271331095 1.9825979471206665 520
1751271361046 1.8627623081207276 521
1751271390926 1.8021589279174806 522
1751271420865 1.7681485652923583 523
1751271450630 1.7517122268676757 524
1751271480403 1.7400542736053466 525
1751271510275 1.730591630935669 526
1751271540247 1.7259531974792481 527
1751271570183 1.7175150156021117 528
1751271600009 1.7165927648544312 529
1751271629853 1.709323263168335 530
1751271659749 1.7093029022216797 531
1751271689730 1.7101455688476563 532
1751271719721 1.7070797204971313 533
1751271749572 1.7032621145248412 534
1751271779390 1.7064969062805175 535
1751271809358 1.7071053504943847 536
1751271839228 1.7062018871307374 537
1751271869016 1.7004913330078124 538
1751271898887 1.7013015508651734 539
1751271928757 1.7005080699920654 540
1751271958564 1.6971715211868286 541
1751271988451 1.6923714399337768 542
1751272018361 1.6935194969177245 543
1751272048136 1.6953523397445678 544
1751272078004 1.6948489427566529 545
1751272107926 1.6949941158294677 546
1751272137812 1.69180588722229 547
1751272167731 1.6950573682785035 548
1751272197452 1.6902350902557373 549
1751272227191 1.691624402999878 550
1751272256908 1.6926697015762329 551
1751272286754 1.6944484472274781 552
1751272316597 1.6955578327178955 553
1751272346392 1.6910006284713746 554
1751272376283 1.6915305376052856 555
1751272406273 1.6844578027725219 556
1751272436220 1.683261752128601 557
1751272466110 1.679191565513611 558
1751272495978 1.6758320569992065 559
1751275454973 1.939378833770752 560
1751275484829 1.8279252767562866 561
1751275514673 1.785691499710083 562
1751275544536 1.7571361303329467 563
1751275574519 1.7456584692001342 564
1751275604499 1.741457176208496 565
1751275634303 1.7272286653518676 566
1751275664200 1.724005365371704 567
1751275694039 1.717889404296875 568
1751275723782 1.7132774353027345 569
1751275753725 1.7111378908157349 570
1751275783634 1.7084659337997437 571
1751275813471 1.7042401552200317 572
1751275843238 1.7034785747528076 573
1751275872981 1.7046293258666991 574
1751275902804 1.7004512548446655 575
1751275932687 1.6963830471038819 576
1751275962553 1.6971055746078492 577
1751275992461 1.6957082271575927 578
1751276022302 1.6964196681976318 579
1751276052303 1.6912885427474975 580
1751276082250 1.6929025888442992 581
1751276112133 1.6927510499954224 582
1751276141989 1.6946873426437379 583
1751276171921 1.694296908378601 584
1751276201707 1.6923871278762816 585
1751276231595 1.701301383972168 586
1751276261547 1.6903990030288696 587
1751276291466 1.6879882335662841 588
1751276321172 1.6824758291244506 589
1751276351069 1.6812121152877808 590
1751276381020 1.6820726633071899 591
1751276410889 1.680448627471924 592
1751276440731 1.684344267845154 593
1751276470743 1.6838236570358276 594
1751276500615 1.6822626829147338 595
1751276530580 1.6794591903686524 596
1751276560493 1.680329442024231 597
1751276590304 1.6782626390457154 598
1751276620136 1.6811489820480348 599
1751279594466 2.013500690460205 600
1751279624251 1.87528715133667 601
1751279654098 1.8078235864639283 602
1751279683841 1.7744754552841187 603
1751279713580 1.75427987575531 604
1751279743382 1.7416507482528687 605
1751279773106 1.7324796915054321 606
1751279802924 1.7262269020080567 607
1751279832838 1.7149067401885987 608
1751279862746 1.7131128311157227 609
1751279892594 1.710676670074463 610
1751279922438 1.706443977355957 611
1751279952213 1.7031733751296998 612
1751279982099 1.7033904790878296 613
1751280012021 1.7006990909576416 614
1751280041977 1.702769947052002 615
1751280071867 1.6958276987075807 616
1751280101676 1.6962319374084474 617
1751280131526 1.6952337741851806 618
1751280161344 1.6938725471496583 619
1751280191118 1.6935418844223022 620
1751280220990 1.6911231517791747 621
1751280250838 1.6887977123260498 622
1751280280769 1.696292781829834 623
1751280310654 1.6924465656280518 624
1751280340548 1.6907625913619995 625
1751280370444 1.6909076929092408 626
1751280400350 1.6853997468948365 627
1751280430238 1.693422508239746 628
1751280460049 1.6906612873077393 629
1751280489926 1.6896506547927856 630
1751280519771 1.6885470628738404 631
1751280549626 1.6933507204055787 632
1751280579586 1.694331908226013 633
1751280609503 1.6876368522644043 634
1751280639275 1.6821035861968994 635
1751280669142 1.6798259019851685 636
1751280699064 1.677797794342041 637
1751280728902 1.6764390468597412 638
1751280758789 1.6760776042938232 639
1751283670782 1.9621881246566772 640
1751283700644 1.8521065950393676 641
1751283730558 1.8111631870269775 642
1751283760366 1.7727052450180054 643
1751283790208 1.7516491413116455 644
1751283820133 1.7419135332107545 645
1751283849961 1.7319852828979492 646
1751283879765 1.7221237897872925 647
1751283909536 1.7170870304107666 648
1751283939401 1.7107371091842651 649
1751283969356 1.7056735754013062 650
1751283999090 1.707197403907776 651
1751284029002 1.7033506631851196 652
1751284058819 1.7059376001358033 653
1751284088665 1.7068471431732177 654
1751284118561 1.7062964677810668 655
1751284148379 1.697713303565979 656
1751284178215 1.6926992893218995 657
1751284207928 1.6911179304122925 658
1751284237756 1.6903878688812255 659
1751284267551 1.694301462173462 660
1751284297367 1.6922129392623901 661
1751284327269 1.6890360593795777 662
1751284357114 1.690510368347168 663
1751284386933 1.6906725645065308 664
1751284416852 1.6877215385437012 665
1751284446683 1.6896104097366333 666
1751284476513 1.6878519535064698 667
1751284506412 1.6845677137374877 668
1751284536194 1.6890935182571412 669
1751284566078 1.6873738050460816 670
1751284595927 1.6861904382705688 671
1751284625767 1.6902986764907837 672
1751284655642 1.6869858264923097 673
1751284685522 1.6871900320053101 674
1751284715417 1.6802582740783691 675
1751284745320 1.6747454166412354 676
1751284775206 1.6720937252044679 677
1751284805078 1.6747580289840698 678
1751284834965 1.6704724788665772 679
1751287778245 1.9823135614395142 680
1751287808054 1.8452522993087768 681
1751287838032 1.796095108985901 682
1751287867980 1.7684792280197144 683
1751287897771 1.7456431150436402 684
1751287927577 1.7398336410522461 685
1751287957410 1.7305704832077027 686
1751287987227 1.7249939918518067 687
1751288017174 1.7171512603759767 688
1751288047048 1.7123857021331788 689
1751288076982 1.7060874700546265 690
1751288106877 1.7087676763534545 691
1751288136803 1.6995331525802613 692
1751288166753 1.7006800413131713 693
1751288196646 1.6976734161376954 694
1751288226536 1.7057463884353639 695
1751288256515 1.6998191833496095 696
1751288286503 1.6953441858291627 697
1751288316305 1.6942365646362305 698
1751288346177 1.6981680631637572 699
1751288375900 1.6964783430099488 700
1751288405740 1.6914045333862304 701
1751288435480 1.6881503820419312 702
1751288465266 1.6882256269454956 703
1751288495089 1.6893383026123048 704
1751288524992 1.6912193536758422 705
1751288554749 1.6890843868255616 706
1751288584576 1.6901740550994873 707
1751288614398 1.6871760845184327 708
1751288644217 1.6872574806213378 709
1751288673999 1.6861843585968017 710
1751288703838 1.6874501943588256 711
1751288733712 1.6843077898025514 712
1751288763485 1.686733102798462 713
1751288793376 1.6815006732940674 714
1751288823286 1.679235053062439 715
1751288853207 1.6820183277130127 716
1751288883091 1.682314968109131 717
1751288913061 1.6865736722946167 718
1751288943037 1.6801942110061645 719
1751291871085 1.9752245664596557 720
1751291900946 1.860213279724121 721
1751291930889 1.800699281692505 722
1751291960677 1.772140908241272 723
1751291990441 1.7510066509246827 724
1751292020254 1.737451958656311 725
1751292050077 1.7248773574829102 726
1751292079972 1.7184416055679321 727
1751292109895 1.7119695663452148 728
1751292139785 1.7132299423217774 729
1751292169622 1.7092520952224732 730
1751292199492 1.7019683837890625 731
1751292229353 1.7000770092010498 732
1751292259141 1.6981626272201538 733
1751292289014 1.6964890956878662 734
1751292318890 1.6964133501052856 735
1751292348665 1.6917064666748047 736
1751292378521 1.6987859010696411 737
1751292408279 1.6932770013809204 738
1751292437966 1.6949766874313354 739
1751292467766 1.6936333894729614 740
1751292497716 1.6927552461624145 741
1751292527677 1.6938572645187377 742
1751292557538 1.6858773708343506 743
1751292587536 1.6823246717453002 744
1751292617406 1.6769734382629395 745
1751292647260 1.6812485694885253 746
1751292677044 1.6786728143692016 747
1751292706871 1.6766886472702027 748
1751292736687 1.6761426687240601 749
1751292766608 1.67467143535614 750
1751292796425 1.6741040229797364 751
1751292826327 1.6743300676345825 752
1751292856210 1.6740598678588867 753
1751292886000 1.6735373973846435 754
1751292915906 1.6763520956039428 755
1751292945649 1.6736037015914917 756
1751292975452 1.6759412288665771 757
1751293005227 1.676155924797058 758
1751293035053 1.6731226205825807 759
1751296053749 2.027767872810364 760
1751296083670 1.8692708492279053 761
1751296113480 1.8100679159164428 762
1751296143393 1.773805022239685 763
1751296173382 1.7512361049652099 764
1751296203283 1.7430329322814941 765
1751296233129 1.731320333480835 766
1751296262922 1.7228637218475342 767
1751296292727 1.7198487520217896 768
1751296322596 1.7163636445999146 769
1751296352396 1.713396430015564 770
1751296382299 1.7088030576705933 771
1751296412183 1.704815649986267 772
1751296442050 1.7021140575408935 773
1751296471773 1.6983363389968873 774
1751296501770 1.6995411396026612 775
1751296531584 1.6986626625061034 776
1751296561528 1.6928038597106934 777
1751296591386 1.6914536476135253 778
1751296621363 1.6917048215866088 779
1751296651221 1.6903751373291016 780
1751296681024 1.686780285835266 781
1751296710799 1.6893031120300293 782
1751296740550 1.691796636581421 783
1751296770444 1.6917320251464845 784
1751296800291 1.6885804653167724 785
1751296830071 1.6863278865814209 786
1751296859823 1.6833189487457276 787
1751296889662 1.6817467212677002 788
1751296919548 1.6849077463150024 789
1751296949379 1.6848913908004761 790
1751296979274 1.6851399660110473 791
1751297009073 1.6787611961364746 792
1751297038900 1.679865837097168 793
1751297068645 1.6810544729232788 794
1751297098483 1.683914017677307 795
1751297128347 1.6788944005966187 796
1751297158218 1.6837681770324706 797
1751297188027 1.6786653518676757 798
1751297217883 1.6759278535842896 799
1751300185871 2.0390470743179323 800
1751300215714 1.891430377960205 801
1751300245522 1.8218493223190309 802
1751300275425 1.780561137199402 803
1751300305261 1.7609096050262452 804
1751300335151 1.741694712638855 805
1751300364892 1.7337825775146485 806
1751300394801 1.7253780364990234 807
1751300424694 1.7131233930587768 808
1751300454541 1.7114592790603638 809
1751300484426 1.7063611507415772 810
1751300514278 1.7082752943038941 811
1751300544113 1.70114426612854 812
1751300574070 1.7000871419906616 813
1751300604008 1.699824595451355 814
1751300633916 1.6976139545440674 815
1751300663759 1.6932831525802612 816
1751300693591 1.6918964862823487 817
1751300723466 1.698702335357666 818
1751300753379 1.695636010169983 819
1751300783292 1.692085289955139 820
1751300813198 1.6888523340225219 821
1751300842990 1.6912555932998656 822
1751300872856 1.6865446329116822 823
1751300902727 1.6842617034912108 824
1751300932592 1.686947226524353 825
1751300962338 1.6844144344329834 826
1751300992084 1.6812062978744506 827
1751301022023 1.683200216293335 828
1751301051845 1.6835558891296387 829
1751301081758 1.6816463947296143 830
1751301111617 1.6807114601135253 831
1751301141552 1.6773993015289306 832
1751301171461 1.6793420314788818 833
1751301201361 1.679397463798523 834
1751301231174 1.6766556024551391 835
1751301261030 1.6809130430221557 836
1751301290822 1.677921509742737 837
1751301320680 1.6785020589828492 838
1751301350424 1.6810763835906983 839
1751304309194 2.0113121271133423 840
1751304339031 1.8750659227371216 841
1751304368875 1.8019614458084106 842
1751304398740 1.7711798191070556 843
1751304428666 1.7487210750579834 844
1751304458539 1.7343521118164062 845
1751304488342 1.7257150888442994 846
1751304518245 1.7174540519714356 847
1751304548069 1.7121958255767822 848
1751304578003 1.7061853408813477 849
1751304607804 1.7064473628997803 850
1751304637761 1.7063249111175538 851
1751304667531 1.695719838142395 852
1751304697366 1.698543667793274 853
1751304727071 1.6956337451934815 854
1751304756872 1.6958340406417847 855
1751304786739 1.6940371513366699 856
1751304816595 1.6921995639801026 857
1751304846450 1.6911555290222169 858
1751304876397 1.6944345712661744 859
1751304906196 1.6901561975479127 860
1751304936140 1.6880639791488647 861
1751304965986 1.6891513824462892 862
1751304995878 1.6893941164016724 863
1751305025627 1.6999016523361206 864
1751305055382 1.6913429260253907 865
1751305085216 1.6879323720932007 866
1751305115170 1.6833236455917358 867
1751305144993 1.682513213157654 868
1751305174834 1.68155677318573 869
1751305204688 1.6813251495361328 870
1751305234576 1.6750978708267212 871
1751305264392 1.6795900821685792 872
1751305294228 1.6784812927246093 873
1751305323954 1.6784088611602783 874
1751305353909 1.6804811716079713 875
1751305383750 1.6829061031341552 876
1751305413603 1.6798784971237182 877
1751305443539 1.6739574909210204 878
1751305473413 1.6718859434127809 879
1751308447289 2.0294384956359863 880
1751308477212 1.8848671913146973 881
1751308507019 1.8133767127990723 882
1751308536942 1.7739372253417969 883
1751308566787 1.7562253952026368 884
1751308596589 1.74010226726532 885
1751308626434 1.7308565855026246 886
1751308656231 1.723520827293396 887
1751308686162 1.7192022323608398 888
1751308716155 1.7162070989608764 889
1751308745880 1.7099193572998046 890
1751308775632 1.7041301488876344 891
1751308805380 1.7028799295425414 892
1751308835158 1.696735405921936 893
1751308864925 1.697351622581482 894
1751308894783 1.6919818639755249 895
1751308924737 1.6935251951217651 896
1751308954632 1.6924895763397216 897
1751308984490 1.6877695560455321 898
1751309014381 1.6899598360061645 899
1751309044239 1.6822345018386842 900
1751309074070 1.6893561124801635 901
1751309103920 1.6870208263397217 902
1751309133876 1.6941725730895996 903
1751309163649 1.6911902189254762 904
1751309193512 1.6912192106246948 905
1751309223350 1.691799259185791 906
1751309253142 1.6819415092468262 907
1751309282941 1.6765770673751832 908
1751309312665 1.6789745807647705 909
1751309342538 1.678088116645813 910
1751309372481 1.6786908149719237 911
1751309402320 1.6729372978210448 912
1751309432170 1.672784447669983 913
1751309461987 1.672568130493164 914
1751309491827 1.6732200860977173 915
1751309521747 1.6731323957443238 916
1751309551509 1.6733098030090332 917
1751309581298 1.6699509620666504 918
1751309611309 1.6680195331573486 919
1751312538686 2.0073121547698975 920
1751312568622 1.8738139152526856 921
1751312598442 1.810883092880249 922
1751312628290 1.771620273590088 923
1751312658123 1.7492012977600098 924
1751312687988 1.7405207872390747 925
1751312717807 1.72773597240448 926
1751312747670 1.7233344078063966 927
1751312777570 1.7126850128173827 928
1751312807502 1.7074776649475099 929
1751312837346 1.7025383949279784 930
1751312867239 1.7018776416778565 931
1751312897080 1.696547794342041 932
1751312927015 1.6942970275878906 933
1751312956834 1.69100022315979 934
1751312986713 1.6908514022827148 935
1751313016590 1.6882416486740113 936
1751313046605 1.6893958806991578 937
1751313076547 1.690410852432251 938
1751313106435 1.6895493030548097 939
1751313136256 1.688013458251953 940
1751313166054 1.692447543144226 941
1751313195986 1.686181616783142 942
1751313225996 1.6839121580123901 943
1751313255830 1.6851550102233888 944
1751313285631 1.6811822414398194 945
1751313315454 1.676091980934143 946
1751313345365 1.6789726972579957 947
1751313375306 1.6793672800064088 948
1751313405139 1.677165699005127 949
1751313434920 1.6733701467514037 950
1751313464702 1.6766624212265016 951
1751313494418 1.6770918130874635 952
1751313524290 1.6747264623641969 953
1751313554199 1.6809386968612672 954
1751313584113 1.677205777168274 955
1751313613918 1.6762052774429321 956
1751313643829 1.6696365356445313 957
1751313673780 1.669051170349121 958
1751313703776 1.6642371654510497 959
1751316676151 2.03456563949585 960
1751316706076 1.8813228368759156 961
1751316735762 1.8149725198745728 962
1751316765570 1.770653247833252 963
1751316795352 1.7557811737060547 964
1751316825229 1.7351833820343017 965
1751316855069 1.7308205604553222 966
1751316884891 1.7192057371139526 967
1751316914568 1.7153757572174073 968
1751316944415 1.7081975936889648 969
1751316974216 1.7062426567077638 970
1751317004043 1.7036736965179444 971
1751317033950 1.7014021158218384 972
1751317063794 1.699000883102417 973
1751317093724 1.6927738428115844 974
1751317123426 1.6933560609817504 975
1751317153326 1.6928308248519897 976
1751317183271 1.6894662380218506 977
1751317213272 1.6870334148406982 978
1751317243107 1.6846895217895508 979
1751317272965 1.68667893409729 980
1751317302795 1.6863817691802978 981
1751317332584 1.68843514919281 982
1751317362454 1.6856034755706788 983
1751317392315 1.684420919418335 984
1751317422130 1.6866268873214723 985
1751317451934 1.6752942323684692 986
1751317481864 1.6794935941696167 987
1751317511819 1.6814565658569336 988
1751317541702 1.676640558242798 989
1751317571587 1.6829489469528198 990
1751317601415 1.683775782585144 991
1751317631232 1.6802090644836425 992
1751317661014 1.6759907484054566 993
1751317690821 1.6711189985275268 994
1751317720756 1.670571541786194 995
1751317750665 1.667219090461731 996
1751317780554 1.6677831888198853 997
1751317810364 1.6665786981582642 998
1751317840383 1.6664630889892578 999
1751320798157 2.001105809211731 1000
1751320828007 1.8690332412719726 1001
1751320857888 1.8077232837677002 1002
1751320887694 1.7689132690429688 1003
1751320917618 1.746969747543335 1004
1751320947479 1.732612133026123 1005
1751320977286 1.7254533529281617 1006
1751321007192 1.713772463798523 1007
1751321036964 1.7089540719985963 1008
1751321066948 1.7084476709365846 1009
1751321096783 1.7024461269378661 1010
1751321126618 1.6997960090637207 1011
1751321156413 1.7016440391540528 1012
1751321186309 1.702956223487854 1013
1751321216062 1.6989583015441894 1014
1751321245887 1.694056224822998 1015
1751321275709 1.6941349983215332 1016
1751321305569 1.6883557558059692 1017
1751321335434 1.685561513900757 1018
1751321365262 1.6815844535827638 1019
1751321395078 1.6813122749328613 1020
1751321425007 1.6808720111846924 1021
1751321454777 1.6783483982086183 1022
1751321484626 1.6806316614151 1023
1751321514453 1.6797574758529663 1024
1751321544379 1.6803804636001587 1025
1751321574225 1.6817965269088746 1026
1751321604046 1.679512882232666 1027
1751321633988 1.6809669017791748 1028
1751321663764 1.676305627822876 1029
1751321693611 1.670833945274353 1030
1751321723528 1.667022705078125 1031
1751321753357 1.6728060960769653 1032
1751321783252 1.6722220420837401 1033
1751321813236 1.6685261964797973 1034
1751321843111 1.6683380603790283 1035
1751321872916 1.6690562963485718 1036
1751321902801 1.666399073600769 1037
1751321932640 1.6668646335601807 1038
1751321962520 1.6606632471084595 1039
1751324954318 2.0533461570739746 1040
1751324984139 1.9054456949234009 1041
1751325013975 1.825670313835144 1042
1751325043744 1.7751676082611083 1043
1751325073606 1.7583897829055786 1044
1751325103424 1.7428828716278075 1045
1751325133330 1.7347457885742188 1046
1751325163176 1.7225921392440795 1047
1751325193068 1.7119455814361573 1048
1751325222912 1.7025919437408448 1049
1751325252780 1.7021581172943114 1050
1751325282624 1.7031814575195312 1051
1751325312460 1.7008095264434815 1052
1751325342404 1.6949285507202148 1053
1751325372294 1.6914817094802856 1054
1751325402101 1.6894570112228393 1055
1751325432010 1.6908430337905884 1056
1751325461788 1.6864840269088746 1057
1751325491600 1.68652286529541 1058
1751325521519 1.683232307434082 1059
1751325551255 1.6815211772918701 1060
1751325581044 1.680614995956421 1061
1751325610971 1.6821668863296508 1062
1751325640865 1.6807590961456298 1063
1751325670729 1.678030252456665 1064
1751325700601 1.6772454500198364 1065
1751325730441 1.678477931022644 1066
1751325760245 1.6823049545288087 1067
1751325790095 1.6774208784103393 1068
1751325819893 1.6808204412460328 1069
1751325849757 1.675881028175354 1070
1751325879572 1.6749493598937988 1071
1751325909589 1.6747165203094483 1072
1751325939439 1.6804102897644042 1073
1751325969409 1.6750869512557984 1074
1751325999286 1.6802900314331055 1075
1751326029121 1.6738131761550903 1076
1751326058997 1.6690427780151367 1077
1751326088833 1.6694472551345825 1078
1751326118804 1.6672389507293701 1079
1751329055077 2.0821482658386232 1080
1751329084847 1.917136263847351 1081
1751329115021 1.8147380352020264 1082
1751329145365 1.7775394201278687 1083
1751329175265 1.7593286037445068 1084
1751329205014 1.7412990570068358 1085
1751329235192 1.7298779010772705 1086
1751329265039 1.7206263303756715 1087
1751329294925 1.711085891723633 1088
1751329324697 1.702991533279419 1089
1751329354586 1.6997620344161988 1090
1751329384429 1.6963701486587524 1091
1751329414301 1.6947301387786866 1092
1751329444136 1.6942299842834472 1093
1751329474007 1.6919688701629638 1094
1751329503915 1.6988258361816406 1095
1751329533742 1.6932873964309691 1096
1751329563631 1.6928617000579833 1097
1751329593384 1.6921195983886719 1098
1751329623243 1.6892768383026122 1099
1751329653099 1.6870359420776366 1100
1751329683400 1.677617573738098 1101
1751329713241 1.6774734497070312 1102
1751329743533 1.6764568090438843 1103
1751329773771 1.675273585319519 1104
1751329803578 1.6772242307662963 1105
1751329833792 1.6721018075942993 1106
1751329864098 1.6729136943817138 1107
1751329893987 1.6715539216995239 1108
1751329924215 1.672985577583313 1109
1751329954577 1.6760074853897096 1110
1751329984494 1.6747390985488892 1111
1751330014596 1.67278151512146 1112
1751330044508 1.6730349779129028 1113
1751330074367 1.6699335813522338 1114
1751330104358 1.6701106071472167 1115
1751330134155 1.6693902015686035 1116
1751330164407 1.6668951034545898 1117
1751330194225 1.670293641090393 1118
1751330224094 1.6682010412216186 1119
1751333264152 2.1001962661743163 1120
1751333293802 1.9432278394699096 1121
1751333323477 1.831743025779724 1122
1751333353072 1.7870623588562011 1123
1751333382642 1.7644757270812987 1124
1751333412240 1.7514605283737184 1125
1751333441795 1.7341238498687743 1126
1751333471495 1.723774790763855 1127
1751333501275 1.71434645652771 1128
1751333530933 1.709613060951233 1129
1751333560524 1.707894468307495 1130
1751333590103 1.701016330718994 1131
1751333619657 1.6952851057052611 1132
1751333649283 1.694156813621521 1133
1751333679353 1.6917544603347778 1134
1751333708880 1.6877203226089477 1135
1751333738973 1.6870106697082519 1136
1751333769048 1.6849830389022826 1137
1751333798602 1.6854942083358764 1138
1751333828573 1.6804946184158325 1139
1751333858660 1.6839327096939087 1140
1751333888351 1.685680055618286 1141
1751333918379 1.684188222885132 1142
1751333948404 1.6837297916412353 1143
1751333978034 1.677314567565918 1144
1751334008050 1.6758586406707763 1145
1751334037795 1.6817177772521972 1146
1751334067498 1.6843458652496337 1147
1751334097123 1.678683614730835 1148
1751334126795 1.6826975107192994 1149
1751334156492 1.6787177324295044 1150
1751334186134 1.6768471240997314 1151
1751334215695 1.6705806255340576 1152
1751334245329 1.6679421186447143 1153
1751334274935 1.6647457838058473 1154
1751334304572 1.665182876586914 1155
1751334334249 1.6655476093292236 1156
1751334363840 1.6606369256973266 1157
1751334393526 1.6619454622268677 1158
1751334423200 1.6609287023544312 1159
1751337378723 2.0866214752197267 1160
1751337408780 1.926094913482666 1161
1751337438646 1.8246386528015137 1162
1751337468625 1.783882451057434 1163
1751337498725 1.7617939949035644 1164
1751337528641 1.7452571392059326 1165
1751337558562 1.7334505319595337 1166
1751337588474 1.721094298362732 1167
1751337618538 1.7164697885513305 1168
1751337648583 1.7056860685348512 1169
1751337678529 1.6994863986968993 1170
1751337708503 1.6946201562881469 1171
1751337738440 1.6914928197860717 1172
1751337768492 1.6932070016860963 1173
1751337798555 1.6934491395950317 1174
1751337828629 1.6917290687561035 1175
1751337858619 1.6834570646286011 1176
1751337888625 1.6828373908996581 1177
1751337918631 1.6841704607009889 1178
1751337948672 1.6859533786773682 1179
1751337978733 1.6816614151000977 1180
1751338008762 1.6822834014892578 1181
1751338038794 1.6807967662811278 1182
1751338068902 1.6785756349563599 1183
1751338098860 1.6802567005157472 1184
1751338129001 1.6819398880004883 1185
1751338158984 1.6773735761642456 1186
1751338188956 1.6787332773208619 1187
1751338218875 1.6781186580657959 1188
1751338248886 1.674904751777649 1189
1751338278908 1.6738729238510133 1190
1751338308835 1.6747247695922851 1191
1751338338845 1.6747278928756715 1192
1751338368790 1.668845295906067 1193
1751338398763 1.6649232864379884 1194
1751338428759 1.6641019344329835 1195
1751338458793 1.668323040008545 1196
1751338488927 1.6682308673858643 1197
1751338519017 1.6730248212814331 1198
1751338549003 1.6731523036956788 1199
1751341609412 2.134463977813721 1200
1751341639369 1.9340962171554565 1201
1751341669279 1.8299481868743896 1202
1751341699361 1.7821945667266845 1203
1751341729370 1.759846568107605 1204
1751341759261 1.7473050832748414 1205
1751341789194 1.7346720218658447 1206
1751341819171 1.7215498447418214 1207
1751341849020 1.7201755046844482 1208
1751341879121 1.7087623834609986 1209
1751341909086 1.704854154586792 1210
1751341939021 1.6995027780532836 1211
1751341969076 1.69597430229187 1212
1751341999105 1.6930699825286866 1213
1751342029135 1.6896106958389283 1214
1751342059117 1.6938400983810424 1215
1751342089134 1.6903942108154297 1216
1751342119062 1.687410020828247 1217
1751342149177 1.6824035882949828 1218
1751342179154 1.6880554914474488 1219
1751342209116 1.681597900390625 1220
1751342239151 1.690317702293396 1221
1751342269203 1.6780712842941283 1222
1751342299117 1.6795177698135375 1223
1751342329077 1.6764947414398192 1224
1751342359137 1.6758414506912231 1225
1751342389078 1.6723484754562379 1226
1751342418968 1.6717206954956054 1227
1751342448899 1.6719899892807006 1228
1751342478764 1.6753333806991577 1229
1751342508759 1.671841311454773 1230
1751342538731 1.6767048358917236 1231
1751342568746 1.6717718362808227 1232
1751342598888 1.6722277641296386 1233
1751342628835 1.6626890182495118 1234
1751342658669 1.6626003742218018 1235
1751342688625 1.6605435132980346 1236
1751342718572 1.6589712619781494 1237
1751342748493 1.6607299327850342 1238
1751342778520 1.6591870546340943 1239
1751345755577 2.0803980827331543 1240
1751345785523 1.888804268836975 1241
1751345815489 1.8093389034271241 1242
1751345845520 1.766505742073059 1243
1751345875514 1.747909927368164 1244
1751345905501 1.7312118768692017 1245
1751345935522 1.7302362442016601 1246
1751345965414 1.7213433504104614 1247
1751345995428 1.7101521730422973 1248
1751346025344 1.7061726570129394 1249
1751346055325 1.699525570869446 1250
1751346085308 1.6942537307739258 1251
1751346115359 1.696328616142273 1252
1751346145347 1.6897716045379638 1253
1751346175356 1.6872473239898682 1254
1751346205463 1.687849998474121 1255
1751346235514 1.6850774765014649 1256
1751346265535 1.6820108413696289 1257
1751346295447 1.6808206558227539 1258
1751346325437 1.6748327493667603 1259
1751346355346 1.6780664205551148 1260
1751346385297 1.672452735900879 1261
1751346415283 1.6775436401367188 1262
1751346445288 1.6804733276367188 1263
1751346475343 1.6806955575942992 1264
1751346505416 1.6750568866729736 1265
1751346535423 1.6757226943969727 1266
1751346565466 1.669046664237976 1267
1751346595468 1.6684322834014893 1268
1751346625397 1.6647196531295776 1269
1751346655309 1.664496159553528 1270
1751346685374 1.6659942150115967 1271
1751346715403 1.6642500638961792 1272
1751346745336 1.6632918834686279 1273
1751346775243 1.662394404411316 1274
1751346805175 1.6622715711593627 1275
1751346835118 1.6612894535064697 1276
1751346865080 1.6710132598876952 1277
1751346895038 1.6662828207015992 1278
1751346925039 1.667702078819275 1279
1751349914985 2.191895532608032 1280
1751349944971 1.9766128778457641 1281
1751349975058 1.855914545059204 1282
1751350005012 1.798801565170288 1283
1751350034887 1.7760936498641968 1284
1751350064878 1.7558127403259278 1285
1751350095038 1.7376680612564086 1286
1751350125033 1.727616548538208 1287
1751350154913 1.7188460111618042 1288
1751350184863 1.7088191270828248 1289
1751350214811 1.7021132230758667 1290
1751350244699 1.6969323396682738 1291
1751350274629 1.698130226135254 1292
1751350304494 1.6939298629760742 1293
1751350334413 1.6915417909622192 1294
1751350364366 1.6876643896102905 1295
1751350394272 1.6833154916763307 1296
1751350424317 1.6829400539398194 1297
1751350454326 1.6796977043151855 1298
1751350484198 1.676617980003357 1299
1751350514250 1.6769361734390258 1300
1751350544181 1.675835633277893 1301
1751350574174 1.6752295017242431 1302
1751350604085 1.6734172344207763 1303
1751350634043 1.6713512897491456 1304
1751350663926 1.6754367351531982 1305
1751350693827 1.6746604442596436 1306
1751350723845 1.6789342403411864 1307
1751350753842 1.6718523979187012 1308
1751350783855 1.6715252876281739 1309
1751350813803 1.6711086273193358 1310
1751350843817 1.6702106714248657 1311
1751350873929 1.6672572135925292 1312
1751350903876 1.671424388885498 1313
1751350933804 1.6680932998657227 1314
1751350963791 1.666666316986084 1315
1751350993819 1.6689790725708007 1316
1751351023798 1.6644658088684081 1317
1751351053860 1.6675321578979492 1318
1751351083790 1.6666838645935058 1319
1751354090760 2.1751190662384032 1320
1751354120636 1.9561230182647704 1321
1751354150590 1.8451442003250123 1322
1751354180555 1.7907294034957886 1323
1751354210509 1.7670660734176635 1324
1751354240496 1.7518701553344727 1325
1751354270512 1.7356412172317506 1326
1751354300449 1.7297064781188964 1327
1751354330316 1.71842041015625 1328
1751354360277 1.7130206108093262 1329
1751354390300 1.7075891733169555 1330
1751354420327 1.6996849060058594 1331
1751354450346 1.698398184776306 1332
1751354480258 1.69654324054718 1333
1751354510234 1.6922089338302613 1334
1751354540258 1.68927903175354 1335
1751354570171 1.6893231391906738 1336
1751354600246 1.6880918979644775 1337
1751354630194 1.6871330499649049 1338
1751354660264 1.682300043106079 1339
1751354690214 1.682721447944641 1340
1751354720181 1.6802922487258911 1341
1751354750105 1.6759271621704102 1342
1751354780081 1.6786345005035401 1343
1751354810184 1.6714691638946533 1344
1751354840147 1.6749676704406737 1345
1751354870178 1.6778743982315063 1346
1751354900141 1.6836841106414795 1347
1751354930129 1.6868623971939087 1348
1751354960173 1.675992774963379 1349
1751354990212 1.6794270038604737 1350
1751355020128 1.6714072465896606 1351
1751355050108 1.667583131790161 1352
1751355080157 1.6617120265960694 1353
1751355110118 1.659418797492981 1354
1751355140116 1.6587722063064576 1355
1751355170196 1.6566212177276611 1356
1751355200125 1.6570843696594237 1357
1751355230241 1.6548022031784058 1358
1751355260244 1.6548719882965088 1359
1751358265570 2.1291760921478273 1360
1751358295530 1.962878704071045 1361
1751358325502 1.8364383459091187 1362
1751358355529 1.7846328735351562 1363
1751358385581 1.759482502937317 1364
1751358415563 1.7468361377716064 1365
1751358445639 1.733498477935791 1366
1751358475659 1.7214766502380372 1367
1751358505650 1.7132065534591674 1368
1751358535571 1.7028459548950194 1369
1751358565589 1.7005077838897704 1370
1751358595648 1.6977376461029052 1371
1751358625766 1.6892285346984863 1372
1751358655662 1.6892661809921266 1373
1751358685687 1.6879611492156983 1374
1751358715610 1.6852054119110107 1375
1751358745462 1.6814036130905152 1376
1751358775287 1.6825153827667236 1377
1751358805307 1.682442045211792 1378
1751358835265 1.6770476341247558 1379
1751358865357 1.6797253608703613 1380
1751358895458 1.6807947635650635 1381
1751358925428 1.675667667388916 1382
1751358955426 1.6746530532836914 1383
1751358985455 1.6721728563308715 1384
1751359015387 1.6701990604400634 1385
1751359045373 1.6743290901184082 1386
1751359075263 1.6742724895477294 1387
1751359105285 1.669679856300354 1388
1751359135247 1.6691712379455566 1389
1751359165326 1.6670972108840942 1390
1751359195356 1.6682516813278199 1391
1751359225387 1.6656648635864257 1392
1751359255298 1.6640369176864624 1393
1751359285209 1.6638112545013428 1394
1751359315326 1.663230538368225 1395
1751359345346 1.6624684095382691 1396
1751359375429 1.6614128351211548 1397
1751359405429 1.661462092399597 1398
1751359435459 1.659104585647583 1399
1751362487613 2.1272369861602782 1400
1751362517597 1.9586729764938355 1401
1751362547663 1.845093297958374 1402
1751362577766 1.7959479808807373 1403
1751362607823 1.7658556938171386 1404
1751362637823 1.747790551185608 1405
1751362667881 1.7337350845336914 1406
1751362697832 1.7221653461456299 1407
1751362727754 1.7095635175704955 1408
1751362757897 1.7032864570617676 1409
1751362787774 1.7014491319656373 1410
1751362817833 1.698159670829773 1411
1751362847864 1.696486735343933 1412
1751362878015 1.686360812187195 1413
1751362908065 1.6856948852539062 1414
1751362938146 1.6848648548126222 1415
1751362968135 1.6801138639450073 1416
1751362998175 1.6799368381500244 1417
1751363028212 1.6777758359909059 1418
1751363058316 1.6796740293502808 1419
1751363088294 1.6755035400390625 1420
1751363118372 1.6753111839294434 1421
1751363148386 1.6733662843704225 1422
1751363178369 1.6750066757202149 1423
1751363208340 1.671906876564026 1424
1751363238395 1.6692450046539307 1425
1751363268445 1.6677867412567138 1426
1751363298461 1.6669885873794557 1427
1751363328497 1.666533613204956 1428
1751363358585 1.6717865705490111 1429
1751363388734 1.6679020404815674 1430
1751363418727 1.6663899898529053 1431
1751363448670 1.6618253469467164 1432
1751363478652 1.6632368326187135 1433
1751363508638 1.6633358716964721 1434
1751363538631 1.6643845796585084 1435
1751363568777 1.6610369682312012 1436
1751363598756 1.6623255729675293 1437
1751363628712 1.6581843614578247 1438
1751363658853 1.6566142797470094 1439
1751366621475 2.1262818336486817 1440
1751366651425 1.9633586883544922 1441
1751366681463 1.8348392009735108 1442
1751366711502 1.789044690132141 1443
1751366741546 1.7577260255813598 1444
1751366771627 1.7418943405151368 1445
1751366801628 1.7299925327301025 1446
1751366831681 1.7197188854217529 1447
1751366861788 1.70874080657959 1448
1751366891905 1.7034493684768677 1449
1751366921911 1.6978465557098388 1450
1751366951873 1.6943365812301636 1451
1751366981941 1.6899540185928346 1452
1751367011912 1.689960741996765 1453
1751367041987 1.6879571199417114 1454
1751367072034 1.690925407409668 1455
1751367102065 1.6847596883773803 1456
1751367132127 1.6813380002975464 1457
1751367162243 1.6813183546066284 1458
1751367192221 1.6730668544769287 1459
1751367222221 1.6679733514785766 1460
1751367252250 1.6678616523742675 1461
1751367282263 1.6703158855438232 1462
1751367312347 1.6677379608154297 1463
1751367342355 1.669244909286499 1464
1751367372477 1.6696588277816773 1465
1751367402466 1.6742213487625122 1466
1751367432483 1.6654462099075318 1467
1751367462497 1.669678521156311 1468
1751367492454 1.6708011627197266 1469
1751367522435 1.6704074382781982 1470
1751367552423 1.6699960947036743 1471
1751367582490 1.6656000375747682 1472
1751367612461 1.6624082565307616 1473
1751367642494 1.657690453529358 1474
1751367672526 1.657565426826477 1475
1751367702437 1.6599038124084473 1476
1751367732519 1.6624006032943726 1477
1751367762510 1.66083881855011 1478
1751367792577 1.6568459033966065 1479
1751370739541 2.1519535541534425 1480
1751370769585 1.986285400390625 1481
1751370799553 1.8522143125534059 1482
1751370829505 1.794152283668518 1483
1751370859495 1.7666878700256348 1484
1751370889529 1.752536988258362 1485
1751370919599 1.7376253128051757 1486
1751370949565 1.7266157865524292 1487
1751370979560 1.7141764402389525 1488
1751371009592 1.7052216529846191 1489
1751371039721 1.6987499237060546 1490
1751371069696 1.696134328842163 1491
1751371099668 1.687890315055847 1492
1751371129660 1.687955117225647 1493
1751371159688 1.6863422870635987 1494
1751371189683 1.6844221353530884 1495
1751371219787 1.6769265413284302 1496
1751371249854 1.6802214860916138 1497
1751371279867 1.675709867477417 1498
1751371309931 1.6747797012329102 1499
1751371339957 1.6731366157531737 1500
1751371369791 1.6701711416244507 1501
1751371399800 1.6716853141784669 1502
1751371429870 1.667811393737793 1503
1751371459912 1.667385220527649 1504
1751371489915 1.664556908607483 1505
1751371520077 1.6634209632873536 1506
1751371550093 1.6657119035720824 1507
1751371580107 1.6660174608230591 1508
1751371610117 1.6645379066467285 1509
1751371640185 1.6666669130325318 1510
1751371670261 1.6657520532608032 1511
1751371700299 1.6650742530822753 1512
1751371730407 1.6534763336181642 1513
1751371760394 1.6512600421905517 1514
1751371790422 1.650865387916565 1515
1751371820338 1.6546761035919189 1516
1751371850480 1.6506553649902345 1517
1751371880596 1.652307152748108 1518
1751371910489 1.6474708318710327 1519
1751374901400 2.1717743396759035 1520
1751374931438 1.9947132110595702 1521
1751374961419 1.842524027824402 1522
1751374991358 1.7956027507781982 1523
1751375021322 1.7707837343215942 1524
1751375051377 1.7561105966567994 1525
1751375081372 1.7430330276489259 1526
1751375111401 1.7294349431991578 1527
1751375141308 1.7181754112243652 1528
1751375171227 1.7091750144958495 1529
1751375201149 1.6995492219924926 1530
1751375231137 1.696303701400757 1531
1751375261101 1.6905247211456298 1532
1751375291133 1.6872702360153198 1533
1751375321166 1.681546139717102 1534
1751375351169 1.68190438747406 1535
1751375381219 1.6819890975952148 1536
1751375411167 1.6770679950714111 1537
1751375441178 1.6793395280838013 1538
1751375471120 1.6706319332122803 1539
1751375501066 1.6730024099349976 1540
1751375530973 1.6706073760986329 1541
1751375560971 1.6768165111541748 1542
1751375590893 1.672851300239563 1543
1751375620982 1.6721519470214843 1544
1751375650983 1.666582703590393 1545
1751375680942 1.664675736427307 1546
1751375710899 1.6643674612045287 1547
1751375740926 1.6643429279327393 1548
1751375771007 1.6659240007400513 1549
1751375801032 1.6685643196105957 1550
1751375831030 1.6653213262557984 1551
1751375861069 1.6620853662490844 1552
1751375891046 1.6626352310180663 1553
1751375921185 1.6634065151214599 1554
1751375951123 1.6559964418411255 1555
1751375981059 1.6588362216949464 1556
1751376011174 1.6582159519195556 1557
1751376041178 1.6579294443130492 1558
1751376071162 1.6546951293945313 1559
1751379062358 2.1722243309020994 1560
1751379092446 1.9691683292388915 1561
1751379122345 1.8345757246017456 1562
1751379152274 1.7876980543136596 1563
1751379182068 1.7643837690353394 1564
1751379212047 1.7512522697448731 1565
1751379242114 1.7327659845352172 1566
1751379272097 1.7206812381744385 1567
1751379302133 1.7071169853210448 1568
1751379332182 1.6993415355682373 1569
1751379362195 1.6960061073303223 1570
1751379392178 1.6962918043136597 1571
1751379422223 1.6973899841308593 1572
1751379452282 1.6878220319747925 1573
1751379482232 1.6968428134918212 1574
1751379512149 1.689758062362671 1575
1751379542127 1.691499662399292 1576
1751379572142 1.684973955154419 1577
1751379602205 1.682864499092102 1578
1751379632217 1.6792680025100708 1579
1751379662226 1.6737632274627685 1580
1751379692328 1.6721915006637573 1581
1751379722326 1.6664385795593262 1582
1751379752301 1.6692264795303344 1583
1751379782435 1.672319722175598 1584
1751379812429 1.6690735340118408 1585
1751379842500 1.6661800146102905 1586
1751379872506 1.6631982326507568 1587
1751379902556 1.662053656578064 1588
1751379932447 1.6576109409332276 1589
1751379962400 1.6671393871307374 1590
1751379992366 1.668324613571167 1591
1751380022346 1.6602257013320922 1592
1751380052353 1.6609357595443726 1593
1751380082322 1.6577619552612304 1594
1751380112376 1.6549345016479493 1595
1751380142358 1.6535753965377809 1596
1751380172415 1.6585289001464845 1597
1751380202382 1.6580248117446899 1598
1751380232369 1.654004740715027 1599
1751383188514 2.2202863693237305 1600
1751383218501 1.9884254217147828 1601
1751383248442 1.8542730808258057 1602
1751383278491 1.8028489351272583 1603
1751383308395 1.7719521045684814 1604
1751383338444 1.757716417312622 1605
1751383368477 1.7384203672409058 1606
1751383398505 1.7250870227813722 1607
1751383428415 1.7143920421600343 1608
1751383458412 1.7021191120147705 1609
1751383488419 1.7007990837097169 1610
1751383518335 1.6918121576309204 1611
1751383548203 1.6871579170227051 1612
1751383578162 1.6851126909255982 1613
1751383608193 1.681916308403015 1614
1751383638289 1.6849156141281127 1615
1751383668196 1.6764935731887818 1616
1751383698244 1.674028205871582 1617
1751383728326 1.6754999876022338 1618
1751383758332 1.6722229719161987 1619
1751383788475 1.6739509344100951 1620
1751383818438 1.6682427644729614 1621
1751383848434 1.6632809400558473 1622
1751383878425 1.6627612590789795 1623
1751383908481 1.659903073310852 1624
1751383938411 1.6595346689224244 1625
1751383968643 1.6644893646240235 1626
1751383999084 1.6641369581222534 1627
1751384029185 1.6602492332458496 1628
1751384059092 1.6622838497161865 1629
1751384089878 1.6629520654678345 1630
1751384119921 1.6609529972076416 1631
1751384149889 1.658652114868164 1632
1751384179966 1.6512327909469604 1633
1751384210327 1.6491149187088012 1634
1751384240380 1.6502115964889525 1635
1751384270335 1.6463099479675294 1636
1751384300350 1.6488074779510498 1637
1751384330256 1.646865153312683 1638
1751384360251 1.6450573444366454 1639
1751387352103 2.249500608444214 1640
1751387382155 2.0754711389541627 1641
1751387412082 1.8855567932128907 1642
1751387442076 1.814073371887207 1643
1751387471995 1.7895863056182861 1644
1751387502278 1.7666716814041137 1645
1751387532316 1.7512560129165649 1646
1751387562586 1.7354000091552735 1647
1751387592488 1.7242211818695068 1648
1751387622368 1.7111253023147583 1649
1751387652297 1.7060072422027588 1650
1751387682216 1.6973850965499877 1651
1751387712254 1.6932703495025634 1652
1751387742292 1.688572883605957 1653
1751387772274 1.68681058883667 1654
1751387802330 1.680878710746765 1655
1751387832327 1.678800344467163 1656
1751387862615 1.6771674156188965 1657
1751387892595 1.673366904258728 1658
1751387922472 1.6737999677658082 1659
1751387952541 1.6735644578933715 1660
1751387982716 1.6733755588531494 1661
1751388012604 1.6667271375656127 1662
1751388042648 1.668227219581604 1663
1751388072873 1.6688016414642335 1664
1751388102818 1.6635791301727294 1665
1751388132828 1.6635901927947998 1666
1751388162805 1.6700062513351441 1667
1751388192741 1.667850136756897 1668
1751388222818 1.6718595981597901 1669
1751388253030 1.667961049079895 1670
1751388282948 1.6680052757263184 1671
1751388312902 1.655319881439209 1672
1751388342969 1.653189730644226 1673
1751388372940 1.6491283416748046 1674
1751388402904 1.6491447687149048 1675
1751388432979 1.647458028793335 1676
1751388463061 1.6441262006759643 1677
1751388493048 1.6457097053527832 1678
1751388523069 1.6448018550872803 1679
