1746679273339 0.8228011435993017 0
1746679343008 0.17972894335135317 1
1746679411367 0.2261644725190389 2
1746679480847 0.3326684827068557 3
1746679550895 0.4590041577762222 4
1746679621068 0.5865163232776434 5
1746679691534 0.685514408845184 6
1746679762446 0.7471852782673964 7
1746679832770 0.7891594207787608 8
1746679903228 0.8122042960876422 9
1746679973682 0.8285950427163014 10
1746680044847 0.8375346832752819 11
1746680115474 0.8459725232557159 12
1746680186180 0.8484815261484486 13
1746680257808 0.8526182183127693 14
1746680328589 0.854460964975163 15
1746680399323 0.8547603585976571 16
1746680471239 0.854768792220826 17
1746680543338 0.855076619466489 18
1746680614820 0.8552621591762037 19
1746680686103 0.856674791056986 20
1746680757630 0.8567211759844147 21
1746680829908 0.8572145429397924 22
1746680901624 0.8569573174331424 23
1746680973321 0.8566790078685704 24
1746681044922 0.8573663481568317 25
1746681116440 0.8571386403312727 26
1746681188129 0.8573030959830653 27
1746681260616 0.8577079098951701 28
1746681332284 0.8573368304757407 29
1746681404120 0.8577079098951701 30
1746681476022 0.8570753881575064 31
1746681548898 0.857429600330598 32
1746681621139 0.8570880385922596 33
1746681693310 0.8568350298971942 34
1746681765538 0.8565145522167779 35
1746681838434 0.8564934681588557 36
1746681910734 0.8558356455516855 37
1746681983169 0.8557723933779191 38
1746682055295 0.8553085441036323 39
1746682127333 0.8549416814957874 40
1746682199748 0.8549838496116317 41
1746682271758 0.8552031238140217 42
1746682343962 0.8549838496116317 43
1746682416722 0.8548404780177612 44
1746682489093 0.8548193939598391 45
1746682561489 0.8548320443945924 46
1746682633818 0.8542459075843574 47
1746682706970 0.8543597614971368 48
1746682779359 0.8544272304824876 49
1746682851833 0.8544820490330851 50
1746682924708 0.8543260270044614 51
1746682997129 0.8543344606276302 52
1746683069716 0.8542669916422795 53
1746683142321 0.8544946994678384 54
1746683215439 0.8542374739611884 55
1746683287895 0.8546212038153711 56
1746683360304 0.8545157835257605 57
1746683432863 0.8546127701922023 58
1746683505158 0.8542206067148508 59
1746683577599 0.854212173091682 60
1746683650106 0.8541109696136557 61
1746683722584 0.8539465139618632 62
1746683795027 0.8537314565710575 63
1746683867722 0.854013982947214 64
1746683940455 0.8536639875857067 65
1746684013604 0.8535754345424338 66
1746684087233 0.8535627841076805 67
1746684160092 0.8536260362814468 68
1746684232528 0.8533013417894462 69
1746684305551 0.8537398901942264 70
1746684378653 0.8536302530930313 71
1746684450857 0.8536597707741223 72
1746684523773 0.8535417000497584 73
1746684596702 0.8536892884552132 74
1746684669859 0.8536049522235247 75
1746684742250 0.8531664038187445 76
1746684814722 0.8532718241083552 77
1746684887864 0.8534531470064854 78
1746684960403 0.8534573638180699 79
1746685032961 0.8538073591795772 80
1746685105517 0.8540730183093959 81
1746685178184 0.8536977220783821 82
1746685250828 0.8292149140192118 83
1746685323458 0.8323522218380238 84
1746685395845 0.8344058090796387 85
1746685468415 0.8354979632800047 86
1746685541058 0.8363160247273831 87
1746685613651 0.8358563922646808 88
1746685686082 0.8364467458865003 89
1746685758555 0.8366702369004748 90
1746685831615 0.8370792676241641 91
1746685904219 0.8366365024077994 92
1746685976707 0.8173572398438093 93
1746686049342 0.8187487876666695 94
1746686122497 0.8193138404189824 95
1746686195685 0.8194234775201774 96
1746686268188 0.8194150438970086 97
1746686341560 0.8194150438970086 98
1746686414813 0.8080844711696592 99
