1746679273339 0.6972167491912842 0
1746679343008 0.6866965293884277 1
1746679411367 0.6804624795913696 2
1746679480847 0.6729261875152588 3
1746679550895 0.6629857420921326 4
1746679621068 0.6488286256790161 5
1746679691534 0.6318852305412292 6
1746679762446 0.6109625697135925 7
1746679832770 0.5864224433898926 8
1746679903228 0.560857355594635 9
1746679973682 0.5351663827896118 10
1746680044847 0.5092077851295471 11
1746680115474 0.48599088191986084 12
1746680186180 0.4627688229084015 13
1746680257808 0.44999444484710693 14
1746680328589 0.43926945328712463 15
1746680399323 0.4322050213813782 16
1746680471239 0.42771926522254944 17
1746680543338 0.42400291562080383 18
1746680614820 0.42152124643325806 19
1746680686103 0.41866379976272583 20
1746680757630 0.41681697964668274 21
1746680829908 0.4148949086666107 22
1746680901624 0.41367611289024353 23
1746680973321 0.412386417388916 24
1746681044922 0.4115493893623352 25
1746681116440 0.4107474088668823 26
1746681188129 0.4102507531642914 27
1746681260616 0.40964174270629883 28
1746681332284 0.40897470712661743 29
1746681404120 0.4085533320903778 30
1746681476022 0.408082515001297 31
1746681548898 0.40781164169311523 32
1746681621139 0.4074394702911377 33
1746681693310 0.40727803111076355 34
1746681765538 0.40704345703125 35
1746681838434 0.4068859815597534 36
1746681910734 0.4067678153514862 37
1746681983169 0.4066804051399231 38
1746682055295 0.4063672721385956 39
1746682127333 0.40613481402397156 40
1746682199748 0.406130313873291 41
1746682271758 0.4060885012149811 42
1746682343962 0.4057219922542572 43
1746682416722 0.4057132303714752 44
1746682489093 0.4056243896484375 45
1746682561489 0.405518114566803 46
1746682633818 0.4057135581970215 47
1746682706970 0.4055993854999542 48
1746682779359 0.4054282009601593 49
1746682851833 0.40542230010032654 50
1746682924708 0.4051947295665741 51
1746682997129 0.40527039766311646 52
1746683069716 0.40539586544036865 53
1746683142321 0.40535247325897217 54
1746683215439 0.4051319360733032 55
1746683287895 0.4050609767436981 56
1746683360304 0.40516161918640137 57
1746683432863 0.4051949679851532 58
1746683505158 0.4049413800239563 59
1746683577599 0.4050603210926056 60
1746683650106 0.40491989254951477 61
1746683722584 0.40501096844673157 62
1746683795027 0.40488430857658386 63
1746683867722 0.4049034118652344 64
1746683940455 0.40471726655960083 65
1746684013604 0.40473654866218567 66
1746684087233 0.40460383892059326 67
1746684160092 0.40457311272621155 68
1746684232528 0.40465113520622253 69
1746684305551 0.4047260582447052 70
1746684378653 0.40468907356262207 71
1746684450857 0.404739111661911 72
1746684523773 0.40441223978996277 73
1746684596702 0.4043818414211273 74
1746684669859 0.40446385741233826 75
1746684742250 0.40432634949684143 76
1746684814722 0.40439432859420776 77
1746684887864 0.4044813811779022 78
1746684960403 0.40440115332603455 79
1746685032961 0.40460577607154846 80
1746685105517 0.40453633666038513 81
1746685178184 0.40442734956741333 82
1746685250828 0.4037674069404602 83
1746685323458 0.40359047055244446 84
1746685395845 0.4036494195461273 85
1746685468415 0.4035412073135376 86
1746685541058 0.4035061001777649 87
1746685613651 0.40361884236335754 88
1746685686082 0.40376201272010803 89
1746685758555 0.4035594165325165 90
1746685831615 0.40350672602653503 91
1746685904219 0.403674840927124 92
1746685976707 0.4048822820186615 93
1746686049342 0.40454477071762085 94
1746686122497 0.4044208824634552 95
1746686195685 0.4044799208641052 96
1746686268188 0.404656320810318 97
1746686341560 0.404612272977829 98
1746686414813 0.40591123700141907 99
