1747304770890 2.100059390068054 0
1747304887201 2.0717297792434692 19
1747304971978 2.058755874633789 38
1747305516681 2.0963985919952393 40
1747305597663 2.07168185710907 59
1747305679461 2.0580161809921265 78
1747306221628 2.0472220182418823 80
1747306305495 2.030634641647339 99
1747306388724 2.0207008123397827 118
1747306935774 2.0211089849472046 120
1747307018775 2.00811505317688 139
1747307115590 2.002108633518219 158
1747307685015 2.007227897644043 160
1747307768622 1.9984023571014404 179
1747307852537 1.9970104098320007 198
1747308400006 2.0009211897850037 200
1747308483925 1.99452805519104 219
1747308567543 1.9902198910713196 238
1747309114285 1.9939216375350952 240
1747309196654 1.9884883165359497 259
1747309279135 1.9853140115737915 278
1747309824245 1.990545630455017 280
1747309907599 1.9850070476531982 299
1747309991029 1.983104407787323 318
1747310534505 1.9852421283721924 320
1747310616409 1.9827148914337158 339
1747310698206 1.9802990555763245 358
1747311237946 1.9841833114624023 360
1747311320210 1.9786258339881897 379
1747311402807 1.9763303399085999 398
1747311943575 1.9788144826889038 400
1747312026510 1.977171540260315 419
1747312109437 1.9730985164642334 438
1747312650775 1.9807813167572021 440
1747312732637 1.9749372601509094 459
1747312815242 1.9732539653778076 478
1747313357352 1.9747520685195923 480
1747313439554 1.973467230796814 499
1747313522033 1.9694795608520508 518
1747314061678 1.9735604524612427 520
1747314143652 1.9697343111038208 539
1747314226082 1.9653450846672058 558
1747314770399 1.9726699590682983 560
1747314852267 1.9667627215385437 579
1747314934316 1.9648357033729553 598
1747315474013 1.967743694782257 600
1747315556162 1.9657427668571472 619
1747315638688 1.9646164178848267 638
1747316178989 1.9660562872886658 640
1747316261570 1.9637733697891235 659
1747316343711 1.9598501920700073 678
1747316885147 1.962697982788086 680
1747316967280 1.9599695205688477 699
1747317049599 1.9565115571022034 718
1747317588941 1.9606710076332092 720
1747317670145 1.9598552584648132 739
1747317751484 1.9553284645080566 758
1747318288053 1.95416659116745 760
1747318369321 1.9585318565368652 779
1747318451925 1.9552218914031982 798
1747318997093 1.9546449184417725 800
1747319079543 1.9539913535118103 819
1747319161800 1.9508513808250427 838
1747319707270 1.9469268321990967 840
1747319789721 1.9505628943443298 859
1747319872788 1.9532623291015625 878
1747320417480 1.9417722821235657 880
1747320500099 1.9508145451545715 899
1747320582484 1.950718104839325 918
1747321127443 1.9397084712982178 920
1747321210496 1.9540937542915344 939
1747321293665 1.9497379064559937 958
1747321839657 1.9362256526947021 960
1747321922137 1.9493486285209656 979
1747322004819 1.9514216184616089 998
1747322550810 1.933493196964264 1000
1747322633845 1.9502289295196533 1019
1747322717036 1.9507837891578674 1038
1747323265149 1.9338207244873047 1040
1747323348746 1.9498856663703918 1059
1747323432154 1.949073314666748 1078
1747323977616 1.9301321506500244 1080
1747324060703 1.9490973949432373 1099
1747324143437 1.9488016366958618 1118
1747324689634 1.9279006123542786 1120
1747324772515 1.9437284469604492 1139
1747324855263 1.9447523355484009 1158
1747325401810 1.9278787970542908 1160
1747325485034 1.9459978342056274 1179
1747325566808 1.952000617980957 1198
1747326104897 1.926355004310608 1200
1747326187765 1.944242537021637 1219
1747326270559 1.9467396140098572 1238
1747326815794 1.9253177642822266 1240
1747326899309 1.9465546011924744 1259
1747326981782 1.9418532848358154 1278
1747327526608 1.9239104986190796 1280
1747327609744 1.9452247619628906 1299
1747327693362 1.9434080123901367 1318
1747328238924 1.9223376512527466 1320
1747328322314 1.943183183670044 1339
1747328405480 1.942999005317688 1358
1747328951659 1.9215474128723145 1360
1747329034566 1.9403526782989502 1379
1747329117734 1.942293405532837 1398
1747329667004 1.9214752316474915 1400
1747329750568 1.9441247582435608 1419
1747329833602 1.9510608911514282 1438
1747330380619 1.9184802174568176 1440
1747330464114 1.9414731860160828 1459
1747330547789 1.944508969783783 1478
1747331095914 1.9178810119628906 1480
1747331178887 1.936606228351593 1499
1747331262436 1.9418395161628723 1518
1747331811985 1.9199532866477966 1520
1747331896341 1.9394628405570984 1539
1747331981088 1.9388906359672546 1558
1747332531549 1.9175004959106445 1560
1747332615145 1.9383788704872131 1579
1747332699223 1.938366711139679 1598
1747333252455 1.9170302152633667 1600
1747333337026 1.942326843738556 1619
1747333420947 1.9418824911117554 1638
1747333974287 1.9162952303886414 1640
1747334058434 1.9387245774269104 1659
1747334142348 1.940018892288208 1678
1747334693292 1.9155712127685547 1680
1747334777532 1.9398840069770813 1699
1747334861170 1.9434745907783508 1718
1747335412313 1.9134196639060974 1720
1747335496377 1.932756245136261 1739
1747335580107 1.9412508606910706 1758
1747336134162 1.916172206401825 1760
1747336217745 1.9396898746490479 1779
1747336301976 1.9392813444137573 1798
1747336849621 1.9142005443572998 1800
1747336932267 1.9367312788963318 1819
1747337015464 1.93634694814682 1838
1747337560693 1.9114707112312317 1840
1747337643303 1.9348601698875427 1859
1747337726171 1.9383578300476074 1878
1747338270766 1.9122394323349 1880
1747338360801 1.9343985319137573 1899
1747338458916 1.9315569400787354 1918
1747339105447 1.9139675498008728 1920
1747339204021 1.9359905123710632 1939
1747339301845 1.9377647042274475 1958
1747339950149 1.9129751920700073 1960
1747340049891 1.9355903267860413 1979
1747340149340 1.9363462328910828 1998
