1749093693450 0.2058 0
1749093907585 0.2616 1
1749094123185 0.2784 2
1749094339088 0.2842 3
1749094555534 0.2902 4
1749094773883 0.2892 5
1749094995029 0.293 6
1749095213799 0.2954 7
1749095434622 0.3024 8
1749095656862 0.3052 9
1749095876473 0.3074 10
1749096094759 0.308 11
1749096361376 0.311 12
1749096663655 0.3134 13
1749096966797 0.318 14
1749097269025 0.3182 15
1749097570087 0.3192 16
1749097872938 0.317 17
1749098176237 0.317 18
1749098480890 0.3234 19
1749098785646 0.321 20
1749099091084 0.3242 21
1749099395139 0.3238 22
1749099701005 0.3276 23
1749100007022 0.3288 24
1749100311922 0.3294 25
1749100618674 0.3284 26
1749100926116 0.332 27
1749101232892 0.331 28
1749101538179 0.3336 29
1749101846052 0.338 30
1749102151537 0.3354 31
1749102456668 0.34 32
1749102761958 0.3454 33
1749103066825 0.3452 34
1749103373418 0.3474 35
1749103679142 0.3434 36
1749103986041 0.3448 37
1749104292445 0.3462 38
1749104598677 0.3472 39
1749104905593 0.3516 40
1749105212749 0.3498 41
1749105519658 0.3542 42
1749105827027 0.3572 43
1749106135237 0.3578 44
1749106442100 0.3518 45
1749106749684 0.3508 46
1749107056664 0.3544 47
1749107364626 0.3562 48
1749107667005 0.3604 49
1749107971530 0.3612 50
1749108274341 0.3558 51
1749108577469 0.3558 52
1749108878328 0.3572 53
1749109181601 0.3576 54
1749109485375 0.3584 55
1749109789919 0.359 56
1749110092122 0.3658 57
1749110396422 0.3684 58
1749110699863 0.3694 59
1749111003925 0.3676 60
1749111308433 0.3676 61
1749111612112 0.3686 62
1749111916645 0.3688 63
1749112218311 0.371 64
1749112523029 0.3714 65
1749112827352 0.3732 66
1749113130894 0.3742 67
1749113433482 0.3756 68
1749113735795 0.3768 69
1749114039895 0.378 70
1749114343035 0.3782 71
1749114646941 0.379 72
1749114948460 0.3792 73
1749115252125 0.3806 74
1749115554244 0.3818 75
1749115857265 0.3802 76
1749116158785 0.383 77
1749116462440 0.3806 78
1749116763291 0.3884 79
1749117066511 0.3802 80
1749117368292 0.3906 81
1749117671764 0.3872 82
1749117975341 0.3888 83
1749118277006 0.3974 84
1749118581252 0.39 85
1749118885338 0.3954 86
1749119187558 0.3988 87
1749119492263 0.3932 88
1749119794540 0.4 89
1749120098560 0.3976 90
1749120404199 0.3876 91
1749120709083 0.3974 92
1749121015592 0.3964 93
1749121322548 0.4002 94
1749121628715 0.402 95
1749121935846 0.3938 96
1749122241166 0.4078 97
1749122547000 0.4006 98
1749122852088 0.4022 99
1749123157272 0.4056 100
1749123463749 0.4034 101
1749123768470 0.41 102
1749124072633 0.4058 103
1749124378038 0.411 104
1749124682897 0.414 105
1749124989366 0.4122 106
1749125292655 0.4096 107
1749125598665 0.4052 108
1749125904480 0.4194 109
1749126210787 0.4168 110
1749126517979 0.4118 111
1749126824499 0.4132 112
1749127130382 0.4084 113
1749127436831 0.4024 114
1749127744421 0.396 115
1749128049570 0.4068 116
1749128356821 0.413 117
1749128663288 0.4138 118
1749128971362 0.4126 119
1749129278034 0.4144 120
1749129588001 0.416 121
1749129894434 0.4164 122
1749130195911 0.4162 123
1749130497870 0.4222 124
1749130800158 0.4192 125
1749131102811 0.4178 126
1749131404670 0.4184 127
1749131709193 0.4218 128
1749132014363 0.4178 129
1749132316441 0.4184 130
1749132618558 0.4184 131
1749132924988 0.4214 132
1749133227157 0.421 133
1749133529609 0.42 134
1749133835073 0.4224 135
1749134137774 0.4214 136
1749134439491 0.4188 137
1749134743711 0.4194 138
1749135046732 0.4226 139
1749135352192 0.4254 140
1749135656450 0.4278 141
1749135961411 0.4276 142
1749136268408 0.4278 143
1749136579236 0.4268 144
1749136884121 0.4286 145
1749137188586 0.4294 146
1749137492254 0.4294 147
1749137795985 0.4278 148
1749138101222 0.4282 149
1749138406003 0.4288 150
1749138711202 0.4276 151
1749139015706 0.4296 152
1749139318505 0.4294 153
1749139622860 0.4302 154
1749139926739 0.431 155
1749140228485 0.4318 156
1749140531522 0.4322 157
1749140834876 0.4346 158
1749141141542 0.4332 159
1749141445191 0.4336 160
1749141747961 0.4352 161
1749142050318 0.4352 162
1749142358824 0.435 163
1749142661929 0.4336 164
1749142964436 0.4326 165
1749143267791 0.4336 166
1749143571073 0.4342 167
1749143873384 0.434 168
1749144177919 0.4336 169
1749144481109 0.4336 170
1749144790115 0.4328 171
1749145093268 0.4332 172
1749145398229 0.4344 173
1749145701683 0.4348 174
1749146004432 0.4354 175
1749146307268 0.4358 176
1749146610334 0.4378 177
1749146914453 0.4374 178
1749147217643 0.438 179
1749147521277 0.4378 180
1749147824864 0.439 181
1749148129849 0.4392 182
1749148433590 0.4392 183
1749148736928 0.4388 184
1749149039421 0.4406 185
1749149341948 0.4402 186
1749149645646 0.4412 187
1749149951305 0.4456 188
1749150259261 0.4424 189
1749150563463 0.4428 190
1749150869987 0.4414 191
1749151174875 0.44 192
1749151477798 0.44 193
1749151782455 0.4378 194
1749152083297 0.4434 195
1749152385687 0.4448 196
1749152690525 0.4454 197
1749152994816 0.4464 198
1749153300357 0.4466 199
1749153605759 0.4502 200
1749153910175 0.448 201
1749154212383 0.4464 202
1749154512977 0.4442 203
1749154813892 0.448 204
1749155113425 0.4476 205
1749155414553 0.4454 206
1749155715660 0.4464 207
1749156016922 0.4482 208
1749156318211 0.448 209
1749156622600 0.4504 210
1749156925937 0.4506 211
1749157229010 0.4496 212
1749157532083 0.4482 213
1749157835411 0.4476 214
1749158138423 0.4486 215
1749158441664 0.4502 216
1749158743882 0.4508 217
1749159046692 0.4498 218
1749159349739 0.4494 219
1749159653266 0.45 220
1749159956073 0.4512 221
1749160258898 0.4508 222
1749160563246 0.4512 223
1749160866711 0.4516 224
1749161169785 0.4526 225
1749161472418 0.453 226
1749161779223 0.4528 227
1749162082750 0.4526 228
1749162385606 0.4516 229
1749162690049 0.4512 230
1749162994292 0.4504 231
1749163299794 0.4518 232
1749163603892 0.4524 233
1749163909308 0.4518 234
1749164214083 0.4534 235
1749164518103 0.4526 236
1749164821941 0.452 237
1749165127269 0.4522 238
1749165432133 0.4532 239
1749165737391 0.4526 240
1749166042694 0.4546 241
1749166348002 0.454 242
1749166653026 0.4542 243
1749166958363 0.4534 244
1749167264706 0.454 245
1749167568863 0.4544 246
1749167873510 0.453 247
1749168179456 0.4536 248
1749168484070 0.4554 249
1749168788560 0.4542 250
1749169093585 0.456 251
1749169397663 0.455 252
1749169701105 0.4558 253
1749170007169 0.4544 254
1749170312164 0.4552 255
1749170616449 0.4548 256
1749170919154 0.456 257
1749171219038 0.4556 258
1749171520028 0.4552 259
1749171823610 0.4554 260
1749172126522 0.456 261
1749172427512 0.4548 262
1749172731128 0.455 263
1749173038748 0.4558 264
1749173343281 0.4566 265
1749173645836 0.455 266
1749173949899 0.4502 267
1749174254656 0.4578 268
1749174558419 0.4572 269
1749174861405 0.452 270
1749175166140 0.4556 271
1749175474358 0.456 272
1749175776776 0.4566 273
1749176080874 0.4578 274
1749176383652 0.4574 275
1749176686186 0.4578 276
1749176988589 0.4572 277
1749177290775 0.4574 278
1749177593029 0.4598 279
1749177894900 0.4574 280
1749178196152 0.4576 281
1749178501146 0.4576 282
1749178806019 0.458 283
1749179109588 0.4586 284
1749179414994 0.4584 285
1749179719326 0.4576 286
