1749093693450 2.0567833185195923 0
1749093907585 1.9949433207511902 1
1749094123185 1.9594818949699402 2
1749094339088 1.946347415447235 3
1749094555534 1.9349143505096436 4
1749094773883 1.933021903038025 5
1749094995029 1.9288034439086914 6
1749095213799 1.9135165810585022 7
1749095434622 1.9058095812797546 8
1749095656862 1.8908859491348267 9
1749095876473 1.8895366787910461 10
1749096094759 1.8842325806617737 11
1749096361376 1.879477083683014 12
1749096663655 1.8746986389160156 13
1749096966797 1.8691004514694214 14
1749097269025 1.8620437979698181 15
1749097570087 1.8574976921081543 16
1749097872938 1.8561019897460938 17
1749098176237 1.8533272743225098 18
1749098480890 1.848501443862915 19
1749098785646 1.8436444997787476 20
1749099091084 1.8393061757087708 21
1749099395139 1.8355491161346436 22
1749099701005 1.836794376373291 23
1749100007022 1.8325400948524475 24
1749100311922 1.8274720311164856 25
1749100618674 1.8209688067436218 26
1749100926116 1.8157976865768433 27
1749101232892 1.8149558901786804 28
1749101538179 1.8115203380584717 29
1749101846052 1.8080139756202698 30
1749102151537 1.7976297736167908 31
1749102456668 1.7910043597221375 32
1749102761958 1.78145432472229 33
1749103066825 1.7785102725028992 34
1749103373418 1.7842856049537659 35
1749103679142 1.7858313918113708 36
1749103986041 1.7859939336776733 37
1749104292445 1.7848148345947266 38
1749104598677 1.7822532653808594 39
1749104905593 1.7802124619483948 40
1749105212749 1.7767682075500488 41
1749105519658 1.7757204174995422 42
1749105827027 1.772808313369751 43
1749106135237 1.7729397416114807 44
1749106442100 1.7712270617485046 45
1749106749684 1.7707367539405823 46
1749107056664 1.7681730389595032 47
1749107364626 1.7644073963165283 48
1749107667005 1.7611860036849976 49
1749107971530 1.7591478824615479 50
1749108274341 1.7575662732124329 51
1749108577469 1.7566559314727783 52
1749108878328 1.7551478743553162 53
1749109181601 1.752974808216095 54
1749109485375 1.7500340342521667 55
1749109789919 1.746356725692749 56
1749110092122 1.7418810725212097 57
1749110396422 1.7372023463249207 58
1749110699863 1.7332350611686707 59
1749111003925 1.7308791875839233 60
1749111308433 1.7290239334106445 61
1749111612112 1.727035403251648 62
1749111916645 1.7238686680793762 63
1749112218311 1.721245527267456 64
1749112523029 1.71872079372406 65
1749112827352 1.7158843874931335 66
1749113130894 1.7128637433052063 67
1749113433482 1.7094820141792297 68
1749113735795 1.7061484456062317 69
1749114039895 1.7032872438430786 70
1749114343035 1.7009591460227966 71
1749114646941 1.6984310746192932 72
1749114948460 1.6953442692756653 73
1749115252125 1.6930530071258545 74
1749115554244 1.6903008818626404 75
1749115857265 1.6880298852920532 76
1749116158785 1.6855310201644897 77
1749116462440 1.6873189210891724 78
1749116763291 1.6793527603149414 79
1749117066511 1.6906987428665161 80
1749117368292 1.675626277923584 81
1749117671764 1.677639126777649 82
1749117975341 1.6711721420288086 83
1749118277006 1.6654795408248901 84
1749118581252 1.6788679957389832 85
1749118885338 1.665140450000763 86
1749119187558 1.6608626246452332 87
1749119492263 1.6711515188217163 88
1749119794540 1.6538119316101074 89
1749120098560 1.6625674366950989 90
1749120404199 1.6751450300216675 91
1749120709083 1.6525323987007141 92
1749121015592 1.6661479473114014 93
1749121322548 1.6573396921157837 94
1749121628715 1.646147906780243 95
1749121935846 1.6681917905807495 96
1749122241166 1.638896107673645 97
1749122547000 1.6618131399154663 98
1749122852088 1.6378589868545532 99
1749123157272 1.644913375377655 100
1749123463749 1.6489636898040771 101
1749123768470 1.6331030130386353 102
1749124072633 1.6496664881706238 103
1749124378038 1.6324341893196106 104
1749124682897 1.6260866522789001 105
1749124989366 1.6337615251541138 106
1749125292655 1.6277598142623901 107
1749125598665 1.6339872479438782 108
1749125904480 1.6200634837150574 109
1749126210787 1.6185316443443298 110
1749126517979 1.624062716960907 111
1749126824499 1.6197838187217712 112
1749127130382 1.6329578161239624 113
1749127436831 1.6458432078361511 114
1749127744421 1.7021377682685852 115
1749128049570 1.6308652758598328 116
1749128356821 1.6226210594177246 117
1749128663288 1.6177135705947876 118
1749128971362 1.6248734593391418 119
1749129278034 1.617146074771881 120
1749129588001 1.614864706993103 121
1749129894434 1.6152400970458984 122
1749130195911 1.6161454916000366 123
1749130497870 1.6145851016044617 124
1749130800158 1.6130960583686829 125
1749131102811 1.6103276014328003 126
1749131404670 1.6070704460144043 127
1749131709193 1.6069905161857605 128
1749132014363 1.6108578443527222 129
1749132316441 1.610374629497528 130
1749132618558 1.6046791672706604 131
1749132924988 1.6010574698448181 132
1749133227157 1.599725365638733 133
1749133529609 1.599113643169403 134
1749133835073 1.5989688634872437 135
1749134137774 1.5975285172462463 136
1749134439491 1.5963819026947021 137
1749134743711 1.594882607460022 138
1749135046732 1.5935648083686829 139
1749135352192 1.5935344099998474 140
1749135656450 1.5931468605995178 141
1749135961411 1.5914062857627869 142
1749136268408 1.5901337265968323 143
1749136579236 1.589291751384735 144
1749136884121 1.5900707840919495 145
1749137188586 1.589323103427887 146
1749137492254 1.58756023645401 147
1749137795985 1.5864426493644714 148
1749138101222 1.5855495929718018 149
1749138406003 1.5853305459022522 150
1749138711202 1.5843893885612488 151
1749139015706 1.5832065343856812 152
1749139318505 1.5819452404975891 153
1749139622860 1.581040620803833 154
1749139926739 1.5805904865264893 155
1749140228485 1.579042375087738 156
1749140531522 1.5780340433120728 157
1749140834876 1.577666163444519 158
1749141141542 1.5767624974250793 159
1749141445191 1.5753385424613953 160
1749141747961 1.5745577812194824 161
1749142050318 1.573896884918213 162
1749142358824 1.5732175707817078 163
1749142661929 1.571783423423767 164
1749142964436 1.5710397362709045 165
1749143267791 1.571160078048706 166
1749143571073 1.570298671722412 167
1749143873384 1.5691711902618408 168
1749144177919 1.568396806716919 169
1749144481109 1.5672701597213745 170
1749144790115 1.5661395192146301 171
1749145093268 1.5657739043235779 172
1749145398229 1.5652924180030823 173
1749145701683 1.5639456510543823 174
1749146004432 1.5626859068870544 175
1749146307268 1.5615930557250977 176
1749146610334 1.5611513257026672 177
1749146914453 1.5604581832885742 178
1749147217643 1.5595176815986633 179
1749147521277 1.5585920810699463 180
1749147824864 1.557980716228485 181
1749148129849 1.557083547115326 182
1749148433590 1.5567801594734192 183
1749148736928 1.5549302101135254 184
1749149039421 1.5535374283790588 185
1749149341948 1.5530775785446167 186
1749149645646 1.5523864030838013 187
1749149951305 1.5520418286323547 188
1749150259261 1.5503180623054504 189
1749150563463 1.5491470098495483 190
1749150869987 1.5504056215286255 191
1749151174875 1.5543555617332458 192
1749151477798 1.5606861114501953 193
1749151782455 1.56471449136734 194
1749152083297 1.5578531622886658 195
1749152385687 1.5517297387123108 196
1749152690525 1.548328697681427 197
1749152994816 1.5448110699653625 198
1749153300357 1.5437868237495422 199
1749153605759 1.544190764427185 200
1749153910175 1.5446643829345703 201
1749154212383 1.5439286828041077 202
1749154512977 1.5443583726882935 203
1749154813892 1.5436960458755493 204
1749155113425 1.5426223278045654 205
1749155414553 1.5407353639602661 206
1749155715660 1.5404354333877563 207
1749156016922 1.54111248254776 208
1749156318211 1.5415656566619873 209
1749156622600 1.5409506559371948 210
1749156925937 1.5401788353919983 211
1749157229010 1.5398092865943909 212
1749157532083 1.5394206047058105 213
1749157835411 1.5391051173210144 214
1749158138423 1.5385409593582153 215
1749158441664 1.537344753742218 216
1749158743882 1.5370779633522034 217
1749159046692 1.536613643169403 218
1749159349739 1.5359410047531128 219
1749159653266 1.5355654954910278 220
1749159956073 1.535703957080841 221
1749160258898 1.5353244543075562 222
1749160563246 1.534482717514038 223
1749160866711 1.5340478420257568 224
1749161169785 1.534012258052826 225
1749161472418 1.5331739783287048 226
1749161779223 1.532590627670288 227
1749162082750 1.5326531529426575 228
1749162385606 1.532300889492035 229
1749162690049 1.531683325767517 230
1749162994292 1.531360924243927 231
1749163299794 1.5309156775474548 232
1749163603892 1.5304790139198303 233
1749163909308 1.5300989151000977 234
1749164214083 1.5296390652656555 235
1749164518103 1.5292513966560364 236
1749164821941 1.5287311673164368 237
1749165127269 1.528390347957611 238
1749165432133 1.5289137363433838 239
1749165737391 1.5280811786651611 240
1749166042694 1.5275641679763794 241
1749166348002 1.5271000266075134 242
1749166653026 1.52684885263443 243
1749166958363 1.5257360935211182 244
1749167264706 1.5252949595451355 245
1749167568863 1.5263487100601196 246
1749167873510 1.525295913219452 247
1749168179456 1.5244323015213013 248
1749168484070 1.5253478288650513 249
1749168788560 1.524333655834198 250
1749169093585 1.5231382846832275 251
1749169397663 1.5233559608459473 252
1749169701105 1.5231691002845764 253
1749170007169 1.5223579406738281 254
1749170312164 1.5222112536430359 255
1749170616449 1.521815299987793 256
1749170919154 1.5208499431610107 257
1749171219038 1.5205851197242737 258
1749171520028 1.5209585428237915 259
1749171823610 1.519902229309082 260
1749172126522 1.519917070865631 261
1749172427512 1.52020663022995 262
1749172731128 1.5190513134002686 263
1749173038748 1.5189865231513977 264
1749173343281 1.5183398723602295 265
1749173645836 1.5206474661827087 266
1749173949899 1.5209365487098694 267
1749174254656 1.5177980065345764 268
1749174558419 1.5183115601539612 269
1749174861405 1.520403265953064 270
1749175166140 1.5166921019554138 271
1749175474358 1.5165257453918457 272
1749175776776 1.5158816576004028 273
1749176080874 1.515483319759369 274
1749176383652 1.5149186253547668 275
1749176686186 1.5157376527786255 276
1749176988589 1.5141040086746216 277
1749177290775 1.5154954195022583 278
1749177593029 1.5154154300689697 279
1749177894900 1.5138447880744934 280
1749178196152 1.5131213068962097 281
1749178501146 1.512762427330017 282
1749178806019 1.5122202038764954 283
1749179109588 1.5126609206199646 284
1749179414994 1.5112107396125793 285
1749179719326 1.5134525895118713 286
