1746676953009 0.8226830728749378 0
1746676972553 0.3185674647685392 19
1746676992188 0.1771103033574254 38
1746677122915 0.17918075784537796 40
1746677142387 0.18094760189925194 59
1746677161938 0.18610054565541903 78
1746677294446 0.20371838445514578 80
1746677314565 0.20890506270398826 99
1746677334475 0.21143514965464313 118
1746677466108 0.23459809568788847 120
1746677486195 0.23585470554004706 139
1746677506547 0.23607397974243716 158
1746677639126 0.2552562556399855 160
1746677659339 0.2606495576564648 179
1746677679779 0.2613284643215572 198
1746677812079 0.2939792364197583 200
1746677832184 0.29830990191696255 219
1746677852550 0.3009917940846567 238
1746677985670 0.32774746358783197 240
1746678006121 0.3286582948900677 259
1746678026392 0.33003719227817463 278
1746678159822 0.35197304614035235 280
1746678180102 0.36009040844037005 299
1746678200631 0.36080726640972227 318
1746678334989 0.39370683039140447 320
1746678355494 0.4064205173184452 339
1746678376195 0.41535172425425687 358
1746678511501 0.4432248488273047 360
1746678532458 0.45671021227429515 379
1746678553072 0.46746308181457835 398
1746678689586 0.49623438725510866 400
1746678710170 0.5073541194032368 419
1746678730871 0.5170359188010761 438
1746678866304 0.5342615941234514 440
1746678886850 0.5496866908992772 459
1746678907608 0.5559528729137325 478
1746679042413 0.572596628237457 480
1746679063181 0.588519308780245 499
1746679083738 0.5943680264478423 518
