1746676953009 0.6970146894454956 0
1746676972553 0.6941719651222229 19
1746676992188 0.6927893161773682 38
1746677122915 0.6884754300117493 40
1746677142387 0.6879754066467285 59
1746677161938 0.6875283718109131 78
1746677294446 0.6849040985107422 80
1746677314565 0.6844184398651123 99
1746677334475 0.6839405298233032 118
1746677466108 0.6824356913566589 120
1746677486195 0.6820937395095825 139
1746677506547 0.6820154190063477 158
1746677639126 0.6798830628395081 160
1746677659339 0.679481029510498 179
1746677679779 0.6793855428695679 198
1746677812079 0.6764922738075256 200
1746677832184 0.6760357618331909 219
1746677852550 0.6758708357810974 238
1746677985670 0.6736187934875488 240
1746678006121 0.673194408416748 259
1746678026392 0.6731178164482117 278
1746678159822 0.6708105802536011 280
1746678180102 0.6700951457023621 299
1746678200631 0.6698412895202637 318
1746678334989 0.6656764149665833 320
1746678355494 0.6648429036140442 339
1746678376195 0.6639769077301025 358
1746678511501 0.6590883135795593 360
1746678532458 0.6581181883811951 379
1746678553072 0.6571375727653503 398
1746678689586 0.6512119770050049 400
1746678710170 0.6501195430755615 419
1746678730871 0.6489770412445068 438
1746678866304 0.6430419683456421 440
1746678886850 0.6418279409408569 459
1746678907608 0.6405797600746155 478
1746679042413 0.6327857375144958 480
1746679063181 0.6314447522163391 499
1746679083738 0.6300676465034485 518
