1747893114296 0.104 0
1747893332925 0.184 1
1747893546659 0.1966 2
1747893857039 0.2126 3
1747894159949 0.2544 4
1747894464067 0.2654 5
1747894768412 0.2592 6
1747895073713 0.2622 7
1747895380330 0.2592 8
1747895685290 0.261 9
1747895990250 0.2598 10
1747896293979 0.262 11
1747896597221 0.2914 12
1747896900977 0.298 13
1747897204485 0.2972 14
1747897508000 0.3004 15
1747897811410 0.3002 16
1747898115654 0.3002 17
1747898419374 0.2952 18
1747898723083 0.3248 19
1747899026348 0.326 20
1747899330685 0.3286 21
1747899634482 0.3304 22
1747899939115 0.3286 23
1747900242776 0.3282 24
1747900548304 0.329 25
1747900852629 0.3316 26
1747901158954 0.332 27
1747901464987 0.3316 28
1747901772204 0.3316 29
1747902078608 0.3326 30
1747902386141 0.3332 31
1747902691978 0.3336 32
1747902997385 0.331 33
1747903302260 0.3318 34
1747903607806 0.3328 35
1747903914087 0.3322 36
1747904220525 0.3326 37
1747904551551 0.3336 38
1747904858876 0.3364 39
1747905166980 0.3284 40
1747905475468 0.3318 41
1747905784090 0.3328 42
1747906092304 0.3364 43
1747906400120 0.338 44
1747906709063 0.3362 45
1747907017139 0.3364 46
1747907325586 0.3392 47
1747907633990 0.3392 48
1747907944372 0.3386 49
1747908252886 0.3358 50
1747908559677 0.3394 51
1747908867084 0.3408 52
1747909173706 0.3414 53
1747909479097 0.342 54
1747909785456 0.365 55
1747910091428 0.3676 56
1747910397344 0.3678 57
1747910704446 0.3674 58
1747911010826 0.3658 59
1747911317723 0.3678 60
1747911624524 0.3672 61
1747911931011 0.3682 62
1747912239707 0.3706 63
1747912546913 0.371 64
1747912854654 0.3706 65
1747913152070 0.371 66
1747913448747 0.3712 67
1747913746968 0.369 68
1747914042593 0.3722 69
1747914338224 0.3724 70
1747914634530 0.3712 71
1747914929629 0.3732 72
1747915224714 0.3742 73
1747915520384 0.3738 74
1747915818038 0.375 75
1747916138923 0.3762 76
1747916436734 0.374 77
1747916740159 0.3744 78
1747917043037 0.3752 79
1747917341324 0.375 80
1747917639648 0.3762 81
1747917942707 0.3756 82
1747918246238 0.3758 83
1747918549542 0.3768 84
1747918847998 0.3758 85
1747919151723 0.3738 86
1747919453073 0.3758 87
1747919755711 0.3884 88
1747920058733 0.3888 89
1747920362500 0.388 90
1747920682336 0.3884 91
1747920986860 0.3868 92
1747921290604 0.3884 93
1747921594970 0.389 94
1747921901466 0.39 95
1747922207899 0.3898 96
1747922537466 0.3912 97
1747922844457 0.3916 98
1747923150364 0.3932 99
1747923453954 0.3934 100
1747923757783 0.3936 101
1747924061781 0.3938 102
1747924365485 0.3952 103
1747924668548 0.3954 104
1747924971546 0.3962 105
1747925274537 0.3958 106
1747925595265 0.3982 107
1747925895412 0.3988 108
1747926216552 0.3998 109
1747926533732 0.4004 110
1747926832916 0.401 111
1747927132131 0.4004 112
1747927431513 0.4014 113
1747927731233 0.4014 114
1747928030313 0.4016 115
1747928330330 0.4014 116
1747928629623 0.401 117
1747928929253 0.4012 118
1747929230012 0.401 119
1747929529761 0.4012 120
1747929830795 0.4004 121
1747930132083 0.4012 122
1747930431347 0.4022 123
1747930732368 0.4008 124
1747931032557 0.4008 125
1747931333453 0.4004 126
1747931632893 0.3992 127
1747931931181 0.3994 128
1747932230475 0.3988 129
1747932531204 0.3992 130
1747932833074 0.3984 131
1747933135419 0.4052 132
1747933436854 0.4076 133
1747933739458 0.4068 134
1747934041179 0.4076 135
1747934344103 0.408 136
1747934647529 0.4084 137
1747934949909 0.4086 138
1747935252668 0.4082 139
1747935558530 0.4082 140
1747935870182 0.4072 141
1747936181207 0.41 142
1747936490055 0.4078 143
1747936800908 0.4074 144
1747937110757 0.407 145
1747937421780 0.4092 146
1747937732341 0.4074 147
1747938044376 0.4082 148
1747938378537 0.4082 149
1747938690147 0.4086 150
1747939002691 0.4092 151
1747939314702 0.4098 152
1747939621967 0.4104 153
1747939932322 0.4098 154
1747940243146 0.4102 155
1747940553465 0.4102 156
1747940863831 0.4106 157
1747941173756 0.4106 158
1747941484147 0.4108 159
1747941793447 0.411 160
1747942105309 0.4102 161
1747942415990 0.4106 162
1747942726241 0.4108 163
1747943037242 0.41 164
1747943347507 0.4108 165
1747943657121 0.4116 166
1747943969348 0.4116 167
1747944280064 0.4122 168
1747944591740 0.4122 169
1747944904098 0.4118 170
1747945216614 0.4128 171
1747945549870 0.4136 172
1747945863650 0.4132 173
1747946177312 0.4136 174
1747946490815 0.4134 175
1747946804388 0.4138 176
1747947118368 0.414 177
1747947428299 0.415 178
1747947740124 0.4136 179
1747948055266 0.4128 180
1747948375641 0.4134 181
1747948695463 0.4148 182
1747949015180 0.4154 183
1747949335463 0.416 184
1747949655839 0.4156 185
1747949976350 0.4154 186
1747950295615 0.415 187
1747950615666 0.4146 188
1747950935448 0.4158 189
1747951254950 0.4156 190
1747951574581 0.4166 191
1747951894086 0.4166 192
1747952214181 0.4166 193
1747952534420 0.417 194
1747952853993 0.417 195
1747953173887 0.4168 196
1747953494088 0.4174 197
1747953817203 0.4172 198
1747954137979 0.4172 199
1747954460984 0.417 200
1747954782466 0.4176 201
1747955101589 0.418 202
1747955419678 0.4176 203
1747955737878 0.4176 204
1747956057133 0.4178 205
1747956376268 0.417 206
1747956696603 0.4168 207
1747957016778 0.4172 208
1747957337390 0.4176 209
1747957657952 0.4178 210
1747957977450 0.4178 211
1747958297938 0.418 212
1747958617974 0.4186 213
1747958938449 0.4198 214
1747959258819 0.4202 215
1747959579092 0.4214 216
1747959899567 0.4204 217
1747960220079 0.4204 218
1747960540780 0.4198 219
1747960861733 0.421 220
1747961181229 0.4194 221
1747961501977 0.42 222
1747961821967 0.4204 223
1747962142861 0.4216 224
1747962462925 0.4202 225
1747962783750 0.4202 226
1747963103955 0.4196 227
1747963424979 0.4202 228
1747963745755 0.4194 229
1747964067385 0.4206 230
1747964387689 0.4272 231
1747964707834 0.427 232
1747965028352 0.4272 233
1747965349604 0.4278 234
1747965670299 0.4274 235
1747965991596 0.4276 236
1747966311658 0.427 237
1747966632019 0.4272 238
1747966952874 0.4264 239
1747967273874 0.4262 240
1747967594545 0.4266 241
1747967914665 0.426 242
1747968234698 0.4264 243
1747968555353 0.4264 244
1747968875304 0.4268 245
1747969195244 0.4278 246
1747969515895 0.4272 247
1747969835654 0.4276 248
1747970156273 0.4268 249
1747970476552 0.428 250
1747970796253 0.4286 251
1747971117175 0.429 252
1747971436623 0.4294 253
1747971757698 0.43 254
1747972077559 0.4302 255
1747972396513 0.4302 256
1747972718034 0.431 257
1747973039494 0.431 258
1747973362736 0.432 259
1747973685959 0.4314 260
1747974008579 0.4318 261
1747974331757 0.4318 262
1747974654638 0.4316 263
1747974976204 0.4318 264
1747975291937 0.432 265
1747975604219 0.4322 266
1747975915050 0.4328 267
1747976228530 0.4324 268
1747976541194 0.4328 269
1747976853358 0.4336 270
1747977166168 0.4336 271
1747977477224 0.434 272
1747977789566 0.4342 273
1747978099889 0.4342 274
1747978408770 0.4334 275
1747978717363 0.4332 276
1747979026970 0.4344 277
1747979336902 0.4342 278
