1747297812868 0.104 0
1747297861832 0.104 19
1747297911358 0.104 38
1747298029523 0.1044 40
1747298077976 0.1044 59
1747298126963 0.1044 78
1747298244883 0.104 80
1747298294988 0.104 99
1747298344751 0.104 118
1747298462214 0.1108 120
1747298512016 0.1108 139
1747298561931 0.1108 158
1747298680850 0.1224 160
1747298731266 0.1224 179
1747298781396 0.1224 198
1747298900825 0.129 200
1747298951191 0.129 219
1747299001854 0.129 238
1747299120816 0.143 240
1747299170967 0.143 259
1747299221264 0.143 278
1747299339998 0.1544 280
1747299390288 0.1544 299
1747299440517 0.1544 318
1747299559792 0.1576 320
1747299609946 0.1576 339
1747299659888 0.1576 358
1747299778637 0.1642 360
1747299828903 0.1642 379
1747299879246 0.1642 398
1747299998636 0.1574 400
