1747885895115 0.104 0
1747886144331 0.2876 1
1747886385261 0.3956 2
1747886628164 0.4126 3
1747886873481 0.427 4
1747887119526 0.4524 5
1747887365562 0.4566 6
1747887609691 0.4724 7
1747887857499 0.4768 8
1747888103380 0.484 9
1747888354431 0.4966 10
1747888605550 0.4988 11
1747888853973 0.503 12
1747889102085 0.5146 13
1747889350800 0.511 14
1747889598112 0.5168 15
1747889845146 0.5152 16
1747890092243 0.5236 17
1747890338290 0.5248 18
1747890585605 0.532 19
1747890832147 0.5326 20
1747891080535 0.5316 21
1747891328081 0.535 22
1747891574754 0.5286 23
1747891820016 0.5276 24
1747892064410 0.5416 25
1747892307886 0.5408 26
1747892552342 0.5414 27
1747892796484 0.5338 28
1747893040939 0.5328 29
1747893285116 0.5416 30
1747893529695 0.5358 31
1747893772974 0.5424 32
1747894026256 0.541 33
1747894268661 0.5406 34
1747894509441 0.5368 35
1747894754297 0.5428 36
1747894999463 0.5376 37
1747895246152 0.5366 38
1747895492403 0.5324 39
1747895738156 0.5374 40
1747895983274 0.5352 41
1747896229474 0.5384 42
1747896475689 0.5354 43
1747896722364 0.5356 44
1747896968207 0.5324 45
1747897214569 0.5356 46
1747897460161 0.531 47
1747897706717 0.5302 48
1747897953705 0.5308 49
1747898201023 0.5344 50
1747898446960 0.5306 51
1747898694178 0.5372 52
1747898939163 0.5352 53
1747899185814 0.5362 54
1747899432143 0.5334 55
1747899678180 0.535 56
1747899924067 0.5378 57
1747900170146 0.5362 58
1747900416743 0.539 59
1747900662103 0.5376 60
1747900908490 0.5378 61
1747901153800 0.5368 62
1747901398801 0.5364 63
1747901645027 0.538 64
1747901891584 0.5356 65
1747902137240 0.5374 66
1747902383162 0.5376 67
1747902629122 0.5366 68
1747902874938 0.5346 69
1747903119602 0.5362 70
1747903365568 0.5366 71
1747903611940 0.5352 72
1747903858128 0.536 73
1747904104589 0.5368 74
1747904350486 0.5332 75
1747904626889 0.5344 76
1747904869071 0.5344 77
1747905109979 0.5338 78
1747905351457 0.534 79
1747905595702 0.5332 80
1747905836420 0.5338 81
1747906077867 0.533 82
1747906320093 0.5324 83
1747906562510 0.5326 84
1747906804990 0.533 85
1747907047758 0.5334 86
1747907290753 0.5332 87
1747907534125 0.5336 88
1747907778007 0.5336 89
1747908020999 0.5338 90
1747908263698 0.534 91
1747908505264 0.5342 92
1747908746590 0.534 93
1747908988219 0.534 94
1747909229690 0.5348 95
1747909471227 0.5348 96
1747909713263 0.5348 97
1747909955694 0.535 98
1747910198198 0.5348 99
1747910441261 0.5332 100
1747910685310 0.5334 101
1747910929584 0.5338 102
1747911174300 0.5334 103
1747911418148 0.5334 104
1747911663023 0.534 105
1747911907983 0.5336 106
1747912152849 0.5336 107
1747912397783 0.5334 108
1747912657155 0.5334 109
1747912965999 0.5338 110
1747913275626 0.5346 111
1747913584636 0.5344 112
1747913893475 0.5342 113
1747914203345 0.5344 114
1747914512429 0.5346 115
1747914822190 0.5344 116
1747915131087 0.5348 117
1747915439770 0.5346 118
1747915748164 0.5348 119
1747916079225 0.5346 120
1747916387019 0.5348 121
1747916693884 0.5346 122
1747917001005 0.5346 123
1747917307481 0.5344 124
1747917614780 0.5344 125
1747917921336 0.5346 126
1747918228545 0.5344 127
1747918535526 0.5344 128
1747918842900 0.5342 129
1747919150633 0.5342 130
1747919457582 0.5342 131
1747919764284 0.5346 132
1747920071077 0.5344 133
1747920377807 0.5342 134
1747920700703 0.5344 135
1747921008270 0.5344 136
1747921315588 0.5346 137
1747921622226 0.5344 138
1747921927319 0.5344 139
1747922233337 0.5346 140
1747922566113 0.5344 141
1747922873327 0.5342 142
1747923177882 0.5344 143
1747923483055 0.5344 144
1747923788423 0.5344 145
1747924093783 0.5344 146
1747924399140 0.5346 147
1747924704660 0.5344 148
1747925009706 0.5346 149
1747925316217 0.5346 150
1747925643005 0.5344 151
1747925948464 0.5346 152
1747926275124 0.5348 153
1747926596974 0.5344 154
1747926903565 0.5344 155
1747927209466 0.5342 156
1747927516594 0.5346 157
1747927822456 0.5344 158
1747928124930 0.5346 159
1747928430214 0.5346 160
1747928736557 0.5348 161
1747929042142 0.5346 162
1747929347126 0.5346 163
1747929651123 0.5348 164
1747929953411 0.5348 165
1747930258099 0.5346 166
1747930563545 0.5346 167
1747930869084 0.5344 168
1747931174510 0.5344 169
1747931479252 0.5344 170
1747931784288 0.5346 171
1747932088809 0.5346 172
1747932393544 0.5346 173
1747932698611 0.5346 174
1747933003187 0.5346 175
1747933308143 0.5346 176
1747933613150 0.5346 177
1747933917946 0.5346 178
1747934222320 0.5346 179
1747934526518 0.5346 180
1747934831024 0.5346 181
1747935135656 0.5346 182
1747935440160 0.5344 183
1747935744039 0.5344 184
1747936047867 0.5344 185
1747936350998 0.5344 186
1747936653294 0.5342 187
1747936953025 0.5342 188
1747937252584 0.5344 189
1747937551294 0.5344 190
1747937851768 0.5344 191
1747938179220 0.5344 192
1747938478903 0.5344 193
1747938780556 0.5346 194
1747939081320 0.5342 195
1747939382700 0.5342 196
1747939684752 0.5342 197
1747939985964 0.5342 198
1747940290584 0.5342 199
1747940594423 0.5342 200
1747940898279 0.5342 201
1747941201824 0.5342 202
1747941505185 0.5342 203
1747941808192 0.5342 204
1747942111202 0.5342 205
1747942414662 0.5342 206
1747942717868 0.5342 207
1747943020702 0.5344 208
1747943323621 0.5342 209
1747943625643 0.5342 210
1747943929115 0.5342 211
1747944233634 0.5344 212
1747944537120 0.5342 213
1747944840656 0.5342 214
1747945143610 0.5342 215
1747945466602 0.5342 216
1747945770410 0.5342 217
1747946073369 0.5342 218
1747946376210 0.5342 219
1747946678719 0.5342 220
1747946981361 0.5342 221
1747947283885 0.5342 222
1747947586455 0.5342 223
1747947889528 0.5342 224
1747948192957 0.5344 225
1747948496706 0.5342 226
1747948799023 0.5342 227
1747949100288 0.5342 228
1747949401307 0.5342 229
1747949703099 0.5344 230
1747950004039 0.5342 231
1747950304904 0.5342 232
1747950606232 0.5344 233
1747950907382 0.5346 234
1747951208526 0.5344 235
1747951509718 0.5342 236
1747951811449 0.5344 237
1747952113064 0.5342 238
1747952413632 0.5344 239
1747952715822 0.5346 240
1747953016460 0.5344 241
1747953317187 0.5344 242
1747953621740 0.5342 243
1747953922562 0.5342 244
1747954223243 0.5342 245
1747954523103 0.5342 246
1747954823974 0.5344 247
1747955124640 0.5342 248
1747955425233 0.5342 249
1747955725879 0.5344 250
1747956026409 0.5346 251
1747956326839 0.5344 252
1747956627365 0.5344 253
1747956928258 0.5342 254
1747957228541 0.5348 255
1747957528213 0.5344 256
1747957827209 0.5346 257
1747958127149 0.5346 258
1747958426700 0.5348 259
1747958726028 0.5346 260
1747959025359 0.5346 261
1747959324477 0.5346 262
1747959624490 0.5344 263
1747959923711 0.5346 264
1747960223155 0.5346 265
1747960522403 0.5344 266
1747960821816 0.5346 267
1747961120966 0.5344 268
1747961398550 0.5344 269
1747961671955 0.5348 270
1747961943929 0.5344 271
1747962215755 0.5344 272
1747962484700 0.5342 273
1747962754020 0.5342 274
1747963023248 0.5344 275
1747963292657 0.5342 276
1747963561409 0.5342 277
1747963829942 0.5342 278
1747964098193 0.5342 279
1747964367392 0.5342 280
1747964636092 0.5344 281
1747964904937 0.5344 282
1747965173617 0.5342 283
1747965441774 0.5344 284
1747965710392 0.5344 285
1747965978670 0.534 286
1747966246542 0.5346 287
1747966515486 0.5344 288
1747966784383 0.5344 289
1747967053258 0.5344 290
1747967321685 0.5344 291
1747967591308 0.5342 292
1747967860953 0.5342 293
1747968130814 0.5344 294
1747968399849 0.5342 295
1747968669221 0.5344 296
1747968938886 0.5346 297
1747969208715 0.5346 298
1747969478770 0.5346 299
1747969749909 0.5346 300
1747970022138 0.5344 301
1747970293403 0.5344 302
1747970565434 0.534 303
1747970836933 0.5342 304
1747971108700 0.5342 305
1747971380977 0.5344 306
1747971653274 0.5344 307
1747971925586 0.5344 308
1747972197352 0.5344 309
