1747885895115 2.307952404022217 0
1747886144331 1.9588664770126343 1
1747886385261 1.6850873827934265 2
1747886628164 1.6193998456001282 3
1747886873481 1.5751588940620422 4
1747887119526 1.5315628051757812 5
1747887365562 1.5302358865737915 6
1747887609691 1.4923235177993774 7
1747887857499 1.4814180731773376 8
1747888103380 1.453288495540619 9
1747888354431 1.4435166716575623 10
1747888605550 1.4264160990715027 11
1747888853973 1.411282479763031 12
1747889102085 1.4103838205337524 13
1747889350800 1.3882339596748352 14
1747889598112 1.3896806836128235 15
1747889845146 1.3738195896148682 16
1747890092243 1.3744237422943115 17
1747890338290 1.3738447427749634 18
1747890585605 1.3511797785758972 19
1747890832147 1.3456721901893616 20
1747891080535 1.3435924649238586 21
1747891328081 1.3424333333969116 22
1747891574754 1.3569924235343933 23
1747891820016 1.34242445230484 24
1747892064410 1.3328856229782104 25
1747892307886 1.3191710114479065 26
1747892552342 1.3252684473991394 27
1747892796484 1.3427698016166687 28
1747893040939 1.3462594151496887 29
1747893285116 1.3309136629104614 30
1747893529695 1.3334856629371643 31
1747893772974 1.3450663685798645 32
1747894026256 1.3343936800956726 33
1747894268661 1.3424413800239563 34
1747894509441 1.3377671837806702 35
1747894754297 1.3448219299316406 36
1747894999463 1.3395212292671204 37
1747895246152 1.344979703426361 38
1747895492403 1.3489081263542175 39
1747895738156 1.3506492376327515 40
1747895983274 1.357234001159668 41
1747896229474 1.3520949482917786 42
1747896475689 1.3558387160301208 43
1747896722364 1.3616482019424438 44
1747896968207 1.3616641759872437 45
1747897214569 1.3573092222213745 46
1747897460161 1.3616272807121277 47
1747897706717 1.3623533844947815 48
1747897953705 1.3668086528778076 49
1747898201023 1.3656157851219177 50
1747898446960 1.365178108215332 51
1747898694178 1.3722745180130005 52
1747898939163 1.3666552305221558 53
1747899185814 1.3691453337669373 54
1747899432143 1.3737767934799194 55
1747899678180 1.3674983978271484 56
1747899924067 1.3700854182243347 57
1747900170146 1.3691018223762512 58
1747900416743 1.3694780468940735 59
1747900662103 1.3699890971183777 60
1747900908490 1.3698177933692932 61
1747901153800 1.369827687740326 62
1747901398801 1.3702669143676758 63
1747901645027 1.3700082898139954 64
1747901891584 1.3701327443122864 65
1747902137240 1.3708921670913696 66
1747902383162 1.3700007796287537 67
1747902629122 1.3705965280532837 68
1747902874938 1.3697733283042908 69
1747903119602 1.3683371543884277 70
1747903365568 1.3680524230003357 71
1747903611940 1.3682730793952942 72
1747903858128 1.3686074614524841 73
1747904104589 1.367907166481018 74
1747904350486 1.3693262934684753 75
1747904626889 1.3676417469978333 76
1747904869071 1.3671393990516663 77
1747905109979 1.366960048675537 78
1747905351457 1.3671043515205383 79
1747905595702 1.3670561909675598 80
1747905836420 1.3693654537200928 81
1747906077867 1.3683953285217285 82
1747906320093 1.3681158423423767 83
1747906562510 1.3679537773132324 84
1747906804990 1.3682218790054321 85
1747907047758 1.3680037260055542 86
1747907290753 1.3707195520401 87
1747907534125 1.3700530529022217 88
1747907778007 1.369813621044159 89
1747908020999 1.370000422000885 90
1747908263698 1.3697331547737122 91
1747908505264 1.3697192072868347 92
1747908746590 1.371172547340393 93
1747908988219 1.3710583448410034 94
1747909229690 1.3709606528282166 95
1747909471227 1.3709424138069153 96
1747909713263 1.3709231615066528 97
1747909955694 1.3709875345230103 98
1747910198198 1.3714946508407593 99
1747910441261 1.3712660074234009 100
1747910685310 1.371325135231018 101
1747910929584 1.371264934539795 102
1747911174300 1.3712445497512817 103
1747911418148 1.371148407459259 104
1747911663023 1.3714845776557922 105
1747911907983 1.3713833689689636 106
1747912152849 1.371347427368164 107
1747912397783 1.3712700009346008 108
1747912657155 1.371190369129181 109
1747912965999 1.3712025880813599 110
1747913275626 1.3713403940200806 111
1747913584636 1.3713225722312927 112
1747913893475 1.3713079690933228 113
1747914203345 1.3713079690933228 114
1747914512429 1.3713005185127258 115
1747914822190 1.3712548613548279 116
1747915131087 1.371248722076416 117
1747915439770 1.3711724281311035 118
1747915748164 1.3711547255516052 119
1747916079225 1.3711466789245605 120
1747916387019 1.3711138367652893 121
1747916693884 1.371078372001648 122
1747917001005 1.37117338180542 123
1747917307481 1.3711045980453491 124
1747917614780 1.3710758090019226 125
1747917921336 1.3710989952087402 126
1747918228545 1.3710935711860657 127
1747918535526 1.3711127042770386 128
1747918842900 1.3710708618164062 129
1747919150633 1.3710438013076782 130
1747919457582 1.3710781335830688 131
1747919764284 1.3710230588912964 132
1747920071077 1.3710598349571228 133
1747920377807 1.3710769414901733 134
1747920700703 1.371038019657135 135
1747921008270 1.3710699081420898 136
1747921315588 1.3710492849349976 137
1747921622226 1.371060311794281 138
1747921927319 1.3711220622062683 139
1747922233337 1.3711206316947937 140
1747922566113 1.3710679411888123 141
1747922873327 1.3710787892341614 142
1747923177882 1.3710929155349731 143
1747923483055 1.3710711598396301 144
1747923788423 1.3711082339286804 145
1747924093783 1.3710440397262573 146
1747924399140 1.3710461258888245 147
1747924704660 1.3710965514183044 148
1747925009706 1.3710532784461975 149
1747925316217 1.371003806591034 150
1747925643005 1.3710306882858276 151
1747925948464 1.3710078597068787 152
1747926275124 1.3709949851036072 153
1747926596974 1.37099289894104 154
1747926903565 1.3710119724273682 155
1747927209466 1.3709661364555359 156
1747927516594 1.3710091710090637 157
1747927822456 1.3710315227508545 158
1747928124930 1.371062457561493 159
1747928430214 1.3710119128227234 160
1747928736557 1.3710178136825562 161
1747929042142 1.3709726333618164 162
1747929347126 1.371014654636383 163
1747929651123 1.3709319233894348 164
1747929953411 1.3709957599639893 165
1747930258099 1.3710198998451233 166
1747930563545 1.370983362197876 167
1747930869084 1.370983064174652 168
1747931174510 1.3709940910339355 169
1747931479252 1.370930552482605 170
1747931784288 1.3709734678268433 171
1747932088809 1.3709513545036316 172
1747932393544 1.3709455132484436 173
1747932698611 1.370918095111847 174
1747933003187 1.3709034323692322 175
1747933308143 1.3709129095077515 176
1747933613150 1.3709511160850525 177
1747933917946 1.3709414601325989 178
1747934222320 1.3709567785263062 179
1747934526518 1.3708797097206116 180
1747934831024 1.3708478808403015 181
1747935135656 1.3708504438400269 182
1747935440160 1.370909571647644 183
1747935744039 1.370905876159668 184
1747936047867 1.3709152936935425 185
1747936350998 1.3709049820899963 186
1747936653294 1.3709839582443237 187
1747936953025 1.3709610104560852 188
1747937252584 1.3709469437599182 189
1747937551294 1.3708994388580322 190
1747937851768 1.3709604144096375 191
1747938179220 1.3708590865135193 192
1747938478903 1.370925784111023 193
1747938780556 1.3709388375282288 194
1747939081320 1.3709127306938171 195
1747939382700 1.3708884716033936 196
1747939684752 1.370942771434784 197
1747939985964 1.370900809764862 198
1747940290584 1.3708917498588562 199
1747940594423 1.3708801865577698 200
1747940898279 1.3708770871162415 201
1747941201824 1.3708483576774597 202
1747941505185 1.3708831071853638 203
1747941808192 1.3708974719047546 204
1747942111202 1.370904564857483 205
1747942414662 1.370846450328827 206
1747942717868 1.3708954453468323 207
1747943020702 1.3708841800689697 208
1747943323621 1.3708540797233582 209
1747943625643 1.3708471655845642 210
1747943929115 1.370832622051239 211
1747944233634 1.3709238171577454 212
1747944537120 1.370853841304779 213
1747944840656 1.3708799481391907 214
1747945143610 1.370860755443573 215
1747945466602 1.3708736896514893 216
1747945770410 1.370770812034607 217
1747946073369 1.3708528876304626 218
1747946376210 1.3707961440086365 219
1747946678719 1.3707842826843262 220
1747946981361 1.3708072304725647 221
1747947283885 1.3708129525184631 222
1747947586455 1.3708242177963257 223
1747947889528 1.3708248734474182 224
1747948192957 1.3708237409591675 225
1747948496706 1.3708186149597168 226
1747948799023 1.3708274960517883 227
1747949100288 1.3708324432373047 228
1747949401307 1.3708136677742004 229
1747949703099 1.3708369135856628 230
1747950004039 1.3708186745643616 231
1747950304904 1.370792806148529 232
1747950606232 1.3708101511001587 233
1747950907382 1.3708041310310364 234
1747951208526 1.3708091974258423 235
1747951509718 1.3708088397979736 236
1747951811449 1.3708532452583313 237
1747952113064 1.3708343505859375 238
1747952413632 1.3708047270774841 239
1747952715822 1.3708288073539734 240
1747953016460 1.3708330988883972 241
1747953317187 1.3708298802375793 242
1747953621740 1.3708261847496033 243
1747953922562 1.370798945426941 244
1747954223243 1.370860517024994 245
1747954523103 1.3708733320236206 246
1747954823974 1.3709039092063904 247
1747955124640 1.3708926439285278 248
1747955425233 1.3709124326705933 249
1747955725879 1.3709210753440857 250
1747956026409 1.3709306716918945 251
1747956326839 1.370928704738617 252
1747956627365 1.370883047580719 253
1747956928258 1.3709162473678589 254
1747957228541 1.370931088924408 255
1747957528213 1.3709169030189514 256
1747957827209 1.3708781599998474 257
1747958127149 1.3708283305168152 258
1747958426700 1.3708232045173645 259
1747958726028 1.3708482384681702 260
1747959025359 1.3708593845367432 261
1747959324477 1.3708626627922058 262
1747959624490 1.3708657622337341 263
1747959923711 1.3708392977714539 264
1747960223155 1.3708231449127197 265
1747960522403 1.3708757162094116 266
1747960821816 1.3708916902542114 267
1747961120966 1.3708639740943909 268
1747961398550 1.3708767294883728 269
1747961671955 1.3708802461624146 270
1747961943929 1.3708851337432861 271
1747962215755 1.3708643317222595 272
1747962484700 1.3708823323249817 273
1747962754020 1.370862603187561 274
1747963023248 1.3708638548851013 275
1747963292657 1.370853304862976 276
1747963561409 1.370882511138916 277
1747963829942 1.3708770871162415 278
1747964098193 1.370908260345459 279
1747964367392 1.3708800077438354 280
1747964636092 1.370881974697113 281
1747964904937 1.3708629608154297 282
1747965173617 1.3708668947219849 283
1747965441774 1.3708446025848389 284
1747965710392 1.370839774608612 285
1747965978670 1.3708890676498413 286
1747966246542 1.3708699941635132 287
1747966515486 1.370897650718689 288
1747966784383 1.3709317445755005 289
1747967053258 1.370875358581543 290
1747967321685 1.3708357214927673 291
1747967591308 1.3708215355873108 292
1747967860953 1.3707836866378784 293
1747968130814 1.3708447217941284 294
1747968399849 1.3708134889602661 295
1747968669221 1.37081640958786 296
1747968938886 1.3708505034446716 297
1747969208715 1.3708636164665222 298
1747969478770 1.3708354234695435 299
1747969749909 1.370881736278534 300
1747970022138 1.3708354830741882 301
1747970293403 1.3708133101463318 302
1747970565434 1.3708556294441223 303
1747970836933 1.3708215355873108 304
1747971108700 1.3708296418190002 305
1747971380977 1.370846688747406 306
1747971653274 1.3709168434143066 307
1747971925586 1.3708781599998474 308
1747972197352 1.3709090948104858 309
