1747888378729 2.3079521656036377 0
1747888905652 1.854572832584381 1
1747889431462 1.6583917140960693 2
1747889965615 1.5690947771072388 3
1747890501640 1.5301740169525146 4
1747891042086 1.4966624975204468 5
1747891584614 1.4675607085227966 6
1747892131493 1.4377908110618591 7
1747892681420 1.4178253412246704 8
1747893230564 1.4186314940452576 9
1747893780014 1.4096336960792542 10
1747894339809 1.391586720943451 11
1747894891204 1.3678496479988098 12
1747895443254 1.3704991340637207 13
1747895995767 1.347192645072937 14
1747896548980 1.350533366203308 15
1747897102335 1.3486405611038208 16
1747897655899 1.3453806042671204 17
1747898208935 1.3457472324371338 18
1747898763010 1.3321895599365234 19
1747899315571 1.3565764427185059 20
1747899869949 1.343250334262848 21
1747900422240 1.3373358845710754 22
1747900974759 1.3357751965522766 23
1747901523462 1.3517455458641052 24
1747902078215 1.3526662588119507 25
1747902737664 1.3461788296699524 26
1747903413389 1.346538245677948 27
1747904090248 1.3518971800804138 28
1747904782756 1.3600210547447205 29
1747905460731 1.3651940822601318 30
1747906138975 1.3728272318840027 31
1747906815271 1.3697009682655334 32
1747907491309 1.3737918138504028 33
1747908167476 1.36843341588974 34
1747908842797 1.3711459040641785 35
1747909495778 1.3775842189788818 36
1747910169459 1.3816874623298645 37
1747910842567 1.3730903267860413 38
1747911516603 1.3761826753616333 39
1747912189384 1.3763347864151 40
1747912864816 1.3786036968231201 41
1747913523600 1.3762587904930115 42
1747914122395 1.3773387670516968 43
1747914719530 1.3791152834892273 44
1747915316293 1.3757266402244568 45
1747915913846 1.3783404231071472 46
1747916531165 1.378433644771576 47
1747917128177 1.3773475289344788 48
1747917723469 1.3787608742713928 49
1747918321481 1.3771626353263855 50
1747918922153 1.3771955966949463 51
1747919523613 1.3760715126991272 52
1747920124436 1.3775779008865356 53
1747920737713 1.3778624534606934 54
1747921338211 1.376236379146576 55
1747921937748 1.3784846067428589 56
1747922553780 1.3766822814941406 57
1747923152535 1.3766615986824036 58
1747923750891 1.3771467804908752 59
1747924346828 1.3760566711425781 60
1747924943587 1.3771958351135254 61
1747925553594 1.3838237524032593 62
1747926173900 1.3813239932060242 63
1747926787756 1.380964756011963 64
1747927384560 1.3809409141540527 65
1747927982151 1.3808588981628418 66
1747928579349 1.3810430765151978 67
1747929176627 1.3894351720809937 68
1747929769286 1.3880903124809265 69
1747930363221 1.3875622153282166 70
1747930957892 1.3876755833625793 71
1747931549546 1.3872500658035278 72
1747932141435 1.3872252702713013 73
1747932733153 1.3945849537849426 74
1747933328532 1.3934490084648132 75
1747933924665 1.3932088613510132 76
1747934523442 1.3933960795402527 77
1747935116166 1.3933146595954895 78
1747935714917 1.3929522633552551 79
1747936318690 1.3982988595962524 80
1747936919732 1.3977771401405334 81
1747937522692 1.3975687623023987 82
1747938146645 1.3976094126701355 83
1747938754989 1.397663414478302 84
1747939357978 1.3972548246383667 85
1747939963827 1.4007362723350525 86
1747940571378 1.4005672335624695 87
1747941171597 1.4004939794540405 88
1747941763263 1.4006277322769165 89
1747942362384 1.4006466269493103 90
1747942962660 1.4006226658821106 91
1747943562787 1.4024208784103394 92
1747944163899 1.4024760723114014 93
1747944764048 1.4024200439453125 94
1747945363647 1.4023054838180542 95
1747945975808 1.4022321701049805 96
1747946571831 1.4022607803344727 97
1747947168395 1.4029681086540222 98
1747947765639 1.4030498266220093 99
1747948363777 1.403033435344696 100
1747948960935 1.4028636813163757 101
1747949558148 1.4028539061546326 102
1747950153460 1.402924120426178 103
1747950749002 1.4029755592346191 104
1747951344323 1.4029383659362793 105
1747951940220 1.4028193354606628 106
1747952534964 1.4028266072273254 107
1747953130932 1.4028196930885315 108
1747953729003 1.4028149843215942 109
1747954317838 1.4024310111999512 110
1747954906012 1.4025379419326782 111
1747955496474 1.4022195935249329 112
1747956085472 1.4025388360023499 113
1747956675232 1.4024878144264221 114
1747957271349 1.4025608897209167 115
1747957872505 1.4024595618247986 116
1747958474261 1.4024754166603088 117
1747959076551 1.4024511575698853 118
1747959676547 1.4024533033370972 119
1747960271649 1.4024487733840942 120
1747960861849 1.4024731516838074 121
1747961452971 1.4024141430854797 122
1747962042638 1.4024609923362732 123
1747962634229 1.4024197459220886 124
1747963226473 1.4023825526237488 125
1747963819676 1.4023978114128113 126
1747964416661 1.402385950088501 127
1747965015254 1.4023866653442383 128
1747965613168 1.4024046063423157 129
1747966211929 1.402420461177826 130
1747966808563 1.4024240970611572 131
1747967406225 1.402474582195282 132
1747968005071 1.4024070501327515 133
1747968603562 1.402489721775055 134
1747969201356 1.4025272130966187 135
1747969801309 1.402523934841156 136
1747970398929 1.4025875926017761 137
1747970994665 1.402587890625 138
1747971591122 1.402514934539795 139
1747972188449 1.4025148749351501 140
1747972785617 1.402461051940918 141
