1751217772994 -355.8941345214844 0
1751217800578 -406.9553527832031 1
1751217828165 -449.14813232421875 2
1751217855828 -461.87591552734375 3
1751217883403 -503.7631530761719 4
1751217910968 -515.4100341796875 5
1751217938492 -537.6630859375 6
1751217966133 -559.759765625 7
1751217993748 -575.006591796875 8
1751218021396 -590.2344970703125 9
1751218048940 -600.6111450195312 10
1751218076461 -616.2098388671875 11
1751218104026 -662.5452270507812 12
1751218131552 -654.4979858398438 13
1751218159153 -674.8670043945312 14
1751218186715 -697.0244140625 15
1751218214241 -667.1206665039062 16
1751218241769 -694.6261596679688 17
1751218269393 -707.0348510742188 18
1751218296953 -713.1217651367188 19
1751218324505 -747.2277221679688 20
1751218352062 -751.0526123046875 21
1751218379641 -732.1770629882812 22
1751218407308 -778.8778686523438 23
1751218434876 -774.8780517578125 24
1751218462457 -749.2974853515625 25
1751218490055 -776.0414428710938 26
1751218517634 -762.4935913085938 27
1751218545192 -781.4776611328125 28
1751218572702 -781.8529663085938 29
1751218600294 -766.6292114257812 30
1751218627817 -774.4031982421875 31
1751218655440 -763.4388427734375 32
1751218683051 -765.611328125 33
1751218710652 -781.87109375 34
1751218738253 -783.6002807617188 35
1751218765808 -782.0523071289062 36
1751218793363 -789.899658203125 37
1751218820889 -800.7197875976562 38
1751218848502 -792.6240844726562 39
1751220213712 -311.3377990722656 40
1751220241350 -338.5992126464844 41
1751220268960 -315.36590576171875 42
1751220296566 -332.8409423828125 43
1751220324142 -331.34564208984375 44
1751220351725 -336.9599914550781 45
1751220379267 -323.80682373046875 46
1751220406802 -326.0168151855469 47
1751220434371 -337.45281982421875 48
1751220461934 -327.1169738769531 49
1751220489511 -330.6794738769531 50
1751220517107 -325.15155029296875 51
1751220544719 -341.62640380859375 52
1751220572330 -349.8076171875 53
1751220599907 -360.5080871582031 54
1751220627528 -309.043701171875 55
1751220655139 -328.6920471191406 56
1751220682713 -337.21923828125 57
1751220710310 -356.1718444824219 58
1751220737883 -351.92352294921875 59
1751220765444 -333.21270751953125 60
1751220793051 -351.303466796875 61
1751220820689 -350.17584228515625 62
1751220848295 -332.8758850097656 63
1751220875940 -345.3707580566406 64
1751220903523 -322.48974609375 65
1751220931074 -341.781005859375 66
1751220958692 -344.5078430175781 67
1751220986283 -351.76165771484375 68
1751221013940 -362.93072509765625 69
1751221041573 -340.97418212890625 70
1751221069217 -341.4484558105469 71
1751221096806 -345.9996032714844 72
1751221124447 -334.977294921875 73
1751221152064 -324.7608642578125 74
1751221179724 -338.8982849121094 75
1751221207261 -325.0184326171875 76
1751221235180 -341.7110595703125 77
1751221263080 -333.630859375 78
1751221290683 -340.1361083984375 79
1751222739328 -16.21363067626953 80
1751222767293 -18.714374542236328 81
1751222794890 -14.129258155822754 82
1751222822544 -19.43596649169922 83
1751222850170 -14.843122482299805 84
1751222877812 -18.464719772338867 85
1751222905772 -16.810527801513672 86
1751222933733 -18.9786376953125 87
1751222961701 -17.26971435546875 88
1751222989252 -20.012374877929688 89
1751223017194 -17.774261474609375 90
1751223045148 -18.138442993164062 91
1751223072870 -17.189090728759766 92
1751223100824 -18.314455032348633 93
1751223128338 -18.721158981323242 94
1751223156244 -17.543167114257812 95
1751223183800 -21.906261444091797 96
1751223211414 -22.315113067626953 97
1751223239361 -18.946048736572266 98
1751223266998 -22.48906707763672 99
1751223294920 -25.925086975097656 100
1751223322836 -25.252906799316406 101
1751223350788 -26.836210250854492 102
1751223378764 -28.023765563964844 103
1751223406662 -24.71643829345703 104
1751223434274 -23.084884643554688 105
1751223462241 -24.426937103271484 106
1751223490150 -25.2592830657959 107
1751223518098 -25.335784912109375 108
1751223546104 -25.295923233032227 109
1751223573701 -25.261838912963867 110
1751223601706 -27.178213119506836 111
1751223629398 -25.580753326416016 112
1751223657360 -30.464733123779297 113
1751223684976 -28.532352447509766 114
1751223712946 -29.644607543945312 115
1751223740887 -28.49148941040039 116
1751223768794 -24.23859214782715 117
1751223796787 -26.711362838745117 118
1751223824752 -30.286123275756836 119
1751225282644 -33.915462493896484 120
1751225310523 -35.69316101074219 121
1751225338496 -41.78135681152344 122
1751225366443 -38.74669647216797 123
1751225394395 -43.1134033203125 124
1751225422379 -38.46686935424805 125
1751225450275 -43.85920333862305 126
1751225478180 -30.328563690185547 127
1751225506075 -43.355552673339844 128
1751225534029 -45.755897521972656 129
1751225561956 -43.91070556640625 130
1751225589846 -40.20672607421875 131
1751225617750 -38.635292053222656 132
1751225645650 -47.482051849365234 133
1751225673578 -39.00056076049805 134
1751225701529 -44.13260269165039 135
1751225729486 -44.086143493652344 136
1751225757413 -45.25001525878906 137
1751225785322 -48.66527557373047 138
1751225813304 -48.22671127319336 139
1751225841243 -44.06107711791992 140
1751225869171 -42.862815856933594 141
1751225897095 -45.79249954223633 142
1751225925088 -41.972984313964844 143
1751225953028 -46.89286422729492 144
1751225980989 -45.028289794921875 145
1751226008901 -40.6941032409668 146
1751226036791 -44.03266143798828 147
1751226064747 -49.61485290527344 148
1751226092719 -47.57817077636719 149
1751226120730 -46.48607635498047 150
1751226148748 -48.062355041503906 151
1751226176690 -46.69593811035156 152
1751226204754 -42.306427001953125 153
1751226232727 -44.740745544433594 154
1751226260677 -44.468719482421875 155
1751226288614 -42.914695739746094 156
1751226316569 -49.85868453979492 157
1751226344517 -44.59516906738281 158
1751226372460 -51.55284118652344 159
1751227851455 -36.11723327636719 160
1751227879365 -33.265419006347656 161
1751227907348 -35.18608093261719 162
1751227935286 -35.50393295288086 163
1751227963219 -28.297565460205078 164
1751227991264 -24.093521118164062 165
1751228019186 -29.99779510498047 166
1751228047129 -29.27480697631836 167
1751228075086 -34.494415283203125 168
1751228103048 -30.24413299560547 169
1751228131018 -22.393875122070312 170
1751228158938 -26.225770950317383 171
1751228186891 -34.617679595947266 172
1751228214858 -32.81302261352539 173
1751228242846 -26.40618896484375 174
1751228270834 -34.472145080566406 175
1751228298754 -33.263328552246094 176
1751228326707 -30.48008918762207 177
1751228354690 -39.97062683105469 178
1751228382616 -32.855018615722656 179
1751228410569 -28.706838607788086 180
1751228438502 -30.564918518066406 181
1751228466440 -30.509244918823242 182
1751228494370 -30.17379379272461 183
1751228522263 -33.3656120300293 184
1751228550203 -33.245460510253906 185
1751228578149 -32.935401916503906 186
1751228606089 -39.34735870361328 187
1751228634035 -34.50559997558594 188
1751228661957 -35.545047760009766 189
1751228689866 -39.57794952392578 190
1751228717812 -35.00285339355469 191
1751228745804 -35.24971389770508 192
1751228773771 -32.818641662597656 193
1751228801707 -34.7039794921875 194
1751228829897 -37.800254821777344 195
1751228857653 -28.117115020751953 196
1751228885415 -34.10453796386719 197
1751228913216 -33.49905776977539 198
1751228940961 -34.848304748535156 199
1751230449353 -29.562551498413086 200
1751230477062 -33.065406799316406 201
1751230504838 -24.91754150390625 202
1751230532561 -28.136938095092773 203
1751230560266 -27.828638076782227 204
1751230588009 -27.067659378051758 205
1751230615747 -24.185970306396484 206
1751230643491 -31.480480194091797 207
1751230671266 -25.394969940185547 208
1751230699011 -26.422470092773438 209
1751230726748 -23.261104583740234 210
1751230754446 -32.89147186279297 211
1751230782319 -25.924942016601562 212
1751230810007 -29.685787200927734 213
1751230837698 -27.58220672607422 214
1751230865386 -25.173397064208984 215
1751230893155 -28.575788497924805 216
1751230920939 -30.527557373046875 217
1751230948620 -29.779573440551758 218
1751230976299 -25.881254196166992 219
1751231003981 -30.459331512451172 220
1751231031692 -27.628080368041992 221
1751231059395 -26.866031646728516 222
1751231087165 -28.5744571685791 223
1751231114852 -27.810888290405273 224
1751231142574 -29.912879943847656 225
1751231170302 -26.884090423583984 226
1751231197993 -36.39756774902344 227
1751231225753 -25.577247619628906 228
1751231253482 -30.257408142089844 229
1751231281293 -29.992870330810547 230
1751231309013 -33.293731689453125 231
1751231336742 -28.960391998291016 232
1751231364472 -31.839933395385742 233
1751231392192 -29.203784942626953 234
1751231419906 -34.12015151977539 235
1751231447659 -33.94485092163086 236
1751231475396 -34.20243835449219 237
1751231503120 -32.25111770629883 238
1751231530878 -32.46480941772461 239
1751233041608 -47.37358093261719 240
1751233069337 -50.74372863769531 241
1751233097038 -47.928749084472656 242
1751233124795 -44.68144989013672 243
1751233152535 -44.72389221191406 244
1751233180288 -39.90232849121094 245
1751233208056 -47.65081024169922 246
1751233235814 -41.773590087890625 247
1751233263527 -42.47671890258789 248
1751233291251 -44.09765625 249
1751233319007 -38.83122634887695 250
1751233346767 -43.574737548828125 251
1751233374575 -40.567047119140625 252
1751233402230 -37.77311325073242 253
1751233429994 -36.560821533203125 254
1751233457774 -41.135101318359375 255
1751233485498 -34.204307556152344 256
1751233513279 -40.4380989074707 257
1751233541012 -46.68531799316406 258
1751233568763 -44.64762878417969 259
1751233596486 -39.771148681640625 260
1751233624239 -45.49097442626953 261
1751233652010 -44.47701644897461 262
1751233679751 -44.57920837402344 263
1751233707486 -35.47428894042969 264
1751233735222 -42.45527648925781 265
1751233762934 -40.247528076171875 266
1751233790736 -37.422035217285156 267
1751233818501 -35.14168167114258 268
1751233846191 -40.95082473754883 269
1751233873943 -42.96881866455078 270
1751233901641 -45.589046478271484 271
1751233929322 -44.27974319458008 272
1751233957076 -49.251853942871094 273
1751233984895 -43.54901885986328 274
1751234012657 -40.56986999511719 275
1751234040422 -44.96952819824219 276
1751234068211 -43.439208984375 277
1751234095980 -43.909019470214844 278
1751234123708 -49.394954681396484 279
1751235635083 -31.422550201416016 280
1751235662851 -28.203989028930664 281
1751235690599 -31.14422607421875 282
1751235718336 -30.29227066040039 283
1751235746226 -28.211193084716797 284
1751235773925 -29.334491729736328 285
1751235801672 -24.75983238220215 286
1751235829455 -26.69253921508789 287
1751235857198 -24.824256896972656 288
1751235884896 -25.813966751098633 289
1751235912628 -23.536853790283203 290
1751235940734 -27.376649856567383 291
1751235968841 -27.911293029785156 292
1751235996553 -26.154247283935547 293
1751236024606 -23.75543975830078 294
1751236052302 -17.991687774658203 295
1751236080098 -25.45746612548828 296
1751236107845 -25.99624252319336 297
1751236135579 -27.811477661132812 298
1751236163663 -25.912174224853516 299
1751236191385 -26.060958862304688 300
1751236219124 -24.008817672729492 301
1751236246920 -21.799501419067383 302
1751236274647 -25.859310150146484 303
1751236302419 -28.764495849609375 304
1751236330181 -23.287282943725586 305
1751236357913 -27.014692306518555 306
1751236385985 -24.51036834716797 307
1751236414051 -28.674686431884766 308
1751236441805 -24.17171859741211 309
1751236469557 -22.002962112426758 310
1751236497287 -24.50933837890625 311
1751236525038 -28.543163299560547 312
1751236552776 -24.62437629699707 313
1751236580522 -25.51254653930664 314
1751236608661 -29.282590866088867 315
1751236636431 -22.323680877685547 316
1751236664217 -19.91326141357422 317
1751236691972 -25.79302215576172 318
1751236719746 -28.931438446044922 319
1751238321050 -54.11717987060547 320
1751238349072 -70.84931945800781 321
1751238377171 -52.55104064941406 322
1751238405246 -47.42964172363281 323
1751238433356 -60.09429168701172 324
1751238461416 -50.214866638183594 325
1751238489485 -54.82293701171875 326
1751238517494 -54.76825714111328 327
1751238545209 -53.99723815917969 328
1751238572868 -52.73957061767578 329
1751238600984 -63.40259552001953 330
1751238629047 -58.10354232788086 331
1751238657112 -59.29578399658203 332
1751238685151 -50.55207824707031 333
1751238713194 -50.62841796875 334
1751238741293 -63.557838439941406 335
1751238768993 -62.186912536621094 336
1751238797086 -47.311744689941406 337
1751238825171 -59.21380615234375 338
1751238853260 -47.95179748535156 339
1751238881368 -46.31871032714844 340
1751238909413 -50.31261444091797 341
1751238937497 -51.163089752197266 342
1751238965560 -60.06632995605469 343
1751238993588 -48.662899017333984 344
1751239021271 -43.48323059082031 345
1751239049359 -54.18666076660156 346
1751239077434 -50.487571716308594 347
1751239105532 -51.05476760864258 348
1751239133600 -43.999412536621094 349
1751239161332 -52.396602630615234 350
1751239189471 -55.459991455078125 351
1751239217595 -40.99449157714844 352
1751239245644 -51.783546447753906 353
1751239273727 -57.600379943847656 354
1751239301866 -59.4411506652832 355
1751239329944 -52.020965576171875 356
1751239358002 -62.56238555908203 357
1751239386104 -52.66001892089844 358
1751239414190 -50.267337799072266 359
1751240960124 -38.466365814208984 360
1751240988203 -38.381866455078125 361
1751241016256 -42.076663970947266 362
1751241044331 -35.8532829284668 363
1751241072414 -35.39036560058594 364
1751241100464 -38.167564392089844 365
1751241128516 -37.34294891357422 366
1751241156584 -31.816680908203125 367
1751241184629 -33.98152160644531 368
1751241212751 -37.78868103027344 369
1751241240821 -34.830039978027344 370
1751241268863 -32.744773864746094 371
1751241296934 -38.09440994262695 372
1751241325020 -29.608963012695312 373
1751241353080 -30.418367385864258 374
1751241381134 -25.837629318237305 375
1751241409238 -33.16928482055664 376
1751241437293 -29.580291748046875 377
1751241465398 -28.22996711730957 378
1751241493492 -39.20587921142578 379
1751241521627 -26.389705657958984 380
1751241549705 -34.77348709106445 381
1751241577788 -36.57323455810547 382
1751241605794 -42.35210418701172 383
1751241633893 -38.21161651611328 384
1751241662010 -33.74078369140625 385
1751241690082 -34.829200744628906 386
1751241718101 -41.74068832397461 387
1751241746171 -31.129518508911133 388
1751241774202 -36.135623931884766 389
1751241802249 -39.48184585571289 390
1751241830241 -33.712318420410156 391
1751241858337 -34.86100769042969 392
1751241886369 -37.78623580932617 393
1751241914418 -30.697486877441406 394
1751241942468 -29.79224395751953 395
1751241970548 -30.104297637939453 396
1751241998675 -30.543514251708984 397
1751242026806 -30.936857223510742 398
1751242054887 -32.27708053588867 399
1751243577250 -42.86963653564453 400
1751243605176 -41.372737884521484 401
1751243633138 -42.0616455078125 402
1751243661128 -45.90583801269531 403
1751243689128 -47.24683380126953 404
1751243717067 -39.231773376464844 405
1751243745041 -42.93415069580078 406
1751243773002 -44.71585464477539 407
1751243800975 -41.84202575683594 408
1751243828985 -44.30656433105469 409
1751243856935 -42.91045379638672 410
1751243884904 -40.923301696777344 411
1751243912829 -39.29872131347656 412
1751243940765 -39.54517364501953 413
1751243968668 -46.07459259033203 414
1751243996644 -39.18903732299805 415
1751244024599 -47.28577423095703 416
1751244052608 -44.59766387939453 417
1751244080550 -43.573204040527344 418
1751244108463 -44.02106475830078 419
1751244136364 -51.23072052001953 420
1751244164275 -48.782798767089844 421
1751244192222 -47.27757263183594 422
1751244220158 -40.251136779785156 423
1751244248108 -44.995967864990234 424
1751244276028 -41.75912094116211 425
1751244303986 -45.51109313964844 426
1751244331960 -43.120269775390625 427
1751244359905 -43.02479553222656 428
1751244387837 -41.306884765625 429
1751244415781 -38.466182708740234 430
1751244443750 -40.770477294921875 431
1751244471680 -43.50444030761719 432
1751244499657 -42.60906982421875 433
1751244527573 -42.025047302246094 434
1751244555492 -44.355804443359375 435
1751244583406 -40.212223052978516 436
1751244611379 -45.35859680175781 437
1751244639247 -37.90398406982422 438
1751244667154 -38.125179290771484 439
1751246227641 -17.08513069152832 440
1751246255514 -17.473772048950195 441
1751246283399 -19.195484161376953 442
1751246311322 -15.6358642578125 443
1751246339177 -14.769394874572754 444
1751246367080 -11.82543659210205 445
1751246394937 -15.982229232788086 446
1751246422801 -10.923385620117188 447
1751246450650 -11.425863265991211 448
1751246478561 -10.592123985290527 449
1751246506542 -13.505821228027344 450
1751246534410 -12.689920425415039 451
1751246562308 -13.165892601013184 452
1751246590167 -10.67722225189209 453
1751246618007 -11.935362815856934 454
1751246645852 -12.314912796020508 455
1751246673725 -9.94394302368164 456
1751246701565 -9.749377250671387 457
1751246729537 -5.483497142791748 458
1751246757440 -7.3958210945129395 459
1751246785329 -6.743147850036621 460
1751246813256 -9.288797378540039 461
1751246841072 -8.384559631347656 462
1751246868985 -5.943436622619629 463
1751246896850 -8.982840538024902 464
1751246924720 -8.74566650390625 465
1751246952624 -8.528765678405762 466
1751246980523 -11.104236602783203 467
1751247008404 -11.370230674743652 468
1751247036244 -11.32604694366455 469
1751247064152 -6.59580135345459 470
1751247092080 -5.18497371673584 471
1751247119928 -5.7760772705078125 472
1751247147814 -8.786791801452637 473
1751247175727 -8.774556159973145 474
1751247203605 -8.225937843322754 475
1751247231448 -7.8921918869018555 476
1751247259231 -6.411921501159668 477
1751247287121 -4.081368923187256 478
1751247314981 -9.361910820007324 479
1751248932650 -27.525856018066406 480
1751248960488 -29.88323974609375 481
1751248988295 -23.12627410888672 482
1751249016097 -28.658761978149414 483
1751249044281 -27.729854583740234 484
1751249072100 -23.689971923828125 485
1751249099953 -25.76633071899414 486
1751249127760 -29.14618682861328 487
1751249155682 -22.32475471496582 488
1751249183523 -23.801170349121094 489
1751249211722 -23.457530975341797 490
1751249239540 -22.582738876342773 491
1751249267386 -22.599605560302734 492
1751249295233 -24.073192596435547 493
1751249323053 -23.62924575805664 494
1751249350862 -21.94515609741211 495
1751249378747 -22.23874855041504 496
1751249406597 -22.918291091918945 497
1751249434382 -20.44438934326172 498
1751249462185 -23.53373908996582 499
1751249489992 -22.560474395751953 500
1751249517772 -21.316726684570312 501
1751249545636 -20.83404541015625 502
1751249573535 -18.958011627197266 503
1751249601294 -19.6755313873291 504
1751249629460 -18.10385513305664 505
1751249657328 -20.589000701904297 506
1751249685177 -18.035730361938477 507
1751249713006 -19.914846420288086 508
1751249740807 -20.648860931396484 509
1751249768638 -23.427867889404297 510
1751249796504 -24.85332679748535 511
1751249824634 -18.909774780273438 512
1751249852429 -20.298015594482422 513
1751249880256 -20.607236862182617 514
1751249908084 -19.315744400024414 515
1751249935912 -20.280929565429688 516
1751249963732 -19.617450714111328 517
1751249991563 -18.74794578552246 518
1751250019373 -17.491558074951172 519
1751251624491 -27.016136169433594 520
1751251652345 -23.352590560913086 521
1751251680548 -16.698270797729492 522
1751251708733 -24.614749908447266 523
1751251736931 -22.96052360534668 524
1751251765140 -19.8059024810791 525
1751251793289 -17.658578872680664 526
1751251821453 -23.275901794433594 527
1751251849225 -22.722082138061523 528
1751251877453 -18.408578872680664 529
1751251905694 -17.997026443481445 530
1751251933872 -20.402618408203125 531
1751251962090 -25.74635887145996 532
1751251990226 -20.734729766845703 533
1751252018369 -19.932180404663086 534
1751252046596 -20.05659294128418 535
1751252074317 -19.26801109313965 536
1751252102475 -18.98275375366211 537
1751252130669 -20.820343017578125 538
1751252158921 -13.046161651611328 539
1751252187128 -20.728713989257812 540
1751252215279 -23.75133514404297 541
1751252243399 -16.15848159790039 542
1751252271588 -13.129837989807129 543
1751252299391 -20.684341430664062 544
1751252327665 -18.422805786132812 545
1751252355829 -18.18544578552246 546
1751252383978 -13.342523574829102 547
1751252412187 -18.78238296508789 548
1751252440312 -18.528480529785156 549
1751252468489 -25.168432235717773 550
1751252496692 -24.444034576416016 551
1751252524954 -15.045856475830078 552
1751252553210 -14.903292655944824 553
1751252581415 -15.479832649230957 554
1751252609525 -20.867717742919922 555
1751252637684 -24.520797729492188 556
1751252665856 -26.676185607910156 557
1751252693931 -19.905000686645508 558
1751252722090 -10.515686988830566 559
1751254392385 -23.655759811401367 560
1751254420587 -25.50246238708496 561
1751254448696 -26.687591552734375 562
1751254476834 -26.0833683013916 563
1751254504990 -22.297176361083984 564
1751254533147 -23.891841888427734 565
1751254561290 -18.06547737121582 566
1751254589467 -26.32139015197754 567
1751254617628 -24.951475143432617 568
1751254645734 -23.814865112304688 569
1751254673832 -17.903459548950195 570
1751254701965 -26.54017448425293 571
1751254730179 -25.307945251464844 572
1751254758329 -22.942108154296875 573
1751254786437 -21.61425018310547 574
1751254814562 -20.654268264770508 575
1751254842699 -24.714214324951172 576
1751254870799 -23.820209503173828 577
1751254898953 -20.34406280517578 578
1751254927132 -27.03227996826172 579
1751254955291 -21.532150268554688 580
1751254983479 -23.61954116821289 581
1751255011712 -18.251453399658203 582
1751255039865 -24.426815032958984 583
1751255067995 -18.823192596435547 584
1751255096088 -19.565786361694336 585
1751255124233 -17.413204193115234 586
1751255152375 -23.433879852294922 587
1751255180531 -19.793624877929688 588
1751255208723 -21.4956111907959 589
1751255236870 -22.45844841003418 590
1751255265012 -23.39122772216797 591
1751255293094 -18.94812774658203 592
1751255321228 -23.933792114257812 593
1751255349367 -15.005794525146484 594
1751255377497 -21.615764617919922 595
1751255405691 -18.48681640625 596
1751255433813 -17.818147659301758 597
1751255462020 -23.926624298095703 598
1751255490158 -18.77215003967285 599
1751257115782 -19.415691375732422 600
1751257143623 -22.999814987182617 601
1751257171552 -21.01629638671875 602
1751257199430 -24.075790405273438 603
1751257227327 -20.35123634338379 604
1751257255247 -23.445634841918945 605
1751257283123 -21.451961517333984 606
1751257310983 -26.12388801574707 607
1751257338924 -20.107601165771484 608
1751257366944 -21.439144134521484 609
1751257394857 -19.462923049926758 610
1751257422760 -20.36918830871582 611
1751257450661 -21.120019912719727 612
1751257478534 -20.292402267456055 613
1751257506455 -17.846450805664062 614
1751257534397 -22.115074157714844 615
1751257562371 -18.208904266357422 616
1751257590232 -20.08919906616211 617
1751257618158 -16.242382049560547 618
1751257646034 -16.146230697631836 619
1751257673938 -17.836889266967773 620
1751257701867 -17.798583984375 621
1751257729742 -17.447599411010742 622
1751257757667 -20.896617889404297 623
1751257785582 -16.523448944091797 624
1751257813445 -17.93973731994629 625
1751257841334 -14.77169418334961 626
1751257869220 -12.780932426452637 627
1751257897124 -11.96799373626709 628
1751257925021 -14.092938423156738 629
1751257952880 -17.060344696044922 630
1751257980795 -15.233585357666016 631
1751258008637 -19.525691986083984 632
1751258036629 -21.23897933959961 633
1751258064499 -16.40123748779297 634
1751258092462 -20.0567626953125 635
1751258120471 -16.77573013305664 636
1751258148437 -15.271014213562012 637
1751258176323 -18.930601119995117 638
1751258204190 -15.791034698486328 639
1751259903694 -22.434873580932617 640
1751259931618 -19.936710357666016 641
1751259959458 -21.079519271850586 642
1751259987470 -22.955848693847656 643
1751260015363 -21.07529067993164 644
1751260043284 -20.761775970458984 645
1751260071134 -16.550140380859375 646
1751260099012 -19.773880004882812 647
1751260126894 -17.971885681152344 648
1751260154814 -21.810775756835938 649
1751260182733 -20.493244171142578 650
1751260210621 -21.203256607055664 651
1751260238484 -20.042566299438477 652
1751260266373 -17.658689498901367 653
1751260294250 -16.27667236328125 654
1751260322146 -16.626773834228516 655
1751260350020 -17.820293426513672 656
1751260377994 -18.491985321044922 657
1751260405920 -21.28692626953125 658
1751260433759 -20.80142593383789 659
1751260461633 -21.634429931640625 660
1751260489597 -18.694028854370117 661
1751260517533 -14.54647159576416 662
1751260545448 -17.829917907714844 663
1751260573330 -18.4281005859375 664
1751260601240 -17.08986473083496 665
1751260629241 -16.29868507385254 666
1751260657122 -14.138090133666992 667
1751260684977 -14.785846710205078 668
1751260712920 -19.62186050415039 669
1751260740831 -15.485712051391602 670
1751260768748 -17.335250854492188 671
1751260796612 -17.860675811767578 672
1751260824467 -16.428543090820312 673
1751260852373 -15.198297500610352 674
1751260880211 -18.7331600189209 675
1751260908042 -15.733560562133789 676
1751260935921 -13.932190895080566 677
1751260963812 -19.336650848388672 678
1751260991733 -18.60418701171875 679
1751262632336 -10.534868240356445 680
1751262660228 -11.583215713500977 681
1751262688118 -7.549346923828125 682
1751262715988 -8.460335731506348 683
1751262743892 -7.21575927734375 684
1751262771720 -8.120896339416504 685
1751262799670 -9.28278923034668 686
1751262827578 -7.507327079772949 687
1751262855436 -8.225478172302246 688
1751262883302 -6.53892183303833 689
1751262911174 -6.885849952697754 690
1751262939088 -5.2165374755859375 691
1751262967036 -2.193500518798828 692
1751262994956 -5.697258949279785 693
1751263022862 -5.178766250610352 694
1751263050700 -2.068366050720215 695
1751263078586 -2.0208091735839844 696
1751263106479 -4.821020126342773 697
1751263134406 -2.156266689300537 698
1751263162302 -2.3792738914489746 699
1751263190234 -2.5611846446990967 700
1751263218126 -4.954099655151367 701
1751263245992 -2.311366081237793 702
1751263273898 -2.3619070053100586 703
1751263301766 -1.276033639907837 704
1751263329676 -0.41293632984161377 705
1751263357517 -3.638632297515869 706
1751263385413 -2.0739760398864746 707
1751263413373 -0.017630696296691895 708
1751263441240 -0.8536959290504456 709
1751263469195 -1.3468587398529053 710
1751263497536 -0.026763558387756348 711
1751263525474 -0.37685155868530273 712
1751263553457 0.5260499715805054 713
1751263581329 -0.5238919854164124 714
1751263609187 -0.8042323589324951 715
1751263637079 -0.6455974578857422 716
1751263664955 0.2930790185928345 717
1751263692867 0.3981492519378662 718
1751263720698 -3.2572402954101562 719
1751265406174 -9.324146270751953 720
1751265434459 -9.675347328186035 721
1751265462753 -6.996949672698975 722
1751265491066 -5.791990280151367 723
1751265519343 -5.413175582885742 724
1751265547270 -6.886377334594727 725
1751265575525 -3.395636558532715 726
1751265603459 -7.043154716491699 727
1751265631711 -4.270983695983887 728
1751265660010 -3.1233010292053223 729
1751265687963 -2.160673141479492 730
1751265716277 -4.716891288757324 731
1751265744566 -0.7069375514984131 732
1751265772518 -3.263551712036133 733
1751265800385 -4.160179615020752 734
1751265828255 -3.642416000366211 735
1751265856519 -1.657789707183838 736
1751265884827 -3.5611610412597656 737
1751265913121 -0.9469244480133057 738
1751265941034 -3.403998374938965 739
1751265969402 -2.059811592102051 740
1751265997347 -0.25862765312194824 741
1751266025598 -1.1354637145996094 742
1751266053877 -0.537848949432373 743
1751266082159 -1.505239486694336 744
1751266110463 0.4955618381500244 745
1751266138385 -2.6725730895996094 746
1751266166645 -0.6966216564178467 747
1751266194521 -0.226670503616333 748
1751266222736 -0.15698480606079102 749
1751266251116 1.257523536682129 750
1751266279367 -0.7479898929595947 751
1751266307653 -0.9166853427886963 752
1751266335939 2.6354005336761475 753
1751266364203 -0.5850803852081299 754
1751266392025 1.4410147666931152 755
1751266420280 3.155372142791748 756
1751266448510 2.574009418487549 757
1751266476785 0.7445013523101807 758
1751266505188 1.3471767902374268 759
1751268221509 -6.374519348144531 760
1751268249861 -5.638416290283203 761
1751268278100 -4.638388633728027 762
1751268306346 -4.8315887451171875 763
1751268334641 -2.056605100631714 764
1751268362884 -3.8539388179779053 765
1751268391239 -2.9243321418762207 766
1751268419516 -1.907682180404663 767
1751268447731 -2.7833521366119385 768
1751268475979 -3.6132912635803223 769
1751268504243 -1.9882302284240723 770
1751268532461 -1.3554553985595703 771
1751268560753 -0.24240708351135254 772
1751268588980 0.626640796661377 773
1751268617292 -0.9136173725128174 774
1751268645601 0.40454554557800293 775
1751268673898 0.04580569267272949 776
1751268702152 0.7103104591369629 777
1751268730413 1.3507652282714844 778
1751268758735 1.8290205001831055 779
1751268786985 0.4326268434524536 780
1751268815303 3.581676959991455 781
1751268843612 1.3786976337432861 782
1751268871862 1.8977746963500977 783
1751268900101 1.3043420314788818 784
1751268928388 2.6629836559295654 785
1751268956658 2.9848012924194336 786
1751268984918 2.589961528778076 787
1751269013155 3.315727472305298 788
1751269041451 4.0496978759765625 789
1751269069755 0.167189359664917 790
1751269098015 1.530063271522522 791
1751269126287 2.6911253929138184 792
1751269154506 2.6411068439483643 793
1751269182772 2.7950000762939453 794
1751269211081 2.2270047664642334 795
1751269239315 1.5497149229049683 796
1751269267528 1.8112411499023438 797
1751269295771 1.9517440795898438 798
1751269324023 2.5373377799987793 799
1751271049815 -7.9474053382873535 800
1751271078071 -5.721960544586182 801
1751271106309 -3.4971537590026855 802
1751271134610 -3.620274066925049 803
1751271163179 -4.1025285720825195 804
1751271191183 -3.621633529663086 805
1751271219188 -3.2217187881469727 806
1751271247189 -4.341599464416504 807
1751271275213 -3.7173047065734863 808
1751271303216 -3.7975070476531982 809
1751271331234 -2.9118130207061768 810
1751271359226 -1.3736311197280884 811
1751271387249 -1.3358042240142822 812
1751271415290 -1.5607253313064575 813
1751271443372 -2.33837628364563 814
1751271471440 -2.281262159347534 815
1751271499437 -1.629716396331787 816
1751271527425 -0.9777553081512451 817
1751271555460 -0.36323976516723633 818
1751271583507 0.13586854934692383 819
1751271611626 0.11469149589538574 820
1751271639710 0.3171238899230957 821
1751271667717 -0.14918947219848633 822
1751271695728 2.1804497241973877 823
1751271723771 0.6602761745452881 824
1751271751782 -0.025066137313842773 825
1751271779855 -1.3157451152801514 826
1751271807830 -0.36325955390930176 827
1751271835789 1.1071064472198486 828
1751271863782 1.4040887355804443 829
1751271891757 0.9650369882583618 830
1751271919774 1.4010964632034302 831
1751271947766 2.4662137031555176 832
1751271975787 -0.11246323585510254 833
1751272003882 3.1394498348236084 834
1751272031922 2.184009552001953 835
1751272059927 1.7703375816345215 836
1751272087949 1.3119961023330688 837
1751272115938 1.0637736320495605 838
1751272143926 2.284085512161255 839
1751273846059 -2.876842498779297 840
1751273874056 -5.556081771850586 841
1751273902010 -4.990022659301758 842
1751273930007 -4.588621139526367 843
1751273957975 -3.8263444900512695 844
1751273985954 -1.5246481895446777 845
1751274013967 -0.7623955607414246 846
1751274041956 -3.8669705390930176 847
1751274070027 -3.152585744857788 848
1751274098016 -1.0547418594360352 849
1751274125955 -2.16912579536438 850
1751274153928 -2.0977303981781006 851
1751274181885 -3.6637661457061768 852
1751274209907 -1.1246881484985352 853
1751274237869 -0.7956266403198242 854
1751274265834 -0.6914026737213135 855
1751274293856 -0.07299256324768066 856
1751274321855 -1.6980431079864502 857
1751274349895 -1.3759219646453857 858
1751274377864 1.2669527530670166 859
1751274405840 0.8846347332000732 860
1751274433834 -0.3889145851135254 861
1751274461772 -1.2813587188720703 862
1751274489788 1.3070238828659058 863
1751274517808 -1.0612680912017822 864
1751274545806 -0.23446226119995117 865
1751274573748 0.4814770221710205 866
1751274601774 0.8813635110855103 867
1751274629790 0.5907046794891357 868
1751274657737 1.67965567111969 869
1751274685725 0.1306915283203125 870
1751274713757 0.36092543601989746 871
1751274741797 2.217768430709839 872
1751274769811 1.6623165607452393 873
1751274797800 2.7182700634002686 874
1751274825806 2.4914169311523438 875
1751274853800 3.6885976791381836 876
1751274881723 3.2803564071655273 877
1751274909742 4.882266044616699 878
1751274937734 4.043188095092773 879
1751276685416 -5.045942306518555 880
1751276713396 -6.504826545715332 881
1751276741398 -8.407445907592773 882
1751276769415 -6.3632659912109375 883
1751276797362 -5.676877498626709 884
1751276825357 -7.5112528800964355 885
1751276853317 -5.948012351989746 886
1751276881263 -6.466513156890869 887
1751276909203 -5.356760501861572 888
1751276937204 -5.155060768127441 889
1751276965231 -5.488655090332031 890
1751276993223 -6.9112043380737305 891
1751277021182 -5.9616923332214355 892
1751277049224 -4.694465637207031 893
1751277077173 -4.023714065551758 894
1751277105188 -3.451821804046631 895
1751277133138 -4.445131778717041 896
1751277161078 -5.593447208404541 897
1751277189069 -3.9741642475128174 898
1751277217056 -4.037685394287109 899
1751277245062 -4.813675880432129 900
1751277273037 -3.9655799865722656 901
1751277300982 -4.171572208404541 902
1751277328988 -3.5298664569854736 903
1751277356932 -3.316481590270996 904
1751277384926 -4.195771217346191 905
1751277412872 -2.1517727375030518 906
1751277440849 -3.345820426940918 907
1751277468854 -2.812290906906128 908
1751277496855 -4.475381851196289 909
1751277524885 -2.9968955516815186 910
1751277552846 -2.7317891120910645 911
1751277580820 -3.2659835815429688 912
1751277608800 -2.1095774173736572 913
1751277636810 -3.046907901763916 914
1751277664784 -2.1462111473083496 915
1751277692744 -2.500241279602051 916
1751277720690 -2.0994462966918945 917
1751277748657 -2.7357683181762695 918
1751277776735 -2.216726303100586 919
1751279485271 -5.552212238311768 920
1751279513658 -4.220850944519043 921
1751279541591 -4.74307107925415 922
1751279569584 -5.004940032958984 923
1751279597578 -3.4533824920654297 924
1751279625514 -3.648284435272217 925
1751279653885 -4.130187511444092 926
1751279682326 -3.0106406211853027 927
1751279710289 -3.46289324760437 928
1751279738191 -1.811527132987976 929
1751279766184 -2.1332597732543945 930
1751279794218 -1.8455805778503418 931
1751279822175 -1.1916425228118896 932
1751279850550 -0.4116356372833252 933
1751279878538 -0.46037256717681885 934
1751279906509 -0.64891517162323 935
1751279934493 -1.582076907157898 936
1751279962422 0.07110285758972168 937
1751279990780 -0.8048107028007507 938
1751280019204 -0.2812378406524658 939
1751280047201 0.3109129071235657 940
1751280075615 0.6029424667358398 941
1751280103968 1.2549813985824585 942
1751280131935 0.8308083415031433 943
1751280159914 0.9504572153091431 944
1751280187896 1.0621304512023926 945
1751280215917 0.2039889097213745 946
1751280244312 1.577160120010376 947
1751280272677 1.557283878326416 948
1751280301069 0.8482533693313599 949
1751280329064 1.6159770488739014 950
1751280357445 2.665485143661499 951
1751280385815 2.744884729385376 952
1751280414234 2.3937840461730957 953
1751280442708 2.510112762451172 954
1751280471098 2.1134567260742188 955
1751280499131 2.654163360595703 956
1751280527114 2.8298869132995605 957
1751280555099 2.514387845993042 958
1751280583079 3.0731754302978516 959
1751282344110 3.2239468097686768 960
1751282372424 3.599853992462158 961
1751282400775 4.001226425170898 962
1751282429221 4.845520973205566 963
1751282457590 4.014751434326172 964
1751282485954 4.3171796798706055 965
1751282514283 5.047595977783203 966
1751282542673 5.216270446777344 967
1751282571037 5.378820419311523 968
1751282599360 5.405381679534912 969
1751282627732 5.933924198150635 970
1751282656044 5.821527481079102 971
1751282684425 6.894538402557373 972
1751282712780 7.452214241027832 973
1751282741173 7.190120220184326 974
1751282769604 7.666870594024658 975
1751282798031 7.511218070983887 976
1751282826488 7.949750900268555 977
1751282854858 8.659104347229004 978
1751282883232 7.810112476348877 979
1751282911623 8.356017112731934 980
1751282939985 8.769684791564941 981
1751282968350 9.093171119689941 982
1751282996676 9.619132995605469 983
1751283025111 9.370743751525879 984
1751283053503 9.229573249816895 985
1751283081870 8.063377380371094 986
1751283110273 9.216917037963867 987
1751283138597 9.11017894744873 988
1751283167016 8.762577056884766 989
1751283195418 9.074897766113281 990
1751283223831 10.012920379638672 991
1751283252215 10.057596206665039 992
1751283280668 9.671817779541016 993
1751283309024 9.995843887329102 994
1751283337417 10.667713165283203 995
1751283365763 10.833791732788086 996
1751283394091 10.21036148071289 997
1751283422524 10.251117706298828 998
1751283450852 10.383895874023438 999
1751285212744 -9.546510696411133 1000
1751285241097 -8.871271133422852 1001
1751285269428 -7.477311134338379 1002
1751285297811 -7.65391206741333 1003
1751285326155 -8.4432954788208 1004
1751285354452 -7.516909599304199 1005
1751285382810 -8.230634689331055 1006
1751285411169 -6.184170722961426 1007
1751285439518 -6.200403690338135 1008
1751285467863 -7.365830421447754 1009
1751285496195 -5.246217727661133 1010
1751285524606 -5.197604179382324 1011
1751285553026 -6.144115924835205 1012
1751285581420 -4.680715560913086 1013
1751285609712 -3.3263344764709473 1014
1751285638049 -4.234808921813965 1015
1751285666338 -4.366881370544434 1016
1751285694684 -3.823967218399048 1017
1751285722974 -5.062168598175049 1018
1751285751305 -4.239511966705322 1019
1751285779627 -3.842381715774536 1020
1751285807923 -3.9219300746917725 1021
1751285836263 -3.265968084335327 1022
1751285864623 -3.763856887817383 1023
1751285892938 -2.1786983013153076 1024
1751285921310 -1.8011205196380615 1025
1751285949723 -2.4203202724456787 1026
1751285978052 -2.7840230464935303 1027
1751286006479 -2.2658584117889404 1028
1751286034774 -2.2889809608459473 1029
1751286063075 -3.436501979827881 1030
1751286091663 -2.909773349761963 1031
1751286119758 -1.1530401706695557 1032
1751286147866 -2.6208200454711914 1033
1751286175975 -1.331534743309021 1034
1751286204068 -0.46232444047927856 1035
1751286232109 -0.18407908082008362 1036
1751286260263 -1.2446143627166748 1037
1751286288368 -0.7945423126220703 1038
1751286316500 -0.3630253076553345 1039
1751288063021 -2.400587558746338 1040
1751288091082 -3.951279878616333 1041
1751288119103 -2.2635555267333984 1042
1751288147182 -2.4188599586486816 1043
1751288175339 -1.9455012083053589 1044
1751288203424 -1.6310452222824097 1045
1751288231548 -3.137000560760498 1046
1751288259670 -1.5430107116699219 1047
1751288287758 -3.1501317024230957 1048
1751288315849 -1.0739967823028564 1049
1751288343947 -0.3686758279800415 1050
1751288372048 -1.270014762878418 1051
1751288400120 0.4298306107521057 1052
1751288428189 0.8870466947555542 1053
1751288456334 -0.49288034439086914 1054
1751288484380 -0.013040155172348022 1055
1751288512437 0.8888151049613953 1056
1751288540487 1.4898295402526855 1057
1751288568530 0.4339730739593506 1058
1751288596708 2.002474784851074 1059
1751288624807 1.0784605741500854 1060
1751288652875 1.4080160856246948 1061
1751288681000 1.6948504447937012 1062
1751288709101 2.2559072971343994 1063
1751288737157 3.770771026611328 1064
1751288765239 1.6648781299591064 1065
1751288793284 4.105834007263184 1066
1751288821327 3.5456748008728027 1067
1751288849453 3.284623622894287 1068
1751288877520 4.581399917602539 1069
1751288905559 2.764071464538574 1070
1751288933664 2.884397506713867 1071
1751288961746 4.021290302276611 1072
1751288989766 2.0204739570617676 1073
1751289017872 3.9056458473205566 1074
1751289045975 2.7957496643066406 1075
1751289074056 3.7325470447540283 1076
1751289102170 4.25498628616333 1077
1751289130260 3.3959615230560303 1078
1751289158351 3.6004714965820312 1079
1751290910383 -5.688800811767578 1080
1751290938443 -4.400458335876465 1081
1751290966522 -5.299129009246826 1082
1751290994651 -4.240534782409668 1083
1751291022689 -3.558847427368164 1084
1751291050805 -3.6708672046661377 1085
1751291078857 -3.692420721054077 1086
1751291106944 -2.7891316413879395 1087
1751291134990 -2.806276321411133 1088
1751291163132 -2.366446018218994 1089
1751291191228 -3.4138972759246826 1090
1751291219307 -1.4796123504638672 1091
1751291247323 -2.2114264965057373 1092
1751291275418 -1.0051451921463013 1093
1751291303481 -0.6323917508125305 1094
1751291331549 -0.05004572868347168 1095
1751291359598 0.5496088862419128 1096
1751291387715 -0.5237640738487244 1097
1751291415839 -1.7997586727142334 1098
1751291443900 -0.010321378707885742 1099
1751291471940 -1.0606722831726074 1100
1751291499983 -0.6165390014648438 1101
1751291528027 0.0719219446182251 1102
1751291556040 0.3729094862937927 1103
1751291584028 0.4440050721168518 1104
1751291612035 0.7866308689117432 1105
1751291640115 1.7912545204162598 1106
1751291668161 0.7920127511024475 1107
1751291696210 1.1898423433303833 1108
1751291724258 0.7598236799240112 1109
1751291752305 0.7896997928619385 1110
1751291780368 1.9784969091415405 1111
1751291808433 3.1922526359558105 1112
1751291836546 1.5760586261749268 1113
1751291864637 1.6591582298278809 1114
1751291892707 2.816591739654541 1115
1751291920804 1.5970141887664795 1116
1751291948861 1.4098505973815918 1117
1751291976900 2.449056625366211 1118
1751292004970 2.0410046577453613 1119
1751293756862 -4.102723598480225 1120
1751293784902 -5.55671501159668 1121
1751293813342 -4.176356315612793 1122
1751293841431 -5.376550674438477 1123
1751293869451 -5.744548797607422 1124
1751293897515 -4.371522426605225 1125
1751293925580 -5.544797420501709 1126
1751293953609 -3.8046178817749023 1127
1751293981690 -4.8822221755981445 1128
1751294009727 -5.257630825042725 1129
1751294037772 -4.144110202789307 1130
1751294065827 -4.475407123565674 1131
1751294093836 -4.558460712432861 1132
1751294121970 -5.1639723777771 1133
1751294150012 -4.512424468994141 1134
1751294178052 -3.7549972534179688 1135
1751294206495 -4.708252906799316 1136
1751294234938 -4.359078407287598 1137
1751294263011 -2.8510656356811523 1138
1751294291031 -4.40191650390625 1139
1751294319084 -2.3617796897888184 1140
1751294347224 -4.548001289367676 1141
1751294375277 -3.115036964416504 1142
1751294403702 -3.324671745300293 1143
1751294431773 -3.233816623687744 1144
1751294459808 -3.233522653579712 1145
1751294487825 -2.8957409858703613 1146
1751294515907 -2.3963546752929688 1147
1751294544426 -2.2605600357055664 1148
1751294572414 -0.8146984577178955 1149
1751294600467 -2.6468727588653564 1150
1751294628542 -2.4018640518188477 1151
1751294656611 -0.9354928731918335 1152
1751294684700 -1.9863073825836182 1153
1751294712763 -1.674330711364746 1154
1751294740853 -2.082078456878662 1155
1751294769325 -0.5744264125823975 1156
1751294797759 -1.8198387622833252 1157
1751294826182 -2.7981295585632324 1158
1751294854597 -1.3218228816986084 1159
1751296616448 -0.8835902214050293 1160
1751296644919 -0.2866017818450928 1161
1751296673377 -0.20882129669189453 1162
1751296701757 0.4204285144805908 1163
1751296730209 0.8342292308807373 1164
1751296758645 1.169374942779541 1165
1751296787085 0.39403414726257324 1166
1751296815520 1.6548974514007568 1167
1751296843909 1.584981083869934 1168
1751296872327 1.4024367332458496 1169
1751296900755 1.977095603942871 1170
1751296929163 1.8160812854766846 1171
1751296957614 2.142592430114746 1172
1751296986002 2.347785472869873 1173
1751297014400 2.1860151290893555 1174
1751297042868 2.916477680206299 1175
1751297071316 2.902017116546631 1176
1751297099759 3.162874460220337 1177
1751297128204 3.643934726715088 1178
1751297156667 2.7991585731506348 1179
1751297185157 3.6790411472320557 1180
1751297213625 3.8627402782440186 1181
1751297242018 3.649226188659668 1182
1751297270456 4.037389278411865 1183
1751297298866 4.6921234130859375 1184
1751297327282 4.451456069946289 1185
1751297355695 4.211376190185547 1186
1751297384218 4.483792304992676 1187
1751297412627 5.193491458892822 1188
1751297441085 4.731407165527344 1189
1751297469520 4.891740798950195 1190
1751297497981 5.682746887207031 1191
1751297526347 5.397616386413574 1192
1751297554774 5.620689392089844 1193
1751297583157 4.574260711669922 1194
1751297611608 5.289671421051025 1195
1751297640022 5.273238658905029 1196
1751297668415 5.869559288024902 1197
1751297696757 5.988930702209473 1198
1751297725193 6.320707321166992 1199
1751299480845 -5.735560417175293 1200
1751299509293 -4.508339881896973 1201
1751299537711 -4.240886688232422 1202
1751299566123 -4.312936782836914 1203
1751299594550 -4.9727935791015625 1204
1751299622980 -3.3841280937194824 1205
1751299651409 -2.702143669128418 1206
1751299679835 -3.0972471237182617 1207
1751299708244 -2.6054165363311768 1208
1751299736668 -1.6982340812683105 1209
1751299765045 -2.8964920043945312 1210
1751299793429 -2.751528263092041 1211
1751299821876 -1.2907031774520874 1212
1751299850306 -1.3299283981323242 1213
1751299878725 -2.479800224304199 1214
1751299907133 -2.828946352005005 1215
1751299935698 -1.8266992568969727 1216
1751299964136 -1.6011117696762085 1217
1751299992547 -1.6640241146087646 1218
1751300020935 -2.524986743927002 1219
1751300049410 -1.9203277826309204 1220
1751300077758 -1.6628297567367554 1221
1751300106205 -0.7619273662567139 1222
1751300134655 -0.9128843545913696 1223
1751300163099 -2.3698537349700928 1224
1751300191468 -1.70180082321167 1225
1751300219906 -1.3303132057189941 1226
1751300248290 -1.3153806924819946 1227
1751300276718 -2.370565891265869 1228
1751300305105 -0.9502811431884766 1229
1751300333479 -1.3032777309417725 1230
1751300361879 -2.167968273162842 1231
1751300390263 -1.0096523761749268 1232
1751300418654 -1.0354440212249756 1233
1751300447067 -0.9189683794975281 1234
1751300475426 -0.08886575698852539 1235
1751300503892 -0.7679903507232666 1236
1751300532362 0.48356449604034424 1237
1751300560791 0.38488924503326416 1238
1751300589267 0.12279713153839111 1239
1751302320562 -0.3153064250946045 1240
1751302348674 -0.20414680242538452 1241
1751302376800 0.2818151116371155 1242
1751302404871 0.969794511795044 1243
1751302433011 0.6468697786331177 1244
1751302461188 1.5059094429016113 1245
1751302489290 1.6580193042755127 1246
1751302517479 1.7250933647155762 1247
1751302545541 1.5891358852386475 1248
1751302573632 2.2199697494506836 1249
1751302601730 2.4067795276641846 1250
1751302629863 1.6431467533111572 1251
1751302657992 2.2920212745666504 1252
1751302686102 3.2909350395202637 1253
1751302714226 3.3835792541503906 1254
1751302742321 3.1169662475585938 1255
1751302770407 2.8885374069213867 1256
1751302798512 3.764500617980957 1257
1751302826631 3.6636123657226562 1258
1751302854769 3.7505240440368652 1259
1751302882876 3.3599891662597656 1260
1751302911024 3.666412830352783 1261
1751302939169 4.057588577270508 1262
1751302967281 4.488915920257568 1263
1751302995401 3.830618143081665 1264
1751303023582 3.9629759788513184 1265
1751303051662 4.36103630065918 1266
1751303079786 4.357104301452637 1267
1751303107940 4.445711135864258 1268
1751303136202 4.121366500854492 1269
1751303164315 4.714777946472168 1270
1751303192450 5.15574312210083 1271
1751303220581 4.595016002655029 1272
1751303248705 5.091212749481201 1273
1751303276884 5.3550705909729 1274
1751303305127 5.47902774810791 1275
1751303333315 5.4254150390625 1276
1751303361420 5.518421173095703 1277
1751303389495 5.713788032531738 1278
1751303417592 5.797536849975586 1279
1751305174494 -0.21633774042129517 1280
1751305202596 -1.411548137664795 1281
1751305230723 -0.5462297201156616 1282
1751305258860 -0.08215475082397461 1283
1751305286939 0.4141850471496582 1284
1751305315060 -0.19010579586029053 1285
1751305343168 0.34675025939941406 1286
1751305371354 0.2731795310974121 1287
1751305399470 1.503007173538208 1288
1751305427562 1.0893657207489014 1289
1751305455660 1.2119040489196777 1290
1751305483798 1.5614044666290283 1291
1751305511861 2.1816246509552 1292
1751305540060 1.2459659576416016 1293
1751305568194 1.870622158050537 1294
1751305596320 1.1980559825897217 1295
1751305624472 2.277714729309082 1296
1751305652575 2.0466623306274414 1297
1751305680747 2.8528990745544434 1298
1751305708902 2.4915268421173096 1299
1751305737034 3.1513924598693848 1300
1751305765176 3.4680309295654297 1301
1751305793284 2.7469687461853027 1302
1751305821392 3.904611110687256 1303
1751305849499 3.726289749145508 1304
1751305877615 4.42366886138916 1305
1751305905670 4.137520790100098 1306
1751305933798 3.8201565742492676 1307
1751305961867 3.6033897399902344 1308
1751305990018 4.34809684753418 1309
1751306018138 4.21190071105957 1310
1751306046278 4.683575630187988 1311
1751306074390 4.573247909545898 1312
1751306102498 5.060352802276611 1313
1751306130616 4.464029312133789 1314
1751306158732 4.844478130340576 1315
1751306186846 5.603097915649414 1316
1751306214984 5.9098896980285645 1317
1751306243065 5.169101715087891 1318
1751306271245 5.782575607299805 1319
1751308025971 3.2566049098968506 1320
1751308054123 3.722801685333252 1321
1751308082238 4.023879051208496 1322
1751308110322 4.377326011657715 1323
1751308138462 4.389625549316406 1324
1751308166596 4.834075450897217 1325
1751308194734 4.9475297927856445 1326
1751308222831 5.216547966003418 1327
1751308250990 5.636451721191406 1328
1751308279076 5.560515403747559 1329
1751308307190 5.827914237976074 1330
1751308335346 5.436373233795166 1331
1751308363458 5.79461669921875 1332
1751308391590 6.3071088790893555 1333
1751308419662 6.749750137329102 1334
1751308447803 6.711474418640137 1335
1751308475947 7.146305084228516 1336
1751308504460 7.272322654724121 1337
1751308532531 6.982076644897461 1338
1751308560609 7.355605125427246 1339
1751308588769 7.205475330352783 1340
1751308616955 7.019306182861328 1341
1751308645150 7.638542175292969 1342
1751308673681 7.89591646194458 1343
1751308701833 7.856969833374023 1344
1751308729963 7.784672737121582 1345
1751308758042 7.710199356079102 1346
1751308786140 8.523324966430664 1347
1751308814262 8.09208869934082 1348
1751308842382 8.405689239501953 1349
1751308870435 8.535400390625 1350
1751308898955 8.856758117675781 1351
1751308927051 9.276625633239746 1352
1751308955148 9.284759521484375 1353
1751308983278 9.441183090209961 1354
1751309011374 9.171285629272461 1355
1751309039539 9.833857536315918 1356
1751309067670 9.568596839904785 1357
1751309095794 9.781269073486328 1358
1751309124321 9.859443664550781 1359
1751310887857 2.169147491455078 1360
1751310915962 2.6103665828704834 1361
1751310944422 1.9353853464126587 1362
1751310972555 2.566406726837158 1363
1751311001040 2.9320006370544434 1364
1751311029519 2.734341621398926 1365
1751311057990 2.9466629028320312 1366
1751311086421 2.7036681175231934 1367
1751311114974 2.917417287826538 1368
1751311143409 3.3634862899780273 1369
1751311171846 3.02488112449646 1370
1751311200321 3.4546897411346436 1371
1751311228823 3.630446434020996 1372
1751311257293 3.482074499130249 1373
1751311285762 3.5041732788085938 1374
1751311314257 4.152478218078613 1375
1751311342700 3.9528002738952637 1376
1751311371241 4.432778358459473 1377
1751311399766 4.4382405281066895 1378
1751311428330 4.5912675857543945 1379
1751311456851 4.857161998748779 1380
1751311485373 4.613647937774658 1381
1751311513853 4.636239528656006 1382
1751311542382 5.116580009460449 1383
1751311570822 5.226227760314941 1384
1751311599297 5.0051774978637695 1385
1751311627816 5.153634071350098 1386
1751311656283 5.15931510925293 1387
1751311684714 4.931374549865723 1388
1751311713219 5.861933708190918 1389
1751311741684 5.528169631958008 1390
1751311770158 5.66323184967041 1391
1751311798618 5.660244464874268 1392
1751311827072 6.112339973449707 1393
1751311855533 5.7970871925354 1394
1751311883996 6.365384101867676 1395
1751311912447 6.16732120513916 1396
1751311940921 6.895199298858643 1397
1751311969359 6.558429718017578 1398
1751311997853 6.269834041595459 1399
1751313746738 -0.29789942502975464 1400
1751313775132 -0.06318280100822449 1401
1751313803660 0.3890947997570038 1402
1751313832059 0.24762271344661713 1403
1751313860479 0.512840747833252 1404
1751313888922 0.7529853582382202 1405
1751313917351 1.0681883096694946 1406
1751313945821 1.1222050189971924 1407
1751313974294 1.259756088256836 1408
1751314002806 1.5384345054626465 1409
1751314031225 1.7807838916778564 1410
1751314059644 2.0000505447387695 1411
1751314088024 2.111602306365967 1412
1751314116432 1.929399013519287 1413
1751314144910 2.3637218475341797 1414
1751314173347 2.7645785808563232 1415
1751314201743 2.663357973098755 1416
1751314230150 2.79128098487854 1417
1751314258545 2.9470467567443848 1418
1751314286928 3.1729769706726074 1419
1751314315303 3.4060726165771484 1420
1751314343772 3.533100128173828 1421
1751314372168 3.5119662284851074 1422
1751314400627 3.7867348194122314 1423
1751314429113 3.722136974334717 1424
1751314457532 3.9018964767456055 1425
1751314485988 3.9648070335388184 1426
1751314514491 4.062272548675537 1427
1751314542934 4.136530876159668 1428
1751314571406 4.183751106262207 1429
1751314599897 4.460587978363037 1430
1751314628398 4.582314491271973 1431
1751314656820 4.725291728973389 1432
1751314685211 4.636069297790527 1433
1751314713661 4.963545799255371 1434
1751314742133 5.03810453414917 1435
1751314770583 4.98624324798584 1436
1751314798954 5.172183036804199 1437
1751314827378 5.10203218460083 1438
1751314855789 5.247182369232178 1439
1751316575178 -2.6832892894744873 1440
1751316603334 -2.013716459274292 1441
1751316631555 -1.5066697597503662 1442
1751316659747 -0.7233526110649109 1443
1751316687918 -0.5820031762123108 1444
1751316716044 -0.823591947555542 1445
1751316744246 -0.33185309171676636 1446
1751316772401 -0.30696237087249756 1447
1751316800577 -0.5013824701309204 1448
1751316828765 -0.24220377206802368 1449
1751316856916 -0.32737335562705994 1450
1751316885108 0.441843718290329 1451
1751316913282 0.5649985074996948 1452
1751316941452 0.10294996947050095 1453
1751316969667 0.593347430229187 1454
1751316997818 0.8709266781806946 1455
1751317026037 1.0854887962341309 1456
1751317054236 0.802219569683075 1457
1751317082425 1.0195538997650146 1458
1751317110660 1.4975831508636475 1459
1751317138807 1.2553184032440186 1460
1751317167040 1.485798954963684 1461
1751317195186 1.4492055177688599 1462
1751317223394 1.6980748176574707 1463
1751317251595 1.852054476737976 1464
1751317279747 1.565807819366455 1465
1751317307940 1.9536583423614502 1466
1751317336115 1.8706142902374268 1467
1751317364271 1.887434720993042 1468
1751317392425 1.5186338424682617 1469
1751317420614 2.127556085586548 1470
1751317448779 2.537363052368164 1471
1751317476959 1.7700315713882446 1472
1751317505080 2.5637423992156982 1473
1751317533225 2.409968852996826 1474
1751317561399 2.7377893924713135 1475
1751317589606 2.7765657901763916 1476
1751317617768 2.544431686401367 1477
1751317645949 2.8885796070098877 1478
1751317674179 2.9937429428100586 1479
1751319435125 0.6084307432174683 1480
1751319463239 0.5806287527084351 1481
1751319491372 0.7288428544998169 1482
1751319519493 1.2801806926727295 1483
1751319547667 1.5877596139907837 1484
1751319575859 1.8505182266235352 1485
1751319603977 1.8115360736846924 1486
1751319632101 1.8082057237625122 1487
1751319660288 2.530626058578491 1488
1751319688518 2.747661828994751 1489
1751319716716 2.832578659057617 1490
1751319744881 2.7827234268188477 1491
1751319773066 2.6347715854644775 1492
1751319801299 3.332620620727539 1493
1751319829544 3.2843008041381836 1494
1751319857736 3.521088123321533 1495
1751319885927 3.5306386947631836 1496
1751319914065 3.9424803256988525 1497
1751319942191 4.096861362457275 1498
1751319970366 3.894930362701416 1499
1751319998546 4.28051233291626 1500
1751320026726 3.9703264236450195 1501
1751320054943 4.704731464385986 1502
1751320083125 4.890366554260254 1503
1751320111314 4.943628787994385 1504
1751320139453 4.742242813110352 1505
1751320167584 4.8646721839904785 1506
1751320195776 5.216724872589111 1507
1751320224002 5.610117435455322 1508
1751320252188 5.777318477630615 1509
1751320280342 5.470658302307129 1510
1751320308544 5.664777755737305 1511
1751320336722 5.473134517669678 1512
1751320364919 6.059267520904541 1513
1751320393090 6.425924301147461 1514
1751320421254 5.981076240539551 1515
1751320449435 6.3033447265625 1516
1751320477588 5.954608917236328 1517
1751320505778 6.404008388519287 1518
1751320533955 6.463147163391113 1519
1751322272404 -0.15804579854011536 1520
1751322300560 0.71904057264328 1521
1751322328707 1.013007640838623 1522
1751322356856 1.5825164318084717 1523
1751322385020 1.7908117771148682 1524
1751322413180 1.7500507831573486 1525
1751322441348 1.9774744510650635 1526
1751322469527 2.317375659942627 1527
1751322497665 2.188397169113159 1528
1751322525816 2.639503002166748 1529
1751322553983 3.032870292663574 1530
1751322582147 2.7324161529541016 1531
1751322610333 3.119734287261963 1532
1751322638528 3.5963215827941895 1533
1751322666638 3.3364901542663574 1534
1751322694780 3.3849074840545654 1535
1751322722938 3.4813179969787598 1536
1751322751117 3.588918924331665 1537
1751322779255 3.5010504722595215 1538
1751322807390 3.7717247009277344 1539
1751322835541 3.6647958755493164 1540
1751322863736 3.8696682453155518 1541
1751322891909 3.963446617126465 1542
1751322920093 4.071224689483643 1543
1751322948249 3.89833927154541 1544
1751322976419 4.180258750915527 1545
1751323004535 4.4396209716796875 1546
1751323032712 4.375652313232422 1547
1751323060907 4.658650875091553 1548
1751323089108 4.438571929931641 1549
1751323117249 4.753891944885254 1550
1751323145378 4.793054103851318 1551
1751323173994 4.706589221954346 1552
1751323202155 5.087259769439697 1553
1751323230258 5.195135593414307 1554
1751323258446 5.090168476104736 1555
1751323286596 5.110207557678223 1556
1751323315117 5.430238723754883 1557
1751323343659 5.281955242156982 1558
1751323371903 5.49818229675293 1559
1751325135454 -0.018021970987319946 1560
1751325163662 -0.13228660821914673 1561
1751325191738 -0.09435294568538666 1562
1751325220277 -0.22992858290672302 1563
1751325248794 0.08150726556777954 1564
1751325277340 -0.007550202310085297 1565
1751325305878 0.08522449433803558 1566
1751325334002 0.1306469887495041 1567
1751325362549 0.36408424377441406 1568
1751325390729 0.49102169275283813 1569
1751325418821 0.3652135133743286 1570
1751325447428 0.557967483997345 1571
1751325475633 1.0203064680099487 1572
1751325504213 0.752088725566864 1573
1751325532770 0.772550642490387 1574
1751325561362 1.0449469089508057 1575
1751325589570 0.7927167415618896 1576
1751325618081 1.166487455368042 1577
1751325646184 1.365921974182129 1578
1751325674695 1.4293678998947144 1579
1751325703292 1.3467742204666138 1580
1751325731439 1.2951608896255493 1581
1751325759571 1.6512404680252075 1582
1751325787690 1.9437593221664429 1583
1751325816222 1.9519456624984741 1584
1751325844730 1.9018826484680176 1585
1751325873307 2.111873149871826 1586
1751325901811 1.977501630783081 1587
1751325930309 2.2431368827819824 1588
1751325958848 2.1846213340759277 1589
1751325987393 2.202139377593994 1590
1751326015543 2.330263137817383 1591
1751326043694 2.405613422393799 1592
1751326072220 2.490006685256958 1593
1751326100763 2.885566473007202 1594
1751326129296 2.9197580814361572 1595
1751326157882 2.7492237091064453 1596
1751326186451 2.8384451866149902 1597
1751326215018 2.8527896404266357 1598
1751326243110 2.972665786743164 1599
1751328026991 0.06147855520248413 1600
1751328055569 0.27794259786605835 1601
1751328084091 0.3561927080154419 1602
1751328112658 0.41663360595703125 1603
1751328141276 0.47424495220184326 1604
1751328169765 0.7875464558601379 1605
1751328198190 0.7027329802513123 1606
1751328226682 0.5639066696166992 1607
1751328255229 0.9951520562171936 1608
1751328283706 1.1050631999969482 1609
1751328312204 1.1943448781967163 1610
1751328340673 1.1166889667510986 1611
1751328369106 1.0979673862457275 1612
1751328397582 1.446596384048462 1613
1751328426100 1.6737778186798096 1614
1751328454572 1.3159431219100952 1615
1751328483023 1.489848256111145 1616
1751328511601 1.5802854299545288 1617
1751328540116 1.6207945346832275 1618
1751328568608 1.4863719940185547 1619
1751328597150 1.9138524532318115 1620
1751328625753 1.9822347164154053 1621
1751328654298 2.0168347358703613 1622
1751328682823 1.889169692993164 1623
1751328711339 2.1298470497131348 1624
1751328739807 2.211583375930786 1625
1751328768368 2.4995763301849365 1626
1751328796870 2.4413177967071533 1627
1751328825349 2.506629467010498 1628
1751328853897 2.2785964012145996 1629
1751328882456 2.6060428619384766 1630
1751328910970 2.7279372215270996 1631
1751328939485 2.740769863128662 1632
1751328968056 2.683851480484009 1633
1751328996540 2.9195125102996826 1634
1751329025008 2.8806447982788086 1635
1751329053463 3.0145134925842285 1636
1751329082071 2.83974027633667 1637
1751329110657 3.025721549987793 1638
1751329139232 3.040382146835327 1639
1751330890259 0.41687965393066406 1640
1751330918545 0.32321637868881226 1641
1751330946821 0.13646087050437927 1642
1751330975057 0.1393934190273285 1643
1751331003318 0.2046036720275879 1644
1751331031610 0.2433820366859436 1645
1751331059898 0.26522672176361084 1646
1751331088090 0.3694528341293335 1647
1751331116365 0.3710709810256958 1648
1751331144650 0.3712831139564514 1649
1751331172905 0.41353869438171387 1650
1751331201163 0.46357929706573486 1651
1751331229423 0.5168637037277222 1652
1751331257673 0.7597669363021851 1653
1751331285908 0.7035752534866333 1654
1751331314170 0.7449129819869995 1655
1751331342360 0.9375686645507812 1656
1751331370616 0.8603219389915466 1657
1751331398840 0.98801189661026 1658
1751331427147 1.0126138925552368 1659
1751331455362 1.0780401229858398 1660
1751331483559 1.2305420637130737 1661
1751331511838 1.2583694458007812 1662
1751331540153 1.2356520891189575 1663
1751331568449 1.5389206409454346 1664
1751331596716 1.3278160095214844 1665
1751331624983 1.5899969339370728 1666
1751331653203 1.5906745195388794 1667
1751331681508 1.5609374046325684 1668
1751331709737 1.7743993997573853 1669
1751331738002 1.7056283950805664 1670
1751331766230 1.8193544149398804 1671
1751331794456 1.9226782321929932 1672
1751331822687 2.012603282928467 1673
1751331850904 1.9934320449829102 1674
1751331879180 2.1299703121185303 1675
1751331907460 2.098557949066162 1676
1751331935648 2.1717634201049805 1677
1751331964001 2.303220748901367 1678
1751331992368 2.244044303894043 1679
1751333752511 1.1347531080245972 1680
1751333780765 1.3370555639266968 1681
1751333809020 1.3246984481811523 1682
1751333837265 1.3833205699920654 1683
1751333865512 1.410462737083435 1684
1751333893709 1.4503915309906006 1685
1751333921980 1.4643807411193848 1686
1751333950186 1.5066766738891602 1687
1751333978389 1.531507968902588 1688
1751334006642 1.5441913604736328 1689
1751334034877 1.6118134260177612 1690
1751334063092 1.6838496923446655 1691
1751334091352 1.657348871231079 1692
1751334119562 1.5702002048492432 1693
1751334147821 1.7862865924835205 1694
1751334176051 1.9104522466659546 1695
1751334204281 1.7810391187667847 1696
1751334232491 1.947390079498291 1697
1751334260744 1.8472574949264526 1698
1751334288920 1.8872123956680298 1699
1751334317179 1.8539990186691284 1700
1751334345490 2.031834363937378 1701
1751334373766 1.996724009513855 1702
1751334402019 2.099307060241699 1703
1751334430221 2.179380416870117 1704
1751334458462 2.246368408203125 1705
1751334486603 2.3071296215057373 1706
1751334514773 2.251282215118408 1707
1751334542986 2.3632097244262695 1708
1751334571225 2.3447232246398926 1709
1751334599455 2.497941255569458 1710
1751334627703 2.418544054031372 1711
1751334655902 2.514997959136963 1712
1751334684132 2.6109070777893066 1713
1751334712447 2.653374195098877 1714
1751334740667 2.6768414974212646 1715
1751334768858 2.5996193885803223 1716
1751334797093 2.6174542903900146 1717
1751334825377 2.7531049251556396 1718
1751334853561 2.8226497173309326 1719
1751336617305 -0.3016809821128845 1720
1751336645543 0.1687580794095993 1721
1751336673786 0.42308223247528076 1722
1751336702021 0.626839816570282 1723
1751336730278 0.663215160369873 1724
1751336758496 0.8894049525260925 1725
1751336786684 0.968692421913147 1726
1751336814939 1.0246375799179077 1727
1751336843127 1.3068759441375732 1728
1751336871356 1.4084038734436035 1729
1751336899558 1.5553412437438965 1730
1751336927780 1.5998581647872925 1731
1751336955960 1.5798864364624023 1732
1751336984184 1.7749913930892944 1733
1751337012370 1.8664090633392334 1734
1751337040570 1.8403513431549072 1735
1751337068841 1.9254610538482666 1736
1751337097083 1.9862613677978516 1737
1751337125330 2.0899715423583984 1738
1751337153593 2.189988136291504 1739
1751337181758 2.1261351108551025 1740
1751337210008 2.482663154602051 1741
1751337238247 2.4691038131713867 1742
1751337266480 2.577510356903076 1743
1751337294727 2.762460231781006 1744
1751337322959 2.8471662998199463 1745
1751337351140 2.888476848602295 1746
1751337379349 2.870584487915039 1747
1751337407602 2.948385715484619 1748
1751337435843 3.006622314453125 1749
1751337464019 3.1108274459838867 1750
1751337492249 3.1054553985595703 1751
1751337520463 3.2817752361297607 1752
1751337548662 3.3304920196533203 1753
1751337576851 3.4522547721862793 1754
1751337605039 3.6286447048187256 1755
1751337633294 3.610821485519409 1756
1751337661513 3.5673694610595703 1757
1751337689703 3.605858325958252 1758
1751337717953 3.716859817504883 1759
1751339444077 -0.6356431841850281 1760
1751339472276 -0.44560399651527405 1761
1751339500832 -0.5354983806610107 1762
1751339529005 -0.5318160653114319 1763
1751339557583 -0.5060892701148987 1764
1751339585819 -0.6107159852981567 1765
1751339613996 -0.37788116931915283 1766
1751339642170 -0.3912395238876343 1767
1751339670389 -0.24423283338546753 1768
1751339699051 -0.23139047622680664 1769
1751339727629 0.15936189889907837 1770
1751339755816 0.04637753963470459 1771
1751339784387 0.12278473377227783 1772
1751339812585 0.3219032287597656 1773
1751339840741 0.4591939449310303 1774
1751339868930 0.4408416152000427 1775
1751339897125 0.5041102766990662 1776
1751339925705 0.5416059494018555 1777
1751339954331 0.829998254776001 1778
1751339982952 0.8207187652587891 1779
1751340011531 0.9126591682434082 1780
1751340040108 0.7556722164154053 1781
1751340068708 1.1527247428894043 1782
1751340097322 1.2295246124267578 1783
1751340125944 1.1365723609924316 1784
1751340154605 1.2710940837860107 1785
1751340182861 1.455974817276001 1786
1751340211140 1.6135969161987305 1787
1751340239272 1.684033751487732 1788
1751340267433 1.6657994985580444 1789
1751340295628 1.8018234968185425 1790
1751340324279 1.979362964630127 1791
1751340352490 2.027073860168457 1792
1751340381110 1.8886805772781372 1793
1751340409754 2.0611205101013184 1794
1751340438328 2.1273908615112305 1795
1751340466917 2.1715621948242188 1796
1751340495526 2.2638161182403564 1797
1751340523698 2.4383187294006348 1798
1751340552299 2.4689276218414307 1799
1751342289339 -0.21784707903862 1800
1751342317892 -0.30479541420936584 1801
1751342346468 -0.19082775712013245 1802
1751342375055 -0.2543165683746338 1803
1751342403686 -0.1752791851758957 1804
1751342432340 0.023683644831180573 1805
1751342460947 0.1281038224697113 1806
1751342489575 0.2514830529689789 1807
1751342518198 0.3571857511997223 1808
1751342546767 0.5175622701644897 1809
1751342575366 0.7160760164260864 1810
1751342603968 0.9365691542625427 1811
1751342632540 0.9628080129623413 1812
1751342661070 1.047748327255249 1813
1751342689673 1.3247554302215576 1814
1751342718270 1.3189797401428223 1815
1751342746876 1.4194273948669434 1816
1751342775447 1.6749173402786255 1817
1751342804042 1.69537353515625 1818
1751342832543 1.7412775754928589 1819
1751342861101 1.9357776641845703 1820
1751342889713 2.153881788253784 1821
1751342918330 2.2413647174835205 1822
1751342946907 2.2999284267425537 1823
1751342975470 2.3390848636627197 1824
1751343004036 2.535243034362793 1825
1751343032618 2.63336181640625 1826
1751343061161 2.6108553409576416 1827
1751343089740 2.9245645999908447 1828
1751343118369 2.8367772102355957 1829
1751343146915 3.0770130157470703 1830
1751343175418 3.186115026473999 1831
1751343204005 3.379913568496704 1832
1751343232589 3.3428761959075928 1833
1751343261128 3.315429449081421 1834
1751343289641 3.398919105529785 1835
1751343318159 3.6490073204040527 1836
1751343346727 3.732771158218384 1837
1751343375313 3.815279960632324 1838
1751343403816 3.908970832824707 1839
1751345160805 0.14493830502033234 1840
1751345189346 0.3665338456630707 1841
1751345217912 0.6386568546295166 1842
1751345246492 0.7604024410247803 1843
1751345275080 0.8135287761688232 1844
1751345303714 1.009671926498413 1845
1751345332343 1.0945026874542236 1846
1751345360922 1.2122864723205566 1847
1751345389520 1.2906601428985596 1848
1751345418132 1.4516675472259521 1849
1751345446681 1.3910975456237793 1850
1751345475283 1.415733814239502 1851
1751345503878 1.6030278205871582 1852
1751345532450 1.6764357089996338 1853
1751345561012 1.75641930103302 1854
1751345589915 1.8346679210662842 1855
1751345618271 1.8562562465667725 1856
1751345646642 1.8742773532867432 1857
1751345674974 1.8652207851409912 1858
1751345703296 1.9481509923934937 1859
1751345731604 2.103191614151001 1860
1751345759905 2.2015023231506348 1861
1751345788173 2.2750182151794434 1862
1751345816527 2.3069140911102295 1863
1751345844863 2.3594751358032227 1864
1751345873146 2.434551239013672 1865
1751345901410 2.4957363605499268 1866
1751345929714 2.541248083114624 1867
1751345958021 2.642014741897583 1868
1751345986353 2.688936948776245 1869
1751346014618 2.7346222400665283 1870
1751346042900 2.75484299659729 1871
1751346071190 2.843324899673462 1872
1751346099515 2.8717398643493652 1873
1751346127910 2.9282913208007812 1874
1751346156300 2.941082239151001 1875
1751346184628 3.0937142372131348 1876
1751346212994 3.1587135791778564 1877
1751346241323 3.117225170135498 1878
1751346269638 3.266085386276245 1879
1751348029783 -0.1452307403087616 1880
1751348058095 -0.01726527512073517 1881
1751348086412 0.06531014293432236 1882
1751348114739 0.22348296642303467 1883
1751348143017 0.33207643032073975 1884
1751348171310 0.43969058990478516 1885
1751348199606 0.6298424005508423 1886
1751348227879 0.6976463794708252 1887
1751348256176 0.8138083815574646 1888
1751348284482 0.8772844672203064 1889
1751348312748 0.9755422472953796 1890
1751348341115 1.0590622425079346 1891
1751348369405 1.2015653848648071 1892
1751348397674 1.2869008779525757 1893
1751348425906 1.3713507652282715 1894
1751348454174 1.4391899108886719 1895
1751348482462 1.5057851076126099 1896
1751348510737 1.6376103162765503 1897
1751348539023 1.7225497961044312 1898
1751348567249 1.7753974199295044 1899
1751348595566 1.8195213079452515 1900
1751348623841 1.9153238534927368 1901
1751348652090 1.990103006362915 1902
1751348680423 2.036593437194824 1903
1751348708733 2.145395517349243 1904
1751348737064 2.2846944332122803 1905
1751348765372 2.270240545272827 1906
1751348793623 2.315284252166748 1907
1751348821874 2.3985595703125 1908
1751348850174 2.4939558506011963 1909
1751348878506 2.5233895778656006 1910
1751348906804 2.6163949966430664 1911
1751348935084 2.650747537612915 1912
1751348963438 2.700596809387207 1913
1751348991719 2.75675630569458 1914
1751349019975 2.857560396194458 1915
1751349048233 2.90069317817688 1916
1751349076529 2.9398531913757324 1917
1751349104881 3.0212764739990234 1918
1751349133212 3.075824022293091 1919
1751350880318 0.8821470737457275 1920
1751350908608 1.1426341533660889 1921
1751350936881 1.3196040391921997 1922
1751350965232 1.4900834560394287 1923
1751350993536 1.5109474658966064 1924
1751351021836 1.6928784847259521 1925
1751351050083 1.7492256164550781 1926
1751351078321 1.8952687978744507 1927
1751351106575 1.9205265045166016 1928
1751351134818 2.059887409210205 1929
1751351163116 2.0515527725219727 1930
1751351191444 2.135148525238037 1931
1751351219759 2.2523860931396484 1932
1751351248099 2.308739185333252 1933
1751351276442 2.3770523071289062 1934
1751351304717 2.3945517539978027 1935
1751351332969 2.593764305114746 1936
1751351361232 2.6623125076293945 1937
1751351389518 2.6605257987976074 1938
1751351417764 2.768490791320801 1939
1751351446089 2.8356518745422363 1940
1751351474402 2.869236707687378 1941
1751351502713 2.900674343109131 1942
1751351530989 2.9643115997314453 1943
1751351559254 3.0586557388305664 1944
1751351587522 3.109708309173584 1945
1751351615791 3.2011022567749023 1946
1751351644082 3.2312822341918945 1947
1751351672323 3.2368719577789307 1948
1751351700655 3.345649242401123 1949
1751351728954 3.4067423343658447 1950
1751351757241 3.476238965988159 1951
1751351785554 3.4753620624542236 1952
1751351813854 3.580486536026001 1953
1751351842153 3.665294647216797 1954
1751351870414 3.656550168991089 1955
1751351898692 3.7792160511016846 1956
1751351926975 3.7981975078582764 1957
1751351955227 3.8713552951812744 1958
1751351983486 3.8980698585510254 1959
1751353729963 0.1940857321023941 1960
1751353758214 0.5167525410652161 1961
1751353786483 0.7202154994010925 1962
1751353814758 0.872153639793396 1963
1751353843059 1.0425537824630737 1964
1751353871397 1.1646411418914795 1965
1751353899605 1.2976423501968384 1966
1751353927895 1.3969907760620117 1967
1751353956582 1.5083544254302979 1968
1751353985240 1.6051993370056152 1969
1751354013564 1.740726113319397 1970
1751354041837 1.8267230987548828 1971
1751354070118 1.921933650970459 1972
1751354098383 1.9833769798278809 1973
1751354127046 2.063904285430908 1974
1751354155299 2.159780502319336 1975
1751354183592 2.2645299434661865 1976
1751354211819 2.320732831954956 1977
1751354240091 2.4238617420196533 1978
1751354268759 2.50116229057312 1979
1751354297468 2.538891315460205 1980
1751354325736 2.6444129943847656 1981
1751354354001 2.7338926792144775 1982
1751354382678 2.769853115081787 1983
1751354410947 2.8372929096221924 1984
1751354439189 2.8733773231506348 1985
1751354467420 2.948556423187256 1986
1751354495791 2.950864791870117 1987
1751354524085 3.011456251144409 1988
1751354552763 3.091270685195923 1989
1751354581437 3.173550605773926 1990
1751354609723 3.228144645690918 1991
1751354638012 3.2737417221069336 1992
1751354666288 3.3589000701904297 1993
1751354694948 3.4429209232330322 1994
1751354723649 3.484220504760742 1995
1751354751977 3.525599956512451 1996
1751354780221 3.5531651973724365 1997
1751354808561 3.6463441848754883 1998
1751354836836 3.7272636890411377 1999
1751356624777 -0.013224165886640549 2000
1751356653434 0.11896973848342896 2001
1751356682125 0.2381514012813568 2002
1751356710736 0.34430229663848877 2003
1751356739360 0.4177587926387787 2004
1751356768049 0.4817735254764557 2005
1751356796646 0.5698990225791931 2006
1751356825356 0.6313301920890808 2007
1751356854022 0.7749765515327454 2008
1751356882650 0.8668377995491028 2009
1751356911364 0.9156608581542969 2010
1751356940012 1.0152621269226074 2011
1751356968650 1.0960144996643066 2012
1751356997383 1.1678709983825684 2013
1751357026014 1.2904424667358398 2014
1751357054629 1.3596473932266235 2015
1751357083244 1.4330695867538452 2016
1751357111940 1.5079025030136108 2017
1751357140614 1.5905251502990723 2018
1751357169234 1.6177713871002197 2019
1751357197857 1.6979351043701172 2020
1751357226545 1.7539056539535522 2021
1751357255179 1.8163094520568848 2022
1751357283779 1.83411705493927 2023
1751357312356 1.944961667060852 2024
1751357340988 2.0052945613861084 2025
1751357369596 2.0783305168151855 2026
1751357398296 2.1361889839172363 2027
1751357426930 2.189070701599121 2028
1751357455524 2.252851963043213 2029
1751357484137 2.313732385635376 2030
1751357512771 2.3253204822540283 2031
1751357541416 2.3917007446289062 2032
1751357570034 2.450164794921875 2033
1751357598646 2.4719972610473633 2034
1751357627230 2.4930200576782227 2035
1751357655877 2.561830997467041 2036
1751357684535 2.630443811416626 2037
1751357713144 2.65779709815979 2038
1751357741828 2.7259058952331543 2039
1751359523577 0.16114488244056702 2040
1751359552213 0.36807847023010254 2041
1751359580876 0.5577284693717957 2042
1751359609511 0.71497642993927 2043
1751359638170 0.8701754808425903 2044
1751359666862 0.995630145072937 2045
1751359695440 1.0834158658981323 2046
1751359724099 1.1901054382324219 2047
1751359752743 1.322523832321167 2048
1751359781419 1.4307687282562256 2049
1751359810090 1.5377061367034912 2050
1751359838789 1.6088072061538696 2051
1751359867410 1.7377924919128418 2052
1751359896019 1.806734561920166 2053
1751359924630 1.8983254432678223 2054
1751359953209 1.9457175731658936 2055
1751359981845 2.095221757888794 2056
1751360010439 2.1886892318725586 2057
1751360039112 2.2624013423919678 2058
1751360067716 2.310149669647217 2059
1751360096325 2.3787832260131836 2060
1751360124975 2.4611763954162598 2061
1751360153563 2.5456814765930176 2062
1751360182188 2.6315560340881348 2063
1751360210876 2.714106559753418 2064
1751360239518 2.782360076904297 2065
1751360268150 2.8203518390655518 2066
1751360296797 2.8545427322387695 2067
1751360325436 2.917534351348877 2068
1751360353967 2.974327564239502 2069
1751360382578 3.046926975250244 2070
1751360411249 3.1087799072265625 2071
1751360439898 3.1792476177215576 2072
1751360468451 3.253166913986206 2073
1751360497072 3.3268284797668457 2074
1751360525678 3.378237724304199 2075
1751360554274 3.415113925933838 2076
1751360582894 3.4686200618743896 2077
1751360611579 3.5477826595306396 2078
1751360640125 3.6396989822387695 2079
1751362384012 -0.3243001401424408 2080
1751362412335 -0.43563583493232727 2081
1751362440683 -0.4421376585960388 2082
1751362469045 -0.43604159355163574 2083
1751362497376 -0.4323675036430359 2084
1751362525748 -0.4060109853744507 2085
1751362554081 -0.39633727073669434 2086
1751362582419 -0.3577391505241394 2087
1751362610766 -0.31981953978538513 2088
1751362639076 -0.28636568784713745 2089
1751362667427 -0.20254182815551758 2090
1751362695752 -0.14584608376026154 2091
1751362724095 -0.117458775639534 2092
1751362752405 -0.08228522539138794 2093
1751362780720 -0.010317057371139526 2094
1751362809106 0.04196617007255554 2095
1751362837431 0.10109473764896393 2096
1751362865798 0.15171432495117188 2097
1751362894163 0.1971507966518402 2098
1751362922518 0.2437152862548828 2099
1751362950848 0.29459625482559204 2100
1751362979238 0.34084832668304443 2101
1751363007524 0.39084699749946594 2102
1751363035845 0.4083210825920105 2103
1751363064134 0.4608691930770874 2104
1751363092497 0.5134740471839905 2105
1751363120817 0.5357649326324463 2106
1751363149216 0.5586496591567993 2107
1751363177588 0.6087967157363892 2108
1751363205911 0.6359416246414185 2109
1751363234204 0.6879986524581909 2110
1751363262559 0.7585353255271912 2111
1751363290868 0.7940797805786133 2112
1751363319198 0.8579845428466797 2113
1751363347578 0.880993127822876 2114
1751363375935 0.9146381616592407 2115
1751363404256 0.9769574403762817 2116
1751363432601 1.0211987495422363 2117
1751363460886 1.071176528930664 2118
1751363489226 1.1053898334503174 2119
1751365261025 0.3602510094642639 2120
1751365289408 0.5413993000984192 2121
1751365317731 0.6604104042053223 2122
1751365346055 0.7720341682434082 2123
1751365374368 0.8514482975006104 2124
1751365402656 0.9196628332138062 2125
1751365430998 0.9763092994689941 2126
1751365459353 1.0410730838775635 2127
1751365487671 1.0913236141204834 2128
1751365516018 1.161613941192627 2129
1751365544379 1.2260719537734985 2130
1751365572677 1.288748860359192 2131
1751365601070 1.3367750644683838 2132
1751365629380 1.3992581367492676 2133
1751365657718 1.466797113418579 2134
1751365686067 1.5254335403442383 2135
1751365714414 1.5858324766159058 2136
1751365742740 1.6403465270996094 2137
1751365771095 1.6931474208831787 2138
1751365799406 1.7403371334075928 2139
1751365827764 1.7935234308242798 2140
1751365856078 1.8262311220169067 2141
1751365884406 1.8803019523620605 2142
1751365912740 1.9348920583724976 2143
1751365941109 1.987414836883545 2144
1751365969444 2.0352694988250732 2145
1751365997777 2.082435369491577 2146
1751366026060 2.1410348415374756 2147
1751366054444 2.178173303604126 2148
1751366082757 2.2212114334106445 2149
1751366111101 2.282017707824707 2150
1751366139481 2.3059873580932617 2151
1751366167777 2.3455636501312256 2152
1751366196084 2.39922833442688 2153
1751366224441 2.4477641582489014 2154
1751366252841 2.5105395317077637 2155
1751366281180 2.5494375228881836 2156
1751366309496 2.5929200649261475 2157
1751366337826 2.6320347785949707 2158
1751366366168 2.6868081092834473 2159
1751368136121 0.34822916984558105 2160
1751368164821 0.5114196538925171 2161
1751368193107 0.6421148180961609 2162
1751368221416 0.7453914284706116 2163
1751368249766 0.8366722464561462 2164
1751368278089 0.9270925521850586 2165
1751368306467 1.0031471252441406 2166
1751368334823 1.0810304880142212 2167
1751368363184 1.1480934619903564 2168
1751368391520 1.237583875656128 2169
1751368419863 1.311666488647461 2170
1751368448167 1.3657852411270142 2171
1751368476513 1.4483933448791504 2172
1751368504856 1.514363169670105 2173
1751368533169 1.591832160949707 2174
1751368561897 1.6637680530548096 2175
1751368590193 1.714043140411377 2176
1751368618494 1.781270980834961 2177
1751368646807 1.8587994575500488 2178
1751368675119 1.9220399856567383 2179
1751368703511 1.9560911655426025 2180
1751368731895 2.01882266998291 2181
1751368760575 2.089143753051758 2182
1751368788878 2.1372814178466797 2183
1751368817273 2.205051898956299 2184
1751368845702 2.2481675148010254 2185
1751368874039 2.3115015029907227 2186
1751368902402 2.3925552368164062 2187
1751368930779 2.455240249633789 2188
1751368959115 2.5074214935302734 2189
1751368987472 2.553309679031372 2190
1751369016225 2.5959665775299072 2191
1751369044594 2.6480212211608887 2192
1751369073308 2.7097511291503906 2193
1751369101646 2.7589378356933594 2194
1751369130037 2.812830924987793 2195
1751369158390 2.8553032875061035 2196
1751369187069 2.9012815952301025 2197
1751369215844 2.935235023498535 2198
1751369244141 3.014273166656494 2199
1751371021820 0.1101939007639885 2200
1751371050539 0.14664578437805176 2201
1751371078939 0.16593480110168457 2202
1751371107195 0.1824173480272293 2203
1751371135473 0.2073381543159485 2204
1751371164224 0.25569257140159607 2205
1751371192960 0.2817128598690033 2206
1751371221679 0.3198208212852478 2207
1751371250354 0.362051784992218 2208
1751371279109 0.41584518551826477 2209
1751371307774 0.45355647802352905 2210
1751371336039 0.5102179646492004 2211
1751371364778 0.5406086444854736 2212
1751371393565 0.5907483696937561 2213
1751371422299 0.6380620002746582 2214
1751371450969 0.6817091107368469 2215
1751371479670 0.7284998297691345 2216
1751371508356 0.7741254568099976 2217
1751371537054 0.8118363618850708 2218
1751371565758 0.8678913116455078 2219
1751371594476 0.8979912400245667 2220
1751371623149 0.9436119198799133 2221
1751371651898 0.9860965609550476 2222
1751371680623 1.0341837406158447 2223
1751371709309 1.0998790264129639 2224
1751371738046 1.1275932788848877 2225
1751371766749 1.1561541557312012 2226
1751371795417 1.1946581602096558 2227
1751371824111 1.2456917762756348 2228
1751371852815 1.2986654043197632 2229
1751371881496 1.3338923454284668 2230
1751371910186 1.378288745880127 2231
1751371938836 1.410679578781128 2232
1751371967558 1.445177435874939 2233
1751371996207 1.4765148162841797 2234
1751372024884 1.5065898895263672 2235
1751372053593 1.5473482608795166 2236
1751372082317 1.594334602355957 2237
1751372111035 1.6399409770965576 2238
1751372139779 1.6639621257781982 2239
1751373885328 0.450695663690567 2240
1751373914072 0.6471014618873596 2241
1751373942804 0.7993417978286743 2242
1751373971519 0.9062127470970154 2243
1751374000207 0.9954977035522461 2244
1751374028882 1.0691659450531006 2245
1751374057624 1.143617868423462 2246
1751374086341 1.226818561553955 2247
1751374115055 1.3010377883911133 2248
1751374143773 1.3808903694152832 2249
1751374172516 1.4335763454437256 2250
1751374201249 1.5167901515960693 2251
1751374229911 1.600542664527893 2252
1751374258604 1.6818233728408813 2253
1751374287288 1.7579879760742188 2254
1751374316016 1.81072199344635 2255
1751374344714 1.8666247129440308 2256
1751374373444 1.931735873222351 2257
1751374402160 2.004612445831299 2258
1751374430853 2.0808229446411133 2259
1751374459572 2.144975185394287 2260
1751374488309 2.208622455596924 2261
1751374517061 2.264960765838623 2262
1751374545730 2.312819004058838 2263
1751374574428 2.379823923110962 2264
1751374603264 2.433370351791382 2265
1751374631951 2.488111734390259 2266
1751374660672 2.5455329418182373 2267
1751374689391 2.5982656478881836 2268
1751374718083 2.679232597351074 2269
1751374746820 2.7227041721343994 2270
1751374775534 2.755519390106201 2271
1751374804203 2.807194948196411 2272
1751374832879 2.854802131652832 2273
1751374861565 2.9144527912139893 2274
1751374890282 2.9674313068389893 2275
1751374918992 3.0058517456054688 2276
1751374947668 3.054865837097168 2277
1751374976399 3.089911460876465 2278
1751375005098 3.145294666290283 2279
1751376782130 0.14859822392463684 2280
1751376810549 0.23464776575565338 2281
1751376838893 0.3081861138343811 2282
1751376867409 0.3545073866844177 2283
1751376895801 0.4124169945716858 2284
1751376924200 0.4894319176673889 2285
1751376952636 0.5851963758468628 2286
1751376981036 0.6640868782997131 2287
1751377009412 0.7244423627853394 2288
1751377037845 0.8094831109046936 2289
1751377066301 0.8768623471260071 2290
1751377094709 0.9656936526298523 2291
1751377123097 1.0477981567382812 2292
1751377151480 1.1252388954162598 2293
1751377179930 1.1763441562652588 2294
1751377208367 1.245092749595642 2295
1751377236792 1.31922447681427 2296
1751377265213 1.3740493059158325 2297
1751377293630 1.4278753995895386 2298
1751377322036 1.488380789756775 2299
1751377350506 1.5621134042739868 2300
1751377378913 1.614431381225586 2301
1751377407283 1.686051607131958 2302
1751377435729 1.7192654609680176 2303
1751377464165 1.787689447402954 2304
1751377492644 1.8397483825683594 2305
1751377521035 1.89828622341156 2306
1751377549470 1.976807951927185 2307
1751377577918 2.0456392765045166 2308
1751377606364 2.072904348373413 2309
1751377634768 2.1436734199523926 2310
1751377663265 2.1688385009765625 2311
1751377691698 2.2252094745635986 2312
1751377720118 2.2604031562805176 2313
1751377748594 2.292658805847168 2314
1751377776989 2.353099822998047 2315
1751377805377 2.400949478149414 2316
1751377833818 2.42354154586792 2317
1751377862268 2.48929500579834 2318
1751377890638 2.53735613822937 2319
1751379668551 0.327315092086792 2320
1751379696987 0.5436497926712036 2321
1751379725390 0.7031867504119873 2322
1751379753805 0.8248046636581421 2323
1751379782203 0.9273353219032288 2324
1751379810626 1.0043703317642212 2325
1751379839004 1.0779629945755005 2326
1751379867387 1.1566325426101685 2327
1751379895782 1.2172526121139526 2328
1751379924151 1.2738373279571533 2329
1751379952584 1.3219211101531982 2330
1751379981029 1.3726186752319336 2331
1751380009513 1.4320653676986694 2332
1751380037938 1.4769601821899414 2333
1751380066317 1.5229523181915283 2334
1751380094809 1.5811176300048828 2335
1751380123207 1.6189939975738525 2336
1751380151597 1.655199646949768 2337
1751380179948 1.6900408267974854 2338
1751380208354 1.7303425073623657 2339
1751380236747 1.7759644985198975 2340
1751380265129 1.8183279037475586 2341
1751380293552 1.859186053276062 2342
1751380321938 1.8980023860931396 2343
1751380350356 1.9358811378479004 2344
1751380378740 1.9706933498382568 2345
1751380407156 2.01151967048645 2346
1751380435552 2.048617362976074 2347
1751380463937 2.069589138031006 2348
1751380492370 2.1106464862823486 2349
1751380520814 2.1549715995788574 2350
1751380549330 2.1807665824890137 2351
1751380577787 2.2141432762145996 2352
1751380606217 2.2553482055664062 2353
1751380634704 2.2862331867218018 2354
1751380663079 2.3074684143066406 2355
1751380691577 2.345801830291748 2356
1751380719996 2.387007236480713 2357
1751380748401 2.416154146194458 2358
1751380776809 2.440399646759033 2359
1751382552570 0.08569412678480148 2360
1751382580989 0.17159569263458252 2361
1751382609408 0.2586327791213989 2362
1751382637839 0.3393804132938385 2363
1751382666221 0.44086822867393494 2364
1751382694616 0.5212430953979492 2365
1751382722989 0.6018038988113403 2366
1751382751367 0.6902972459793091 2367
1751382779774 0.7787618637084961 2368
1751382808159 0.8591233491897583 2369
1751382836644 0.9281066060066223 2370
1751382865019 1.0042695999145508 2371
1751382893408 1.0742356777191162 2372
1751382921859 1.14081609249115 2373
1751382950295 1.203275203704834 2374
1751382978693 1.2662092447280884 2375
1751383007062 1.3292701244354248 2376
1751383035500 1.3876724243164062 2377
1751383064320 1.4500062465667725 2378
1751383092687 1.509690284729004 2379
1751383121063 1.5698360204696655 2380
1751383149479 1.6224092245101929 2381
1751383177854 1.6697933673858643 2382
1751383206644 1.7180087566375732 2383
1751383235416 1.7688729763031006 2384
1751383263808 1.8183698654174805 2385
1751383292233 1.8688987493515015 2386
1751383320607 1.9117745161056519 2387
1751383348990 1.958508014678955 2388
1751383377344 2.0008888244628906 2389
1751383405735 2.043956995010376 2390
1751383434101 2.072749137878418 2391
1751383462507 2.112880229949951 2392
1751383490870 2.1574883460998535 2393
1751383519231 2.1982131004333496 2394
1751383547626 2.231703281402588 2395
1751383576061 2.28090763092041 2396
1751383604496 2.319972515106201 2397
1751383632889 2.35794734954834 2398
1751383661643 2.392717123031616 2399
1751385413651 0.22407090663909912 2400
1751385442554 0.3941524028778076 2401
1751385471381 0.5460325479507446 2402
1751385499800 0.6794300079345703 2403
1751385528574 0.7967904806137085 2404
1751385557024 0.906822681427002 2405
1751385585808 1.0077522993087769 2406
1751385614194 1.1049050092697144 2407
1751385643016 1.1987297534942627 2408
1751385671793 1.2927114963531494 2409
1751385700567 1.3785736560821533 2410
1751385729358 1.4587211608886719 2411
1751385757755 1.5413362979888916 2412
1751385786100 1.615410327911377 2413
1751385814864 1.6898193359375 2414
1751385843640 1.7591348886489868 2415
1751385872435 1.8305552005767822 2416
1751385901263 1.901410698890686 2417
1751385930066 1.9597728252410889 2418
1751385958492 2.023322343826294 2419
1751385987264 2.0862109661102295 2420
1751386015599 2.138580083847046 2421
1751386044388 2.197866201400757 2422
1751386073140 2.248682737350464 2423
1751386101965 2.30832576751709 2424
1751386130777 2.3602094650268555 2425
1751386159528 2.409203290939331 2426
1751386188404 2.4554083347320557 2427
1751386216791 2.5094995498657227 2428
1751386245606 2.5612893104553223 2429
1751386274349 2.6039929389953613 2430
1751386302694 2.6517128944396973 2431
1751386331503 2.6969807147979736 2432
1751386360332 2.7452640533447266 2433
1751386389158 2.799511671066284 2434
1751386417589 2.843816041946411 2435
1751386446457 2.882652759552002 2436
1751386474805 2.919578790664673 2437
1751386503584 2.9531798362731934 2438
1751386532394 2.9917733669281006 2439
1751388328259 0.1255839467048645 2440
1751388357021 0.24988964200019836 2441
1751388385718 0.3638988435268402 2442
1751388414494 0.4834664762020111 2443
1751388443297 0.5980579853057861 2444
1751388472103 0.70793616771698 2445
1751388500869 0.8181605935096741 2446
1751388529646 0.9189682006835938 2447
1751388558450 1.0146673917770386 2448
1751388587188 1.112852931022644 2449
1751388615984 1.2022910118103027 2450
1751388644689 1.2928380966186523 2451
1751388673484 1.3780492544174194 2452
1751388702264 1.4618500471115112 2453
1751388730972 1.5412436723709106 2454
1751388759699 1.6179800033569336 2455
1751388788408 1.68168306350708 2456
1751388817106 1.751370906829834 2457
1751388845930 1.828538179397583 2458
1751388874637 1.896416425704956 2459
1751388903370 1.9589097499847412 2460
1751388932171 2.0197651386260986 2461
1751388960958 2.0862364768981934 2462
1751388989711 2.1517200469970703 2463
1751389018499 2.2060494422912598 2464
1751389047225 2.263946533203125 2465
1751389075982 2.309859037399292 2466
1751389104747 2.359269142150879 2467
1751389133468 2.4063520431518555 2468
1751389163086 2.450305223464966 2469
1751389191852 2.4909749031066895 2470
1751389220551 2.54478120803833 2471
1751389249284 2.587477445602417 2472
1751389278078 2.6340248584747314 2473
1751389306925 2.6854498386383057 2474
1751389335676 2.7403345108032227 2475
