1751909346486 2.0937196382067422 0
1751909379875 2.0058405463668434 1
1751909413073 1.9664751213382592 2
1751909446390 1.9313565174287015 3
1751909479601 1.8980717421932654 4
1751909512852 1.865202308717099 5
1751909546220 1.8371796905994415 6
1751909579492 1.8176482421430675 7
1751909612766 1.796090708876198 8
1751909646043 1.778381402858279 9
1751909679370 1.7638060900975356 10
1751909712643 1.750238255343654 11
1751909745972 1.7364767762747677 12
1751909779290 1.7306116541678256 13
1751909812666 1.7158197225494818 14
1751909845963 1.7067446268417619 15
1751909880040 1.6948036575181917 16
1751909917348 1.6920414370569317 17
1751909950860 1.678994252600453 18
1751909984071 1.674016317521984 19
1751910017296 1.660354710099372 20
1751910050659 1.6592162549495697 21
1751910083937 1.6509546549482779 22
1751910117249 1.6458625431087883 23
1751910150503 1.637629957022992 24
1751910183823 1.6317470354790038 25
1751910217070 1.6254591284827753 26
1751910250404 1.6197227849201723 27
1751910283725 1.6112011958929626 28
1751910317030 1.609415709633719 29
1751910350260 1.606106356463649 30
1751910383529 1.5967613580552014 31
1751910416829 1.5915975922887975 32
1751910450108 1.590477303686467 33
1751910483320 1.58040471307256 34
1751910516594 1.5738015493208712 35
1751910549846 1.5698682689531283 36
1751910583190 1.5598547583953901 37
1751910616590 1.5593035746027122 38
1751910649890 1.5584847077049993 39
1751912641094 1.8060861026698893 40
1751912674421 1.7277018925683065 41
1751912707780 1.7108361714265563 42
1751912741119 1.6946506703441793 43
1751912774440 1.684601411900737 44
1751912807794 1.679414889351888 45
1751912841124 1.6632967208596794 46
1751912874482 1.6553997353396632 47
1751912907824 1.6497929336672479 48
1751912941247 1.6420662646943873 49
1751912974699 1.6378099969164892 50
1751913008161 1.6338894536549395 51
1751913041447 1.6261350637809797 52
1751913074768 1.6150890690359203 53
1751913108105 1.6149579960514198 54
1751913141457 1.6128740794956684 55
1751913174804 1.6054267656396737 56
1751913208194 1.5965894108468837 57
1751913241527 1.5951499881392175 58
1751913274891 1.5870362300087104 59
1751913308205 1.5837723077698187 60
1751913341587 1.5827560732987793 61
1751913374901 1.5739186646586114 62
1751913408237 1.5752502903342247 63
1751913441688 1.5681336715140126 64
1751913475084 1.5651871443472125 65
1751913508547 1.560830066149885 66
1751913541801 1.5570082305507227 67
1751913575094 1.5567562901838259 68
1751913608524 1.5499023226174442 69
1751913641849 1.5451445704834028 70
1751913675198 1.542366222563115 71
1751913708607 1.5399654036895796 72
1751913742127 1.5324565981599418 73
1751913775519 1.5319641693071886 74
1751913808786 1.5274390060115943 75
1751913842278 1.5222869159823114 76
1751913875542 1.5205651511522857 77
1751913909012 1.5161350098523227 78
1751913942400 1.5097779828039082 79
1751915695680 1.6439423364671795 80
1751915729046 1.5974760553376242 81
1751915762399 1.5738657780668952 82
1751915795749 1.5681805610656738 83
1751915829119 1.5581600842150776 84
1751915862573 1.548128774558956 85
1751915895945 1.5459038848904045 86
1751915929154 1.5388213409618898 87
1751915962829 1.5318646617233753 88
1751915996531 1.5277090516280045 89
1751916030282 1.528294844722206 90
1751916063642 1.5257657647810199 91
1751916097011 1.5170892785218628 92
1751916130479 1.510560910810124 93
1751916163724 1.5147764655676754 94
1751916197042 1.5069331692701036 95
1751916230741 1.502643028104847 96
1751916264115 1.4998677718368443 97
1751916297464 1.4976591603322462 98
1751916330760 1.4966438869861038 99
1751916364180 1.4908396361226386 100
1751916397444 1.4899984781037678 101
1751916430827 1.485105436295271 102
1751916464266 1.481742425398393 103
1751916497571 1.4814509739252655 104
1751916531439 1.4780074327506803 105
1751916564789 1.4768336760726841 106
1751916598205 1.4709857126528567 107
1751916631598 1.4715062549168414 108
1751916664936 1.4662406329404225 109
1751916698716 1.464518811215054 110
1751916732407 1.4628526808863336 111
1751916766140 1.4610109620473601 112
1751916799518 1.4587836255404083 113
1751916832945 1.4545417113060302 114
1751916866360 1.4552753144367174 115
1751916899979 1.4498118077489464 116
1751916933629 1.4465251934121957 117
1751916966983 1.4418323703787543 118
1751917000281 1.4424276426434517 119
1751918762124 1.6114571209658275 120
1751918795801 1.5594356280158868 121
1751918829548 1.5431645241650669 122
1751918863322 1.5361602543429895 123
1751918896975 1.5240706354379654 124
1751918930327 1.5180960670113564 125
1751918964019 1.512029025026343 126
1751918997268 1.5096360898830674 127
1751919031038 1.5023018186065284 128
1751919064724 1.4997116564349695 129
1751919098372 1.4937287172810598 130
1751919132015 1.4962416240437464 131
1751919165817 1.486534115604379 132
1751919199563 1.4815368425439706 133
1751919232845 1.4816202280873603 134
1751919266554 1.4762339148331771 135
1751919300326 1.4734409542923623 136
1751919334083 1.4726200611753897 137
1751919367841 1.468846775930036 138
1751919401547 1.4649493839930405 139
1751919435326 1.465175455605442 140
1751919469115 1.4607401158321986 141
1751919502899 1.4572225815870545 142
1751919536315 1.45528843998909 143
1751919570011 1.449788662520322 144
1751919603700 1.4465306702662597 145
1751919637382 1.4451046403158794 146
1751919671044 1.442506821656769 147
1751919704743 1.4417530758814379 148
1751919738535 1.4389991634948687 149
1751919771936 1.434004090387713 150
1751919805709 1.4347611120478674 151
1751919839332 1.4365719401023604 152
1751919872998 1.4280685518275609 153
1751919906664 1.427059713412415 154
1751919940382 1.426028122278777 155
1751919974091 1.4202350052920254 156
1751920007830 1.4211041256785393 157
1751920041522 1.4211738576943225 158
1751920075225 1.4140891886570237 159
1751921842207 1.5571583160622553 160
1751921875960 1.5119041289118202 161
1751921909513 1.4970031570304523 162
1751921943133 1.488736076449806 163
1751921976829 1.4825869195840575 164
1751922010577 1.4743775549260052 165
1751922044260 1.4690854569727725 166
1751922077930 1.4647959755225615 167
1751922111618 1.4590107527646152 168
1751922145279 1.4559791745109991 169
1751922178910 1.4538842703808437 170
1751922212614 1.4497176506979899 171
1751922246284 1.4456124424257062 172
1751922279960 1.4442101134495302 173
1751922313708 1.4386231611398133 174
1751922347411 1.4376653063703666 175
1751922381107 1.4340937249362469 176
1751922414835 1.434573768214746 177
1751922448535 1.4257371036166495 178
1751922482168 1.424885162914341 179
1751922515836 1.4242839792912656 180
1751922549548 1.423215026543899 181
1751922583241 1.4196418737145988 182
1751922616790 1.4143922420387918 183
1751922650474 1.41395170817321 184
1751922684277 1.413302192972465 185
1751922718084 1.4075706889006225 186
1751922751776 1.4047065939415584 187
1751922785503 1.4065825221213428 188
1751922819214 1.4005560532889583 189
1751922852843 1.3982879465276545 190
1751922886533 1.3968053612519393 191
1751922920257 1.3948622650720857 192
1751922953919 1.393166278234937 193
1751922987630 1.3896402845328504 194
1751923021289 1.3902578055858612 195
1751923055017 1.3863590891388329 196
1751923088723 1.3849021348763595 197
1751923122334 1.3849714713340455 198
1751923156007 1.3815294934267348 199
1751924922003 1.5363540700213476 200
1751924955671 1.4910891377790407 201
1751924989264 1.4748139042745938 202
1751925022902 1.4642036028883674 203
1751925056555 1.454126780683344 204
1751925090202 1.4477139961990444 205
1751925123848 1.4403598884289914 206
1751925157490 1.4366942420601845 207
1751925191035 1.4325613403184847 208
1751925224711 1.426584967835383 209
1751925258377 1.4252416874197396 210
1751925292054 1.4200676974247803 211
1751925325881 1.4169337566603313 212
1751925359336 1.4204277193004435 213
1751925392780 1.4113240665332838 214
1751925426348 1.4052864394404672 215
1751925459686 1.4076955142346295 216
1751925493176 1.4038723981515928 217
1751925526711 1.3993148502301087 218
1751925560145 1.3990054475990208 219
1751925593643 1.3973921408707446 220
1751925627094 1.3915312686427073 221
1751925660573 1.391630476509983 222
1751925694028 1.3914472166110168 223
1751925727458 1.3878522156314417 224
1751925760883 1.3870352188294583 225
1751925794283 1.3818172822621735 226
1751925827744 1.377101500264623 227
1751925861176 1.3777529871599241 228
1751925894648 1.3739243363114921 229
1751925928171 1.371093719859015 230
1751925961553 1.3758202550763434 231
1751925994994 1.3681626797399737 232
1751926028545 1.3673219061033293 233
1751926061979 1.3680822392078964 234
1751926095427 1.3639310205524617 235
1751926128828 1.364288392392072 236
1751926162174 1.3570321994748982 237
1751926195693 1.3558749515901913 238
1751926229226 1.3566282581199298 239
1751927987323 1.5264181606471539 240
1751928020713 1.4768418354744262 241
1751928054152 1.4606856067072262 242
1751928087471 1.4504984918643127 243
1751928120801 1.441942179744894 244
1751928154242 1.4391228763217276 245
1751928187601 1.4298345328054645 246
1751928220982 1.4222891513596883 247
1751928254405 1.4224428846077486 248
1751928287696 1.4144063165242022 249
1751928321086 1.4098446054214782 250
1751928354423 1.4081856019117616 251
1751928387758 1.4061025465753945 252
1751928421233 1.402941361408342 253
1751928454705 1.3988128419626842 254
1751928488137 1.394480650736527 255
1751928521558 1.3934999745000491 256
1751928554977 1.388881858776916 257
1751928588347 1.387755535542965 258
1751928621823 1.3863809650594539 259
1751928655239 1.3812828297642143 260
1751928688657 1.3800456073473801 261
1751928722221 1.3795961649580435 262
1751928755625 1.373852626505223 263
1751928789108 1.3736854930492965 264
1751928822521 1.3715379051864147 265
1751928855911 1.3664261471818795 266
1751928889419 1.3625098372047597 267
1751928922795 1.3675305420024828 268
1751928956264 1.3617471283809706 269
1751928989711 1.3590873523869298 270
1751929023222 1.358457296748053 271
1751929056629 1.3549662523648955 272
1751929090002 1.353485438295386 273
1751929123443 1.3533193401314996 274
1751929156892 1.3516805243085732 275
1751929190287 1.3502678217535669 276
1751929223600 1.34762495349754 277
1751929257012 1.3426357057284226 278
1751929290483 1.3466673249548131 279
1751931047240 1.5032302103936672 280
1751931080948 1.4612107527526943 281
1751931114408 1.444498271766034 282
1751931147809 1.4360532184893435 283
1751931181231 1.4250036423856562 284
1751931214589 1.414999963546341 285
1751931248012 1.4159025665033946 286
1751931281455 1.410630023276264 287
1751931314932 1.400835921479897 288
1751931348362 1.3967763249847023 289
1751931381791 1.394278233024207 290
1751931415486 1.3929511389949105 291
1751931448897 1.389881183816628 292
1751931482263 1.38250634920868 293
1751931515661 1.382783846760338 294
1751931549103 1.379399405961687 295
1751931582555 1.3744173852557486 296
1751931616084 1.3738385875794021 297
1751931649602 1.37215733257207 298
1751931682976 1.366882053965872 299
1751931716415 1.3654232963242314 300
1751931749776 1.3619107644666324 301
1751931783118 1.3577133698219603 302
1751931816626 1.3568679995157502 303
1751931850080 1.3582013269717044 304
1751931883582 1.3509287109429187 305
1751931916914 1.3497587185014377 306
1751931950318 1.3518281975253061 307
1751931983733 1.3459046455946835 308
1751932017250 1.3421371013603427 309
1751932050957 1.3439930105073885 310
1751932084447 1.3414421061223203 311
1751932117825 1.337084404446862 312
1751932151341 1.3367011337117716 313
1751932184744 1.3373159884729169 314
1751932218107 1.3337301134385846 315
1751932252077 1.332278903912414 316
1751932285547 1.3313634673302823 317
1751932318907 1.3270844170315699 318
1751932352382 1.3255632313137704 319
1751934113133 1.4846736880188638 320
1751934146497 1.439586217091842 321
1751934179853 1.4226897477426312 322
1751934213176 1.4102897522124378 323
1751934246490 1.4002228684046052 324
1751934280333 1.3959417840973898 325
1751934313688 1.3905037959868258 326
1751934347405 1.3838264180177993 327
1751934380870 1.379089547151869 328
1751934414297 1.373114323751493 329
1751934447650 1.370103363625028 330
1751934481050 1.3740207512270322 331
1751934514496 1.3661835386671803 332
1751934547940 1.3616455214267427 333
1751934581254 1.3603395125405355 334
1751934614603 1.353485817597671 335
1751934647954 1.3603580082682045 336
1751934681584 1.349457671019164 337
1751934715005 1.3478511836041103 338
1751934748371 1.3471507240425458 339
1751934782161 1.3460308079692451 340
1751934815841 1.3435774990780787 341
1751934849590 1.3375404971567066 342
1751934882970 1.3425836691802198 343
1751934916415 1.3337993581186642 344
1751934950069 1.333055350590836 345
1751934983460 1.3299947225234725 346
1751935016771 1.3281948261640288 347
1751935050533 1.3286509947343306 348
1751935084011 1.3280376270413399 349
1751935117394 1.3232660632241855 350
1751935150852 1.321509836749597 351
1751935184252 1.3211553062904964 352
1751935217662 1.3191044361076572 353
1751935251121 1.314025051553141 354
1751935284599 1.313802408901128 355
1751935318297 1.3095634437420152 356
1751935351644 1.3151309857652946 357
1751935385076 1.308726243674755 358
1751935418412 1.308352229270068 359
1751937184164 1.4743026237596164 360
1751937217485 1.4279101673852315 361
1751937251213 1.410326432098042 362
1751937284955 1.4012467261742463 363
1751937318628 1.3920665383338928 364
1751937352076 1.3821594362909144 365
1751937385727 1.3779126006093891 366
1751937419443 1.3759618042544886 367
1751937453070 1.3680154274810443 368
1751937486891 1.3672493049366907 369
1751937520593 1.3603740845891563 370
1751937554290 1.356824207034978 371
1751937588092 1.3569922904399307 372
1751937621361 1.3535512086342683 373
1751937655015 1.3489516672085633 374
1751937688634 1.3440392708236522 375
1751937722333 1.3385837901044975 376
1751937755932 1.3404056592421099 377
1751937789476 1.3387556932866573 378
1751937823200 1.332957953553308 379
1751937856948 1.3297435133294626 380
1751937890729 1.3296224529092961 381
1751937924483 1.3323456570506096 382
1751937958225 1.3220095996829597 383
1751937991893 1.3234311992471868 384
1751938025271 1.3180321790277958 385
1751938059071 1.3194569874216209 386
1751938092738 1.3180818530646237 387
1751938126508 1.3144600442187353 388
1751938160316 1.3160470741038972 389
1751938194025 1.3071562441235238 390
1751938227911 1.3083285933191127 391
1751938261675 1.308848893100565 392
1751938295313 1.3072188767519863 393
1751938328995 1.3015585406260057 394
1751938362738 1.304738230325959 395
1751938396482 1.30183594673872 396
1751938430250 1.304762335663492 397
1751938464367 1.29846547848799 398
1751938498221 1.293044175952673 399
1751940283437 1.456470237198201 400
1751940317244 1.4166537408124318 401
1751940351010 1.3998256224122914 402
1751940384839 1.3865805752575397 403
1751940418580 1.3780944686044345 404
1751940452269 1.3722149340266532 405
1751940486118 1.3661402721296658 406
1751940520206 1.3567131554538554 407
1751940554362 1.3564581464637409 408
1751940588396 1.34894439781254 409
1751940622087 1.3446083217859268 410
1751940655629 1.3429559523409063 411
1751940689187 1.3346940942785956 412
1751940722721 1.335840399631045 413
1751940756400 1.3364534337412228 414
1751940790036 1.3264848305420442 415
1751940823624 1.3254676989533685 416
1751940857195 1.3295953869819641 417
1751940890763 1.32214703055268 418
1751940924652 1.320783011953939 419
1751940958268 1.3201986419206315 420
1751940991847 1.315827719189904 421
1751941025400 1.3135349191725254 422
1751941058961 1.3126725315709005 423
1751941092530 1.3118965734135022 424
1751941126107 1.3068112541328778 425
1751941159650 1.305804318663749 426
1751941193233 1.3009909686039796 427
1751941226871 1.301102191209793 428
1751941260375 1.2997295961461284 429
1751941294059 1.3002543344416402 430
1751941327572 1.2972101799466393 431
1751941361173 1.2944606938822703 432
1751941394747 1.2879298209128054 433
1751941428366 1.2961895350705495 434
1751941461841 1.2927729633044114 435
1751941495435 1.2906595644625751 436
1751941529059 1.2871063749559901 437
1751941562662 1.2815218635580756 438
1751941596227 1.2846539176323197 439
1751943363752 1.469611935656179 440
1751943397234 1.4174093610861085 441
1751943430638 1.4025152359496464 442
1751943464088 1.3928804675286466 443
1751943497602 1.3769429498775438 444
1751943531215 1.370744363489476 445
1751943564784 1.365613599053838 446
1751943598330 1.3602432158182969 447
1751943631898 1.3541488843885334 448
1751943665649 1.3503268259492787 449
1751943699225 1.3435132276605477 450
1751943732730 1.3420666811818427 451
1751943766580 1.334912464361299 452
1751943800167 1.3320174301889809 453
1751943833712 1.3271409754048695 454
1751943867220 1.3236108002337543 455
1751943900644 1.3241616795686157 456
1751943934197 1.3227578012103385 457
1751943967743 1.3191325180232525 458
1751944001231 1.3156953670761802 459
1751944034737 1.31218442117626 460
1751944068268 1.3131651505827904 461
1751944101843 1.3120195364410228 462
1751944135373 1.3083430548960513 463
1751944168918 1.3037465617737987 464
1751944202514 1.303559713404287 465
1751944236058 1.2962067892605609 466
1751944269537 1.296411395072937 467
1751944303497 1.2971873239360072 468
1751944337182 1.2922592095353387 469
1751944370723 1.2957099577920004 470
1751944404273 1.2932363829829476 471
1751944437840 1.2893494496291333 472
1751944471396 1.2868567037988792 473
1751944505337 1.2875601039691404 474
1751944538876 1.283381874588403 475
1751944572323 1.2818638455461373 476
1751944605912 1.2806614935398102 477
1751944639462 1.2787644939327782 478
1751944673007 1.278108644891869 479
1751946439147 1.4500366435809569 480
1751946472627 1.3965533795681866 481
1751946506155 1.3844190537929535 482
1751946539706 1.3732328039001336 483
1751946573215 1.3593238114633344 484
1751946606888 1.355312641710043 485
1751946640391 1.3454000546850942 486
1751946673856 1.3431590815836734 487
1751946707461 1.3402672305025838 488
1751946740919 1.3285229714079336 489
1751946774416 1.32769291814078 490
1751946807974 1.3286616788669066 491
1751946841476 1.316992629996755 492
1751946875006 1.318066911602562 493
1751946908915 1.3153789934109559 494
1751946942475 1.3109543164345352 495
1751946975954 1.3088314148851417 496
1751947009471 1.3091588186269456 497
1751947043023 1.299755814739249 498
1751947076585 1.302524800666354 499
1751947110138 1.295603903179819 500
1751947144113 1.2943066798827865 501
1751947177674 1.2968105555258014 502
1751947211191 1.292613984508948 503
1751947244926 1.291694707829844 504
1751947278545 1.2873200889338146 505
1751947312037 1.2843210084194487 506
1751947346023 1.2888330783356319 507
1751947379603 1.282007096843286 508
1751947413120 1.2783233184706082 509
1751947446597 1.2753355452282862 510
1751947480102 1.2790363590148361 511
1751947513639 1.2780964257703586 512
1751947547132 1.26753749021075 513
1751947581076 1.270373920486732 514
1751947614703 1.268911593000997 515
1751947648281 1.2658728792924772 516
1751947681848 1.2664297123185613 517
1751947715448 1.2653928571804003 518
1751947748973 1.2624283360148019 519
1751949515336 1.455626753243533 520
1751949549193 1.402466381476684 521
1751949582698 1.3873466124588794 522
1751949616203 1.3766470449891957 523
1751949649626 1.3638626570728691 524
1751949683257 1.3526553599671884 525
1751949716769 1.3464307229627261 526
1751949750312 1.3400576229799877 527
1751949784124 1.3364014070142398 528
1751949817625 1.3353534445843913 529
1751949851118 1.3268138972873038 530
1751949884677 1.3249511901627888 531
1751949918260 1.3220302096822045 532
1751949951842 1.316602906381542 533
1751949985520 1.3115595497868278 534
1751950019032 1.309120661155744 535
1751950052514 1.3097604716365987 536
1751950086082 1.3075117021799088 537
1751950119875 1.297286407514052 538
1751950153409 1.2933176141232252 539
1751950187294 1.3010548302395777 540
1751950221195 1.2899629558351906 541
1751950255069 1.2876060032709078 542
1751950288526 1.2908921790393917 543
1751950322240 1.288330227136612 544
1751950355813 1.2866319441659884 545
1751950389285 1.283444277603518 546
1751950422910 1.2781732234765182 547
1751950456535 1.2750899175351316 548
1751950490492 1.2806946086612614 549
1751950524188 1.273839433592829 550
1751950557703 1.277438817715103 551
1751950591179 1.2715510627762838 552
1751950625092 1.2667926783588799 553
1751950659004 1.2653520188548348 554
1751950692861 1.2662417715923353 555
1751950726414 1.264900090680881 556
1751950760325 1.262675603343682 557
1751950793788 1.2624814252961765 558
1751950827288 1.258956930515441 559
1751952600103 1.4374930286272005 560
1751952633992 1.3839012516493148 561
1751952667509 1.3626792068508538 562
1751952701420 1.3525411811741916 563
1751952735312 1.342110538347201 564
1751952768733 1.335958413441073 565
1751952802289 1.3281123736365275 566
1751952836121 1.3213046894154765 567
1751952869995 1.3210434981367805 568
1751952903865 1.3136355016719212 569
1751952937812 1.3061940429562873 570
1751952971400 1.3074670484797521 571
1751953005276 1.3038256845690988 572
1751953038737 1.3041584396904164 573
1751953072578 1.29542282409966 574
1751953106379 1.2962560843337665 575
1751953140243 1.2873208963058211 576
1751953174100 1.2881990298628807 577
1751953207965 1.2856941734525291 578
1751953241801 1.281256089494987 579
1751953276006 1.2784597101536663 580
1751953309549 1.2772082340988247 581
1751953343382 1.275884268974716 582
1751953377510 1.273257988081737 583
1751953411382 1.272922865707766 584
1751953445249 1.2716522795910186 585
1751953479128 1.270465178753842 586
1751953513017 1.2635888735001737 587
1751953546513 1.2626973588696935 588
1751953580673 1.2632934017614885 589
1751953614509 1.261610287156972 590
1751953647996 1.2569282806732438 591
1751953681862 1.254213372753425 592
1751953715623 1.2534301729703492 593
1751953749536 1.2572857552969998 594
1751953783146 1.2500831122425469 595
1751953816942 1.2525164125995203 596
1751953850756 1.2446161986074664 597
1751953884616 1.2467299178242683 598
1751953918526 1.2437140567397529 599
1751955697120 1.4229363135316155 600
1751955731262 1.3735453544015235 601
1751955765097 1.3566760339520194 602
1751955798958 1.3464241600172087 603
1751955832722 1.333896484564651 604
1751955866576 1.3290587897327812 605
1751955900392 1.3205737119371241 606
1751955934223 1.320377868515524 607
1751955967975 1.311113516376777 608
1751956001761 1.3052847788415172 609
1751956035675 1.3006303036077456 610
1751956069603 1.298375168307261 611
1751956103434 1.2931684902445837 612
1751956137220 1.2889556197280234 613
1751956171043 1.288575585254214 614
1751956204913 1.2872485559095035 615
1751956238674 1.2828738564117388 616
1751956272727 1.279559401795268 617
1751956306615 1.2767832766879688 618
1751956340385 1.2774694805795497 619
1751956374263 1.2722651846706867 620
1751956408123 1.2775577381253242 621
1751956441937 1.2677150063894012 622
1751956475852 1.2640478417954661 623
1751956509648 1.2621050223030827 624
1751956543563 1.2600275518541986 625
1751956577469 1.2583148252557625 626
1751956611327 1.2577261657200076 627
1751956645344 1.2548770259388469 628
1751956679158 1.2537597272206435 629
1751956712931 1.2485135395757176 630
1751956746737 1.2521633756431667 631
1751956780815 1.2484487562694333 632
1751956814706 1.2517640759999102 633
1751956848612 1.2459953390061855 634
1751956882511 1.242906671694734 635
1751956916704 1.2435518398203633 636
1751956950530 1.2409712262451649 637
1751956984309 1.2369637743315913 638
1751957018148 1.2385098973119801 639
1751958796694 1.413802443580194 640
1751958830562 1.3612653934820131 641
1751958864768 1.3460032113573768 642
1751958898629 1.339527171782472 643
1751958932445 1.3246420401741157 644
1751958966608 1.3187413202090696 645
1751959000439 1.3102749660611153 646
1751959034179 1.3062453825365414 647
1751959067952 1.3002625172111122 648
1751959101855 1.2963878634301098 649
1751959135710 1.291638876904141 650
1751959170019 1.2852812124924227 651
1751959203926 1.2831869589334184 652
1751959238238 1.277484469115734 653
1751959272050 1.2780153443190185 654
1751959305830 1.2728974880142645 655
1751959339705 1.2691213173622435 656
1751959373735 1.2680770048702306 657
1751959407356 1.2659404128789902 658
1751959441023 1.2638681276955388 659
1751959474633 1.261764102361419 660
1751959508088 1.262550818141211 661
1751959541718 1.2554779530248859 662
1751959575506 1.2576490427282723 663
1751959609078 1.2508601801977917 664
1751959642708 1.2499851950190284 665
1751959676377 1.2538278184153817 666
1751959710034 1.2520753534680062 667
1751959743625 1.2446470184420997 668
1751959777557 1.241321874782443 669
1751959811141 1.2445696910673922 670
1751959844837 1.2388539146631956 671
1751959878644 1.234108386391943 672
1751959912179 1.2396604921668768 673
1751959945729 1.23423458754339 674
1751959979310 1.2345228005539288 675
1751960013461 1.2311848429116337 676
1751960047070 1.2311945891177112 677
1751960080644 1.2273480490866033 678
1751960114254 1.224685862660408 679
1751961882846 1.411570513790304 680
1751961916598 1.3598612425002186 681
1751961950106 1.345030447637493 682
1751961983626 1.3306967372244054 683
1751962017206 1.3137914057482372 684
1751962050603 1.3104914897544817 685
1751962084147 1.3066103306006303 686
1751962117705 1.2937391430816867 687
1751962151159 1.2913714982569218 688
1751962184718 1.2850608879869634 689
1751962218250 1.2840727310289035 690
1751962251766 1.2766016884283586 691
1751962285377 1.2765130959451199 692
1751962318937 1.2728549553589388 693
1751962352495 1.2651842951097272 694
1751962386032 1.260832168161869 695
1751962419654 1.2660673711110244 696
1751962453613 1.2606806453656068 697
1751962487114 1.25816951895302 698
1751962520680 1.2600790985267272 699
1751962554188 1.2527392140843652 700
1751962587732 1.2516459292647513 701
1751962621416 1.2519735572012989 702
1751962655074 1.2442840530791066 703
1751962688665 1.2474012473090128 704
1751962722481 1.2421749489889904 705
1751962755991 1.2423444601961158 706
1751962789561 1.2395389716733585 707
1751962823173 1.236308392137289 708
1751962856747 1.2352998481894082 709
1751962890297 1.232453801245852 710
1751962923820 1.2351364400237799 711
1751962957366 1.2297250047664752 712
1751962990855 1.2321612689305435 713
1751963024435 1.2273589489473538 714
1751963058129 1.2253661404617808 715
1751963091727 1.2221556925638155 716
1751963125250 1.2237530961971392 717
1751963158740 1.2222602319988338 718
1751963192440 1.2164784632623196 719
1751964960243 1.4130365763875572 720
1751964993987 1.3538503372533754 721
1751965027453 1.334428281607953 722
1751965060934 1.3213202492757277 723
1751965094454 1.306831738149578 724
1751965127929 1.3081166171892122 725
1751965161559 1.2957259795882485 726
1751965195211 1.2898081378503279 727
1751965228672 1.287758408960971 728
1751965262230 1.2803160067309032 729
1751965295734 1.27822691117498 730
1751965329289 1.272508723830635 731
1751965362867 1.2713819315487689 732
1751965396535 1.2642678748816252 733
1751965430064 1.2639800770716234 734
1751965463563 1.2613772932778706 735
1751965497150 1.2548046784306115 736
1751965530721 1.2533057240599936 737
1751965564258 1.2503713051026517 738
1751965597795 1.2506579597565262 739
1751965631298 1.2457503202286633 740
1751965664836 1.2478874711827799 741
1751965698374 1.242219010537321 742
1751965731913 1.2407594006508589 743
1751965765461 1.2388372441584414 744
1751965799076 1.2419484696266325 745
1751965832649 1.2380785779519514 746
1751965866144 1.2322979195212775 747
1751965899684 1.2288827430456877 748
1751965933254 1.2292093800550157 749
1751965966909 1.22350316088308 750
1751966000462 1.223926667124033 751
1751966033960 1.2267897586253556 752
1751966067525 1.2225857969712128 753
1751966101147 1.2214356334033338 754
1751966134813 1.2194216639142146 755
1751966168427 1.2145306005735288 756
1751966201966 1.2217496992512182 757
1751966235448 1.2108099643479695 758
1751966268892 1.215138938785954 759
1751968032105 1.4030824422158978 760
1751968066002 1.3462146713652394 761
1751968099512 1.3259357782927426 762
1751968132989 1.3147150298411197 763
1751968166515 1.3004379509524866 764
1751968200152 1.2955474660477855 765
1751968233727 1.2871223423968663 766
1751968267313 1.2842679870399563 767
1751968300756 1.2740308173339476 768
1751968334329 1.2713359966874123 769
1751968367741 1.2699213823811575 770
1751968401266 1.266268664124337 771
1751968434688 1.263278791172938 772
1751968468476 1.259927442974665 773
1751968502009 1.25072311677716 774
1751968535555 1.2532463210888884 775
1751968569122 1.248777710409327 776
1751968602695 1.2487277210774748 777
1751968636232 1.2452642893926664 778
1751968670119 1.2411385884677821 779
1751968703573 1.2417300763455303 780
1751968737143 1.2380673081021418 781
1751968770783 1.2351979863914577 782
1751968804286 1.233791535212235 783
1751968837761 1.2317739521915263 784
1751968871274 1.2268751783465797 785
1751968904789 1.2288332838903775 786
1751968938243 1.2255582059310242 787
1751968971759 1.2283234584399245 788
1751969005361 1.223973611369729 789
1751969038841 1.219973037866029 790
1751969072441 1.2198514862155372 791
1751969105919 1.2190519760955463 792
1751969139313 1.2168531194329262 793
1751969173214 1.2159834985028615 794
1751969206703 1.2152364667166362 795
1751969240208 1.2091810393401168 796
1751969273632 1.2073201648890972 797
1751969307135 1.211315485902808 798
1751969340674 1.2037968075072223 799
1751971117360 1.4022988026792353 800
1751971150801 1.3465646573088386 801
1751971184660 1.3268629512326284 802
1751971218534 1.314702603627335 803
1751971252332 1.3132481131363998 804
1751971286260 1.2989198775454 805
1751971319656 1.2888801013204185 806
1751971353588 1.2803763195194982 807
1751971387050 1.2755522983656689 808
1751971420897 1.2774839350445704 809
1751971454425 1.2730472480708903 810
1751971488331 1.2632780061526732 811
1751971521818 1.259611202911897 812
1751971555219 1.256815643473105 813
1751971589064 1.2538698815147986 814
1751971623090 1.2521237243305554 815
1751971656625 1.2510191269896247 816
1751971690058 1.2480163752016695 817
1751971723902 1.2428832098164342 818
1751971757769 1.2362445702945644 819
1751971791640 1.2373122186823324 820
1751971825542 1.2332625890319997 821
1751971859062 1.2313795416531237 822
1751971892874 1.2292802498083224 823
1751971926404 1.2266270162707025 824
1751971960301 1.2270556740801444 825
1751971994118 1.2241003809666091 826
1751972027941 1.2192656330086968 827
1751972061826 1.222581453452056 828
1751972095704 1.2192363501949743 829
1751972129544 1.2175483280284838 830
1751972163036 1.2149367882785471 831
1751972196530 1.2156809162009845 832
1751972230359 1.2119829107753255 833
1751972264224 1.2150245715271344 834
1751972298158 1.2099684801968662 835
1751972332009 1.2045928390527314 836
1751972365854 1.2034919145093723 837
1751972399342 1.2088362544097684 838
1751972433159 1.202556980096481 839
1751974208765 1.392290534959598 840
1751974242569 1.3346982916647738 841
1751974276424 1.3179300847378643 842
1751974310239 1.3042510283941573 843
1751974344059 1.2900235046717254 844
1751974377882 1.2840921851721676 845
1751974411737 1.279446749185974 846
1751974445519 1.2729146253656258 847
1751974479288 1.2666751266541807 848
1751974513207 1.2594414299184626 849
1751974547049 1.2552902940660715 850
1751974580952 1.2519487149336122 851
1751974614735 1.2450168708508664 852
1751974648579 1.2462903132492846 853
1751974682342 1.2439641197296707 854
1751974716158 1.2456361140039833 855
1751974750080 1.2378011494874954 856
1751974783996 1.2336940596049482 857
1751974817691 1.2309135213832965 858
1751974851520 1.2275611597367309 859
1751974885317 1.227528152987361 860
1751974919182 1.2215717661787162 861
1751974953119 1.220583521507003 862
1751974986929 1.2231679418208925 863
1751975020865 1.2217475455254316 864
1751975054679 1.2164498278024523 865
1751975088492 1.2175196595489979 866
1751975122265 1.2105089139870622 867
1751975156147 1.2148616505278782 868
1751975190086 1.2074130255390296 869
1751975223982 1.2086795602332463 870
1751975257913 1.2053989820520987 871
1751975291857 1.2070934608240018 872
1751975325725 1.2008009105920792 873
1751975359498 1.2027248340574177 874
1751975393400 1.199893561445854 875
1751975427206 1.1973291151225567 876
1751975461018 1.1949857986447485 877
1751975494847 1.196806651116772 878
1751975528711 1.1925793003968217 879
1751977306807 1.389231121336872 880
1751977340595 1.3356687873601913 881
1751977374418 1.3125208308073608 882
1751977408269 1.29661113277755 883
1751977442034 1.2920326478779316 884
1751977475847 1.2825514149259438 885
1751977509695 1.271453351121057 886
1751977543517 1.270343755795197 887
1751977577367 1.2660973329435696 888
1751977611104 1.253824725069783 889
1751977644839 1.255697782405398 890
1751977678583 1.2538303973322564 891
1751977712426 1.2416015043854713 892
1751977746371 1.2443207172168926 893
1751977780191 1.2384402144022963 894
1751977814084 1.2359571721066127 895
1751977847804 1.2347614480690523 896
1751977881552 1.2293360301039435 897
1751977915373 1.2324226095595143 898
1751977949263 1.2221364624459634 899
1751977983082 1.225609760392796 900
1751978017069 1.21922146495093 901
1751978050943 1.216793318194422 902
1751978084834 1.2168603710491548 903
1751978118704 1.2162656066092579 904
1751978152488 1.2119251618331128 905
1751978186266 1.2089823433621363 906
1751978220285 1.2068403290415353 907
1751978254130 1.2090437156571583 908
1751978288216 1.2023805669424208 909
1751978322117 1.2019383692267267 910
1751978355680 1.201367823915048 911
1751978389598 1.2012637824836103 912
1751978423419 1.1988494082946668 913
1751978456965 1.1985249013047328 914
1751978490632 1.200288250195709 915
1751978524602 1.1937241452661427 916
1751978558211 1.194720522077246 917
1751978592046 1.1885453195057132 918
1751978625637 1.1884864020076664 919
1751980391542 1.3746159242635423 920
1751980425200 1.3140922584994272 921
1751980458739 1.299482465129007 922
1751980492272 1.2818700183521619 923
1751980525761 1.272842757065188 924
1751980559384 1.2623672258447518 925
1751980593039 1.2577493915503675 926
1751980626674 1.2536476223983548 927
1751980660150 1.2474300214512781 928
1751980693766 1.2455029897391796 929
1751980727289 1.2394778261130506 930
1751980760816 1.2333404867147857 931
1751980794414 1.2312212647362188 932
1751980828023 1.2306818955323913 933
1751980861460 1.2205039582807908 934
1751980894962 1.2228155340999365 935
1751980928538 1.2216921492733739 936
1751980962122 1.2150575913150201 937
1751980995787 1.2126129542223432 938
1751981029261 1.2101540247147733 939
1751981062885 1.2122079484503379 940
1751981096483 1.2108350870284168 941
1751981129997 1.2107965360310944 942
1751981163541 1.1998896436257795 943
1751981197248 1.207751876251264 944
1751981230792 1.1997666194696317 945
1751981264364 1.2027737179940396 946
1751981298004 1.1929274450310252 947
1751981331624 1.1928076830438592 948
1751981365265 1.1961854574355213 949
1751981398835 1.1940143025395544 950
1751981432456 1.189742993224751 951
1751981465990 1.1911074534397235 952
1751981499633 1.1904899393292991 953
1751981533157 1.1846953857351432 954
1751981566748 1.181972790848125 955
1751981600293 1.1880247293209487 956
1751981633837 1.1795279217714614 957
1751981667367 1.1818148387088017 958
1751981700994 1.1796006565405563 959
1751983466387 1.3899484805085442 960
1751983499938 1.3289926319637082 961
1751983533615 1.3046435933898797 962
1751983567152 1.294577673416246 963
1751983600653 1.2816256149248644 964
1751983634274 1.267659223045815 965
1751983667860 1.2688301185315305 966
1751983701430 1.257437142458829 967
1751983734926 1.2542540488595313 968
1751983768540 1.2467744130302558 969
1751983802210 1.2397431324828754 970
1751983835841 1.236769619990479 971
1751983869330 1.2340809264304964 972
1751983902882 1.2288801040161739 973
1751983936387 1.224386857145212 974
1751983969960 1.2272549974308773 975
1751984003543 1.2231066687540575 976
1751984037158 1.2199620684100823 977
1751984070756 1.2161554890600117 978
1751984104341 1.2151028662919998 979
1751984137975 1.2122880271212622 980
1751984171508 1.2076441667635331 981
1751984205119 1.2071362249553204 982
1751984238737 1.2013516939160498 983
1751984272287 1.202258910137144 984
1751984305883 1.197952313348651 985
1751984339469 1.1998268074610017 986
1751984373070 1.197522040287202 987
1751984406731 1.1977758609097113 988
1751984440297 1.1927525606006384 989
1751984473765 1.1903510151261634 990
1751984507296 1.195781434801492 991
1751984540958 1.185260802338069 992
1751984574603 1.184966442090544 993
1751984608128 1.1833551231433044 994
1751984641612 1.1860072809186848 995
1751984675108 1.181856801394712 996
1751984708731 1.178626894612204 997
1751984742318 1.1842409688979387 998
1751984775935 1.1793375927954912 999
1751986540120 1.3777352019467137 1000
1751986573708 1.3100412945178421 1001
1751986607241 1.2895542433993383 1002
1751986640817 1.280325578356331 1003
1751986674301 1.2681640914895318 1004
1751986707866 1.2597868300297044 1005
1751986741417 1.2537683140147815 1006
1751986774927 1.243490163914182 1007
1751986808504 1.2373552407053383 1008
1751986841999 1.2342304621230473 1009
1751986875520 1.226961161094633 1010
1751986909049 1.2272908492860468 1011
1751986942581 1.2253059912472963 1012
1751986976159 1.2210288799621842 1013
1751987009692 1.2167590678754179 1014
1751987043183 1.2129638564180245 1015
1751987076660 1.208964581516656 1016
1751987110171 1.2070865878327326 1017
1751987143742 1.2121720479970628 1018
1751987177266 1.2033388716253368 1019
1751987210798 1.2015274676748298 1020
1751987244299 1.1994522457773036 1021
1751987277819 1.2054279397495768 1022
1751987311433 1.1980653305284001 1023
1751987345470 1.1969812319359996 1024
1751987378912 1.1894968067380516 1025
1751987412393 1.1929763795977288 1026
1751987445929 1.185065983709964 1027
1751987479591 1.187236444347284 1028
1751987513192 1.1861302774738183 1029
1751987546716 1.1855549124831504 1030
1751987580264 1.1838972548192197 1031
1751987613792 1.1836646612394939 1032
1751987647327 1.1757122091948986 1033
1751987680821 1.174929059364579 1034
1751987714389 1.1758389146151869 1035
1751987748040 1.174917872487144 1036
1751987781636 1.1700544143942269 1037
1751987815221 1.1740699864246629 1038
1751987849307 1.1745905669575387 1039
1751989615063 1.3684767318720168 1040
1751989648928 1.3073756237598984 1041
1751989682804 1.2867239256474106 1042
1751989716393 1.2733979963443496 1043
1751989749871 1.2600201148201118 1044
1751989783340 1.2523852515627036 1045
1751989817222 1.2472962875935165 1046
1751989850833 1.2410122543912043 1047
1751989884726 1.2341614028608257 1048
1751989918604 1.2305163275450468 1049
1751989952208 1.2260661043904044 1050
1751989986203 1.222877710211006 1051
1751990020066 1.2189650247720154 1052
1751990053530 1.215566029602831 1053
1751990086994 1.2141766300932928 1054
1751990120845 1.2096670862625947 1055
1751990154690 1.2049263798716394 1056
1751990188672 1.2023974750190973 1057
1751990222601 1.2019645197486335 1058
1751990256138 1.2005219049751759 1059
1751990289609 1.1976651940494776 1060
1751990323091 1.1969880082390525 1061
1751990356978 1.192488588562066 1062
1751990390882 1.189719258722934 1063
1751990424732 1.1895470256832512 1064
1751990458697 1.189485757019032 1065
1751990492239 1.1860206579281525 1066
1751990526219 1.1831422409212047 1067
1751990560151 1.1834668689830736 1068
1751990593645 1.1774639443240382 1069
1751990627184 1.1817966735159808 1070
1751990661097 1.175495201891119 1071
1751990694916 1.1726840919053012 1072
1751990728801 1.1709930834106423 1073
1751990762703 1.1715407522225922 1074
1751990796319 1.169253080744635 1075
1751990830159 1.1704882149669258 1076
1751990863657 1.1676087926395915 1077
1751990897611 1.1673404222184962 1078
1751990931467 1.1652977903458206 1079
1751992707560 1.3576105714521625 1080
1751992741414 1.3040671599182216 1081
1751992775189 1.2771999548104676 1082
1751992809071 1.265836758708412 1083
1751992842933 1.2591413513503291 1084
1751992876960 1.2477425744926387 1085
1751992910905 1.2416350154036826 1086
1751992944777 1.2323746782812206 1087
1751992978668 1.2248059511184692 1088
1751993012603 1.2238295201889493 1089
1751993046442 1.219401947476647 1090
1751993080328 1.2166587974537502 1091
1751993114253 1.2094576025212354 1092
1751993148143 1.2049059452997013 1093
1751993182066 1.2064616707238285 1094
1751993215958 1.2057246259328993 1095
1751993249999 1.2011036793278023 1096
1751993283957 1.2000747358595782 1097
1751993317788 1.1950374575839802 1098
1751993351735 1.191439955749295 1099
1751993385622 1.1867485903203487 1100
1751993419449 1.1894286633892492 1101
1751993453351 1.1865773924033751 1102
1751993487311 1.1836567714133046 1103
1751993521103 1.1878973824734038 1104
1751993554983 1.1856580395251513 1105
1751993588886 1.175219453363256 1106
1751993622794 1.1743265762925148 1107
1751993656791 1.1779853149571202 1108
1751993690707 1.1787206644023007 1109
1751993724592 1.171212517063726 1110
1751993758458 1.1723355224186724 1111
1751993792449 1.1650777034122834 1112
1751993826276 1.171479906378822 1113
1751993860186 1.166452320292592 1114
1751993894122 1.165555146776817 1115
1751993927955 1.1621542391790585 1116
1751993961874 1.1619478674097494 1117
1751993995702 1.1559574888511137 1118
1751994029590 1.159690040925687 1119
1751995807296 1.3676134866069665 1120
1751995841071 1.3067750168794936 1121
1751995874833 1.291250683705915 1122
1751995908672 1.267963899638165 1123
1751995942499 1.2632786438546397 1124
1751995976336 1.2487722237340428 1125
1751996010160 1.245456881482493 1126
1751996044011 1.240651081062176 1127
1751996077823 1.2352002027698539 1128
1751996111792 1.2219773105938325 1129
1751996145615 1.2214057738469406 1130
1751996179502 1.2154167606071993 1131
1751996213431 1.2135032420469956 1132
1751996247284 1.2078690743920477 1133
1751996281125 1.205733417279341 1134
1751996314927 1.2062078614465215 1135
1751996348749 1.2002985162491149 1136
1751996382554 1.194299789653583 1137
1751996416421 1.1913038642907685 1138
1751996450362 1.193298343907703 1139
1751996484333 1.1871178212829612 1140
1751996518164 1.1848564762622118 1141
1751996552059 1.1841253040527755 1142
1751996585903 1.1835824420506305 1143
1751996619757 1.1801435756073757 1144
1751996653682 1.1818404795432633 1145
1751996687625 1.1753984899683432 1146
1751996721530 1.1730442644858903 1147
1751996755367 1.174302188679576 1148
1751996789279 1.1711906352165071 1149
1751996823210 1.1726956350559539 1150
1751996857207 1.1698707331987945 1151
1751996891093 1.170017577030442 1152
1751996925052 1.1636322438716888 1153
1751996958856 1.1612976613369854 1154
1751996992706 1.1630581661381505 1155
1751997026554 1.1610231045633554 1156
1751997060406 1.1578186982395975 1157
1751997094316 1.159918554465879 1158
1751997128170 1.15252994407307 1159
1751998889881 1.3445895927196199 1160
1751998923455 1.2833800549534233 1161
1751998957043 1.2656678255986085 1162
1751998990595 1.2467721790413966 1163
1751999024167 1.236316459084099 1164
1751999057708 1.2272439742968841 1165
1751999091255 1.2239393536001444 1166
1751999124845 1.2189402647993781 1167
1751999158404 1.2128592453558336 1168
1751999191978 1.2056663925336166 1169
1751999225590 1.2085037241605194 1170
1751999259202 1.1992489531297574 1171
1751999292797 1.2015490680932999 1172
1751999326312 1.1940651976249435 1173
1751999359899 1.1908242748203604 1174
1751999393552 1.1834098097275605 1175
1751999427113 1.181562963026491 1176
1751999460697 1.1878392416983843 1177
1751999494357 1.1776413123377345 1178
1751999527842 1.1759878925301812 1179
1751999561425 1.1746149940246886 1180
1751999595075 1.1794625298882073 1181
1751999628749 1.176704023710706 1182
1751999662244 1.1684672319414942 1183
1751999695767 1.1659070294011722 1184
1751999729444 1.167037102647803 1185
1751999763009 1.1681837866252118 1186
1751999796604 1.162159857932817 1187
1751999830191 1.1670861317014152 1188
1751999863819 1.15951994180002 1189
1751999897428 1.1566300365057858 1190
1751999931038 1.1573507684198292 1191
1751999964522 1.153319094160741 1192
1751999998073 1.1571942413733765 1193
1752000031673 1.1531282502480529 1194
1752000065295 1.1516333256255498 1195
1752000098863 1.1531979500908742 1196
1752000132554 1.1488635580648074 1197
1752000166113 1.1463117872110822 1198
1752000199746 1.1522236188704318 1199
1752001975896 1.3533362173898653 1200
1752002009456 1.286555185575377 1201
1752002043037 1.2615728534080766 1202
1752002076498 1.2494499485262416 1203
1752002110026 1.2417235222052445 1204
1752002143606 1.2315828663043 1205
1752002177256 1.217735104770823 1206
1752002210751 1.21585400656543 1207
1752002244219 1.211970598690889 1208
1752002277734 1.2048830195245417 1209
1752002311358 1.2040921273556622 1210
1752002344988 1.2015135450796648 1211
1752002378643 1.1961599735712463 1212
1752002412337 1.1911149614236571 1213
1752002445958 1.1865223630924115 1214
1752002479503 1.1887708214873618 1215
1752002513085 1.1829809558323838 1216
1752002546568 1.178815238516439 1217
1752002580055 1.1780447638170286 1218
1752002613695 1.1763965438374064 1219
1752002647259 1.1711159394207327 1220
1752002680770 1.1714546042071148 1221
1752002714390 1.1711408465423367 1222
1752002747978 1.167030732570724 1223
1752002781541 1.1648661247031256 1224
1752002815088 1.1652042601596226 1225
1752002848597 1.1639190722595563 1226
1752002882293 1.1610300733961842 1227
1752002915882 1.1596154607832432 1228
1752002949503 1.154400247233835 1229
1752002983091 1.1541441704400561 1230
1752003016617 1.1559091430496087 1231
1752003050161 1.15676476044411 1232
1752003083742 1.1488440841097722 1233
1752003117278 1.1506121427836744 1234
1752003150798 1.1473200969736685 1235
1752003184293 1.143512819131667 1236
1752003217896 1.1427498593587766 1237
1752003251476 1.139171187850562 1238
1752003285166 1.14343484016982 1239
1752005053581 1.3330875012007626 1240
1752005087150 1.2731640955263919 1241
1752005120652 1.2459685013375499 1242
1752005154157 1.2342080411247232 1243
1752005187760 1.2257662876085802 1244
1752005221278 1.2170920725911856 1245
1752005254868 1.2095744501460681 1246
1752005288333 1.2048807824877175 1247
1752005321824 1.2022075478664853 1248
1752005355457 1.1942088857970454 1249
1752005388922 1.1888822422108867 1250
1752005422457 1.1910021680999885 1251
1752005455926 1.1870538980107417 1252
1752005489404 1.18313973701813 1253
1752005522996 1.179583819413727 1254
1752005556490 1.1736975224180655 1255
1752005590115 1.171673376451839 1256
1752005623649 1.1703459312292663 1257
1752005657107 1.1718657098033212 1258
1752005690600 1.1663549647412517 1259
1752005724113 1.1622906220568852 1260
1752005757685 1.163256571712819 1261
1752005791278 1.1602175322107293 1262
1752005824862 1.1607415335760876 1263
1752005858472 1.1596965915100141 1264
1752005892019 1.1528339905833656 1265
1752005925569 1.1520294149152257 1266
1752005959182 1.1490740537304769 1267
1752005992686 1.1483163569461217 1268
1752006026250 1.1483499340035699 1269
1752006059831 1.1492637096142226 1270
1752006093370 1.1441104417158798 1271
1752006126929 1.146219276399775 1272
1752006160601 1.1397264565933833 1273
1752006194184 1.140252248468724 1274
1752006227714 1.1352398490363902 1275
1752006261261 1.137665470046076 1276
1752006294719 1.1357786423442038 1277
1752006328269 1.1331555235453628 1278
1752006361852 1.1347590468146584 1279
1752008130864 1.3387241285632958 1280
1752008164787 1.269840914417397 1281
1752008198723 1.2510624341666698 1282
1752008232234 1.2329871635884047 1283
1752008265777 1.2248090405694463 1284
1752008299903 1.2158930586142973 1285
1752008333705 1.2164186652411113 1286
1752008367549 1.201627120714296 1287
1752008401138 1.199444443495436 1288
1752008434705 1.1926001083444466 1289
1752008468358 1.1862552911043167 1290
1752008501824 1.1849156474186615 1291
1752008535364 1.1792553412643345 1292
1752008569206 1.176305296238173 1293
1752008602728 1.1749757646837018 1294
1752008636737 1.1715072925117882 1295
1752008670697 1.1720301707021215 1296
1752008704606 1.1638647488911043 1297
1752008738189 1.1652541187676517 1298
1752008772171 1.1612000795589252 1299
1752008805991 1.1564520262181759 1300
1752008839891 1.1583358137445017 1301
1752008873788 1.1548484353856607 1302
1752008907356 1.1508591600101103 1303
1752008941256 1.1541269668801264 1304
1752008974799 1.1542640026997437 1305
1752009008742 1.144534803588282 1306
1752009042230 1.1432605417953297 1307
1752009076127 1.1414828674698418 1308
1752009110075 1.1431781106035819 1309
1752009143667 1.1381785939024254 1310
1752009177541 1.1400250863622536 1311
1752009211358 1.1387395438822834 1312
1752009244794 1.141039327294989 1313
1752009278266 1.138045766136863 1314
1752009312234 1.1326724045317282 1315
1752009346229 1.1325512281195684 1316
1752009380179 1.1356709458949892 1317
1752009414030 1.129324877465313 1318
1752009447625 1.1269575892524286 1319
1752011222934 1.3462237714027816 1320
1752011256757 1.2760495331815698 1321
1752011290645 1.2557006485082887 1322
1752011324507 1.2432239851491018 1323
1752011358369 1.2284862031652168 1324
1752011392221 1.2237953328612177 1325
1752011426003 1.2107422345063903 1326
1752011459861 1.204755785451694 1327
1752011493759 1.196296440437436 1328
1752011527692 1.1938101412220434 1329
1752011561581 1.191111279820854 1330
1752011595491 1.1841345380314372 1331
1752011629426 1.178168523210016 1332
1752011663345 1.1788549665361643 1333
1752011697209 1.1709641313010997 1334
1752011731157 1.1709459987892346 1335
1752011764977 1.1716852489520202 1336
1752011798831 1.1602076652713798 1337
1752011832622 1.1604514166035436 1338
1752011866494 1.1638578689572485 1339
1752011900320 1.155403626913374 1340
1752011934282 1.1566034650260753 1341
1752011968138 1.1556865263052962 1342
1752012001997 1.151497250253504 1343
1752012035966 1.148700231008909 1344
1752012069842 1.1459559496830811 1345
1752012103765 1.143991087817333 1346
1752012137649 1.1438491352918474 1347
1752012171485 1.1419596968388015 1348
1752012205474 1.1423225592483173 1349
1752012239374 1.1400585945018313 1350
1752012273329 1.1390234406360171 1351
1752012307299 1.136466117237102 1352
1752012341249 1.135613506998528 1353
1752012375121 1.131845759735866 1354
1752012408979 1.1322443080558018 1355
1752012442838 1.1258990554647013 1356
1752012476878 1.1274017805064267 1357
1752012510811 1.131787482649088 1358
1752012544686 1.1232452802360058 1359
1752014322636 1.3362290625545112 1360
1752014356492 1.2682800120250746 1361
1752014390315 1.2460549585521221 1362
1752014424231 1.2310871730812571 1363
1752014458076 1.2183426257900216 1364
1752014491901 1.210773335939104 1365
1752014525727 1.2047476338391954 1366
1752014559491 1.201452217318795 1367
1752014593396 1.192124884406274 1368
1752014627372 1.1831466707993636 1369
1752014661145 1.1832365854219957 1370
1752014695028 1.17802243815227 1371
1752014728925 1.1723868879066273 1372
1752014762774 1.1709100233221597 1373
1752014796640 1.164634156125513 1374
1752014830475 1.1650079730898142 1375
1752014864277 1.1639472364702008 1376
1752014898216 1.1580448281019926 1377
1752014932090 1.15629541027275 1378
1752014965945 1.1561521913178943 1379
1752014999731 1.1528479206291111 1380
1752015033610 1.1482350829650054 1381
1752015067482 1.1508007278157906 1382
1752015101375 1.1457933524454182 1383
1752015135297 1.1431268167427995 1384
1752015169107 1.1431425914845683 1385
1752015203049 1.142304713922468 1386
1752015236882 1.1364709430120208 1387
1752015270742 1.1357518233020196 1388
1752015304493 1.1414517866955562 1389
1752015338299 1.1325006755915554 1390
1752015372101 1.1337897635319016 1391
1752015405905 1.1279067407277497 1392
1752015439791 1.1269883347505874 1393
1752015473603 1.129983509636738 1394
1752015507470 1.1299752992662517 1395
1752015541400 1.1289547641168942 1396
1752015575259 1.1220290974121203 1397
1752015609044 1.1262214984744787 1398
1752015642920 1.1195006800646132 1399
1752017407888 1.3089709339494056 1400
1752017441487 1.2476077484474941 1401
1752017475112 1.2256344150413165 1402
1752017508628 1.2108738706870512 1403
1752017542237 1.1967359535734763 1404
1752017575735 1.1886074016378685 1405
1752017609372 1.1795287259261718 1406
1752017642941 1.172142762860114 1407
1752017676529 1.167177395217798 1408
1752017710154 1.1614172775298357 1409
1752017743736 1.1551586601205848 1410
1752017777314 1.1508444051512263 1411
1752017810829 1.1435969414358789 1412
1752017844393 1.1398989295756274 1413
1752017877953 1.1377586334605108 1414
1752017911587 1.1341854647140612 1415
1752017945169 1.1310137070038102 1416
1752017978761 1.128950877453793 1417
1752018012311 1.1245671024715358 1418
1752018045902 1.1218430753797293 1419
1752018079473 1.1171165472743185 1420
1752018113074 1.117417686195536 1421
1752018146697 1.1166862544010987 1422
1752018180240 1.1141183166341349 1423
1752018213866 1.1082688825712963 1424
1752018247510 1.10816862214018 1425
1752018281176 1.108429846607826 1426
1752018314819 1.1021501938389107 1427
1752018348301 1.1024103491482409 1428
1752018381883 1.1007599407298998 1429
1752018415519 1.1025776912204244 1430
1752018449158 1.0987918219444426 1431
1752018482741 1.0985586323182692 1432
1752018516248 1.0957516636699438 1433
1752018549925 1.093881827017123 1434
1752018583525 1.0941252760927787 1435
1752018617075 1.0914866082708945 1436
1752018650821 1.090519423003901 1437
1752018684505 1.0867404257032005 1438
1752018718184 1.0881285811351105 1439
1752020483591 1.2902587310157039 1440
1752020517165 1.23141859725795 1441
1752020550642 1.2124899353154681 1442
1752020584193 1.197560435330326 1443
1752020617781 1.187659721482884 1444
1752020651437 1.1748735975812783 1445
1752020685091 1.1691240614110774 1446
1752020718753 1.15970624407584 1447
1752020752339 1.1578165113248609 1448
1752020785913 1.149154394018379 1449
1752020819576 1.1431166345084256 1450
1752020853134 1.1385173054242677 1451
1752020886723 1.136602484197779 1452
1752020920282 1.1360551494766364 1453
1752020953926 1.1331505660306325 1454
1752020987448 1.1255118569189853 1455
1752021020988 1.125783349302682 1456
1752021054611 1.1200340833853593 1457
1752021088162 1.1197272926907649 1458
1752021121664 1.1148628849874844 1459
1752021155286 1.1123072303492914 1460
1752021188949 1.1131742588159712 1461
1752021222462 1.109344770115885 1462
1752021256059 1.1080830976028333 1463
1752021289657 1.1052185434170745 1464
1752021323293 1.1027988923544234 1465
1752021356871 1.1028637061403557 1466
1752021390354 1.1013679834590717 1467
1752021423986 1.0994510442357173 1468
1752021457616 1.0966262571852317 1469
1752021491102 1.0962228285656734 1470
1752021524635 1.0946816399016164 1471
1752021558172 1.0931598102165894 1472
1752021591811 1.0917808755554936 1473
1752021625440 1.0884141434322705 1474
1752021658992 1.088382015004754 1475
1752021692602 1.0865306161682715 1476
1752021726253 1.0831721509722145 1477
1752021759838 1.0830063071440568 1478
1752021793507 1.082139834422957 1479
1752023558341 1.2681110680780627 1480
1752023591931 1.212758673185652 1481
1752023625420 1.1919464348730715 1482
1752023659003 1.1788361297751015 1483
1752023692482 1.1696549007161097 1484
1752023726040 1.1577703817324205 1485
1752023759491 1.1499903755770489 1486
1752023793040 1.1464166163720868 1487
1752023826566 1.139864390377294 1488
1752023860105 1.1362532534721224 1489
1752023893654 1.1309218941764398 1490
1752023927257 1.1288395083763383 1491
1752023960810 1.125061632218686 1492
1752023994350 1.1220408970998093 1493
1752024027843 1.1176795964552597 1494
1752024061363 1.1163938250392675 1495
1752024094942 1.114544548263604 1496
1752024128537 1.1094099772586064 1497
1752024162095 1.1077845773913644 1498
1752024195654 1.1056764948774467 1499
1752024229195 1.103847231885249 1500
1752024262716 1.102002902464433 1501
1752024296265 1.100004423240369 1502
1752024329769 1.0981296070597388 1503
1752024363283 1.0977171937173062 1504
1752024396787 1.095435242253271 1505
1752024430383 1.0939198314127596 1506
1752024463998 1.0918051106008617 1507
1752024497517 1.091113876212727 1508
1752024531054 1.0909014764157208 1509
1752024564621 1.0890161422165958 1510
1752024598125 1.0870762977071784 1511
1752024631827 1.085797612301328 1512
1752024665474 1.0861355987462131 1513
1752024698987 1.0807934943586588 1514
1752024732563 1.081176826899702 1515
1752024766149 1.0804491588337855 1516
1752024799780 1.0779507769779726 1517
1752024833317 1.0784140298651024 1518
1752024866883 1.0741526608101346 1519
1752026632805 1.2792686300182885 1520
1752026666301 1.221025632863695 1521
1752026699875 1.1996985573998906 1522
1752026733441 1.1849716617302462 1523
1752026766928 1.1728783808648586 1524
1752026800800 1.1627764940600505 1525
1752026834326 1.1568422415717081 1526
1752026867781 1.1496946312148462 1527
1752026901299 1.1436218128285625 1528
1752026934875 1.140458415008404 1529
1752026968759 1.1334758704020218 1530
1752027002712 1.1290457351979883 1531
1752027036825 1.1237288083542476 1532
1752027070364 1.121670269661329 1533
1752027104339 1.1235658324916253 1534
1752027137924 1.1166990224949338 1535
1752027171762 1.1143478150056167 1536
1752027205649 1.1132820756597952 1537
1752027239531 1.109108960425312 1538
1752027273455 1.1064112647013231 1539
1752027307006 1.1045650243759155 1540
1752027340482 1.1033439671790057 1541
1752027374038 1.1011303825811907 1542
1752027407562 1.0980807153338736 1543
1752027441465 1.096736083145846 1544
1752027475119 1.0968810980292885 1545
1752027509010 1.0933851785957813 1546
1752027542988 1.0910224260931665 1547
1752027576888 1.0937567942521789 1548
1752027610410 1.087385144931349 1549
1752027644275 1.0867215488106012 1550
1752027678147 1.0844876021146774 1551
1752027712206 1.0861424080688844 1552
1752027746144 1.081760542297905 1553
1752027779723 1.082675792615522 1554
1752027813295 1.080954484641552 1555
1752027846845 1.0768818670714444 1556
1752027880800 1.0805262637070634 1557
1752027914460 1.079606538807804 1558
1752027948403 1.0759059407494285 1559
1752029724093 1.2860808463936502 1560
1752029757973 1.224739184095101 1561
1752029791771 1.1992436986077915 1562
1752029825636 1.186116950078444 1563
1752029859460 1.177487606521357 1564
1752029893298 1.1635603075000374 1565
1752029927098 1.1584282444620675 1566
1752029961019 1.1523422741077163 1567
1752029994968 1.1438515370881015 1568
1752030028967 1.1386928703974595 1569
1752030062849 1.1323780341243201 1570
1752030096740 1.1313156531277029 1571
1752030130599 1.1281747939911755 1572
1752030164455 1.1217342306944458 1573
1752030198285 1.1204438207840377 1574
1752030232178 1.1192659051580862 1575
1752030266122 1.11275378360667 1576
1752030300012 1.1112728960473428 1577
1752030333946 1.108696893534877 1578
1752030367872 1.1054051743650979 1579
1752030401758 1.1040619975802572 1580
1752030435635 1.1043131151659922 1581
1752030469552 1.102271523157304 1582
1752030503449 1.0978413871066137 1583
1752030537402 1.097308455373753 1584
1752030571286 1.095264871520075 1585
1752030605282 1.0935987113890322 1586
1752030639126 1.091637159782377 1587
1752030672971 1.0889482862231405 1588
1752030706820 1.0885516012256795 1589
1752030740742 1.0915480990978805 1590
1752030774617 1.085127996111458 1591
1752030808522 1.0848171250386671 1592
1752030842429 1.0826012287288904 1593
1752030876303 1.0834774913435632 1594
1752030910170 1.0803306605666876 1595
1752030944095 1.0794915323230354 1596
1752030977958 1.0793267722156914 1597
1752031011787 1.0736239784481851 1598
1752031045714 1.0761773193424398 1599
1752032833754 1.2858795090155168 1600
1752032867635 1.2274958755482326 1601
1752032901494 1.2055357171391898 1602
1752032935281 1.186690490692854 1603
1752032969220 1.1756524816155434 1604
1752033003096 1.1680801847780293 1605
1752033036952 1.159566423263062 1606
1752033070746 1.1513991215350954 1607
1752033104596 1.1446401006118818 1608
1752033138494 1.140195599164475 1609
1752033172342 1.1389235078611157 1610
1752033206130 1.130937864326618 1611
1752033240100 1.1262617012993856 1612
1752033273919 1.1204421306875618 1613
1752033307901 1.1192054519937797 1614
1752033341750 1.1178424989973956 1615
1752033375486 1.111787718466737 1616
1752033409342 1.1118236206133256 1617
1752033443187 1.1093888509679923 1618
1752033477086 1.1058938122269781 1619
1752033510981 1.103683920407837 1620
1752033544829 1.1056453993713313 1621
1752033578741 1.1018725415183739 1622
1752033612698 1.0956167168915272 1623
1752033646489 1.0979154589162632 1624
1752033680399 1.098496405746449 1625
1752033714212 1.0916517024690455 1626
1752033747943 1.0931513607501984 1627
1752033781848 1.0876260660588741 1628
1752033815684 1.0900415168567137 1629
1752033849605 1.085958105596629 1630
1752033883406 1.0844216959720308 1631
1752033917283 1.0843564659695735 1632
1752033951109 1.079787470231002 1633
1752033985032 1.079311108555306 1634
1752034018913 1.0805673680522225 1635
1752034052699 1.077356806024909 1636
1752034086658 1.0773992519825697 1637
1752034120569 1.0760776669802992 1638
1752034154533 1.0792827374217184 1639
1752035920802 1.2696244845336133 1640
1752035954501 1.2131392747502436 1641
1752035988019 1.1917969179763035 1642
1752036021653 1.1784115704623135 1643
1752036055318 1.1670650385997512 1644
1752036088976 1.1582984817637638 1645
1752036122537 1.1507222806526856 1646
1752036156107 1.1450416220521384 1647
1752036189622 1.139006520536813 1648
1752036223244 1.1339109277522021 1649
1752036256819 1.129138983278112 1650
1752036290383 1.1250112590126016 1651
1752036324071 1.1209119405936112 1652
1752036357652 1.1152434321967037 1653
1752036391202 1.114121861755848 1654
1752036424760 1.1104799707166173 1655
1752036458350 1.1062886515124277 1656
1752036491943 1.1047434077005496 1657
1752036525436 1.1011791158128867 1658
1752036559174 1.0988013359972022 1659
1752036592868 1.0974782212552698 1660
1752036626538 1.0956671380183913 1661
1752036660100 1.0924660744653507 1662
1752036693744 1.089053021066568 1663
1752036727439 1.0892749570987441 1664
1752036761166 1.0861752949316392 1665
1752036794773 1.0836737174540758 1666
1752036828329 1.0834194870496339 1667
1752036861936 1.0816011227328668 1668
1752036895548 1.0790386580946771 1669
1752036929165 1.0782322514463554 1670
1752036962807 1.0777914007617668 1671
1752036996442 1.0736809562553058 1672
1752037030000 1.074447675523433 1673
1752037063553 1.0725665490396998 1674
1752037097083 1.072629084979946 1675
1752037130738 1.0705490930175239 1676
1752037164404 1.0681060059842737 1677
1752037197989 1.0688620643182234 1678
1752037231502 1.0669380169023166 1679
1752038997455 1.2629147307439283 1680
1752039030920 1.2098359357226978 1681
1752039064550 1.189348753033714 1682
1752039098165 1.1753591793504627 1683
1752039131681 1.165462022308599 1684
1752039165337 1.155967207964171 1685
1752039198873 1.15076547708701 1686
1752039232442 1.142029731619087 1687
1752039265852 1.1362702028656548 1688
1752039299356 1.131085012785413 1689
1752039332947 1.12749445929446 1690
1752039366572 1.1229211466217583 1691
1752039400154 1.11860872737386 1692
1752039433733 1.1154682814058932 1693
1752039467172 1.112125164744529 1694
1752039500769 1.1096988560801202 1695
1752039534294 1.1064623775468632 1696
1752039567978 1.1047334764152765 1697
1752039601578 1.1008623875677586 1698
1752039635046 1.0979808030480689 1699
1752039668627 1.096896323629401 1700
1752039702162 1.0941289251839572 1701
1752039735742 1.0925507274540989 1702
1752039769357 1.0906701624732127 1703
1752039803009 1.0891166820444844 1704
1752039836645 1.0850304915485056 1705
1752039870198 1.0852762950076298 1706
1752039903835 1.083670936016874 1707
1752039937498 1.0817690041254868 1708
1752039971001 1.0795064085925168 1709
1752040004481 1.0767602305859327 1710
1752040037948 1.0775093685158275 1711
1752040071501 1.0746416286988691 1712
1752040105040 1.0738653005524115 1713
1752040138550 1.0723741818219423 1714
1752040172208 1.071441033516418 1715
1752040205742 1.0685750435699115 1716
1752040239249 1.0688199719244784 1717
1752040272851 1.0673234235833993 1718
1752040306339 1.0649971396408298 1719
1752042070957 1.2657219095324928 1720
1752042104498 1.2118053322827274 1721
1752042137976 1.191683468832211 1722
1752042171503 1.1757098129865797 1723
1752042205054 1.1644145856526764 1724
1752042238594 1.1575140428136697 1725
1752042272129 1.1500965043563733 1726
1752042305712 1.1436710047789596 1727
1752042339226 1.1392835238101808 1728
1752042372859 1.132504466921091 1729
1752042406386 1.1269399936903606 1730
1752042439885 1.1249559509821914 1731
1752042473428 1.1192288859324022 1732
1752042506913 1.1159216670150107 1733
1752042540474 1.1123020682822575 1734
1752042573994 1.1087000146508217 1735
1752042607666 1.107000920921564 1736
1752042641300 1.1039619132537732 1737
1752042674881 1.102426654574546 1738
1752042708390 1.0988614774224432 1739
1752042741935 1.0974889739670537 1740
1752042775470 1.0939028855751862 1741
1752042809070 1.0910131047395142 1742
1752042842679 1.0914299899542874 1743
1752042876339 1.086818833242763 1744
1752042909858 1.0881299933587962 1745
1752042943459 1.0836175382137299 1746
1752042976953 1.0836091883141885 1747
1752043010425 1.081192511049184 1748
1752043043904 1.080141997303475 1749
1752043077520 1.0802598194303838 1750
1752043111030 1.076801397922364 1751
1752043144565 1.0748620983213186 1752
1752043178171 1.0740408790721134 1753
1752043211818 1.0731333560225638 1754
1752043245438 1.0727877203713765 1755
1752043279041 1.0709584651684219 1756
1752043312657 1.068927985700694 1757
1752043346253 1.067482484335249 1758
1752043379770 1.0670444433662025 1759
1752045145666 1.2605173377828165 1760
1752045179220 1.2104696546765892 1761
1752045213028 1.186745198951526 1762
1752045246444 1.1741277881982652 1763
1752045279936 1.163427908481522 1764
1752045313430 1.1539872241291134 1765
1752045347188 1.1480346091768958 1766
1752045380675 1.1399764029139823 1767
1752045414132 1.135756909169934 1768
1752045447701 1.1321466541425749 1769
1752045481272 1.1256377295675604 1770
1752045515154 1.1213141945614056 1771
1752045549115 1.1177031360566616 1772
1752045582992 1.1148250573738054 1773
1752045616899 1.1110256214372136 1774
1752045650770 1.1069413394751875 1775
1752045684221 1.1044306736439466 1776
1752045718074 1.1029860888692467 1777
1752045752072 1.0995240091261538 1778
1752045785957 1.097880778495561 1779
1752045819487 1.093510803681883 1780
1752045853033 1.0931936519389802 1781
1752045886555 1.089367152107033 1782
1752045920086 1.0876767935061997 1783
1752045953558 1.0866273448548533 1784
1752045987475 1.0862913499162956 1785
1752046021056 1.0832002838565544 1786
1752046054928 1.0825842468237334 1787
1752046088780 1.0809333001009442 1788
1752046122757 1.0794284018603237 1789
1752046156343 1.0784787520427594 1790
1752046190220 1.0754545571451837 1791
1752046224140 1.0758265549824997 1792
1752046258117 1.0720119300213726 1793
1752046291984 1.0731062267652967 1794
1752046325536 1.069198260253126 1795
1752046359156 1.0687670809301464 1796
1752046392710 1.0674103745682673 1797
1752046426295 1.06712927703153 1798
1752046459848 1.0655241976068779 1799
1752048234804 1.2510158016600392 1800
1752048268661 1.1971321036531166 1801
1752048302512 1.1781503986567259 1802
1752048336456 1.163245759565722 1803
1752048370457 1.154002254490148 1804
1752048404232 1.1480551428076895 1805
1752048438065 1.1394793741743674 1806
1752048471878 1.1337996027009054 1807
1752048505858 1.129046033559875 1808
1752048539815 1.1241436378861016 1809
1752048573770 1.11817484179681 1810
1752048607591 1.11458547396416 1811
1752048641420 1.1118324563245883 1812
1752048675213 1.1085561522367327 1813
1752048709068 1.1043206043541431 1814
1752048742983 1.1037602798843926 1815
1752048776829 1.100945297120647 1816
1752048810763 1.0983192151920362 1817
1752048844703 1.095261973413554 1818
1752048878687 1.0930950512940234 1819
1752048912551 1.0905385542322288 1820
1752048946540 1.0902027450501919 1821
1752048980329 1.0866826078431173 1822
1752049014197 1.0856398093429478 1823
1752049048078 1.083726331083612 1824
1752049081991 1.0802349526096473 1825
1752049115906 1.0806295846334912 1826
1752049149872 1.0789647757668386 1827
1752049183719 1.0789070579815994 1828
1752049217684 1.0742234255779872 1829
1752049251734 1.0751177599145607 1830
1752049285630 1.072789725932208 1831
1752049319626 1.071729218925942 1832
1752049353532 1.070052656429735 1833
1752049387444 1.0676823859526352 1834
1752049421264 1.0667590156874873 1835
1752049455203 1.0655848302624442 1836
1752049489173 1.0655649786984378 1837
1752049523053 1.0641089892861517 1838
1752049557011 1.0619481002742595 1839
1752051335075 1.2569424672560259 1840
1752051369023 1.200769474899227 1841
1752051402844 1.1812890593639829 1842
1752051436737 1.166633684357459 1843
1752051470661 1.157872318036177 1844
1752051504546 1.1484751538796858 1845
1752051538462 1.1414637140591035 1846
1752051572298 1.1347059421241283 1847
1752051606173 1.1308713916011832 1848
1752051639983 1.1258645072918048 1849
1752051673875 1.1201299894601107 1850
1752051707684 1.1158141490410676 1851
1752051741520 1.113248761235313 1852
1752051775365 1.1106298918073827 1853
1752051809348 1.1069018966095014 1854
1752051843182 1.1037539865144275 1855
1752051877069 1.100932382385839 1856
1752051911006 1.0976359771395272 1857
1752051944828 1.0965195113623685 1858
1752051978694 1.0943737165494398 1859
1752052012575 1.092100985517556 1860
1752052046460 1.0894565526396036 1861
1752052080297 1.0860305816273799 1862
1752052114199 1.085002705285495 1863
1752052147982 1.0839419009333306 1864
1752052181832 1.0831834072755142 1865
1752052215781 1.0814764271066948 1866
1752052249747 1.0788168004629286 1867
1752052283601 1.0767302313311533 1868
1752052317465 1.0743349456990308 1869
1752052351418 1.073997394943779 1870
1752052385205 1.072748044336384 1871
1752052419011 1.0720339168540456 1872
1752052452813 1.0706789801743897 1873
1752052486635 1.0692552859810265 1874
1752052520458 1.0694115930660204 1875
1752052554329 1.0670378551903097 1876
1752052588141 1.0672928863628344 1877
1752052622033 1.0653438568115234 1878
1752052655894 1.0626533517444676 1879
1752054442392 1.265035143968734 1880
1752054476021 1.218151084062728 1881
1752054509758 1.1987112277949399 1882
1752054543773 1.1868198598650368 1883
1752054577237 1.1774856206029654 1884
1752054610789 1.1689074303616176 1885
1752054644451 1.162627044726502 1886
1752054678178 1.1566507047550245 1887
1752054711748 1.1506626118313183 1888
1752054745422 1.1461880985986104 1889
1752054778942 1.1423316474326632 1890
1752054812733 1.138681898401542 1891
1752054846405 1.1339571582661434 1892
1752054880215 1.131661575964906 1893
1752054913790 1.1270071928474037 1894
1752054947502 1.1248049392280253 1895
1752054981164 1.1220388796857812 1896
1752055015004 1.1190765798091888 1897
1752055050791 1.116202445362102 1898
1752055084362 1.1142421227625825 1899
1752055118260 1.1109489932317624 1900
1752055152142 1.1093416986140339 1901
1752055185717 1.1069015298377385 1902
1752055219912 1.1053199961104176 1903
1752055253559 1.1033958013762126 1904
1752055288705 1.1002195193008943 1905
1752055322328 1.0988618731498718 1906
1752055356431 1.0975166906348683 1907
1752055390008 1.095216772773049 1908
1752055423649 1.093683243475177 1909
1752055457804 1.0930439123714513 1910
1752055491301 1.0910399874502963 1911
1752055524966 1.0897281129251828 1912
1752055558522 1.0869618296961894 1913
1752055592495 1.0859503895044327 1914
1752055626416 1.0850085814229466 1915
1752055660739 1.0830222264948217 1916
1752055695078 1.081880322234197 1917
1752055729031 1.0803641170601954 1918
1752055762635 1.0798650851303881 1919
1752057543525 1.2405364200134168 1920
1752057577157 1.1948146555911412 1921
1752057610791 1.1772323983975432 1922
1752057644332 1.166430244560946 1923
1752057678599 1.1573146530850367 1924
1752057712259 1.1503658406436443 1925
1752057745816 1.144084237854589 1926
1752057779448 1.139975824647329 1927
1752057813088 1.1349090920253233 1928
1752057846653 1.1309643237089568 1929
1752057880157 1.1264740889045326 1930
1752057913752 1.1239905746823007 1931
1752057947384 1.1200493968684564 1932
1752057980935 1.1180945777080276 1933
1752058014605 1.1145958534695886 1934
1752058048237 1.111737570302053 1935
1752058081773 1.109650201418183 1936
1752058115450 1.1076731200922618 1937
1752058149071 1.1046578433703294 1938
1752058182710 1.102066419172016 1939
1752058216248 1.100180820985274 1940
1752058249831 1.0983326225118204 1941
1752058283445 1.097222720018842 1942
1752058317052 1.095470524647019 1943
1752058350637 1.093558769165115 1944
1752058384243 1.0915637989951805 1945
1752058417762 1.0901964147659866 1946
1752058451306 1.0883849127726122 1947
1752058484781 1.0865112595598807 1948
1752058518439 1.0856438797305932 1949
1752058552014 1.0836610799147324 1950
1752058585598 1.08275358480486 1951
1752058619206 1.0811985123225234 1952
1752058652746 1.0802906841378321 1953
1752058686308 1.0790195407515222 1954
1752058719894 1.0777876935899258 1955
1752058753536 1.0768833602355286 1956
1752058787177 1.0760008010335944 1957
1752058820819 1.073876429349184 1958
1752058854392 1.073452910069715 1959
1752060619850 1.2457910364663058 1960
1752060653353 1.2018512670289387 1961
1752060686846 1.1839258520101958 1962
1752060720316 1.1714645542881705 1963
1752060753888 1.1639348879795184 1964
1752060787444 1.156655972484838 1965
1752060821025 1.1498582185330717 1966
1752060854624 1.143790124153549 1967
1752060888162 1.1403918073258617 1968
1752060921707 1.134790044955232 1969
1752060955285 1.1309485896067186 1970
1752060988771 1.1286882422864437 1971
1752061022284 1.1247366551648488 1972
1752061055927 1.1210376064885745 1973
1752061089565 1.1191846645352514 1974
1752061123149 1.1163249379870566 1975
1752061156666 1.1128854170780291 1976
1752061190199 1.1107150595635176 1977
1752061223769 1.1092756571756168 1978
1752061257458 1.1055805440992117 1979
1752061291056 1.1046953658488663 1980
1752061324607 1.1022553029046818 1981
1752061358195 1.1007237940688024 1982
1752061391779 1.0987794055518778 1983
1752061425336 1.0965125176378272 1984
1752061458952 1.0946415801617233 1985
1752061492461 1.0929094507274302 1986
1752061525999 1.0919616874307394 1987
1752061559638 1.0895429719239473 1988
1752061593182 1.0885458691892298 1989
1752061626729 1.0866101399402728 1990
1752061660353 1.0859118273312396 1991
1752061693963 1.0836225910620256 1992
1752061727487 1.0831033280965956 1993
1752061761072 1.0822350586002523 1994
1752061794744 1.0804751759225673 1995
1752061828266 1.0787194388156587 1996
1752061861858 1.0788835133002563 1997
1752061895470 1.0761914375153454 1998
1752061929059 1.076673291962255 1999
1752063711924 1.2437005806714296 2000
1752063745807 1.2005161321298643 2001
1752063779427 1.182814951308749 2002
1752063813013 1.1717984087087892 2003
1752063846594 1.1630736846815457 2004
1752063880186 1.1555029133504087 2005
1752063913638 1.149422449483113 2006
1752063947185 1.1442148004743187 2007
1752063981095 1.1384466872973875 2008
1752064014552 1.1349739586426453 2009
1752064047997 1.131675175814466 2010
1752064081541 1.1275766236199574 2011
1752064115091 1.1250029097903858 2012
1752064149033 1.121680147099224 2013
1752064182528 1.1191900938071988 2014
1752064216443 1.1152876488525758 2015
1752064249955 1.1131757372482256 2016
1752064283379 1.110433396290649 2017
1752064316949 1.1086210799826817 2018
1752064350384 1.1056655267761513 2019
1752064383781 1.1040062186392872 2020
1752064417802 1.1023529017852112 2021
1752064451449 1.1012020278722048 2022
1752064485004 1.0972930021922698 2023
1752064518525 1.0966733308000998 2024
1752064551974 1.094249627129598 2025
1752064585473 1.0930522277273915 2026
1752064619452 1.0915766148404642 2027
1752064652935 1.089900098910386 2028
1752064686891 1.088186551901427 2029
1752064720849 1.0868440581993624 2030
1752064754498 1.0856142973696643 2031
1752064787988 1.0839672659269788 2032
1752064822050 1.0828882096843286 2033
1752064855972 1.0814801383424888 2034
1752064889604 1.0792819407175889 2035
1752064923519 1.0792627048424699 2036
1752064957404 1.0780431777238846 2037
1752064991059 1.0771183967590332 2038
1752065025003 1.0759051768955858 2039
1752066801367 1.2389000793072311 2040
1752066835231 1.194314139641144 2041
1752066869108 1.175700593739748 2042
1752066902965 1.1650550453500315 2043
1752066937850 1.1566981740973212 2044
1752066971789 1.1498160865157843 2045
1752067005714 1.1434625590389424 2046
1752067039622 1.1381494025276466 2047
1752067073159 1.1342068063941868 2048
1752067107066 1.1297064970501445 2049
1752067141031 1.1268147975206375 2050
1752067174909 1.1239174582402816 2051
1752067208912 1.1197110961445353 2052
1752067242917 1.1171613662418993 2053
1752067276891 1.1138586735522205 2054
1752067310797 1.1114981685849754 2055
1752067344631 1.1088881817730991 2056
1752067378537 1.1069992977109822 2057
1752067412476 1.1047091230072759 2058
1752067446369 1.1024055057628588 2059
1752067480274 1.1002176956019618 2060
1752067514102 1.0979380314661698 2061
1752067548014 1.0958700779486785 2062
1752067581896 1.094360281967304 2063
1752067615825 1.0940096686509522 2064
1752067649715 1.0916873446919702 2065
1752067683651 1.0899692704393105 2066
1752067717512 1.0878471232612024 2067
1752067751497 1.0875644528053023 2068
1752067785399 1.0860576814209872 2069
1752067819235 1.083845605057749 2070
1752067853180 1.082970018921928 2071
1752067887133 1.0814424536444924 2072
1752067921142 1.0792729622599753 2073
1752067955083 1.0794812164862047 2074
1752067988914 1.0774882870980285 2075
1752068022871 1.0766785403882915 2076
1752068056743 1.0753691836514256 2077
1752068090619 1.0744846006008713 2078
1752068124548 1.072981516068632 2079
1752069905584 1.231123281812126 2080
1752069939498 1.1863281974060969 2081
1752069973370 1.1706064819273623 2082
1752070007254 1.1596272423524747 2083
1752070041026 1.1516003104096109 2084
1752070074902 1.1448499226773328 2085
1752070108778 1.1390130978754975 2086
1752070142674 1.1336325244470076 2087
1752070176683 1.12983173775402 2088
1752070210532 1.1267163978720254 2089
1752070244371 1.1220398318361153 2090
1752070278280 1.119048779491674 2091
1752070312084 1.1159896737133914 2092
1752070346047 1.1131969317793846 2093
1752070379980 1.1108397404578598 2094
1752070413690 1.1074046370658008 2095
1752070447495 1.1061815384098075 2096
1752070481464 1.1036247766830705 2097
1752070515265 1.101801039989699 2098
1752070549262 1.0989892709661613 2099
1752070583163 1.0971275136213412 2100
1752070617220 1.0959836732257495 2101
1752070651177 1.0933673544363542 2102
1752070684990 1.0916393932632424 2103
1752070718802 1.0905716051770882 2104
1752070752752 1.0878682354973122 2105
1752070786741 1.088292134417729 2106
1752070820652 1.086665821007707 2107
1752070854965 1.0848805081437936 2108
1752070888881 1.083325418220325 2109
1752070922806 1.0815890343351797 2110
1752070956712 1.0803522574291988 2111
1752070990553 1.0788098893720994 2112
1752071024441 1.0788069059225647 2113
1752071058393 1.0771210302006116 2114
1752071092214 1.0761216076260263 2115
1752071126244 1.074760170992125 2116
1752071161240 1.073257401585579 2117
1752071195083 1.0728233668275855 2118
1752071228900 1.0715309430591085 2119
1752073003775 1.2464860752224922 2120
1752073037493 1.205386204814369 2121
1752073071238 1.1884178007868202 2122
1752073104777 1.1784285650673239 2123
1752073138283 1.1701887934045359 2124
1752073171877 1.1637596694583243 2125
1752073205416 1.1579538822512736 2126
1752073238956 1.152890962294557 2127
1752073272477 1.1494355973872272 2128
1752073306043 1.1449718488888307 2129
1752073339579 1.141080179336396 2130
1752073373161 1.1385271154682746 2131
1752073406715 1.135591642592441 2132
1752073440214 1.1322727609764447 2133
1752073473774 1.1302038387141444 2134
1752073507391 1.1274677443910728 2135
1752073541013 1.1252965280278162 2136
1752073574754 1.1229648227718743 2137
1752073608387 1.120763241567395 2138
1752073641958 1.1189228275960141 2139
1752073675594 1.1173174079846253 2140
1752073709137 1.1153299772942609 2141
1752073742775 1.1136587671935558 2142
1752073776404 1.111791958863085 2143
1752073810053 1.1103094372559676 2144
1752073844476 1.1086007487028837 2145
1752073878009 1.1075294061817906 2146
1752073911613 1.1057191768830472 2147
1752073945231 1.104184777560559 2148
1752073978799 1.1033760710534724 2149
1752074012479 1.1016212060031565 2150
1752074046104 1.1002550707622007 2151
1752074079783 1.0995733265511014 2152
1752074113413 1.097717801447619 2153
1752074147015 1.0972688829695636 2154
1752074180663 1.0956377954306928 2155
1752074214320 1.0942657461220568 2156
1752074248249 1.0935541218654676 2157
1752074281900 1.092597809535536 2158
1752074315511 1.0915688738565554 2159
1752076085067 1.2365387783131816 2160
1752076118674 1.1957380350001834 2161
1752076152216 1.1806184148246592 2162
1752076185839 1.170336665585637 2163
1752076219506 1.1618742441589183 2164
1752076253165 1.1552864578975872 2165
1752076286816 1.1507040753283284 2166
1752076320453 1.1452483394267885 2167
1752076354054 1.141697259619832 2168
1752076387671 1.1380288350311192 2169
1752076421207 1.135611342266202 2170
1752076454826 1.131481484425339 2171
1752076488371 1.1292299543592064 2172
1752076521959 1.126551812176 2173
1752076555604 1.1241680624132806 2174
1752076589184 1.1221458930522203 2175
1752076622719 1.1197038748386232 2176
1752076656294 1.1173440915617077 2177
1752076689846 1.1156091464852744 2178
1752076723445 1.1143491530621594 2179
1752076757181 1.1122857821597294 2180
1752076791158 1.1106083802878857 2181
1752076824714 1.1090144379572435 2182
1752076858275 1.1076589482413097 2183
1752076891869 1.1055563165044242 2184
1752076925408 1.1049097942357713 2185
1752076958910 1.1032341029495 2186
1752076992538 1.101502742448991 2187
1752077026166 1.1008626652712172 2188
1752077059830 1.0995025191117416 2189
1752077093480 1.097879236056046 2190
1752077127120 1.09739633327858 2191
1752077160596 1.096065741032362 2192
1752077194113 1.0945019632239232 2193
1752077227679 1.092834800820459 2194
1752077261201 1.0928662573410706 2195
1752077295238 1.0919440041550181 2196
1752077328731 1.0906268808652053 2197
1752077362274 1.0896056003191255 2198
1752077396112 1.0884043765677647 2199
1752079163854 1.2290472400120713 2200
1752079197442 1.1911315570839427 2201
1752079230998 1.1763058248907328 2202
1752079264525 1.1663483763960274 2203
1752079298124 1.1583781316876411 2204
1752079331676 1.1528779735619372 2205
1752079365231 1.1478205407884987 2206
1752079398726 1.143289577723904 2207
1752079432307 1.139798984608867 2208
1752079465844 1.1364638802002778 2209
1752079499534 1.1331076503477313 2210
1752079533119 1.1305026425556703 2211
1752079566601 1.1277278626168317 2212
1752079600242 1.1247137209231204 2213
1752079634139 1.1226147238842465 2214
1752079667653 1.120338108051907 2215
1752079701232 1.1187520316717299 2216
1752079734798 1.1165811133316972 2217
1752079768415 1.1145622887733309 2218
1752079801901 1.1128273674032905 2219
1752079835433 1.111293348568407 2220
1752079869042 1.1093750174411319 2221
1752079902612 1.1078974773938006 2222
1752079936179 1.106565001336011 2223
1752079969773 1.1052508620037274 2224
1752080003305 1.1043430942703376 2225
1752080036936 1.1021829354153438 2226
1752080070679 1.1019773835485631 2227
1752080104262 1.0995183521035043 2228
1752080137799 1.098568727854978 2229
1752080171793 1.0973934429613026 2230
1752080205422 1.096049195832827 2231
1752080238962 1.0947894374416633 2232
1752080272429 1.0937378741800785 2233
1752080305950 1.0930006546391682 2234
1752080339545 1.0913854559714145 2235
1752080373075 1.091171838173812 2236
1752080406611 1.0904044705358418 2237
1752080440137 1.0888596231287175 2238
1752080473704 1.087813544849103 2239
