1751910683383 0.001 0
1751910716702 0.001 1
1751910750067 0.001 2
1751910783423 0.001 3
1751910816807 0.001 4
1751910850193 0.001 5
1751910883400 0.001 6
1751910916800 0.001 7
1751910950153 0.001 8
1751910983477 0.001 9
1751911016872 0.001 10
1751911050254 0.001 11
1751911083659 0.001 12
1751911116947 0.001 13
1751911150328 0.001 14
1751911183595 0.001 15
1751911216945 0.001 16
1751911250418 0.001 17
1751911283785 0.001 18
1751911394663 0.001 19
1751911514494 0.001 20
1751911621898 0.001 21
1751911655355 0.001 22
1751911688748 0.001 23
1751911722080 0.001 24
1751911755419 0.001 25
1751911788761 0.001 26
1751911822110 0.001 27
1751911855491 0.001 28
1751911888847 0.001 29
1751911922250 0.001 30
1751911955689 0.001 31
1751911989071 0.001 32
1751912022476 0.001 33
1751912055862 0.001 34
1751912089204 0.001 35
1751912122518 0.001 36
1751912155994 0.001 37
1751912189344 0.001 38
1751912222678 0.001 39
1751913975923 0.001 40
1751914009296 0.001 41
1751914042666 0.001 42
1751914076049 0.001 43
1751914109448 0.001 44
1751914142851 0.001 45
1751914176154 0.001 46
1751914209587 0.001 47
1751914242903 0.001 48
1751914276234 0.001 49
1751914309582 0.001 50
1751914342936 0.001 51
1751914376220 0.001 52
1751914409544 0.001 53
1751914442870 0.001 54
1751914476181 0.001 55
1751914509527 0.001 56
1751914542936 0.001 57
1751914576323 0.001 58
1751914609723 0.001 59
1751914643038 0.001 60
1751914676520 0.001 61
1751914709914 0.001 62
1751914743269 0.001 63
1751914776691 0.001 64
1751914809987 0.001 65
1751914843340 0.001 66
1751914876710 0.001 67
1751914910165 0.001 68
1751914943550 0.001 69
1751914976853 0.001 70
1751915010150 0.001 71
1751915043577 0.001 72
1751915077011 0.001 73
1751915110300 0.001 74
1751915143818 0.001 75
1751915177247 0.001 76
1751915210690 0.001 77
1751915244042 0.001 78
1751915277464 0.001 79
1751917033706 0.001 80
1751917067436 0.001 81
1751917101125 0.001 82
1751917134815 0.001 83
1751917168169 0.001 84
1751917201547 0.001 85
1751917234877 0.001 86
1751917268225 0.001 87
1751917301909 0.001 88
1751917335582 0.001 89
1751917369263 0.001 90
1751917402513 0.001 91
1751917436189 0.001 92
1751917469528 0.001 93
1751917502908 0.001 94
1751917536225 0.001 95
1751917569733 0.001 96
1751917603507 0.001 97
1751917637194 0.001 98
1751917670877 0.001 99
1751917704251 0.001 100
1751917738068 0.001 101
1751917771446 0.001 102
1751917805157 0.001 103
1751917838818 0.001 104
1751917872512 0.001 105
1751917906264 0.001 106
1751917939691 0.001 107
1751917972999 0.001 108
1751918006818 0.001 109
1751918040122 0.001 110
1751918073852 0.001 111
1751918107585 0.001 112
1751918141291 0.001 113
1751918175057 0.001 114
1751918208858 0.001 115
1751918242242 0.001 116
1751918275941 0.001 117
1751918309583 0.001 118
1751918343274 0.001 119
1751920108926 0.001 120
1751920142615 0.001 121
1751920176315 0.001 122
1751920209949 0.001 123
1751920243601 0.001 124
1751920277201 0.001 125
1751920310873 0.001 126
1751920344559 0.001 127
1751920378243 0.001 128
1751920411854 0.001 129
1751920445535 0.001 130
1751920479204 0.001 131
1751920512895 0.001 132
1751920546550 0.001 133
1751920580277 0.001 134
1751920613885 0.001 135
1751920647559 0.001 136
1751920681341 0.001 137
1751920715080 0.001 138
1751920748769 0.001 139
1751920782458 0.001 140
1751920816184 0.001 141
1751920849813 0.001 142
1751920883443 0.001 143
1751920917120 0.001 144
1751920950887 0.001 145
1751920984478 0.001 146
1751921018153 0.001 147
1751921051900 0.001 148
1751921085540 0.001 149
1751921119353 0.001 150
1751921153046 0.001 151
1751921186695 0.001 152
1751921220383 0.001 153
1751921254158 0.001 154
1751921287942 0.001 155
1751921321660 0.001 156
1751921355356 0.001 157
1751921389119 0.001 158
1751921422824 0.001 159
1751923189798 0.001 160
1751923223478 0.001 161
1751923257156 0.001 162
1751923290885 0.001 163
1751923324466 0.001 164
1751923358174 0.001 165
1751923391949 0.001 166
1751923425646 0.001 167
1751923459281 0.001 168
1751923492907 0.001 169
1751923526488 0.001 170
1751923560162 0.001 171
1751923593851 0.001 172
1751923627539 0.001 173
1751923661329 0.001 174
1751923694920 0.001 175
1751923728621 0.001 176
1751923762343 0.001 177
1751923796062 0.001 178
1751923829701 0.001 179
1751923863340 0.001 180
1751923896978 0.001 181
1751923930631 0.001 182
1751923964349 0.001 183
1751923998045 0.001 184
1751924031683 0.001 185
1751924065368 0.001 186
1751924099094 0.001 187
1751924132680 0.001 188
1751924166340 0.001 189
1751924199903 0.001 190
1751924233667 0.001 191
1751924267338 0.001 192
1751924300993 0.001 193
1751924334587 0.001 194
1751924368346 0.001 195
1751924402094 0.001 196
1751924435783 0.001 197
1751924469426 0.001 198
1751924503104 0.001 199
1751926262712 0.001 200
1751926296277 0.001 201
1751926329752 0.001 202
1751926363252 0.001 203
1751926396788 0.001 204
1751926430338 0.001 205
1751926463739 0.001 206
1751926497187 0.001 207
1751926530646 0.001 208
1751926564161 0.001 209
1751926597551 0.001 210
1751926631019 0.001 211
1751926664486 0.001 212
1751926697995 0.001 213
1751926731516 0.001 214
1751926764983 0.001 215
1751926798399 0.001 216
1751926831797 0.001 217
1751926865252 0.001 218
1751926898620 0.001 219
1751926931966 0.001 220
1751926965308 0.001 221
1751926998722 0.001 222
1751927032149 0.001 223
1751927065533 0.001 224
1751927098916 0.001 225
1751927132362 0.001 226
1751927165814 0.001 227
1751927199191 0.001 228
1751927232696 0.001 229
1751927266155 0.001 230
1751927299703 0.001 231
1751927333111 0.001 232
1751927366526 0.001 233
1751927399952 0.001 234
1751927433459 0.001 235
1751927466971 0.001 236
1751927500430 0.001 237
1751927533839 0.001 238
1751927567321 0.001 239
1751929323892 0.001 240
1751929357346 0.001 241
1751929390814 0.001 242
1751929424382 0.001 243
1751929457820 0.001 244
1751929491202 0.001 245
1751929524607 0.001 246
1751929558057 0.001 247
1751929591559 0.001 248
1751929624945 0.001 249
1751929658364 0.001 250
1751929691789 0.001 251
1751929725203 0.001 252
1751929758551 0.001 253
1751929791966 0.001 254
1751929825363 0.001 255
1751929858826 0.001 256
1751929892264 0.001 257
1751929925711 0.001 258
1751929959185 0.001 259
1751929992565 0.001 260
1751930025930 0.001 261
1751930059370 0.001 262
1751930092782 0.001 263
1751930126139 0.001 264
1751930159520 0.001 265
1751930192992 0.001 266
1751930226493 0.001 267
1751930259908 0.001 268
1751930293344 0.001 269
1751930326785 0.001 270
1751930360108 0.001 271
1751930393521 0.001 272
1751930426908 0.001 273
1751930460312 0.001 274
1751930493754 0.001 275
1751930527121 0.001 276
1751930560536 0.001 277
1751930593923 0.001 278
1751930627311 0.001 279
1751932385899 0.001 280
1751932419318 0.001 281
1751932452786 0.001 282
1751932486964 0.001 283
1751932520501 0.001 284
1751932554059 0.001 285
1751932587504 0.001 286
1751932620948 0.001 287
1751932654369 0.001 288
1751932688306 0.001 289
1751932721711 0.001 290
1751932755058 0.001 291
1751932788584 0.001 292
1751932821999 0.001 293
1751932855506 0.001 294
1751932888839 0.001 295
1751932922325 0.001 296
1751932955898 0.001 297
1751932989720 0.001 298
1751933023080 0.001 299
1751933056513 0.001 300
1751933089908 0.001 301
1751933123263 0.001 302
1751933156570 0.001 303
1751933189923 0.001 304
1751933223881 0.001 305
1751933257385 0.001 306
1751933291196 0.001 307
1751933324534 0.001 308
1751933358194 0.001 309
1751933391687 0.001 310
1751933425105 0.001 311
1751933458541 0.001 312
1751933491984 0.001 313
1751933525562 0.001 314
1751933559495 0.001 315
1751933592917 0.001 316
1751933626716 0.001 317
1751933660027 0.001 318
1751933693449 0.001 319
1751935451827 0.001 320
1751935485242 0.001 321
1751935518987 0.001 322
1751935552754 0.001 323
1751935586499 0.001 324
1751935620072 0.001 325
1751935653540 0.001 326
1751935687385 0.001 327
1751935720794 0.001 328
1751935754491 0.001 329
1751935787913 0.001 330
1751935821340 0.001 331
1751935854738 0.001 332
1751935888397 0.001 333
1751935921721 0.001 334
1751935955528 0.001 335
1751935989210 0.001 336
1751936022962 0.001 337
1751936056678 0.001 338
1751936090445 0.001 339
1751936123823 0.001 340
1751936157221 0.001 341
1751936190841 0.001 342
1751936224941 0.001 343
1751936258762 0.001 344
1751936292568 0.001 345
1751936326136 0.001 346
1751936359822 0.001 347
1751936393162 0.001 348
1751936426981 0.001 349
1751936460652 0.001 350
1751936494342 0.001 351
1751936528135 0.001 352
1751936561850 0.001 353
1751936595516 0.001 354
1751936628963 0.001 355
1751936662436 0.001 356
1751936696171 0.001 357
1751936729827 0.001 358
1751936763592 0.001 359
1751938532039 0.001 360
1751938565719 0.001 361
1751938599435 0.001 362
1751938633149 0.001 363
1751938666884 0.001 364
1751938700969 0.001 365
1751938734611 0.001 366
1751938768305 0.001 367
1751938802284 0.001 368
1751938835989 0.001 369
1751938869705 0.001 370
1751938903730 0.001 371
1751938937442 0.001 372
1751938971123 0.001 373
1751939004889 0.001 374
1751939038657 0.001 375
1751939072349 0.001 376
1751939106168 0.001 377
1751939139852 0.001 378
1751939173549 0.001 379
1751939207283 0.001 380
1751939241042 0.001 381
1751939274711 0.001 382
1751939308419 0.001 383
1751939342158 0.001 384
1751939375821 0.001 385
1751939409555 0.001 386
1751939443295 0.001 387
1751939477048 0.001 388
1751939510978 0.001 389
1751939544636 0.001 390
1751939578413 0.001 391
1751939612095 0.001 392
1751939645755 0.001 393
1751939679439 0.001 394
1751939713149 0.001 395
1751939746830 0.001 396
1751939780608 0.001 397
1751939814398 0.001 398
1751939848145 0.001 399
1751941629871 0.001 400
1751941663489 0.001 401
1751941696977 0.001 402
1751941730571 0.001 403
1751941764078 0.001 404
1751941797733 0.001 405
1751941831357 0.001 406
1751941864948 0.001 407
1751941898593 0.001 408
1751941932411 0.001 409
1751941965991 0.001 410
1751941999634 0.001 411
1751942033228 0.001 412
1751942066790 0.001 413
1751942100356 0.001 414
1751942133922 0.001 415
1751942167548 0.001 416
1751942201426 0.001 417
1751942235079 0.001 418
1751942268687 0.001 419
1751942302207 0.001 420
1751942335776 0.001 421
1751942369347 0.001 422
1751942402994 0.001 423
1751942436559 0.001 424
1751942470509 0.001 425
1751942504111 0.001 426
1751942537833 0.001 427
1751942571578 0.001 428
1751942605227 0.001 429
1751942638818 0.001 430
1751942672705 0.001 431
1751942706215 0.001 432
1751942739730 0.001 433
1751942773524 0.001 434
1751942807033 0.001 435
1751942840545 0.001 436
1751942874088 0.001 437
1751942907637 0.001 438
1751942941227 0.001 439
1751944706864 0.001 440
1751944740436 0.001 441
1751944774023 0.001 442
1751944807475 0.001 443
1751944841120 0.001 444
1751944874711 0.001 445
1751944908310 0.001 446
1751944942048 0.001 447
1751944975565 0.001 448
1751945009175 0.001 449
1751945042690 0.001 450
1751945076274 0.001 451
1751945109850 0.001 452
1751945143792 0.001 453
1751945177381 0.001 454
1751945210990 0.001 455
1751945244682 0.001 456
1751945278179 0.001 457
1751945311709 0.001 458
1751945345202 0.001 459
1751945378733 0.001 460
1751945412314 0.001 461
1751945445829 0.001 462
1751945479425 0.001 463
1751945512925 0.001 464
1751945546643 0.001 465
1751945580153 0.001 466
1751945613654 0.001 467
1751945647235 0.001 468
1751945681067 0.001 469
1751945714591 0.001 470
1751945748203 0.001 471
1751945781765 0.001 472
1751945815266 0.001 473
1751945848999 0.001 474
1751945882467 0.001 475
1751945916088 0.001 476
1751945949839 0.001 477
1751945983390 0.001 478
1751946016991 0.001 479
1751947782552 0.001 480
1751947816139 0.001 481
1751947849754 0.001 482
1751947883275 0.001 483
1751947916692 0.001 484
1751947950510 0.001 485
1751947984008 0.001 486
1751948017510 0.001 487
1751948051378 0.001 488
1751948084990 0.001 489
1751948118654 0.001 490
1751948152261 0.001 491
1751948185699 0.001 492
1751948219198 0.001 493
1751948252756 0.001 494
1751948286343 0.001 495
1751948320001 0.001 496
1751948353540 0.001 497
1751948387146 0.001 498
1751948420797 0.001 499
1751948454359 0.001 500
1751948487905 0.001 501
1751948521482 0.001 502
1751948555032 0.001 503
1751948588521 0.001 504
1751948622405 0.001 505
1751948655847 0.001 506
1751948689415 0.001 507
1751948723025 0.001 508
1751948756531 0.001 509
1751948790120 0.001 510
1751948824270 0.001 511
1751948857847 0.001 512
1751948891527 0.001 513
1751948925061 0.001 514
1751948958542 0.001 515
1751948991978 0.001 516
1751949025622 0.001 517
1751949059428 0.001 518
1751949093012 0.001 519
1751950861088 0.001 520
1751950895059 0.001 521
1751950928668 0.001 522
1751950962304 0.001 523
1751950995782 0.001 524
1751951029868 0.001 525
1751951063457 0.001 526
1751951097008 0.001 527
1751951130617 0.001 528
1751951164129 0.001 529
1751951198462 0.001 530
1751951232408 0.001 531
1751951265927 0.001 532
1751951299672 0.001 533
1751951333579 0.001 534
1751951367554 0.001 535
1751951401458 0.001 536
1751951435353 0.001 537
1751951468956 0.001 538
1751951502477 0.001 539
1751951536343 0.001 540
1751951570165 0.001 541
1751951603704 0.001 542
1751951637673 0.001 543
1751951671585 0.001 544
1751951705492 0.001 545
1751951739021 0.001 546
1751951772642 0.001 547
1751951806551 0.001 548
1751951840377 0.001 549
1751951874555 0.001 550
1751951908417 0.001 551
1751951942013 0.001 552
1751951975913 0.001 553
1751952009451 0.001 554
1751952043032 0.001 555
1751952076906 0.001 556
1751952110768 0.001 557
1751952144321 0.001 558
1751952178228 0.001 559
1751953952905 0.001 560
1751953986810 0.001 561
1751954020646 0.001 562
1751954054591 0.001 563
1751954088484 0.001 564
1751954122339 0.001 565
1751954156202 0.001 566
1751954190135 0.001 567
1751954223970 0.001 568
1751954257854 0.001 569
1751954292090 0.001 570
1751954325943 0.001 571
1751954359762 0.001 572
1751954393584 0.001 573
1751954427384 0.001 574
1751954461272 0.001 575
1751954495138 0.001 576
1751954529026 0.001 577
1751954562811 0.001 578
1751954596734 0.001 579
1751954630650 0.001 580
1751954664513 0.001 581
1751954698775 0.001 582
1751954732748 0.001 583
1751954766726 0.001 584
1751954800576 0.001 585
1751954834520 0.001 586
1751954868305 0.001 587
1751954902250 0.001 588
1751954936071 0.001 589
1751954969872 0.001 590
1751955003774 0.001 591
1751955037873 0.001 592
1751955071770 0.001 593
1751955105655 0.001 594
1751955139536 0.001 595
1751955173440 0.001 596
1751955207311 0.001 597
1751955241196 0.001 598
1751955275084 0.001 599
1751957052038 0.001 600
1751957085910 0.001 601
1751957119760 0.001 602
1751957153580 0.001 603
1751957187407 0.001 604
1751957221226 0.001 605
1751957255073 0.001 606
1751957289124 0.001 607
1751957322907 0.001 608
1751957356830 0.001 609
1751957390727 0.001 610
1751957424855 0.001 611
1751957458670 0.001 612
1751957492493 0.001 613
1751957526365 0.001 614
1751957560315 0.001 615
1751957594101 0.001 616
1751957628039 0.001 617
1751957661876 0.001 618
1751957695764 0.001 619
1751957729674 0.001 620
1751957763422 0.001 621
1751957797740 0.001 622
1751957831658 0.001 623
1751957865677 0.001 624
1751957899535 0.001 625
1751957933380 0.001 626
1751957967519 0.001 627
1751958001296 0.001 628
1751958035160 0.001 629
1751958069129 0.001 630
1751958103163 0.001 631
1751958136978 0.001 632
1751958170827 0.001 633
1751958204997 0.001 634
1751958238856 0.001 635
1751958272705 0.001 636
1751958306525 0.001 637
1751958340431 0.001 638
1751958374770 0.001 639
1751960148544 0.001 640
1751960182125 0.001 641
1751960215751 0.001 642
1751960249332 0.001 643
1751960283113 0.001 644
1751960316633 0.001 645
1751960350087 0.001 646
1751960383949 0.001 647
1751960417484 0.001 648
1751960451047 0.001 649
1751960484691 0.001 650
1751960518279 0.001 651
1751960551864 0.001 652
1751960586079 0.001 653
1751960619974 0.001 654
1751960653547 0.001 655
1751960687117 0.001 656
1751960720742 0.001 657
1751960754606 0.001 658
1751960788270 0.001 659
1751960822491 0.001 660
1751960856633 0.001 661
1751960890481 0.001 662
1751960924163 0.001 663
1751960957697 0.001 664
1751960991325 0.001 665
1751961024853 0.001 666
1751961058749 0.001 667
1751961092290 0.001 668
1751961125884 0.001 669
1751961159474 0.001 670
1751961193026 0.001 671
1751961226583 0.001 672
1751961260189 0.001 673
1751961293828 0.001 674
1751961327365 0.001 675
1751961360956 0.001 676
1751961394867 0.001 677
1751961428449 0.001 678
1751961462023 0.001 679
1751963225968 0.001 680
1751963259500 0.001 681
1751963293009 0.001 682
1751963326640 0.001 683
1751963360290 0.001 684
1751963393875 0.001 685
1751963427488 0.001 686
1751963461438 0.001 687
1751963495581 0.001 688
1751963529183 0.001 689
1751963562722 0.001 690
1751963596562 0.001 691
1751963630163 0.001 692
1751963663777 0.001 693
1751963697390 0.001 694
1751963731159 0.001 695
1751963764723 0.001 696
1751963798364 0.001 697
1751963831894 0.001 698
1751963865470 0.001 699
1751963899048 0.001 700
1751963932618 0.001 701
1751963966166 0.001 702
1751964000128 0.001 703
1751964033705 0.001 704
1751964067200 0.001 705
1751964100749 0.001 706
1751964134629 0.001 707
1751964168203 0.001 708
1751964201785 0.001 709
1751964235331 0.001 710
1751964268938 0.001 711
1751964302586 0.001 712
1751964336223 0.001 713
1751964369820 0.001 714
1751964403374 0.001 715
1751964436966 0.001 716
1751964471380 0.001 717
1751964505279 0.001 718
1751964538780 0.001 719
1751966302453 0.001 720
1751966336022 0.001 721
1751966369527 0.001 722
1751966403099 0.001 723
1751966436650 0.001 724
1751966470145 0.001 725
1751966503708 0.001 726
1751966537260 0.001 727
1751966570807 0.001 728
1751966604330 0.001 729
1751966637807 0.001 730
1751966671382 0.001 731
1751966704964 0.001 732
1751966738478 0.001 733
1751966772150 0.001 734
1751966805768 0.001 735
1751966839393 0.001 736
1751966872946 0.001 737
1751966906480 0.001 738
1751966940529 0.001 739
1751966974084 0.001 740
1751967007552 0.001 741
1751967041052 0.001 742
1751967074611 0.001 743
1751967108192 0.001 744
1751967141763 0.001 745
1751967175286 0.001 746
1751967208903 0.001 747
1751967242393 0.001 748
1751967275981 0.001 749
1751967309534 0.001 750
1751967343082 0.001 751
1751967376618 0.001 752
1751967410198 0.001 753
1751967443866 0.001 754
1751967477478 0.001 755
1751967511012 0.001 756
1751967544540 0.001 757
1751967578065 0.001 758
1751967611581 0.001 759
1751969374715 0.001 760
1751969408674 0.001 761
1751969442208 0.001 762
1751969475751 0.001 763
1751969509157 0.001 764
1751969542683 0.001 765
1751969576140 0.001 766
1751969609644 0.001 767
1751969643110 0.001 768
1751969676649 0.001 769
1751969710127 0.001 770
1751969743705 0.001 771
1751969777300 0.001 772
1751969810727 0.001 773
1751969844154 0.001 774
1751969878348 0.001 775
1751969912333 0.001 776
1751969945785 0.001 777
1751969979284 0.001 778
1751970012758 0.001 779
1751970046293 0.001 780
1751970080215 0.001 781
1751970114085 0.001 782
1751970147624 0.001 783
1751970181141 0.001 784
1751970214647 0.001 785
1751970248168 0.001 786
1751970282064 0.001 787
1751970315602 0.001 788
1751970349083 0.001 789
1751970382662 0.001 790
1751970416667 0.001 791
1751970450269 0.001 792
1751970483811 0.001 793
1751970517272 0.001 794
1751970550784 0.001 795
1751970584710 0.001 796
1751970618665 0.001 797
1751970652458 0.001 798
1751970685996 0.001 799
1751972467069 0.001 800
1751972501040 0.001 801
1751972534942 0.001 802
1751972568457 0.001 803
1751972602272 0.001 804
1751972636159 0.001 805
1751972670031 0.001 806
1751972703905 0.001 807
1751972737741 0.001 808
1751972771589 0.001 809
1751972805177 0.001 810
1751972838639 0.001 811
1751972872521 0.001 812
1751972906462 0.001 813
1751972940371 0.001 814
1751972974270 0.001 815
1751973008190 0.001 816
1751973042075 0.001 817
1751973076030 0.001 818
1751973109559 0.001 819
1751973143519 0.001 820
1751973177455 0.001 821
1751973211343 0.001 822
1751973245225 0.001 823
1751973279143 0.001 824
1751973313015 0.001 825
1751973346862 0.001 826
1751973380760 0.001 827
1751973414724 0.001 828
1751973448558 0.001 829
1751973482370 0.001 830
1751973516137 0.001 831
1751973549933 0.001 832
1751973583892 0.001 833
1751973617809 0.001 834
1751973651672 0.001 835
1751973685682 0.001 836
1751973719514 0.001 837
1751973753296 0.001 838
1751973787181 0.001 839
1751975562768 0.001 840
1751975596741 0.001 841
1751975630690 0.001 842
1751975664573 0.001 843
1751975698312 0.001 844
1751975732119 0.001 845
1751975766017 0.001 846
1751975799945 0.001 847
1751975833798 0.001 848
1751975867722 0.001 849
1751975901587 0.001 850
1751975935536 0.001 851
1751975969364 0.001 852
1751976003160 0.001 853
1751976037023 0.001 854
1751976070859 0.001 855
1751976104722 0.001 856
1751976138579 0.001 857
1751976172375 0.001 858
1751976206226 0.001 859
1751976240086 0.001 860
1751976274010 0.001 861
1751976307911 0.001 862
1751976341911 0.001 863
1751976375785 0.001 864
1751976409695 0.001 865
1751976443478 0.001 866
1751976477410 0.001 867
1751976511249 0.001 868
1751976545179 0.001 869
1751976579118 0.001 870
1751976613001 0.001 871
1751976646770 0.001 872
1751976680715 0.001 873
1751976714612 0.001 874
1751976748510 0.001 875
1751976782375 0.001 876
1751976816339 0.001 877
1751976850222 0.001 878
1751976884170 0.001 879
1751978659456 0.001 880
1751978693093 0.001 881
1751978726714 0.001 882
1751978760284 0.001 883
1751978794175 0.001 884
1751978827765 0.001 885
1751978861463 0.001 886
1751978895434 0.001 887
1751978928971 0.001 888
1751978962903 0.001 889
1751978996807 0.001 890
1751979030423 0.001 891
1751979064332 0.001 892
1751979098581 0.001 893
1751979132068 0.001 894
1751979165688 0.001 895
1751979199350 0.001 896
1751979233333 0.001 897
1751979266980 0.001 898
1751979300513 0.001 899
1751979334062 0.001 900
1751979367990 0.001 901
1751979401517 0.001 902
1751979435120 0.001 903
1751979468817 0.001 904
1751979502982 0.001 905
1751979536642 0.001 906
1751979570248 0.001 907
1751979603759 0.001 908
1751979637304 0.001 909
1751979670880 0.001 910
1751979704545 0.001 911
1751979738248 0.001 912
1751979771780 0.001 913
1751979805419 0.001 914
1751979839094 0.001 915
1751979872680 0.001 916
1751979906376 0.001 917
1751979939956 0.001 918
1751979973467 0.001 919
1751981734627 0.001 920
1751981768195 0.001 921
1751981801745 0.001 922
1751981835344 0.001 923
1751981868945 0.001 924
1751981902559 0.001 925
1751981936093 0.001 926
1751981969733 0.001 927
1751982003290 0.001 928
1751982036808 0.001 929
1751982070328 0.001 930
1751982103969 0.001 931
1751982137558 0.001 932
1751982171136 0.001 933
1751982204653 0.001 934
1751982238205 0.001 935
1751982271809 0.001 936
1751982305481 0.001 937
1751982339261 0.001 938
1751982372923 0.001 939
1751982406513 0.001 940
1751982440166 0.001 941
1751982473847 0.001 942
1751982507459 0.001 943
1751982541122 0.001 944
1751982574771 0.001 945
1751982608313 0.001 946
1751982641853 0.001 947
1751982675568 0.001 948
1751982709101 0.001 949
1751982742711 0.001 950
1751982776344 0.001 951
1751982809880 0.001 952
1751982843490 0.001 953
1751982877112 0.001 954
1751982910723 0.001 955
1751982944262 0.001 956
1751982977854 0.001 957
1751983011451 0.001 958
1751983045082 0.001 959
1751984809630 0.001 960
1751984843255 0.001 961
1751984876788 0.001 962
1751984910277 0.001 963
1751984943881 0.001 964
1751984977564 0.001 965
1751985011236 0.001 966
1751985044879 0.001 967
1751985078478 0.001 968
1751985112041 0.001 969
1751985145707 0.001 970
1751985179275 0.001 971
1751985212822 0.001 972
1751985246490 0.001 973
1751985280051 0.001 974
1751985313711 0.001 975
1751985347244 0.001 976
1751985380739 0.001 977
1751985414380 0.001 978
1751985447973 0.001 979
1751985481557 0.001 980
1751985515142 0.001 981
1751985548627 0.001 982
1751985582210 0.001 983
1751985615867 0.001 984
1751985649345 0.001 985
1751985682862 0.001 986
1751985716422 0.001 987
1751985750074 0.001 988
1751985783713 0.001 989
1751985817255 0.001 990
1751985850844 0.001 991
1751985884405 0.001 992
1751985917953 0.001 993
1751985951482 0.001 994
1751985984941 0.001 995
1751986018483 0.001 996
1751986052122 0.001 997
1751986085709 0.001 998
1751986119238 0.001 999
1751987882997 0.001 1000
1751987916534 0.001 1001
1751987950070 0.001 1002
1751987983526 0.001 1003
1751988017045 0.001 1004
1751988050593 0.001 1005
1751988084608 0.001 1006
1751988118261 0.001 1007
1751988151744 0.001 1008
1751988185306 0.001 1009
1751988218802 0.001 1010
1751988252470 0.001 1011
1751988286063 0.001 1012
1751988319673 0.001 1013
1751988353228 0.001 1014
1751988386751 0.001 1015
1751988420703 0.001 1016
1751988454320 0.001 1017
1751988487818 0.001 1018
1751988521351 0.001 1019
1751988555317 0.001 1020
1751988588904 0.001 1021
1751988622466 0.001 1022
1751988656045 0.001 1023
1751988689610 0.001 1024
1751988723098 0.001 1025
1751988757060 0.001 1026
1751988791145 0.001 1027
1751988825147 0.001 1028
1751988858818 0.001 1029
1751988892356 0.001 1030
1751988925978 0.001 1031
1751988959479 0.001 1032
1751988993103 0.001 1033
1751989026611 0.001 1034
1751989060073 0.001 1035
1751989094059 0.001 1036
1751989127581 0.001 1037
1751989161114 0.001 1038
1751989194709 0.001 1039
1751990965364 0.001 1040
1751990998996 0.001 1041
1751991032897 0.001 1042
1751991066878 0.001 1043
1751991100843 0.001 1044
1751991134728 0.001 1045
1751991168604 0.001 1046
1751991202205 0.001 1047
1751991235685 0.001 1048
1751991269687 0.001 1049
1751991303626 0.001 1050
1751991337462 0.001 1051
1751991371339 0.001 1052
1751991405263 0.001 1053
1751991439199 0.001 1054
1751991473051 0.001 1055
1751991506619 0.001 1056
1751991540613 0.001 1057
1751991574464 0.001 1058
1751991608264 0.001 1059
1751991642182 0.001 1060
1751991676012 0.001 1061
1751991710128 0.001 1062
1751991744091 0.001 1063
1751991777976 0.001 1064
1751991811854 0.001 1065
1751991845703 0.001 1066
1751991879656 0.001 1067
1751991913163 0.001 1068
1751991947072 0.001 1069
1751991980968 0.001 1070
1751992014832 0.001 1071
1751992048322 0.001 1072
1751992082289 0.001 1073
1751992116132 0.001 1074
1751992149985 0.001 1075
1751992183946 0.001 1076
1751992217934 0.001 1077
1751992251799 0.001 1078
1751992285748 0.001 1079
1751994063572 0.001 1080
1751994097427 0.001 1081
1751994131294 0.001 1082
1751994165146 0.001 1083
1751994199180 0.001 1084
1751994233124 0.001 1085
1751994266959 0.001 1086
1751994300833 0.001 1087
1751994334654 0.001 1088
1751994368550 0.001 1089
1751994402428 0.001 1090
1751994436414 0.001 1091
1751994470397 0.001 1092
1751994504350 0.001 1093
1751994538327 0.001 1094
1751994572166 0.001 1095
1751994606038 0.001 1096
1751994639933 0.001 1097
1751994673763 0.001 1098
1751994707659 0.001 1099
1751994741586 0.001 1100
1751994775536 0.001 1101
1751994809507 0.001 1102
1751994843430 0.001 1103
1751994877415 0.001 1104
1751994911270 0.001 1105
1751994945156 0.001 1106
1751994979100 0.001 1107
1751995012974 0.001 1108
1751995046888 0.001 1109
1751995080829 0.001 1110
1751995114766 0.001 1111
1751995148605 0.001 1112
1751995182436 0.001 1113
1751995216331 0.001 1114
1751995250251 0.001 1115
1751995284204 0.001 1116
1751995317971 0.001 1117
1751995351799 0.001 1118
1751995385750 0.001 1119
1751997162411 0.001 1120
1751997196077 0.001 1121
1751997229707 0.001 1122
1751997263266 0.001 1123
1751997296855 0.001 1124
1751997330541 0.001 1125
1751997364184 0.001 1126
1751997397839 0.001 1127
1751997431424 0.001 1128
1751997465104 0.001 1129
1751997498741 0.001 1130
1751997532417 0.001 1131
1751997565979 0.001 1132
1751997599509 0.001 1133
1751997633231 0.001 1134
1751997666826 0.001 1135
1751997700512 0.001 1136
1751997734150 0.001 1137
1751997767791 0.001 1138
1751997801433 0.001 1139
1751997835007 0.001 1140
1751997868584 0.001 1141
1751997902219 0.001 1142
1751997935747 0.001 1143
1751997969357 0.001 1144
1751998002908 0.001 1145
1751998036401 0.001 1146
1751998070009 0.001 1147
1751998103657 0.001 1148
1751998137165 0.001 1149
1751998170779 0.001 1150
1751998204330 0.001 1151
1751998237980 0.001 1152
1751998271577 0.001 1153
1751998305249 0.001 1154
1751998338819 0.001 1155
1751998372435 0.001 1156
1751998406023 0.001 1157
1751998439715 0.001 1158
1751998473319 0.001 1159
1752000233323 0.001 1160
1752000266966 0.001 1161
1752000300504 0.001 1162
1752000334064 0.001 1163
1752000367700 0.001 1164
1752000401307 0.001 1165
1752000434873 0.001 1166
1752000468526 0.001 1167
1752000502141 0.001 1168
1752000535812 0.001 1169
1752000569380 0.001 1170
1752000602950 0.001 1171
1752000636536 0.001 1172
1752000670087 0.001 1173
1752000703722 0.001 1174
1752000737300 0.001 1175
1752000770871 0.001 1176
1752000804537 0.001 1177
1752000838152 0.001 1178
1752000871754 0.001 1179
1752000905302 0.001 1180
1752000938910 0.001 1181
1752000972442 0.001 1182
1752001006074 0.001 1183
1752001039676 0.001 1184
1752001073301 0.001 1185
1752001106872 0.001 1186
1752001140474 0.001 1187
1752001174071 0.001 1188
1752001207556 0.001 1189
1752001241186 0.001 1190
1752001274748 0.001 1191
1752001308398 0.001 1192
1752001342021 0.001 1193
1752001375590 0.001 1194
1752001409222 0.001 1195
1752001442787 0.001 1196
1752001476488 0.001 1197
1752001510122 0.001 1198
1752001543856 0.001 1199
1752003318801 0.001 1200
1752003352328 0.001 1201
1752003385985 0.001 1202
1752003419592 0.001 1203
1752003453160 0.001 1204
1752003486716 0.001 1205
1752003520310 0.001 1206
1752003553819 0.001 1207
1752003587348 0.001 1208
1752003620921 0.001 1209
1752003654467 0.001 1210
1752003688100 0.001 1211
1752003721693 0.001 1212
1752003755257 0.001 1213
1752003788857 0.001 1214
1752003822385 0.001 1215
1752003856022 0.001 1216
1752003889737 0.001 1217
1752003923317 0.001 1218
1752003956821 0.001 1219
1752003990370 0.001 1220
1752004023929 0.001 1221
1752004057554 0.001 1222
1752004091177 0.001 1223
1752004124750 0.001 1224
1752004158324 0.001 1225
1752004191792 0.001 1226
1752004225361 0.001 1227
1752004258970 0.001 1228
1752004292591 0.001 1229
1752004326183 0.001 1230
1752004359735 0.001 1231
1752004393276 0.001 1232
1752004426866 0.001 1233
1752004460496 0.001 1234
1752004494086 0.001 1235
1752004527682 0.001 1236
1752004561379 0.001 1237
1752004595023 0.001 1238
1752004628909 0.001 1239
1752006395481 0.001 1240
1752006429026 0.001 1241
1752006462467 0.001 1242
1752006496437 0.001 1243
1752006529949 0.001 1244
1752006563559 0.001 1245
1752006597234 0.001 1246
1752006630816 0.001 1247
1752006664371 0.001 1248
1752006697965 0.001 1249
1752006731541 0.001 1250
1752006765072 0.001 1251
1752006798640 0.001 1252
1752006832301 0.001 1253
1752006865798 0.001 1254
1752006899435 0.001 1255
1752006933068 0.001 1256
1752006966656 0.001 1257
1752007000620 0.001 1258
1752007034569 0.001 1259
1752007068178 0.001 1260
1752007101870 0.001 1261
1752007135554 0.001 1262
1752007169248 0.001 1263
1752007202839 0.001 1264
1752007236443 0.001 1265
1752007270320 0.001 1266
1752007303977 0.001 1267
1752007337554 0.001 1268
1752007371147 0.001 1269
1752007404707 0.001 1270
1752007438281 0.001 1271
1752007471900 0.001 1272
1752007505893 0.001 1273
1752007539899 0.001 1274
1752007574301 0.001 1275
1752007608197 0.001 1276
1752007641800 0.001 1277
1752007675369 0.001 1278
1752007708900 0.001 1279
1752009481273 0.001 1280
1752009515170 0.001 1281
1752009549097 0.001 1282
1752009583067 0.001 1283
1752009617021 0.001 1284
1752009650557 0.001 1285
1752009684412 0.001 1286
1752009717965 0.001 1287
1752009751876 0.001 1288
1752009785803 0.001 1289
1752009819348 0.001 1290
1752009852950 0.001 1291
1752009886895 0.001 1292
1752009920737 0.001 1293
1752009954788 0.001 1294
1752009988333 0.001 1295
1752010022227 0.001 1296
1752010056139 0.001 1297
1752010089952 0.001 1298
1752010123891 0.001 1299
1752010157446 0.001 1300
1752010191483 0.001 1301
1752010225446 0.001 1302
1752010259410 0.001 1303
1752010293343 0.001 1304
1752010327203 0.001 1305
1752010361168 0.001 1306
1752010394710 0.001 1307
1752010428162 0.001 1308
1752010462069 0.001 1309
1752010495976 0.001 1310
1752010529911 0.001 1311
1752010563922 0.001 1312
1752010597803 0.001 1313
1752010631689 0.001 1314
1752010665623 0.001 1315
1752010699151 0.001 1316
1752010733054 0.001 1317
1752010766982 0.001 1318
1752010800867 0.001 1319
1752012578673 0.001 1320
1752012612538 0.001 1321
1752012646401 0.001 1322
1752012680287 0.001 1323
1752012714139 0.001 1324
1752012748033 0.001 1325
1752012781880 0.001 1326
1752012815788 0.001 1327
1752012849760 0.001 1328
1752012883637 0.001 1329
1752012917471 0.001 1330
1752012951470 0.001 1331
1752012985236 0.001 1332
1752013019076 0.001 1333
1752013053049 0.001 1334
1752013087025 0.001 1335
1752013120920 0.001 1336
1752013154839 0.001 1337
1752013188755 0.001 1338
1752013222626 0.001 1339
1752013256555 0.001 1340
1752013290393 0.001 1341
1752013324352 0.001 1342
1752013358308 0.001 1343
1752013392175 0.001 1344
1752013426041 0.001 1345
1752013459940 0.001 1346
1752013493730 0.001 1347
1752013527642 0.001 1348
1752013561534 0.001 1349
1752013595581 0.001 1350
1752013629464 0.001 1351
1752013663336 0.001 1352
1752013697306 0.001 1353
1752013731301 0.001 1354
1752013765211 0.001 1355
1752013799194 0.001 1356
1752013833118 0.001 1357
1752013867105 0.001 1358
1752013901005 0.001 1359
1752015676843 0.001 1360
1752015710656 0.001 1361
1752015744508 0.001 1362
1752015778305 0.001 1363
1752015812129 0.001 1364
1752015846042 0.001 1365
1752015879958 0.001 1366
1752015913880 0.001 1367
1752015947810 0.001 1368
1752015981782 0.001 1369
1752016015660 0.001 1370
1752016049583 0.001 1371
1752016083492 0.001 1372
1752016117304 0.001 1373
1752016151312 0.001 1374
1752016184893 0.001 1375
1752016218454 0.001 1376
1752016252116 0.001 1377
1752016285729 0.001 1378
1752016319349 0.001 1379
1752016352819 0.001 1380
1752016386527 0.001 1381
1752016420126 0.001 1382
1752016453712 0.001 1383
1752016487310 0.001 1384
1752016520966 0.001 1385
1752016554608 0.001 1386
1752016588145 0.001 1387
1752016621680 0.001 1388
1752016655301 0.001 1389
1752016688954 0.001 1390
1752016722546 0.001 1391
1752016756170 0.001 1392
1752016789849 0.001 1393
1752016823412 0.001 1394
1752016857018 0.001 1395
1752016890503 0.001 1396
1752016924037 0.001 1397
1752016957693 0.001 1398
1752016991347 0.001 1399
1752018751967 0.0005 1400
1752018785571 0.0005 1401
1752018819150 0.0005 1402
1752018852724 0.0005 1403
1752018886435 0.0005 1404
1752018920009 0.0005 1405
1752018953643 0.0005 1406
1752018987305 0.0005 1407
1752019020910 0.0005 1408
1752019054455 0.0005 1409
1752019088115 0.0005 1410
1752019121699 0.0005 1411
1752019155245 0.0005 1412
1752019188906 0.0005 1413
1752019222465 0.0005 1414
1752019256128 0.0005 1415
1752019289762 0.0005 1416
1752019323273 0.0005 1417
1752019356743 0.0005 1418
1752019390268 0.0005 1419
1752019423952 0.0005 1420
1752019457502 0.0005 1421
1752019491080 0.0005 1422
1752019524673 0.0005 1423
1752019558380 0.0005 1424
1752019591979 0.0005 1425
1752019625564 0.0005 1426
1752019659250 0.0005 1427
1752019692845 0.0005 1428
1752019726536 0.0005 1429
1752019760097 0.0005 1430
1752019793724 0.0005 1431
1752019827389 0.0005 1432
1752019860966 0.0005 1433
1752019894436 0.0005 1434
1752019927972 0.0005 1435
1752019961424 0.0005 1436
1752019995034 0.0005 1437
1752020028547 0.0005 1438
1752020062038 0.0005 1439
1752021827132 0.0005 1440
1752021860715 0.0005 1441
1752021894262 0.0005 1442
1752021927894 0.0005 1443
1752021961555 0.0005 1444
1752021995215 0.0005 1445
1752022028829 0.0005 1446
1752022062493 0.0005 1447
1752022095967 0.0005 1448
1752022129572 0.0005 1449
1752022163143 0.0005 1450
1752022196834 0.0005 1451
1752022230540 0.0005 1452
1752022264084 0.0005 1453
1752022297723 0.0005 1454
1752022331228 0.0005 1455
1752022364851 0.0005 1456
1752022398405 0.0005 1457
1752022432031 0.0005 1458
1752022465582 0.0005 1459
1752022499201 0.0005 1460
1752022532767 0.0005 1461
1752022566291 0.0005 1462
1752022599882 0.0005 1463
1752022633411 0.0005 1464
1752022667015 0.0005 1465
1752022700546 0.0005 1466
1752022734177 0.0005 1467
1752022767659 0.0005 1468
1752022801256 0.0005 1469
1752022834849 0.0005 1470
1752022868370 0.0005 1471
1752022901959 0.0005 1472
1752022935500 0.0005 1473
1752022969042 0.0005 1474
1752023002700 0.0005 1475
1752023036349 0.0005 1476
1752023070040 0.0005 1477
1752023103673 0.0005 1478
1752023137340 0.0005 1479
1752024900564 0.0005 1480
1752024934113 0.0005 1481
1752024967801 0.0005 1482
1752025001436 0.0005 1483
1752025035453 0.0005 1484
1752025069083 0.0005 1485
1752025102668 0.0005 1486
1752025136180 0.0005 1487
1752025169777 0.0005 1488
1752025203400 0.0005 1489
1752025236958 0.0005 1490
1752025270440 0.0005 1491
1752025304138 0.0005 1492
1752025337741 0.0005 1493
1752025371381 0.0005 1494
1752025405037 0.0005 1495
1752025438635 0.0005 1496
1752025472213 0.0005 1497
1752025505797 0.0005 1498
1752025539331 0.0005 1499
1752025572794 0.0005 1500
1752025606400 0.0005 1501
1752025639959 0.0005 1502
1752025673460 0.0005 1503
1752025707030 0.0005 1504
1752025740958 0.0005 1505
1752025774932 0.0005 1506
1752025808934 0.0005 1507
1752025842519 0.0005 1508
1752025876076 0.0005 1509
1752025909770 0.0005 1510
1752025943401 0.0005 1511
1752025976994 0.0005 1512
1752026010564 0.0005 1513
1752026044228 0.0005 1514
1752026077745 0.0005 1515
1752026111367 0.0005 1516
1752026144938 0.0005 1517
1752026178491 0.0005 1518
1752026212000 0.0005 1519
1752027982057 0.0005 1520
1752028016012 0.0005 1521
1752028049433 0.0005 1522
1752028082984 0.0005 1523
1752028116905 0.0005 1524
1752028150793 0.0005 1525
1752028184302 0.0005 1526
1752028218189 0.0005 1527
1752028252077 0.0005 1528
1752028286085 0.0005 1529
1752028319751 0.0005 1530
1752028353763 0.0005 1531
1752028387695 0.0005 1532
1752028421589 0.0005 1533
1752028455514 0.0005 1534
1752028489395 0.0005 1535
1752028523056 0.0005 1536
1752028557052 0.0005 1537
1752028590571 0.0005 1538
1752028624552 0.0005 1539
1752028658538 0.0005 1540
1752028692049 0.0005 1541
1752028725704 0.0005 1542
1752028759598 0.0005 1543
1752028793646 0.0005 1544
1752028827754 0.0005 1545
1752028861629 0.0005 1546
1752028895640 0.0005 1547
1752028929644 0.0005 1548
1752028963522 0.0005 1549
1752028997465 0.0005 1550
1752029031049 0.0005 1551
1752029065069 0.0005 1552
1752029098961 0.0005 1553
1752029132931 0.0005 1554
1752029166897 0.0005 1555
1752029200792 0.0005 1556
1752029234729 0.0005 1557
1752029268290 0.0005 1558
1752029301884 0.0005 1559
1752031079685 0.0005 1560
1752031113577 0.0005 1561
1752031147432 0.0005 1562
1752031181362 0.0005 1563
1752031215244 0.0005 1564
1752031249239 0.0005 1565
1752031283079 0.0005 1566
1752031317044 0.0005 1567
1752031350913 0.0005 1568
1752031384935 0.0005 1569
1752031418789 0.0005 1570
1752031452713 0.0005 1571
1752031486589 0.0005 1572
1752031520459 0.0005 1573
1752031554406 0.0005 1574
1752031588290 0.0005 1575
1752031622203 0.0005 1576
1752031656038 0.0005 1577
1752031689922 0.0005 1578
1752031723848 0.0005 1579
1752031757743 0.0005 1580
1752031791645 0.0005 1581
1752031825492 0.0005 1582
1752031859369 0.0005 1583
1752031893302 0.0005 1584
1752031927212 0.0005 1585
1752031961097 0.0005 1586
1752031994991 0.0005 1587
1752032028917 0.0005 1588
1752032062775 0.0005 1589
1752032096634 0.0005 1590
1752032130606 0.0005 1591
1752032164417 0.0005 1592
1752032198396 0.0005 1593
1752032232357 0.0005 1594
1752032266271 0.0005 1595
1752032300215 0.0005 1596
1752032334101 0.0005 1597
1752032368001 0.0005 1598
1752032401845 0.0005 1599
1752034188433 0.0005 1600
1752034222343 0.0005 1601
1752034256253 0.0005 1602
1752034290038 0.0005 1603
1752034323879 0.0005 1604
1752034357802 0.0005 1605
1752034391713 0.0005 1606
1752034425605 0.0005 1607
1752034459456 0.0005 1608
1752034493314 0.0005 1609
1752034527196 0.0005 1610
1752034561097 0.0005 1611
1752034594995 0.0005 1612
1752034629184 0.0005 1613
1752034662950 0.0005 1614
1752034696609 0.0005 1615
1752034730204 0.0005 1616
1752034763886 0.0005 1617
1752034797577 0.0005 1618
1752034831222 0.0005 1619
1752034864988 0.0005 1620
1752034898623 0.0005 1621
1752034932296 0.0005 1622
1752034965863 0.0005 1623
1752034999518 0.0005 1624
1752035033099 0.0005 1625
1752035066853 0.0005 1626
1752035100502 0.0005 1627
1752035134135 0.0005 1628
1752035167766 0.0005 1629
1752035201401 0.0005 1630
1752035235041 0.0005 1631
1752035268670 0.0005 1632
1752035302251 0.0005 1633
1752035335836 0.0005 1634
1752035369439 0.0005 1635
1752035403037 0.0005 1636
1752035436712 0.0005 1637
1752035470381 0.0005 1638
1752035503979 0.0005 1639
1752037265127 0.00025 1640
1752037298738 0.00025 1641
1752037332250 0.00025 1642
1752037365816 0.00025 1643
1752037399420 0.00025 1644
1752037432976 0.00025 1645
1752037466511 0.00025 1646
1752037500139 0.00025 1647
1752037533743 0.00025 1648
1752037567399 0.00025 1649
1752037600998 0.00025 1650
1752037634570 0.00025 1651
1752037668106 0.00025 1652
1752037701693 0.00025 1653
1752037735302 0.00025 1654
1752037769041 0.00025 1655
1752037802628 0.00025 1656
1752037836316 0.00025 1657
1752037869965 0.00025 1658
1752037903544 0.00025 1659
1752037937127 0.00025 1660
1752037970790 0.00025 1661
1752038004385 0.00025 1662
1752038037984 0.00025 1663
1752038071638 0.00025 1664
1752038105244 0.00025 1665
1752038138840 0.00025 1666
1752038172440 0.00025 1667
1752038206002 0.00025 1668
1752038239654 0.00025 1669
1752038273340 0.00025 1670
1752038306967 0.00025 1671
1752038340614 0.00025 1672
1752038374163 0.00025 1673
1752038407718 0.00025 1674
1752038441340 0.00025 1675
1752038474983 0.00025 1676
1752038508538 0.00025 1677
1752038542219 0.00025 1678
1752038575798 0.00025 1679
1752040340001 0.00025 1680
1752040373471 0.00025 1681
1752040407008 0.00025 1682
1752040440560 0.00025 1683
1752040474190 0.00025 1684
1752040507787 0.00025 1685
1752040541289 0.00025 1686
1752040574917 0.00025 1687
1752040608454 0.00025 1688
1752040641929 0.00025 1689
1752040675495 0.00025 1690
1752040709058 0.00025 1691
1752040742675 0.00025 1692
1752040776306 0.00025 1693
1752040809990 0.00025 1694
1752040843505 0.00025 1695
1752040877048 0.00025 1696
1752040910691 0.00025 1697
1752040944367 0.00025 1698
1752040977957 0.00025 1699
1752041011523 0.00025 1700
1752041045121 0.00025 1701
1752041078644 0.00025 1702
1752041112286 0.00025 1703
1752041145954 0.00025 1704
1752041179569 0.00025 1705
1752041213117 0.00025 1706
1752041246624 0.00025 1707
1752041280194 0.00025 1708
1752041313852 0.00025 1709
1752041347417 0.00025 1710
1752041380946 0.00025 1711
1752041414467 0.00025 1712
1752041448016 0.00025 1713
1752041481617 0.00025 1714
1752041515137 0.00025 1715
1752041548802 0.00025 1716
1752041582536 0.00025 1717
1752041616197 0.00025 1718
1752041649828 0.00025 1719
1752043413469 0.00025 1720
1752043446992 0.00025 1721
1752043480631 0.00025 1722
1752043514169 0.00025 1723
1752043547697 0.00025 1724
1752043581190 0.00025 1725
1752043614757 0.00025 1726
1752043648364 0.00025 1727
1752043681930 0.00025 1728
1752043715514 0.00025 1729
1752043749014 0.00025 1730
1752043782640 0.00025 1731
1752043816231 0.00025 1732
1752043849758 0.00025 1733
1752043883430 0.00025 1734
1752043916949 0.00025 1735
1752043950845 0.00025 1736
1752043984342 0.00025 1737
1752044018263 0.00025 1738
1752044051944 0.00025 1739
1752044085509 0.00025 1740
1752044119126 0.00025 1741
1752044152641 0.00025 1742
1752044186256 0.00025 1743
1752044219879 0.00025 1744
1752044253435 0.00025 1745
1752044287068 0.00025 1746
1752044320689 0.00025 1747
1752044354336 0.00025 1748
1752044387957 0.00025 1749
1752044421564 0.00025 1750
1752044455545 0.00025 1751
1752044489448 0.00025 1752
1752044523479 0.00025 1753
1752044556959 0.00025 1754
1752044590492 0.00025 1755
1752044623929 0.00025 1756
1752044657521 0.00025 1757
1752044691139 0.00025 1758
1752044725082 0.00025 1759
1752046493824 0.00025 1760
1752046527368 0.00025 1761
1752046560917 0.00025 1762
1752046594474 0.00025 1763
1752046628433 0.00025 1764
1752046662349 0.00025 1765
1752046695915 0.00025 1766
1752046729725 0.00025 1767
1752046763639 0.00025 1768
1752046797541 0.00025 1769
1752046831416 0.00025 1770
1752046865287 0.00025 1771
1752046898790 0.00025 1772
1752046932710 0.00025 1773
1752046966549 0.00025 1774
1752047000512 0.00025 1775
1752047034449 0.00025 1776
1752047068378 0.00025 1777
1752047101956 0.00025 1778
1752047135897 0.00025 1779
1752047169494 0.00025 1780
1752047203387 0.00025 1781
1752047237365 0.00025 1782
1752047271339 0.00025 1783
1752047305226 0.00025 1784
1752047339225 0.00025 1785
1752047373237 0.00025 1786
1752047406797 0.00025 1787
1752047440773 0.00025 1788
1752047474632 0.00025 1789
1752047508569 0.00025 1790
1752047542397 0.00025 1791
1752047576379 0.00025 1792
1752047610255 0.00025 1793
1752047643824 0.00025 1794
1752047677295 0.00025 1795
1752047710793 0.00025 1796
1752047744766 0.00025 1797
1752047778670 0.00025 1798
1752047812682 0.00025 1799
1752049590984 0.00025 1800
1752049624838 0.00025 1801
1752049658668 0.00025 1802
1752049692608 0.00025 1803
1752049726571 0.00025 1804
1752049760564 0.00025 1805
1752049794471 0.00025 1806
1752049828358 0.00025 1807
1752049862372 0.00025 1808
1752049896313 0.00025 1809
1752049930152 0.00025 1810
1752049964064 0.00025 1811
1752049997982 0.00025 1812
1752050031846 0.00025 1813
1752050065782 0.00025 1814
1752050099710 0.00025 1815
1752050133590 0.00025 1816
1752050167585 0.00025 1817
1752050201402 0.00025 1818
1752050235227 0.00025 1819
1752050269082 0.00025 1820
1752050302926 0.00025 1821
1752050336865 0.00025 1822
1752050370744 0.00025 1823
1752050404686 0.00025 1824
1752050438567 0.00025 1825
1752050472468 0.00025 1826
1752050506280 0.00025 1827
1752050540195 0.00025 1828
1752050574117 0.00025 1829
1752050608067 0.00025 1830
1752050641925 0.00025 1831
1752050675841 0.00025 1832
1752050709736 0.00025 1833
1752050743802 0.00025 1834
1752050777799 0.00025 1835
1752050811746 0.00025 1836
1752050845603 0.00025 1837
1752050879491 0.00025 1838
1752050913473 0.00025 1839
1752052689840 0.00025 1840
1752052723788 0.00025 1841
1752052757589 0.00025 1842
1752052791361 0.00025 1843
1752052825268 0.00025 1844
1752052859132 0.00025 1845
1752052893072 0.00025 1846
1752052926898 0.00025 1847
1752052960650 0.00025 1848
1752052994607 0.00025 1849
1752053028460 0.00025 1850
1752053062412 0.00025 1851
1752053096320 0.00025 1852
1752053130138 0.00025 1853
1752053163998 0.00025 1854
1752053197895 0.00025 1855
1752053231717 0.00025 1856
1752053265658 0.00025 1857
1752053299542 0.00025 1858
1752053333429 0.00025 1859
1752053382281 0.00025 1860
1752053416468 0.00025 1861
1752053449986 0.00025 1862
1752053483596 0.00025 1863
1752053517199 0.00025 1864
1752053550829 0.00025 1865
1752053584413 0.00025 1866
1752053618025 0.00025 1867
1752053651824 0.00025 1868
1752053685663 0.00025 1869
1752053719316 0.00025 1870
1752053752933 0.00025 1871
1752053786687 0.00025 1872
1752053820321 0.00025 1873
1752053853999 0.00025 1874
1752053887531 0.00025 1875
1752053921149 0.00025 1876
1752053954806 0.00025 1877
1752053988365 0.00025 1878
1752054022049 0.00025 1879
1752055796374 0.000125 1880
1752055831146 0.000125 1881
1752055864791 0.000125 1882
1752055898591 0.000125 1883
1752055932348 0.000125 1884
1752055966231 0.000125 1885
1752055999852 0.000125 1886
1752056034146 0.000125 1887
1752056068366 0.000125 1888
1752056102668 0.000125 1889
1752056136328 0.000125 1890
1752056171238 0.000125 1891
1752056204899 0.000125 1892
1752056238632 0.000125 1893
1752056272248 0.000125 1894
1752056305885 0.000125 1895
1752056339419 0.000125 1896
1752056372942 0.000125 1897
1752056407196 0.000125 1898
1752056440800 0.000125 1899
1752056474409 0.000125 1900
1752056507980 0.000125 1901
1752056541650 0.000125 1902
1752056575761 0.000125 1903
1752056609734 0.000125 1904
1752056643417 0.000125 1905
1752056677279 0.000125 1906
1752056710903 0.000125 1907
1752056744486 0.000125 1908
1752056778061 0.000125 1909
1752056811746 0.000125 1910
1752056845492 0.000125 1911
1752056879132 0.000125 1912
1752056912650 0.000125 1913
1752056946339 0.000125 1914
1752056980623 0.000125 1915
1752057014301 0.000125 1916
1752057048984 0.000125 1917
1752057082537 0.000125 1918
1752057116258 0.000125 1919
1752058888016 0.000125 1920
1752058921613 0.000125 1921
1752058955259 0.000125 1922
1752058988879 0.000125 1923
1752059022433 0.000125 1924
1752059056051 0.000125 1925
1752059089620 0.000125 1926
1752059123245 0.000125 1927
1752059156818 0.000125 1928
1752059190440 0.000125 1929
1752059223955 0.000125 1930
1752059257502 0.000125 1931
1752059291152 0.000125 1932
1752059324864 0.000125 1933
1752059358410 0.000125 1934
1752059391928 0.000125 1935
1752059425443 0.000125 1936
1752059459033 0.000125 1937
1752059492659 0.000125 1938
1752059526252 0.000125 1939
1752059559874 0.000125 1940
1752059593445 0.000125 1941
1752059627034 0.000125 1942
1752059660580 0.000125 1943
1752059694187 0.000125 1944
1752059727808 0.000125 1945
1752059761376 0.000125 1946
1752059794988 0.000125 1947
1752059828563 0.000125 1948
1752059862208 0.000125 1949
1752059895887 0.000125 1950
1752059929579 0.000125 1951
1752059963240 0.000125 1952
1752059996882 0.000125 1953
1752060030485 0.000125 1954
1752060064088 0.000125 1955
1752060097712 0.000125 1956
1752060131422 0.000125 1957
1752060164968 0.000125 1958
1752060198607 0.000125 1959
1752061962791 0.000125 1960
1752061996353 0.000125 1961
1752062029970 0.000125 1962
1752062063599 0.000125 1963
1752062097589 0.000125 1964
1752062131246 0.000125 1965
1752062164783 0.000125 1966
1752062198368 0.000125 1967
1752062231948 0.000125 1968
1752062265522 0.000125 1969
1752062299111 0.000125 1970
1752062332673 0.000125 1971
1752062366262 0.000125 1972
1752062399843 0.000125 1973
1752062433316 0.000125 1974
1752062466958 0.000125 1975
1752062500481 0.000125 1976
1752062534101 0.000125 1977
1752062567708 0.000125 1978
1752062601233 0.000125 1979
1752062634831 0.000125 1980
1752062668449 0.000125 1981
1752062702065 0.000125 1982
1752062735750 0.000125 1983
1752062769356 0.000125 1984
1752062803360 0.000125 1985
1752062836944 0.000125 1986
1752062870982 0.000125 1987
1752062905962 0.000125 1988
1752062939542 0.000125 1989
1752062973076 0.000125 1990
1752063006651 0.000125 1991
1752063040330 0.000125 1992
1752063073908 0.000125 1993
1752063107595 0.000125 1994
1752063141148 0.000125 1995
1752063174794 0.000125 1996
1752063208392 0.000125 1997
1752063241931 0.000125 1998
1752063275442 0.000125 1999
1752065058670 0.000125 2000
1752065092498 0.000125 2001
1752065126410 0.000125 2002
1752065160414 0.000125 2003
1752065193979 0.000125 2004
1752065227896 0.000125 2005
1752065261829 0.000125 2006
1752065295799 0.000125 2007
1752065329680 0.000125 2008
1752065363264 0.000125 2009
1752065397290 0.000125 2010
1752065430818 0.000125 2011
1752065464724 0.000125 2012
1752065498329 0.000125 2013
1752065532189 0.000125 2014
1752065566079 0.000125 2015
1752065599966 0.000125 2016
1752065633876 0.000125 2017
1752065667876 0.000125 2018
1752065701459 0.000125 2019
1752065735025 0.000125 2020
1752065768931 0.000125 2021
1752065802909 0.000125 2022
1752065836754 0.000125 2023
1752065870720 0.000125 2024
1752065904283 0.000125 2025
1752065938197 0.000125 2026
1752065971685 0.000125 2027
1752066005639 0.000125 2028
1752066039537 0.000125 2029
1752066073519 0.000125 2030
1752066107459 0.000125 2031
1752066141455 0.000125 2032
1752066175395 0.000125 2033
1752066208944 0.000125 2034
1752066242828 0.000125 2035
1752066276793 0.000125 2036
1752066310663 0.000125 2037
1752066344636 0.000125 2038
1752066378468 0.000125 2039
1752068158593 0.000125 2040
1752068192650 0.000125 2041
1752068226592 0.000125 2042
1752068260482 0.000125 2043
1752068294425 0.000125 2044
1752068328317 0.000125 2045
1752068362136 0.000125 2046
1752068396067 0.000125 2047
1752068430039 0.000125 2048
1752068464108 0.000125 2049
1752068498067 0.000125 2050
1752068532228 0.000125 2051
1752068566200 0.000125 2052
1752068600071 0.000125 2053
1752068634021 0.000125 2054
1752068667912 0.000125 2055
1752068701710 0.000125 2056
1752068735631 0.000125 2057
1752068769617 0.000125 2058
1752068803549 0.000125 2059
1752068837460 0.000125 2060
1752068871397 0.000125 2061
1752068905399 0.000125 2062
1752068939268 0.000125 2063
1752068973058 0.000125 2064
1752069006912 0.000125 2065
1752069040781 0.000125 2066
1752069075060 0.000125 2067
1752069109290 0.000125 2068
1752069143216 0.000125 2069
1752069177102 0.000125 2070
1752069211302 0.000125 2071
1752069245171 0.000125 2072
1752069279151 0.000125 2073
1752069313110 0.000125 2074
1752069346899 0.000125 2075
1752069380822 0.000125 2076
1752069414745 0.000125 2077
1752069448723 0.000125 2078
1752069482555 0.000125 2079
1752071262907 0.000125 2080
1752071296942 0.000125 2081
1752071330757 0.000125 2082
1752071364637 0.000125 2083
1752071398613 0.000125 2084
1752071432549 0.000125 2085
1752071466365 0.000125 2086
1752071500216 0.000125 2087
1752071534121 0.000125 2088
1752071567982 0.000125 2089
1752071601804 0.000125 2090
1752071635710 0.000125 2091
1752071669486 0.000125 2092
1752071703435 0.000125 2093
1752071737324 0.000125 2094
1752071771195 0.000125 2095
1752071805605 0.000125 2096
1752071840105 0.000125 2097
1752071874464 0.000125 2098
1752071908344 0.000125 2099
1752071942209 0.000125 2100
1752071976104 0.000125 2101
1752072010391 0.000125 2102
1752072044326 0.000125 2103
1752072078238 0.000125 2104
1752072112044 0.000125 2105
1752072145805 0.000125 2106
1752072179614 0.000125 2107
1752072213661 0.000125 2108
1752072247485 0.000125 2109
1752072281384 0.000125 2110
1752072315291 0.000125 2111
1752072349328 0.000125 2112
1752072382879 0.000125 2113
1752072416416 0.000125 2114
1752072449957 0.000125 2115
1752072483636 0.000125 2116
1752072518082 0.000125 2117
1752072551771 0.000125 2118
1752072585680 0.000125 2119
1752074349238 6.25e-05 2120
1752074382907 6.25e-05 2121
1752074416806 6.25e-05 2122
1752074450807 6.25e-05 2123
1752074484366 6.25e-05 2124
1752074518365 6.25e-05 2125
1752074551998 6.25e-05 2126
1752074585588 6.25e-05 2127
1752074619244 6.25e-05 2128
1752074652930 6.25e-05 2129
1752074686662 6.25e-05 2130
1752074720307 6.25e-05 2131
1752074753951 6.25e-05 2132
1752074787648 6.25e-05 2133
1752074821316 6.25e-05 2134
1752074854912 6.25e-05 2135
1752074888475 6.25e-05 2136
1752074922004 6.25e-05 2137
1752074955561 6.25e-05 2138
1752074989141 6.25e-05 2139
1752075022757 6.25e-05 2140
1752075056391 6.25e-05 2141
1752075089956 6.25e-05 2142
1752075123478 6.25e-05 2143
1752075157103 6.25e-05 2144
1752075190652 6.25e-05 2145
1752075224264 6.25e-05 2146
1752075257910 6.25e-05 2147
1752075291603 6.25e-05 2148
1752075325237 6.25e-05 2149
1752075360127 6.25e-05 2150
1752075393675 6.25e-05 2151
1752075427257 6.25e-05 2152
1752075460927 6.25e-05 2153
1752075494556 6.25e-05 2154
1752075528121 6.25e-05 2155
1752075561814 6.25e-05 2156
1752075595414 6.25e-05 2157
1752075629161 6.25e-05 2158
1752075662784 6.25e-05 2159
1752077429668 6.25e-05 2160
1752077463394 6.25e-05 2161
1752077496926 6.25e-05 2162
1752077530546 6.25e-05 2163
1752077564287 6.25e-05 2164
1752077598265 6.25e-05 2165
1752077631779 6.25e-05 2166
1752077665453 6.25e-05 2167
1752077699027 6.25e-05 2168
1752077732562 6.25e-05 2169
1752077766113 6.25e-05 2170
1752077799641 6.25e-05 2171
1752077833255 6.25e-05 2172
1752077867618 6.25e-05 2173
1752077901239 6.25e-05 2174
1752077934873 6.25e-05 2175
1752077968450 6.25e-05 2176
1752078002098 6.25e-05 2177
1752078035620 6.25e-05 2178
1752078069245 6.25e-05 2179
1752078103324 6.25e-05 2180
1752078136975 6.25e-05 2181
1752078170573 6.25e-05 2182
1752078204100 6.25e-05 2183
1752078237675 6.25e-05 2184
1752078271376 6.25e-05 2185
1752078304996 6.25e-05 2186
1752078338546 6.25e-05 2187
1752078372211 6.25e-05 2188
1752078405796 6.25e-05 2189
1752078439475 6.25e-05 2190
1752078473032 6.25e-05 2191
1752078506568 6.25e-05 2192
1752078540116 6.25e-05 2193
1752078573729 6.25e-05 2194
1752078607347 6.25e-05 2195
1752078641096 6.25e-05 2196
1752078674637 6.25e-05 2197
1752078708237 6.25e-05 2198
1752078741789 6.25e-05 2199
1752080507310 6.25e-05 2200
1752080540950 6.25e-05 2201
1752080574566 6.25e-05 2202
1752080608026 6.25e-05 2203
1752080641541 6.25e-05 2204
1752080675055 6.25e-05 2205
1752080708619 6.25e-05 2206
1752080743005 6.25e-05 2207
1752080776618 6.25e-05 2208
1752080810184 6.25e-05 2209
1752080843782 6.25e-05 2210
1752080877258 6.25e-05 2211
1752080910890 6.25e-05 2212
1752080945099 6.25e-05 2213
1752080978607 6.25e-05 2214
1752081012194 6.25e-05 2215
1752081046219 6.25e-05 2216
1752081079878 6.25e-05 2217
1752081113584 6.25e-05 2218
1752081147123 6.25e-05 2219
1752081180688 6.25e-05 2220
1752081214227 6.25e-05 2221
1752081247675 6.25e-05 2222
1752081281628 6.25e-05 2223
1752081315160 6.25e-05 2224
1752081348710 6.25e-05 2225
1752081382356 6.25e-05 2226
1752081415929 6.25e-05 2227
1752081449508 6.25e-05 2228
1752081483106 6.25e-05 2229
1752081516594 6.25e-05 2230
1752081550176 6.25e-05 2231
1752081584121 6.25e-05 2232
1752081617670 6.25e-05 2233
1752081651158 6.25e-05 2234
1752081684751 6.25e-05 2235
1752081718300 6.25e-05 2236
1752081751807 6.25e-05 2237
1752081785846 6.25e-05 2238
1752081819457 6.25e-05 2239
