1746679275118 0.82149393200813 0
1746679294093 0.1770301839373213 19
1746679313011 0.1771313874153475 38
1746679440152 0.2542104863670481 40
1746679459131 0.2687880040144046 59
1746679477832 0.29166842367149354 78
1746679601993 0.41441137527093014 80
1746679621007 0.4364526494227185 99
1746679639995 0.45976740067300315 118
1746679765414 0.5551095105968475 120
1746679784662 0.5877434154487109 139
1746679803776 0.6059263070007506 158
1746679930031 0.6387879196781729 160
1746679949160 0.6793831648014304 179
1746679968313 0.6878294384050332 198
1746680094546 0.6829843218945291 200
1746680113957 0.7136152412437907 219
1746680133181 0.7165585757297193 238
1746680260107 0.7090568679210275 240
1746680279352 0.7293059971494353 259
1746680298575 0.7302589965675154 278
1746680425247 0.7239169119445404 280
1746680444643 0.7357071171345921 299
1746680463900 0.7348173698902786 318
1746680590782 0.7338812377185363 320
1746680610051 0.7397805571251466 339
1746680629343 0.7378113061152202 358
1746680756765 0.7400504330665497 360
1746680776328 0.7387938232143911 379
1746680795687 0.7379251600279997 398
1746680923230 0.7398986278495104 400
1746680942562 0.7384058765486241 419
1746680961947 0.7356691658303324 438
1746681089592 0.7382835890126758 440
1746681109201 0.7293987670042927 459
1746681128607 0.7314481374343231 478
1746681256617 0.7385787658235855 480
1746681276089 0.7309547704789454 499
1746681295544 0.7291078070049674 518
1746681423757 0.7402823577036931 520
1746681443424 0.7253421942600761 539
1746681462891 0.7273831310669376 558
1746681591422 0.7387305710406248 560
1746681610926 0.7270500029517681 579
1746681630459 0.7260464017946751 598
1746681758777 0.7380347971291946 600
1746681778511 0.7215175461530028 619
1746681798077 0.724169920639606 638
1746681927079 0.7355342278596307 640
1746681946638 0.7248235264351918 659
1746681966195 0.7218633247029256 678
1746682094777 0.7351673652517858 680
1746682114614 0.7181778313781384 699
1746682134249 0.7201091310838049 718
1746682263864 0.734484241775109 720
1746682283466 0.7157700319634318 739
1746682303104 0.7183085525372556 758
1746682433683 0.7340330429355756 760
1746682453691 0.7196031136936739 779
1746682473481 0.7180260261610991 798
1746682604057 0.7324981235188449 800
1746682623920 0.7160019566005752 819
1746682643795 0.7166977305120052 838
1746682774308 0.7323041501859614 840
1746682794365 0.7190886626803741 859
1746682814239 0.7154073861671713 878
1746682945385 0.7292553954104223 880
1746682965241 0.71259477284036 899
1746682984966 0.7140580064601554 918
1746683115388 0.7293228643957731 920
1746683135532 0.7167567658741872 939
1746683155498 0.7139821038516357 958
1746683286314 0.7271006046907812 960
1746683306282 0.7172290487716428 979
1746683326243 0.7139062012431161 998
1746683457466 0.7263710962866757 1000
1746683477479 0.7150363067477419 1019
1746683497351 0.7122405606672683 1038
1746683627836 0.7255066499118686 1040
1746683647658 0.7150194395014042 1059
1746683667469 0.7115953884948513 1078
1746683798632 0.7247518406382566 1080
1746683818707 0.7115869548716824 1099
1746683838651 0.7103556458890304 1118
1746683970514 0.7242542568712945 1120
1746683990451 0.7144965548649356 1139
1746684010458 0.7101701061793156 1158
1746684142324 0.7238789606402807 1160
1746684162422 0.7117640609582283 1179
1746684182350 0.7090526511094432 1198
1746684314075 0.723495230786098 1200
1746684334024 0.7059785954643975 1219
1746684353986 0.7087701247332867 1238
1746684485511 0.7215344133993404 1240
1746684505728 0.7128477815354254 1259
1746684525752 0.7084496470528704 1278
1746684657493 0.7223862093393943 1280
1746684677374 0.7106803403810311 1299
1746684697291 0.7086183195162474 1318
1746684828526 0.7212856215158594 1320
1746684848495 0.7092128899496513 1339
1746684868322 0.707821342126791 1358
1746685000022 0.7204886441264031 1360
1746685020045 0.7103851635701214 1379
1746685040047 0.7076273687939075 1398
1746685171782 0.718253733986658 1400
1746685192006 0.7094321641520414 1419
1746685212083 0.7060629316960859 1438
1746685344026 0.7188736052895685 1440
1746685364047 0.7090653015441964 1459
1746685384232 0.7053671577846559 1478
1746685516148 0.717975424422086 1480
1746685536398 0.7017069653293752 1499
1746685556439 0.703562362426522 1518
1746685688518 0.7178151855818778 1520
1746685708515 0.6995943427255783 1539
1746685728350 0.7030816459058976 1558
1746685860355 0.715900753122549 1560
1746685880530 0.7057382372040852 1579
1746685900638 0.7038786232953539 1598
1746686032103 0.715057390805664 1600
1746686052075 0.7030226105437157 1619
1746686071992 0.7019979253287004 1638
1746686203476 0.7154031693555869 1640
1746686223712 0.7042497027147833 1659
1746686243765 0.7022973189511946 1678
1746686375497 0.7147748644295076 1680
1746686395410 0.7054304099584222 1699
1746686415369 0.7008340853313992 1718
1746686547030 0.7146314928356371 1720
1746686567216 0.6980509896856789 1739
1746686587274 0.7004587891003854 1758
1746686718904 0.713657409359635 1760
1746686739002 0.6957022256331543 1779
1746686758999 0.6999822893913454 1798
1746686890778 0.7706602683578893 1800
1746686910941 0.693197439552006 1819
1746686930894 0.6975449722955479 1838
1746687062963 0.7016732308366997 1840
1746687082956 0.696166074907441 1859
1746687103079 0.6987130291044336 1878
1746687235015 0.7042918708306275 1880
1746687255219 0.7006527624332689 1899
1746687275276 0.6986244760611606 1918
1746687407378 0.7053418569151493 1920
1746687427513 0.6961913757769476 1939
1746687447568 0.6976925607010027 1958
1746687579788 0.705586431987046 1960
1746687599992 0.6947534430266586 1979
1746687620291 0.696920884181053 1998
1746687752768 0.7060081131454884 2000
1746687772821 0.70042505460771 2019
1746687792999 0.6972413618614693 2038
1746687924341 0.7349691751073179 2040
1746687944447 0.6894571276766212 2059
1746687964380 0.6926070859301865 2078
1746688095460 0.6940281514341377 2080
1746688115346 0.6952299427356987 2099
1746688135231 0.6944456157809957 2118
1746688266156 0.6944709166505022 2120
1746688286271 0.6916583033236909 2139
1746688306180 0.6932311740446814 2158
1746688438192 0.6955040354886863 2160
1746688458312 0.6921516702790685 2179
1746688478457 0.6946733236065546 2198
1746688610685 0.6950654870839061 2200
1746688631019 0.6908571091226502 2219
1746688651089 0.6934715323049936 2238
1746688783401 0.6960564378062459 2240
1746688803436 0.6911860204262353 2259
1746688823559 0.6926492540460307 2278
1746688956059 0.7109417826992654 2280
1746688976223 0.6879728099989036 2299
1746688996230 0.6901486847764668 2318
1746689128091 0.6889384598517369 2320
1746689148118 0.6896468841979203 2339
1746689168106 0.6915317989761581 2358
1746689299574 0.6879137746367217 2360
1746689319693 0.6895035126040499 2379
1746689339606 0.6900137468057652 2398
1746689471595 0.6881499160854495 2400
1746689491750 0.6895667647778162 2419
1746689511894 0.6893179728943352 2438
1746689644117 0.6878673897092931 2440
1746689664311 0.6891239995614517 2459
1746689684412 0.6902456714429086 2478
1746689817100 0.6884999114469568 2480
1746689837272 0.6894318268071146 2499
1746689857453 0.6895077294156342 2518
1746689989777 0.6955124691118552 2520
1746690010058 0.687251735217967 2539
1746690030189 0.6882679868098134 2558
1746690162986 0.6861427137712632 2560
1746690183171 0.6888541236200484 2579
1746690203320 0.6893896586912703 2598
1746690335789 0.6844391218911556 2600
1746690355966 0.688086663911683 2619
1746690376057 0.6890227960834254 2638
1746690508771 0.6850800772519883 2640
1746690528960 0.6884240088384371 2659
1746690549112 0.6898619415887259 2678
1746690681679 0.6867878859436802 2680
1746690702107 0.6884703937658657 2699
1746690722234 0.6891155659382827 2718
1746690855027 0.6864421073937574 2720
1746690875188 0.6890059288370877 2739
1746690895342 0.6896131497052449 2758
1746691027990 0.6880149781147479 2760
1746691048315 0.6867668018857581 2779
1746691068544 0.6871336644936031 2798
1746691201497 0.6858981386993667 2800
1746691221687 0.6881330488391117 2819
1746691241888 0.6883860575341773 2838
1746691375103 0.6860288598584838 2840
1746691395596 0.689018579271841 2859
1746691415920 0.6895456807198941 2878
1746691548934 0.6863704215968222 2880
1746691569105 0.6886390662292428 2899
1746691589266 0.6888414731852951 2918
1746691722313 0.6872264343484604 2920
1746691742672 0.6884029247805149 2939
1746691762851 0.6885758140554764 2958
1746691895905 0.6851601966720923 2960
1746691916009 0.6881288320275274 2979
1746691936135 0.6880613630421766 2998
1746692068123 0.6869396911607195 3000
1746692088283 0.6873445050728243 3019
1746692108365 0.6877155844922537 3038
1746692240619 0.6865348772486147 3040
1746692260713 0.6881372656506962 3059
1746692280779 0.6884535265195281 3078
1746692413302 0.6876776331879939 3080
1746692433649 0.6880613630421766 3099
1746692453856 0.6886095485481518 3118
1746692587108 0.6876312482605652 3120
1746692607376 0.688542079562801 3139
1746692627727 0.6888161723157886 3158
1746692761141 0.6881077479696053 3160
1746692781586 0.6890101456486721 3179
1746692801703 0.6889384598517369 3198
1746692934305 0.6881583497086183 3200
1746692954473 0.6884071415920994 3219
1746692974696 0.6887613537651911 3238
1746693108014 0.6873023369569801 3240
1746693128356 0.6879053410135528 3259
1746693148512 0.688284854056151 3278
1746693282006 0.6864547578285107 3280
1746693302661 0.6882890708677355 3299
1746693323941 0.6883185885488264 3318
1746693456804 0.6869565584070573 3320
1746693477003 0.6884619601426969 3339
1746693497225 0.6885589468091387 3358
1746693630735 0.6869987265229015 3360
1746693650908 0.6887613537651911 3379
1746693671071 0.6888246059389574 3398
1746693803745 0.687192699855785 3400
1746693824015 0.6882975044909043 3419
1746693844050 0.6890860482571918 3438
1746693977480 0.6870324610155769 3440
1746693997775 0.6886095485481518 3459
1746694017943 0.6889258094169837 3478
1746694151135 0.6863240366693936 3480
1746694171359 0.6886474998524116 3499
1746694191412 0.6886390662292428 3518
1746694323571 0.6858180192792626 3520
1746694343604 0.6886011149249829 3539
1746694363646 0.6884155752152682 3558
1746694495686 0.6856872981201454 3560
1746694515966 0.6883987079689305 3579
1746694536048 0.6884240088384371 3598
1746694668128 0.6856662140622233 3600
1746694688170 0.6884619601426969 3619
1746694708194 0.6883607566646707 3638
1746694840278 0.6856156123232102 3640
1746694860518 0.6882258186939691 3659
1746694880557 0.6883565398530863 3678
1746695012901 0.6858559705835224 3680
1746695033000 0.6882595531866446 3699
1746695053084 0.6885294291280477 3718
1746695185293 0.6854848911640931 3720
1746695205484 0.6880191949263323 3739
1746695225551 0.6883776239110084 3758
1746695358033 0.6849957410202997 3760
1746695378115 0.6876270314489807 3779
1746695398236 0.6883228053604109 3798
1746695530159 0.6852192320342743 3800
1746695550388 0.6876860668111627 3819
1746695570444 0.6881836505781249 3838
1746695702818 0.685118028556248 3840
1746695722923 0.6876228146373964 3859
1746695742980 0.6881710001433716 3878
1746695874990 0.6848481526148449 3880
1746695895157 0.6877535357965135 3899
1746695915116 0.6882637699982289 3918
1746696047266 0.6848818871075203 3920
1746696067387 0.6877830534776045 3939
1746696087548 0.6883228053604109 3958
1746696219814 0.6851011613099104 3960
1746696240063 0.6880529294190078 3979
1746696260135 0.6883017213024888 3998
