1746679275118 0.6965856552124023 0
1746679294093 0.6918790340423584 19
1746679313011 0.6897996068000793 38
1746679440152 0.6805943250656128 40
1746679459131 0.6791000366210938 59
1746679477832 0.67739337682724 78
1746679601993 0.6641162037849426 80
1746679621007 0.6615784764289856 99
1746679639995 0.6588359475135803 118
1746679765414 0.6370366215705872 120
1746679784662 0.6331108212471008 139
1746679803776 0.6289426684379578 158
1746679930031 0.598468005657196 160
1746679949160 0.5935090780258179 179
1746679968313 0.5886098146438599 198
1746680094546 0.5580406785011292 200
1746680113957 0.5529443025588989 219
1746680133181 0.5509250164031982 238
1746680260107 0.5339497923851013 240
1746680279352 0.530441403388977 259
1746680298575 0.5279804468154907 278
1746680425247 0.5170266032218933 280
1746680444643 0.5149978995323181 299
1746680463900 0.5147094130516052 318
1746680590782 0.5074804425239563 320
1746680610051 0.5063114166259766 339
1746680629343 0.5061082243919373 358
1746680756765 0.502254843711853 360
1746680776328 0.5018904209136963 379
1746680795687 0.5017999410629272 398
1746680923230 0.5000343322753906 400
1746680942562 0.499634325504303 419
1746680961947 0.49965548515319824 438
1746681089592 0.4988795518875122 440
1746681109201 0.4994366765022278 459
1746681128607 0.4990401566028595 478
1746681256617 0.49755069613456726 480
1746681276089 0.497795432806015 499
1746681295544 0.49761977791786194 518
1746681423757 0.49652984738349915 520
1746681443424 0.49790364503860474 539
1746681462891 0.49749132990837097 558
1746681591422 0.4958520829677582 560
1746681610926 0.4968262016773224 579
1746681630459 0.4967816174030304 598
1746681758777 0.49553513526916504 600
1746681778511 0.49729928374290466 619
1746681798077 0.4968029260635376 638
1746681927079 0.4955376386642456 640
1746681946638 0.49633854627609253 659
1746681966195 0.4966415762901306 678
1746682094777 0.4950699806213379 680
1746682114614 0.49703601002693176 699
1746682134249 0.4966428577899933 718
1746682263864 0.49508652091026306 720
1746682283466 0.4972170889377594 739
1746682303104 0.4967206120491028 758
1746682433683 0.4949476420879364 760
1746682453691 0.4962974488735199 779
1746682473481 0.4964728057384491 798
1746682604057 0.494897723197937 800
1746682623920 0.4965975284576416 819
1746682643795 0.4962880611419678 838
1746682774308 0.4946805536746979 840
1746682794365 0.49605751037597656 859
1746682814239 0.4964832663536072 878
1746682945385 0.49485835433006287 880
1746682965241 0.49674463272094727 899
1746682984966 0.4964701533317566 918
1746683115388 0.49486640095710754 920
1746683135532 0.49584195017814636 939
1746683155498 0.4962407946586609 958
1746683286314 0.49497362971305847 960
1746683306282 0.495583176612854 979
1746683326243 0.49602335691452026 998
1746683457466 0.49495649337768555 1000
1746683477479 0.49586355686187744 1019
1746683497351 0.49615785479545593 1038
1746683627836 0.4951341450214386 1040
1746683647658 0.49576058983802795 1059
1746683667469 0.4962649345397949 1078
1746683798632 0.4947865605354309 1080
1746683818707 0.4960904121398926 1099
1746683838651 0.49621790647506714 1118
1746683970514 0.4950726330280304 1120
1746683990451 0.495768666267395 1139
1746684010458 0.4964042901992798 1158
1746684142324 0.49511775374412537 1160
1746684162422 0.4959343373775482 1179
1746684182350 0.49634042382240295 1198
1746684314075 0.49505922198295593 1200
1746684334024 0.4969821870326996 1219
1746684353986 0.49645546078681946 1238
1746684485511 0.4953538179397583 1240
1746684505728 0.49577388167381287 1259
1746684525752 0.49638354778289795 1278
1746684657493 0.4950721859931946 1280
1746684677374 0.49614888429641724 1299
1746684697291 0.49626246094703674 1318
1746684828526 0.49507924914360046 1320
1746684848495 0.4962303936481476 1339
1746684868322 0.49629348516464233 1358
1746685000022 0.49500590562820435 1360
1746685020045 0.49573424458503723 1379
1746685040047 0.49604281783103943 1398
1746685171782 0.4953831136226654 1400
1746685192006 0.495810866355896 1419
1746685212083 0.4962318539619446 1438
1746685344026 0.49536988139152527 1440
1746685364047 0.4960576295852661 1459
1746685384232 0.49656984210014343 1478
1746685516148 0.495211660861969 1480
1746685536398 0.4970925450325012 1499
1746685556439 0.4967051148414612 1518
1746685688518 0.4950764775276184 1520
1746685708515 0.4973544776439667 1539
1746685728350 0.49659159779548645 1558
1746685860355 0.4951636493206024 1560
1746685880530 0.4959154427051544 1579
1746685900638 0.4961945414543152 1598
1746686032103 0.49544546008110046 1600
1746686052075 0.49645736813545227 1619
1746686071992 0.49648892879486084 1638
1746686203476 0.49528807401657104 1640
1746686223712 0.4961099326610565 1659
1746686243765 0.4963603615760803 1678
1746686375497 0.4957355558872223 1680
1746686395410 0.4958953857421875 1699
1746686415369 0.49666231870651245 1718
1746686547030 0.4956766963005066 1720
1746686567216 0.49722784757614136 1739
1746686587274 0.4967692196369171 1758
1746686718904 0.4961346983909607 1760
1746686739002 0.49793723225593567 1779
1746686758999 0.49694713950157166 1798
1746686890778 0.48821714520454407 1800
1746686910941 0.4985768496990204 1819
1746686930894 0.4977273643016815 1838
1746687062963 0.4986511468887329 1840
1746687082956 0.49770087003707886 1859
1746687103079 0.49698540568351746 1878
1746687235015 0.4981454908847809 1880
1746687255219 0.49654117226600647 1899
1746687275276 0.49674955010414124 1918
1746687407378 0.4980318248271942 1920
1746687427513 0.49749308824539185 1939
1746687447568 0.496999591588974 1958
1746687579788 0.4980522096157074 1960
1746687599992 0.4978316128253937 1979
1746687620291 0.4972974956035614 1998
1746687752768 0.49780765175819397 2000
1746687772821 0.4962717294692993 2019
1746687792999 0.4966328740119934 2038
1746687924341 0.49324408173561096 2040
1746687944447 0.49934887886047363 2059
1746687964380 0.49852263927459717 2078
1746688095460 0.4997141659259796 2080
1746688115346 0.49732455611228943 2099
1746688135231 0.497184693813324 2118
1746688266156 0.4998387098312378 2120
1746688286271 0.4984394311904907 2139
1746688306180 0.4979613721370697 2158
1746688438192 0.49965372681617737 2160
1746688458312 0.4981238543987274 2179
1746688478457 0.4973134398460388 2198
1746688610685 0.4995288550853729 2200
1746688631019 0.4982377588748932 2219
1746688651089 0.49742722511291504 2238
1746688783401 0.49950945377349854 2240
1746688803436 0.49823370575904846 2259
1746688823559 0.4977903962135315 2278
1746688956059 0.49711063504219055 2280
1746688976223 0.49978798627853394 2299
1746688996230 0.4991501271724701 2318
1746689128091 0.5007219910621643 2320
1746689148118 0.49889928102493286 2339
1746689168106 0.49826332926750183 2358
1746689299574 0.5008816123008728 2360
1746689319693 0.4991665780544281 2379
1746689339606 0.4988996088504791 2398
1746689471595 0.5005391836166382 2400
1746689491750 0.49900567531585693 2419
1746689511894 0.49893155694007874 2438
1746689644117 0.5006386041641235 2440
1746689664311 0.498826801776886 2459
1746689684412 0.4984176456928253 2478
1746689817100 0.500412106513977 2480
1746689837272 0.49896547198295593 2499
1746689857453 0.4987252652645111 2518
1746689989777 0.4994400143623352 2520
1746690010058 0.49984443187713623 2539
1746690030189 0.49935221672058105 2558
1746690162986 0.5003387928009033 2560
1746690183171 0.49883341789245605 2579
1746690203320 0.4985968768596649 2598
1746690335789 0.50126713514328 2600
1746690355966 0.49925753474235535 2619
1746690376057 0.49885931611061096 2638
1746690508771 0.5007458925247192 2640
1746690528960 0.49892285466194153 2659
1746690549112 0.49843502044677734 2678
1746690681679 0.49987784028053284 2680
1746690702107 0.4987756311893463 2699
1746690722234 0.49858176708221436 2718
1746690855027 0.49988213181495667 2720
1746690875188 0.4984341561794281 2739
1746690895342 0.4982525706291199 2758
1746691027990 0.5002506971359253 2760
1746691048315 0.49966713786125183 2779
1746691068544 0.4994819164276123 2798
1746691201497 0.5000607371330261 2800
1746691221687 0.4990239441394806 2819
1746691241888 0.49885064363479614 2838
1746691375103 0.4997025728225708 2840
1746691395596 0.4985683262348175 2859
1746691415920 0.49829983711242676 2878
1746691548934 0.49945303797721863 2880
1746691569105 0.4985687732696533 2899
1746691589266 0.49842891097068787 2918
1746691722313 0.4992617666721344 2920
1746691742672 0.4985635280609131 2939
1746691762851 0.4984515905380249 2958
1746691895905 0.5001247525215149 2960
1746691916009 0.49893131852149963 2979
1746691936135 0.49881866574287415 2998
1746692068123 0.49940937757492065 3000
1746692088283 0.4990541934967041 3019
1746692108365 0.4989411234855652 3038
1746692240619 0.49922338128089905 3040
1746692260713 0.4986425042152405 3059
1746692280779 0.4985368251800537 3078
1746692413302 0.49882301688194275 3080
1746692433649 0.4984821677207947 3099
1746692453856 0.49834930896759033 3118
1746692587108 0.4987644851207733 3120
1746692607376 0.4983697235584259 3139
1746692627727 0.4982796013355255 3158
1746692761141 0.4985525906085968 3160
1746692781586 0.49818700551986694 3179
1746692801703 0.49816590547561646 3198
1746692934305 0.49855151772499084 3200
1746692954473 0.49834805727005005 3219
1746692974696 0.4982526898384094 3238
1746693108014 0.4988643229007721 3240
1746693128356 0.49864187836647034 3259
1746693148512 0.4985436201095581 3278
1746693282006 0.49889424443244934 3280
1746693302661 0.4984437823295593 3299
1746693323941 0.4983965754508972 3318
1746693456804 0.4986964166164398 3320
1746693477003 0.49832794070243835 3339
1746693497225 0.49828729033470154 3358
1746693630735 0.49864932894706726 3360
1746693650908 0.49824827909469604 3379
1746693671071 0.4982058107852936 3398
1746693803745 0.49854135513305664 3400
1746693824015 0.49826177954673767 3419
1746693844050 0.4980842173099518 3438
1746693977480 0.49856939911842346 3440
1746693997775 0.4981934428215027 3459
1746694017943 0.49810925126075745 3478
1746694151135 0.4987381398677826 3480
1746694171359 0.4982932209968567 3499
1746694191412 0.4982582926750183 3518
1746694323571 0.4988560378551483 3520
1746694343604 0.4983130693435669 3539
1746694363646 0.49830758571624756 3558
1746694495686 0.49891793727874756 3560
1746694515966 0.4983937442302704 3579
1746694536048 0.4983627200126648 3598
1746694668128 0.4988979697227478 3600
1746694688170 0.49835506081581116 3619
1746694708194 0.49834173917770386 3638
1746694840278 0.4989062249660492 3640
1746694860518 0.4984104633331299 3659
1746694880557 0.4983513355255127 3678
1746695012901 0.4988963305950165 3680
1746695033000 0.4984241724014282 3699
1746695053084 0.4983341693878174 3718
1746695185293 0.4989141523838043 3720
1746695205484 0.4984453618526459 3739
1746695225551 0.49835044145584106 3758
1746695358033 0.49900031089782715 3760
1746695378115 0.49851733446121216 3779
1746695398236 0.4983742833137512 3798
1746695530159 0.49897900223731995 3800
1746695550388 0.49850139021873474 3819
1746695570444 0.4983924329280853 3838
1746695702818 0.499004602432251 3840
1746695722923 0.49852296710014343 3859
1746695742980 0.4984039068222046 3878
1746695874990 0.49903422594070435 3880
1746695895157 0.4984968602657318 3899
1746695915116 0.49837300181388855 3918
1746696047266 0.4990515112876892 3920
1746696067387 0.4984908699989319 3939
1746696087548 0.4983654320240021 3958
1746696219814 0.49900007247924805 3960
1746696240063 0.49843162298202515 3979
1746696260135 0.4983621835708618 3998
