1749097400452 1.0 0
1749097622789 1.0 1
1749097849051 1.0 2
1749098074663 1.0 3
1749098300948 1.0 4
1749098527729 1.0 5
1749098754382 1.0 6
1749098982292 1.0 7
1749099210148 1.0 8
1749099437725 1.0 9
1749099668545 1.0 10
1749099900639 1.0 11
1749100192681 1.0 12
1749100533945 1.0 13
1749100871290 1.0 14
1749101210252 1.0 15
1749101548994 1.0 16
1749101887075 1.0 17
1749102227623 1.0 18
1749102567543 1.0 19
1749102906473 1.0 20
1749103242198 1.0 21
1749103582148 1.0 22
1749103919237 1.0 23
1749104258122 1.0 24
1749104593422 1.0 25
1749104929583 1.0 26
1749105219564 1.0 27
1749105457789 1.0 28
1749105694614 1.0 29
1749105932652 1.0 30
1749106168724 1.0 31
1749106402410 1.0 32
1749106634470 1.0 33
1749106867175 1.0 34
1749107104730 1.0 35
1749107343162 1.0 36
1749107581602 1.0 37
1749107819884 1.0 38
1749108057062 1.0 39
1749108296176 1.0 40
1749108533918 1.0 41
1749108773566 1.0 42
1749109017163 1.0 43
1749109260309 1.0 44
1749109569181 1.0 45
1749109900566 1.0 46
1749110231826 1.0 47
1749110562034 1.0 48
1749110893449 1.0 49
1749111225051 1.0 50
1749111554898 1.0 51
1749111885531 1.0 52
1749112217612 1.0 53
1749112549569 1.0 54
1749112882382 1.0 55
1749113214024 1.0 56
1749113545685 1.0 57
1749113879497 1.0 58
1749114214542 1.0 59
1749114548330 1.0 60
1749114879470 1.0 61
1749115212612 1.0 62
1749115545789 1.0 63
1749115881662 1.0 64
1749116216374 1.0 65
1749116552183 1.0 66
1749116888588 1.0 67
1749117222426 1.0 68
1749117555600 1.0 69
1749117888583 1.0 70
1749118221958 1.0 71
1749118555108 1.0 72
1749118886967 1.0 73
1749119219869 1.0 74
1749119551751 1.0 75
1749119881530 1.0 76
1749120211567 1.0 77
1749120542526 1.0 78
1749120873368 1.0 79
1749121203999 1.0 80
1749121534600 1.0 81
1749121865253 1.0 82
1749122195282 1.0 83
1749122525067 1.0 84
1749122854839 1.0 85
1749123185116 1.0 86
1749123514233 1.0 87
1749123843835 1.0 88
1749124174334 1.0 89
1749124503277 1.0 90
1749124833054 1.0 91
1749125161977 1.0 92
1749125490937 1.0 93
1749125820411 1.0 94
1749126149238 1.0 95
1749126479905 1.0 96
1749126810434 1.0 97
1749127140465 1.0 98
1749127470481 1.0 99
1749127799862 1.0 100
1749128129850 1.0 101
1749128461089 1.0 102
1749128791157 1.0 103
1749129121673 1.0 104
1749129450832 1.0 105
1749129780445 1.0 106
1749130109287 1.0 107
1749130438829 1.0 108
1749130767940 1.0 109
1749131096984 1.0 110
1749131426141 1.0 111
1749131755726 1.0 112
1749132082935 1.0 113
1749132410848 1.0 114
1749132739409 1.0 115
1749133066865 1.0 116
1749133395011 1.0 117
1749133722196 1.0 118
1749134049809 1.0 119
1749134377571 1.0 120
1749134705982 1.0 121
1749135034278 0.5 122
1749135362452 0.5 123
1749135690570 0.5 124
1749136018347 0.5 125
1749136346498 0.5 126
1749136673848 0.5 127
1749137001821 0.5 128
1749137330277 0.25 129
1749137658853 0.25 130
1749137987348 0.25 131
1749138315620 0.25 132
1749138643559 0.125 133
1749138972297 0.125 134
1749139301124 0.0078125 135
1749139629186 0.125 136
1749139959173 0.001953125 137
1749140290484 0.00390625 138
1749140619273 0.03125 139
1749140950405 0.00390625 140
1749141280423 0.03125 141
1749141610243 0.015625 142
1749141939357 0.0625 143
1749142269115 0.015625 144
1749142597902 0.015625 145
1749142927157 0.03125 146
1749143255785 0.0625 147
1749143584102 0.0625 148
1749143912524 0.03125 149
1749144242405 0.015625 150
1749144571167 0.03125 151
1749144899817 0.0625 152
1749145229987 0.0009765625 153
1749145558656 0.125 154
1749145886925 0.0625 155
1749146215933 0.125 156
1749146545275 0.015625 157
1749146873796 0.125 158
1749147203567 0.0625 159
1749147533376 0.125 160
1749147862637 0.125 161
1749148193281 0.125 162
1749148523326 0.125 163
1749148854556 0.00390625 164
1749149187701 0.015625 165
1749149521350 0.125 166
1749149855611 0.0625 167
1749150189787 0.0009765625 168
1749150523166 0.0625 169
1749150857031 0.0625 170
1749151190402 0.125 171
1749151525552 0.03125 172
1749151859569 0.0625 173
1749152193500 0.125 174
1749152527189 0.125 175
1749152861782 0.0625 176
1749153195157 0.03125 177
1749153529779 0.015625 178
1749153862915 0.0625 179
1749154196139 0.0625 180
1749154530231 0.0009765625 181
1749154865706 0.0009765625 182
1749155200200 0.001953125 183
1749155534335 0.0009765625 184
1749155866458 0.03125 185
1749156200936 0.00390625 186
1749156533789 0.0625 187
1749156866001 0.0625 188
1749157198235 0.125 189
1749157530410 0.03125 190
1749157857746 0.0625 191
1749158188322 0.015625 192
1749158517492 0.125 193
1749158846650 0.0625 194
1749159174841 0.125 195
1749159504081 0.125 196
1749159834739 0.125 197
1749160164922 0.125 198
1749160496086 0.015625 199
1749160826086 0.125 200
1749161156863 0.125 201
1749161487609 0.125 202
1749161817528 0.125 203
1749162147624 0.125 204
1749162477327 0.0625 205
1749162806634 0.125 206
1749163136208 0.125 207
1749163465644 0.125 208
1749163794663 0.0625 209
1749164124629 0.125 210
1749164454105 0.125 211
1749164783813 0.125 212
1749165113327 0.125 213
1749165442273 0.125 214
1749165771405 0.125 215
1749166101205 0.125 216
1749166431497 0.125 217
1749166760866 0.125 218
1749167090700 0.0625 219
1749167421507 0.0625 220
1749167751043 0.0625 221
1749168081427 0.125 222
1749168412135 0.125 223
1749168743043 0.0078125 224
1749169073728 0.125 225
1749169403599 0.125 226
1749169734625 0.0625 227
1749170065582 0.125 228
1749170395544 0.125 229
1749170728018 0.0009765625 230
1749171057234 0.125 231
1749171390146 0.015625 232
1749171721055 0.0625 233
1749172052576 0.125 234
1749172383806 0.0078125 235
1749172714275 0.0625 236
1749173044341 0.0625 237
1749173376160 0.0078125 238
1749173705441 0.125 239
1749174035577 0.0625 240
1749174365528 0.015625 241
1749174694724 0.0625 242
1749175025211 0.0078125 243
1749175355489 0.015625 244
1749175685531 0.0625 245
1749176015351 0.125 246
1749176345988 0.00390625 247
1749176677487 0.0009765625 248
1749177007723 0.03125 249
1749177337677 0.125 250
1749177667294 0.0625 251
1749177997738 0.015625 252
1749178326919 0.125 253
1749178654968 0.0625 254
1749178985386 0.0009765625 255
1749179315081 0.001953125 256
1749179643974 0.03125 257
1749179971100 0.03125 258
1749180299114 0.125 259
1749180627470 0.03125 260
1749180956659 0.0078125 261
1749181284658 0.03125 262
1749181612371 0.03125 263
1749181941865 0.0009765625 264
1749182269728 0.0009765625 265
1749182597672 0.00390625 266
1749182925086 0.00390625 267
1749183252024 0.0625 268
