1747304593702 2.30956693129106 0
1747304597893 2.3068258328871294 1
1747304602205 2.3040256716988305 2
1747304606680 2.302012465216897 3
1747304610930 2.3004970984025435 4
1747304615155 2.2990505045110528 5
1747304619604 2.2975694916465064 6
1747304623807 2.2958880337801846 7
1747304628010 2.2939410643144087 8
1747304632214 2.2918419621207495 9
1747304636712 2.289521173997359 10
1747304640985 2.287088567560369 11
1747304645235 2.284487334164706 12
1747304649739 2.2816407030278985 13
1747304653984 2.278572841124101 14
1747304658253 2.2751910253004595 15
1747304662517 2.271471283652566 16
1747304667070 2.2674465612931685 17
1747304671392 2.263031764463945 18
1747304675936 2.258229277350686 19
1747304680533 2.252986257726496 20
1747304684808 2.2474410750649194 21
1747304689164 2.241551247510043 22
1747304693450 2.235014807094227 23
1747304698053 2.2279190583662554 24
1747304702379 2.220827254382047 25
1747304706721 2.213674025102095 26
1747304711310 2.206453258341009 27
1747304715647 2.199205355210738 28
1747304719901 2.192063570022583 29
1747304724169 2.1852141293612393 30
1747304728702 2.178499460220337 31
1747304732983 2.172462224960327 32
1747304737330 2.16668024930087 33
1747304741805 2.161753459410234 34
1747304746135 2.1568033695220947 35
1747304750435 2.152587153694846 36
1747304754755 2.148966745896773 37
1747304759517 2.145305785265836 38
1747304763794 2.1422340219671074 39
1747305346663 2.306785301728682 40
1747305350792 2.303904164921154 41
1747305354952 2.301904396577315 42
1747305359089 2.300426808270541 43
1747305363210 2.298989404331554 44
1747305367402 2.297504034909335 45
1747305371524 2.2957857738841665 46
1747305375659 2.293900403109464 47
1747305379807 2.291865673932162 48
1747305383934 2.289616519754583 49
1747305388048 2.287226850336248 50
1747305392166 2.284713875163685 51
1747305396328 2.2819559574127197 52
1747305400479 2.2789441022005947 53
1747305404645 2.2756448659029873 54
1747305408788 2.2720153115012427 55
1747305412911 2.2679874897003174 56
1747305417078 2.262870506806807 57
1747305421263 2.2573916912078857 58
1747305425646 2.251595150340687 59
1747305429819 2.245583339170976 60
1747305433988 2.2394500212235884 61
1747305438179 2.2332253672859887 62
1747305442373 2.2268198186700996 63
1747305446573 2.220172817056829 64
1747305450768 2.2133579470894555 65
1747305454988 2.2064290046691895 66
1747305459208 2.199507323178378 67
1747305463388 2.1926572106101294 68
1747305467603 2.185950994491577 69
1747305471775 2.1793265125968238 70
1747305475967 2.1731713901866567 71
1747305480136 2.167486992749301 72
1747305484297 2.1621950322931465 73
1747305488529 2.1575496196746826 74
1747305492707 2.153118046847257 75
1747305496922 2.1492738940499048 76
1747305501128 2.1458707722750576 77
1747305505551 2.1427434140985664 78
1747305509752 2.1401659575375644 79
1747306045482 2.299521879716353 80
1747306049828 2.295614567669955 81
1747306054111 2.2917127825997095 82
1747306058453 2.288362828168002 83
1747306062813 2.284922794862227 84
1747306067163 2.281212178143588 85
1747306071462 2.27722412889654 86
1747306075770 2.272998961535367 87
1747306080047 2.2684780034151943 88
1747306084331 2.2636126604947178 89
1747306088656 2.2582285837693648 90
1747306092950 2.2521227923306553 91
1747306097261 2.2445876598358154 92
1747306101549 2.2358481884002686 93
1747306105848 2.227278861132535 94
1747306110116 2.2183541601354424 95
1747306114402 2.2092075564644555 96
1747306118681 2.1998815536499023 97
1747306122943 2.1905817768790503 98
1747306127456 2.1814135204661977 99
1747306131753 2.1722159819169478 100
1747306136072 2.1635594367980957 101
1747306140365 2.1552588722922583 102
1747306144642 2.147574879906394 103
1747306148983 2.1405117078260942 104
1747306153319 2.134136763485995 105
1747306157631 2.1285822608254175 106
1747306161954 2.123786774548617 107
1747306166268 2.119605129415339 108
1747306170609 2.1160694469105112 109
1747306174953 2.1129998944022437 110
1747306179272 2.1103459054773506 111
1747306183597 2.108037385073575 112
1747306187984 2.1061490665782583 113
1747306192353 2.1041345596313477 114
1747306196722 2.102494781667536 115
1747306201108 2.101041490381414 116
1747306205486 2.099760879169811 117
1747306210107 2.098473917354237 118
1747306214452 2.097305016084151 119
1747306758465 2.289940530603582 120
1747306762798 2.284495245326649 121
1747306767144 2.279605908827348 122
1747306771539 2.2749142863533716 123
1747306775896 2.26990946856412 124
1747306780223 2.264530572024259 125
1747306784552 2.2586650631644507 126
1747306788901 2.252421725880016 127
1747306793212 2.245759357105602 128
1747306797553 2.238761533390392 129
1747306801932 2.231256289915605 130
1747306806321 2.2225535999644888 131
1747306810695 2.212324857711792 132
1747306815070 2.2015271837061103 133
1747306819400 2.190730094909668 134
1747306823733 2.1800519986586138 135
1747306828098 2.1695130955089224 136
1747306832479 2.1591709093614058 137
1747306836859 2.1491470120169898 138
1747306841462 2.1393966241316362 139
1747306845807 2.130427447232333 140
1747306850175 2.1221385218880395 141
1747306854527 2.1148312308571557 142
1747306858884 2.108481515537609 143
1747306863221 2.1030495817011055 144
1747306867580 2.0988846041939477 145
1747306871949 2.094828107140281 146
1747306876338 2.0916930545460093 147
1747306880693 2.089087421243841 148
1747306885056 2.0868643630634653 149
1747306889416 2.0855851606889204 150
1747306893738 2.0834921056574043 151
1747306898068 2.082127571105957 152
1747306902379 2.080978762019764 153
1747306906689 2.079921939156272 154
1747306911039 2.0793489542874424 155
1747306915406 2.07805813442577 156
1747306919797 2.077331629666415 157
1747306924396 2.076500740918246 158
1747306928736 2.075862234288996 159
1747307506802 2.2799689119512383 160
1747307511182 2.273554065010764 161
1747307515594 2.2675777782093394 162
1747307520009 2.2614300034262915 163
1747307524415 2.2549889087677 164
1747307528805 2.2480141683058306 165
1747307533210 2.240613113750111 166
1747307537577 2.2327989014712246 167
1747307541910 2.2243664264678955 168
1747307546217 2.2152926921844482 169
1747307550615 2.205543214624578 170
1747307555018 2.195412744175304 171
1747307559418 2.1847890723835337 172
1747307563823 2.1735440601002085 173
1747307568208 2.1611464457078413 174
1747307572612 2.1490906368602407 175
1747307576990 2.137863137505271 176
1747307581387 2.1275371421467173 177
1747307585763 2.1178617043928667 178
1747307590381 2.109233769503507 179
1747307594799 2.101723324168812 180
1747307599211 2.095114296132868 181
1747307603598 2.0898751562291924 182
1747307607985 2.085283301093362 183
1747307612411 2.081661202690818 184
1747307616805 2.0788632956418125 185
1747307621159 2.0767493031241675 186
1747307625507 2.0746790929274126 187
1747307629871 2.073275479403409 188
1747307634229 2.071900411085649 189
1747307638631 2.0711328116330234 190
1747307643028 2.070348479531028 191
1747307647411 2.069389234889637 192
1747307651832 2.068735881285234 193
1747307656227 2.0682568550109863 194
1747307660603 2.0678639628670434 195
1747307664912 2.0673834627324883 196
1747307669227 2.0666926340623335 197
1747307673712 2.066300934011286 198
1747307678004 2.0658899437297475 199
1747308222309 2.2714583657004614 200
1747308226686 2.2646224715492944 201
1747308231092 2.2579021237113257 202
1747308235486 2.251021840355613 203
1747308239900 2.243742986158891 204
1747308244287 2.2360950816761362 205
1747308248702 2.2280511639334937 206
1747308253110 2.219465364109386 207
1747308257491 2.2102292234247383 208
1747308261880 2.200267965143377 209
1747308266254 2.190039959820834 210
1747308270597 2.179462953047319 211
1747308274934 2.168795347213745 212
1747308279309 2.157606168226762 213
1747308283656 2.1450497887351294 214
1747308287977 2.1335158998315986 215
1747308292300 2.1226727312261406 216
1747308296613 2.11295392296531 217
1747308300902 2.104246139526367 218
1747308305418 2.0963978550650855 219
1747308309743 2.0898838259957055 220
1747308314051 2.0843950618397105 221
1747308318374 2.080197074196555 222
1747308322673 2.076835198835893 223
1747308326958 2.073886676268144 224
1747308331275 2.071879191832109 225
1747308335569 2.070150548761541 226
1747308339947 2.0687204707752573 227
1747308344358 2.067643555727872 228
1747308348736 2.0667719407515093 229
1747308353096 2.066060282967307 230
1747308357420 2.0653290965340356 231
1747308361820 2.0648317987268623 232
1747308366163 2.064174847169356 233
1747308370580 2.0638730309226294 234
1747308374998 2.0632913329384546 235
1747308379412 2.0628120465712114 236
1747308383819 2.0626193176616323 237
1747308388431 2.0621717409654097 238
1747308392863 2.0619993209838867 239
1747308937789 2.2619216442108154 240
1747308942091 2.2540431889620693 241
1747308946375 2.246215972033414 242
1747308950755 2.2381862727078525 243
1747308955140 2.2300235574895684 244
1747308959544 2.221543788909912 245
1747308963929 2.2125767361034048 246
1747308968294 2.2031382647427646 247
1747308972643 2.1932409676638516 248
1747308976969 2.183107527819547 249
1747308981390 2.172817273573442 250
1747308985759 2.162103219465776 251
1747308990072 2.15046087178317 252
1747308994376 2.137551286003806 253
1747308998735 2.1256653612310235 254
1747309003125 2.114786819978194 255
1747309007447 2.104845068671487 256
1747309011829 2.0959371870214287 257
1747309016196 2.0882152644070713 258
1747309020772 2.0817971229553223 259
1747309025071 2.0765362002632837 260
1747309029437 2.072632226076993 261
1747309033762 2.0693282864310523 262
1747309038087 2.067061510953036 263
1747309042389 2.0655011480504815 264
1747309046662 2.0634904991496694 265
1747309050981 2.062424074519764 266
1747309055281 2.0614421367645264 267
1747309059581 2.0607019771229136 268
1747309063878 2.060201731595126 269
1747309068181 2.059455719861117 270
1747309072515 2.058988267725164 271
1747309076808 2.0586731867356733 272
1747309081149 2.058281269940463 273
1747309085453 2.057867418635975 274
1747309089750 2.057611573826183 275
1747309094025 2.0577880902723833 276
1747309098362 2.057291182604703 277
1747309102926 2.0569925741715864 278
1747309107217 2.056379730051214 279
1747309647460 2.2525156411257656 280
1747309651838 2.243855368007313 281
1747309656231 2.2353102510625664 282
1747309660583 2.2267761663957075 283
1747309664904 2.218070637096058 284
1747309669232 2.208889766172929 285
1747309673533 2.198937567797574 286
1747309677812 2.1879668452522973 287
1747309682108 2.1760443557392466 288
1747309686389 2.1642531915144487 289
1747309690696 2.152827804738825 290
1747309694993 2.1413939649408515 291
1747309699300 2.130158792842518 292
1747309703602 2.1192638007077305 293
1747309707893 2.108987894925204 294
1747309712195 2.0994873046875 295
1747309716509 2.0909916921095415 296
1747309720831 2.083469282497059 297
1747309725151 2.077385273846713 298
1747309729714 2.072606758637862 299
1747309734102 2.0686981027776543 300
1747309738433 2.065847461873835 301
1747309742815 2.0633070685646753 302
1747309747120 2.06174035505815 303
1747309751540 2.060236323963512 304
1747309755950 2.0593198862942783 305
1747309760329 2.0586583614349365 306
1747309764736 2.0582742907784204 307
1747309769087 2.057446002960205 308
1747309773439 2.056503274224021 309
1747309777770 2.056011026555842 310
1747309782154 2.055585731159557 311
1747309786465 2.055284695191817 312
1747309790836 2.055177623575384 313
1747309795233 2.054823940450495 314
1747309799575 2.0546492013064297 315
1747309803987 2.0545211055062036 316
1747309808331 2.0540248697454278 317
1747309812878 2.053649512204257 318
1747309817164 2.053562706167048 319
1747310358656 2.242826288396662 320
1747310363004 2.2333347363905474 321
1747310367329 2.2242492112246426 322
1747310371637 2.2153150818564673 323
1747310375931 2.205900929190896 324
1747310380226 2.1959671540693804 325
1747310384529 2.1852208267558706 326
1747310388838 2.173564238981767 327
1747310393165 2.161752527410334 328
1747310397469 2.1502564386887983 329
1747310401763 2.1389728892933237 330
1747310406052 2.127950516614047 331
1747310410386 2.1172565763646904 332
1747310414697 2.106948874213479 333
1747310418981 2.0973293131048028 334
1747310423288 2.088715141469782 335
1747310427584 2.0814683654091577 336
1747310431936 2.0753167325800117 337
1747310436214 2.070372451435436 338
1747310440741 2.0665659687735816 339
1747310445061 2.063560724258423 340
1747310449375 2.06109263680198 341
1747310453722 2.0594155354933306 342
1747310458012 2.0576940016313032 343
1747310462368 2.0564250512556597 344
1747310466713 2.055571426044811 345
1747310471061 2.0547784675251353 346
1747310475410 2.054214737632058 347
1747310479744 2.053580717606978 348
1747310484090 2.0533951195803555 349
1747310488406 2.052814635363492 350
1747310492766 2.052748593417081 351
1747310497090 2.052377223968506 352
1747310501433 2.0521743947809394 353
1747310505734 2.0515088818290015 354
1747310510046 2.051420493559404 355
1747310514335 2.0510482571341773 356
1747310518620 2.051058465784246 357
1747310523179 2.0506101738322866 358
1747310527474 2.05034292827953 359
1747311062164 2.232951619408347 360
1747311066477 2.221929290077903 361
1747311070745 2.211810502139005 362
1747311075030 2.2018726522272285 363
1747311079287 2.19160288030451 364
1747311083614 2.1808860952203926 365
1747311087911 2.169411702589555 366
1747311092215 2.157496278936213 367
1747311096528 2.1460669474168257 368
1747311100838 2.134989998557351 369
1747311105157 2.124103394421664 370
1747311109426 2.1137799566442315 371
1747311113735 2.103964762254195 372
1747311118047 2.0948638049038975 373
1747311122366 2.0865112868222324 374
1747311126657 2.0793475887992163 375
1747311130966 2.073284864425659 376
1747311135317 2.0682851617986504 377
1747311139598 2.0644286329096015 378
1747311144183 2.061207814650102 379
1747311148513 2.0589153983376245 380
1747311152888 2.0567890514026987 381
1747311157186 2.055284088308161 382
1747311161510 2.0541647347536953 383
1747311165882 2.053120981563221 384
1747311170210 2.0524037317796187 385
1747311174558 2.051544341174039 386
1747311178837 2.0512705716219815 387
1747311183185 2.0506198406219482 388
1747311187561 2.0502500534057617 389
1747311191934 2.049723906950517 390
1747311196279 2.049555843526667 391
1747311200553 2.0493790453130547 392
1747311204885 2.048917770385742 393
1747311209215 2.048901146108454 394
1747311213565 2.0487349033355713 395
1747311217909 2.048273888501254 396
1747311222213 2.0482069579037754 397
1747311226698 2.0480929504741323 398
1747311230977 2.0478539900346235 399
1747311766902 2.222360697659579 400
1747311771172 2.2100106369365347 401
1747311775541 2.1989442218433726 402
1747311779825 2.1882300593636255 403
1747311784191 2.177387064153498 404
1747311788541 2.1658527200872246 405
1747311793195 2.1540138721466064 406
1747311797154 2.1425688700242476 407
1747311801757 2.131464134563099 408
1747311806095 2.120761741291393 409
1747311810419 2.110497843135487 410
1747311814768 2.1009566350416704 411
1747311819120 2.0921349958939985 412
1747311823479 2.0840472308072178 413
1747311827753 2.0771982669830322 414
1747311832036 2.0712251229719683 415
1747311836352 2.0662380782040684 416
1747311840617 2.0624042857776987 417
1747311844963 2.0595444549213755 418
1747311849460 2.057074481790716 419
1747311853794 2.055120511488481 420
1747311858142 2.0536751096898858 421
1747311862483 2.0525624968788843 422
1747311866863 2.0516821904615923 423
1747311871215 2.0507199330763384 424
1747311875605 2.049876191399314 425
1747311879916 2.049538937481967 426
1747311884220 2.049028916792436 427
1747311888499 2.048472296107899 428
1747311892821 2.0482043352994053 429
1747311897182 2.0478146076202393 430
1747311901488 2.0476023717360063 431
1747311905871 2.0473901358517734 432
1747311910262 2.047654997218739 433
1747311914652 2.0476056879216973 434
1747311918951 2.0473412817174736 435
1747311923265 2.047104141928933 436
1747311927609 2.04684515432878 437
1747311932144 2.0460757342251865 438
1747311936483 2.04604248567061 439
1747312476100 2.2106104547327217 440
1747312480437 2.196738524870439 441
1747312484768 2.1844945387406782 442
1747312489071 2.1728486364538018 443
1747312493357 2.160783529281616 444
1747312497672 2.1489007472991943 445
1747312501955 2.137611150741577 446
1747312506282 2.1268764192407783 447
1747312510558 2.116502783515237 448
1747312514868 2.1066612763838335 449
1747312519141 2.0975887992165307 450
1747312523398 2.089412299069491 451
1747312527682 2.081891731782393 452
1747312531955 2.0753414197401567 453
1747312536264 2.0697550123388115 454
1747312540552 2.0652262514287774 455
1747312544880 2.061536767266013 456
1747312549157 2.0583599480715664 457
1747312553449 2.05599704655734 458
1747312557931 2.053948163986206 459
1747312562193 2.0523585189472544 460
1747312566523 2.0513830184936523 461
1747312570786 2.05031063339927 462
1747312575114 2.049487070603804 463
1747312579392 2.0488300540230493 464
1747312583659 2.048430096019398 465
1747312587941 2.047697522423484 466
1747312592209 2.047334605997259 467
1747312596519 2.0471974286166104 468
1747312600800 2.0471464070406826 469
1747312605099 2.0465952916578813 470
1747312609321 2.0462842854586514 471
1747312613604 2.0459385134957055 472
1747312617901 2.045706423846158 473
1747312622152 2.0454772168939765 474
1747312626460 2.045145208185369 475
1747312630721 2.045152122324163 476
1747312635029 2.045202775435014 477
1747312639516 2.044962861321189 478
1747312643782 2.0447643019936304 479
1747313182749 2.199633620002053 480
1747313187031 2.184273134578358 481
1747313191004 2.1706732619892466 482
1747313195619 2.157632892782038 483
1747313199618 2.145393956791271 484
1747313204205 2.1339809677817603 485
1747313208198 2.1231606656854805 486
1747313212796 2.112935044548728 487
1747313216766 2.1033308072523638 488
1747313221353 2.094314120032571 489
1747313225284 2.0861559130928735 490
1747313229892 2.078892946243286 491
1747313233891 2.072670481421731 492
1747313238515 2.067277128046209 493
1747313242488 2.063143426721746 494
1747313247084 2.0595947829159824 495
1747313251054 2.056505311619152 496
1747313255638 2.054267319765958 497
1747313259597 2.0522313984957608 498
1747313264398 2.0506898056377065 499
1747313268638 2.0494622750715776 500
1747313272848 2.0485481999137183 501
1747313277106 2.0481236414475874 502
1747313281363 2.04733005436984 503
1747313285603 2.0470924377441406 504
1747313289904 2.0461994517933237 505
1747313294198 2.0455655834891577 506
1747313298537 2.0451888604597612 507
1747313302844 2.044921723279086 508
1747313307159 2.044660134748979 509
1747313311471 2.0443250699476763 510
1747313315792 2.0441433516415684 511
1747313320132 2.044038924303922 512
1747313324411 2.043746666474776 513
1747313328687 2.043505451895974 514
1747313332925 2.0434000275351782 515
1747313337224 2.043113881891424 516
1747313341491 2.042952212420377 517
1747313345974 2.042822772806341 518
1747313350306 2.042636199430986 519
1747313886664 2.186629967256026 520
1747313890976 2.169216372750022 521
1747313895303 2.1544643965634434 522
1747313899621 2.141731630672108 523
1747313903922 2.1301239837299693 524
1747313908198 2.119269306009466 525
1747313912450 2.1091815775090996 526
1747313916718 2.0997426943345503 527
1747313921025 2.091022318059748 528
1747313925273 2.082995132966475 529
1747313929589 2.0760948874733667 530
1747313933895 2.070094498721036 531
1747313938189 2.0650346279144287 532
1747313942398 2.060861912640658 533
1747313946661 2.0575912215492944 534
1747313950968 2.0547338182275947 535
1747313955228 2.0526610721241343 536
1747313959510 2.0507758964191782 537
1747313963773 2.049474672837691 538
1747313968284 2.0484515753659336 539
1747313972579 2.04766262661327 540
1747313976903 2.046875845302235 541
1747313981235 2.0462925217368384 542
1747313985479 2.045544906096025 543
1747313989814 2.045084151354703 544
1747313994093 2.0446630174463447 545
1747313998367 2.044492309743708 546
1747314002638 2.0442271449349145 547
1747314006945 2.0436820767142554 548
1747314011268 2.043346253308383 549
1747314015566 2.0432011864402075 550
1747314019929 2.042760805650191 551
1747314024265 2.042514194141735 552
1747314028622 2.042551344091242 553
1747314032970 2.0424550880085337 554
1747314037283 2.0420465686104516 555
1747314041583 2.0418354381214487 556
1747314045865 2.0418390144001353 557
1747314050394 2.041798331520774 558
1747314054672 2.0415666536851362 559
1747314594179 2.1749948154796255 560
1747314598458 2.156510201367465 561
1747314602720 2.1411992636593906 562
1747314607017 2.12802698395469 563
1747314611322 2.1165526563471015 564
1747314615615 2.106231212615967 565
1747314620024 2.096876122734763 566
1747314624394 2.0881789814342153 567
1747314628753 2.080678202889182 568
1747314633134 2.074041409925981 569
1747314637477 2.0681829886002974 570
1747314641824 2.06321399862116 571
1747314646109 2.0592954592271284 572
1747314650429 2.055793350393122 573
1747314654699 2.053164980628274 574
1747314659076 2.0511421073566782 575
1747314663389 2.0495544346896084 576
1747314667743 2.047869638963179 577
1747314672090 2.0468637509779497 578
1747314676608 2.0459330948916348 579
1747314680960 2.045097914609042 580
1747314685272 2.044434439052235 581
1747314689662 2.043981768868186 582
1747314693979 2.043486400084062 583
1747314698350 2.043355009772561 584
1747314702685 2.0429130684245718 585
1747314706996 2.0421800179914995 586
1747314711272 2.0419035174629907 587
1747314715556 2.041784958405928 588
1747314719938 2.0415909507057886 589
1747314724236 2.041691845113581 590
1747314728552 2.041288137435913 591
1747314732896 2.040795781395652 592
1747314737198 2.040479681708596 593
1747314741574 2.0405813563953745 594
1747314745891 2.0403498736294834 595
1747314750186 2.040135708722201 596
1747314754452 2.0400578325445 597
1747314759357 2.0398690700531006 598
1747314763634 2.039605574174361 599
1747315298361 2.1637748154726895 600
1747315302656 2.1439869187094946 601
1747315306919 2.1275092254985464 602
1747315311245 2.113988832993941 603
1747315315521 2.1026436415585605 604
1747315319874 2.0929546139457007 605
1747315324225 2.0845784057270396 606
1747315328548 2.077207912098278 607
1747315332894 2.0707990039478648 608
1747315337199 2.065504962747747 609
1747315341584 2.060945077375932 610
1747315345869 2.05724514614452 611
1747315350225 2.0542831854386763 612
1747315354507 2.051908709786155 613
1747315358870 2.049822070381858 614
1747315363193 2.0485379695892334 615
1747315367493 2.0469582947817715 616
1747315371845 2.045948873866688 617
1747315376152 2.044760378924283 618
1747315380739 2.0441433733159844 619
1747315385021 2.0434787490151147 620
1747315389322 2.0428251136432993 621
1747315393571 2.0423274256966333 622
1747315397864 2.0419707731767134 623
1747315402163 2.041497924111106 624
1747315406441 2.041262323206121 625
1747315410751 2.04083234613592 626
1747315415007 2.04050274328752 627
1747315419362 2.040198239413175 628
1747315423637 2.03992899981412 629
1747315427939 2.03986178744923 630
1747315432267 2.03963921286843 631
1747315436532 2.0395526669242163 632
1747315440818 2.0391721725463867 633
1747315445104 2.0389236970381304 634
1747315449434 2.0387943007729272 635
1747315453750 2.0385346195914527 636
1747315458054 2.0384264209053735 637
1747315462601 2.038408561186357 638
1747315466874 2.0384116823023017 639
1747316003404 2.155567169189453 640
1747316007653 2.1334357911890205 641
1747316012011 2.115915385159579 642
1747316016307 2.101960854096846 643
1747316020669 2.0909951600161465 644
1747316024955 2.0821000012484463 645
1747316029295 2.0746211355382744 646
1747316033587 2.068316871469671 647
1747316037899 2.063188444484364 648
1747316042208 2.059095491062511 649
1747316046466 2.055548212744973 650
1747316050779 2.052611979571256 651
1747316055037 2.050376046787609 652
1747316059337 2.0484119328585537 653
1747316063621 2.0469715161757036 654
1747316067891 2.0454773035916416 655
1747316072164 2.0444486141204834 656
1747316076420 2.0436732985756616 657
1747316080716 2.042923016981645 658
1747316085198 2.041898012161255 659
1747316089546 2.0414300831881436 660
1747316093839 2.0407888239080254 661
1747316098092 2.0405903079292993 662
1747316102416 2.0401256301186304 663
1747316106686 2.039847807450728 664
1747316111056 2.039388591592962 665
1747316115368 2.0389310013164175 666
1747316119721 2.03873027454723 667
1747316124022 2.038476510481401 668
1747316128318 2.038190148093484 669
1747316132642 2.037882783196189 670
1747316136938 2.037749247117476 671
1747316141271 2.0380666472695093 672
1747316145614 2.037596507505937 673
1747316149959 2.037093661048196 674
1747316154339 2.036885369907726 675
1747316158663 2.0369261394847524 676
1747316163060 2.0367543047124688 677
1747316167574 2.0364848266948354 678
1747316171920 2.0365142172033135 679
1747316710052 2.1521667783910576 680
1747316714359 2.12722186608748 681
1747316718635 2.108370477502996 682
1747316722914 2.0941180099140513 683
1747316727198 2.0833872881802646 684
1747316731486 2.075053583491932 685
1747316735784 2.068416487086903 686
1747316740083 2.0630909746343438 687
1747316744391 2.0588533011349766 688
1747316748699 2.0551295280456543 689
1747316753055 2.0522736419330943 690
1747316757323 2.0499716021797876 691
1747316761642 2.047843499617143 692
1747316765892 2.046192841096358 693
1747316770185 2.0451330705122515 694
1747316774537 2.0433754920959473 695
1747316778882 2.042239796031605 696
1747316783167 2.041523131457242 697
1747316787416 2.040559833700007 698
1747316791911 2.0399775288321753 699
1747316796186 2.03920503096147 700
1747316800468 2.0387474406849253 701
1747316804726 2.038152824748646 702
1747316809008 2.0377770337191494 703
1747316813336 2.037300803444602 704
1747316817603 2.0368870388377798 705
1747316821931 2.0365419387817383 706
1747316826258 2.036330071362582 707
1747316830600 2.036068157716231 708
1747316834917 2.0358454530889336 709
1747316839218 2.0354909246618096 710
1747316843466 2.0353120890530674 711
1747316847717 2.035109606656161 712
1747316852055 2.0348497954281894 713
1747316856401 2.0347128998149526 714
1747316860738 2.0345334789969702 715
1747316865042 2.034333965995095 716
1747316869349 2.0343293059955943 717
1747316873855 2.0340153087269175 718
1747316878091 2.0339229106903076 719
1747317413960 2.1524722359397193 720
1747317418263 2.1240727684714575 721
1747317422584 2.1026763049038975 722
1747317426853 2.087106227874756 723
1747317431161 2.076083118265325 724
1747317435517 2.0679180188612505 725
1747317439903 2.061906836249612 726
1747317444212 2.057179559360851 727
1747317448522 2.053525859659368 728
1747317452853 2.0505952618338843 729
1747317457188 2.048160748048262 730
1747317461521 2.0462290156971323 731
1747317465816 2.04486439444802 732
1747317470085 2.0435149019414727 733
1747317474363 2.0421774820847944 734
1747317478592 2.0411187518726694 735
1747317482925 2.040059588172219 736
1747317487231 2.0392501570961694 737
1747317491566 2.038439620624889 738
1747317496108 2.0377965623682197 739
1747317500401 2.03718562559648 740
1747317504712 2.0368277593092485 741
1747317508987 2.0360510132529517 742
1747317513346 2.0357180508700283 743
1747317517625 2.0353835062547163 744
1747317521940 2.034837332638827 745
1747317526205 2.0345071879300205 746
1747317530492 2.0342324430292305 747
1747317534832 2.0337729237296363 748
1747317539125 2.03354211287065 749
1747317543394 2.033227660439231 750
1747317547633 2.0332060293717817 751
1747317551896 2.032984560186213 752
1747317556144 2.0328594121066006 753
1747317560389 2.0323760509490967 754
1747317564693 2.0321438746018843 755
1747317568945 2.031977263363925 756
1747317573236 2.0319138223474678 757
1747317577716 2.0317161083221436 758
1747317581976 2.0315731438723477 759
1747318113625 2.134427482431585 760
1747318117826 2.105320453643799 761
1747318122098 2.0848559032786977 762
1747318126377 2.071461417458274 763
1747318130637 2.0625451911579478 764
1747318134940 2.056301398710771 765
1747318139214 2.0519487857818604 766
1747318143546 2.048288518732244 767
1747318147849 2.045610883019187 768
1747318152130 2.0435671589591284 769
1747318156390 2.041756586595015 770
1747318160631 2.040422721342607 771
1747318164872 2.0391371683640913 772
1747318169111 2.0381246263330635 773
1747318173337 2.037030436775901 774
1747318177537 2.0364367311651055 775
1747318181774 2.0356370319019663 776
1747318185998 2.03498666936701 777
1747318190243 2.0344712950966577 778
1747318194681 2.034395304593173 779
1747318198902 2.034074458208951 780
1747318203201 2.0333469564264472 781
1747318207518 2.032764499837702 782
1747318211874 2.0321558605540884 783
1747318216230 2.031848257238215 784
1747318220560 2.0318725542588667 785
1747318224856 2.031358935616233 786
1747318229150 2.031185496937145 787
1747318233464 2.030986959284002 788
1747318237743 2.0304549390619453 789
1747318242043 2.0303703438151968 790
1747318246292 2.0302570299668745 791
1747318250522 2.030110402540727 792
1747318254849 2.0297671231356533 793
1747318259174 2.0295873338525947 794
1747318263523 2.029386867176403 795
1747318267787 2.0292435559359463 796
1747318272103 2.029204151847146 797
1747318276640 2.02901274507696 798
1747318280959 2.0290207212621514 799
1747318820109 2.095329674807462 800
1747318824432 2.0720441341400146 801
1747318828714 2.058432709087025 802
1747318833017 2.050169923088767 803
1747318837303 2.045383431694724 804
1747318841609 2.04218391938643 805
1747318845997 2.0397493839263916 806
1747318850306 2.0380391857840796 807
1747318854679 2.036373897032304 808
1747318859066 2.0353889248587866 809
1747318863417 2.0344812003048984 810
1747318867729 2.0337567546150903 811
1747318872053 2.0330204530195757 812
1747318876401 2.0324282429435034 813
1747318880774 2.0316567637703637 814
1747318885150 2.031332492828369 815
1747318889483 2.0310979973186147 816
1747318893831 2.030367136001587 817
1747318898194 2.030027974735607 818
1747318902734 2.0294250574978916 819
1747318907125 2.029144612225619 820
1747318911502 2.0289345437830146 821
1747318915824 2.028628804466941 822
1747318920091 2.0284255851398814 823
1747318924429 2.0281494747508657 824
1747318928820 2.027988238768144 825
1747318933209 2.02779483795166 826
1747318937582 2.0275085839358242 827
1747318941964 2.0274464217099277 828
1747318946338 2.0274054353887383 829
1747318950667 2.0270265232432974 830
1747318955022 2.0268901261416348 831
1747318959354 2.0269233746962114 832
1747318963710 2.0265821543606846 833
1747318968076 2.0267379717393355 834
1747318972424 2.026493050835349 835
1747318976765 2.026321140202609 836
1747318981079 2.026185458356684 837
1747318985666 2.0260394486514004 838
1747318989986 2.025819778442383 839
1747319530813 2.066748163916848 840
1747319535176 2.0509758429093794 841
1747319539559 2.042463627728549 842
1747319543900 2.038237138227983 843
1747319548197 2.0357833125374536 844
1747319552491 2.0341189124367456 845
1747319556821 2.0327709804881704 846
1747319561135 2.0318907390941274 847
1747319565468 2.0310595252297143 848
1747319569742 2.0306699059226294 849
1747319574045 2.0299290960485283 850
1747319578391 2.029597824270075 851
1747319582712 2.029033834284002 852
1747319587079 2.0286005193536933 853
1747319591414 2.028376427563754 854
1747319595795 2.0279322970997202 855
1747319600153 2.0276296572251753 856
1747319604508 2.0274914611469614 857
1747319608815 2.02722488750111 858
1747319613326 2.026988809758967 859
1747319617680 2.0267368229952725 860
1747319621982 2.0270086201754483 861
1747319626351 2.0264387997713955 862
1747319630695 2.026347680525346 863
1747319635060 2.026177926497026 864
1747319639353 2.0260291533036665 865
1747319643644 2.025905132293701 866
1747319647994 2.026032902977683 867
1747319652272 2.025930339639837 868
1747319656654 2.0254570787603203 869
1747319661052 2.0254569487138228 870
1747319665448 2.0252955610101875 871
1747319669744 2.025346452539617 872
1747319674053 2.0248916799371894 873
1747319678450 2.024936936118386 874
1747319682804 2.0248269818045874 875
1747319687195 2.024524385278875 876
1747319691487 2.0245249271392822 877
1747319695998 2.0244794325395064 878
1747319700271 2.0246146375482734 879
1747320241056 2.067764152180065 880
1747320245364 2.051611055027355 881
1747320249640 2.042626077478582 882
1747320253967 2.038010900670832 883
1747320258368 2.035373882813887 884
1747320262792 2.0335258787328545 885
1747320267132 2.0323618325320156 886
1747320271432 2.031550494107333 887
1747320275774 2.0309229547327217 888
1747320280085 2.0301414186304267 889
1747320284362 2.029632416638461 890
1747320288752 2.029185035011985 891
1747320293043 2.028814510865645 892
1747320297413 2.0283757990056817 893
1747320301706 2.0281952944668857 894
1747320306028 2.0277743339538574 895
1747320310299 2.027471759102561 896
1747320314597 2.027358748696067 897
1747320318915 2.0269526785070244 898
1747320323439 2.0267540108073843 899
1747320327811 2.0267964493144643 900
1747320332184 2.026534752412276 901
1747320336570 2.0262460708618164 902
1747320340933 2.0260615132071753 903
1747320345259 2.025890653783625 904
1747320349583 2.0259273702448066 905
1747320353914 2.025685353712602 906
1747320358215 2.0255669463764536 907
1747320362467 2.0252359997142446 908
1747320366803 2.025365612723611 909
1747320371137 2.025180946696888 910
1747320375460 2.025070450522683 911
1747320379878 2.0250875733115454 912
1747320384251 2.024925036863847 913
1747320388549 2.024574864994396 914
1747320392792 2.024367419156161 915
1747320397133 2.0243909142234107 916
1747320401464 2.024264162236994 917
1747320406041 2.024308768185702 918
1747320410357 2.024174516851252 919
1747320950451 2.070401733571833 920
1747320954784 2.0533173084259033 921
1747320959072 2.0439941016110508 922
1747320963311 2.0387461185455322 923
1747320967666 2.035772041840987 924
1747320972003 2.0338727344166148 925
1747320976316 2.032519123770974 926
1747320980722 2.0314648151397705 927
1747320985109 2.0307351025668057 928
1747320989493 2.0301390127702192 929
1747320993825 2.029425859451294 930
1747320998225 2.028989856893366 931
1747321002542 2.028669075532393 932
1747321006910 2.0287073092027144 933
1747321011250 2.028060046109286 934
1747321015543 2.0275428728623823 935
1747321019893 2.0272925983775747 936
1747321024212 2.027083310213956 937
1747321028551 2.026847340843894 938
1747321033129 2.0266951647671787 939
1747321037532 2.026619867845015 940
1747321041849 2.026292497461492 941
1747321046247 2.026065869764848 942
1747321050611 2.026101979342374 943
1747321054950 2.0258607430891558 944
1747321059315 2.025871818715876 945
1747321063608 2.0259338942441074 946
1747321067967 2.0255567594008013 947
1747321072368 2.0254523754119873 948
1747321076721 2.025123856284402 949
1747321081006 2.0250087434595283 950
1747321085277 2.025193842974576 951
1747321089640 2.02523736520247 952
1747321094008 2.0247174393046987 953
1747321098322 2.0245592810890893 954
1747321102596 2.024413520639593 955
1747321106947 2.0243305509740654 956
1747321111333 2.0241857225244697 957
1747321115891 2.024122888391668 958
1747321120296 2.024029861796986 959
1747321662402 2.073044473474676 960
1747321666791 2.054767608642578 961
1747321671203 2.0449771014126865 962
1747321675582 2.039553252133456 963
1747321679933 2.036256204951893 964
1747321684230 2.033957373012196 965
1747321688538 2.032882235266946 966
1747321692842 2.0316111607985063 967
1747321697144 2.030914631756869 968
1747321701461 2.0301518006758257 969
1747321705758 2.0296203656630083 970
1747321710088 2.029057676141912 971
1747321714391 2.0286215001886543 972
1747321718713 2.028360193425959 973
1747321723010 2.027947187423706 974
1747321727335 2.027571288022128 975
1747321731650 2.027315139770508 976
1747321735966 2.027012911709872 977
1747321740382 2.026894439350475 978
1747321744989 2.026747313412753 979
1747321749607 2.02678166736256 980
1747321753557 2.0264725251631304 981
1747321758260 2.0264102545651523 982
1747321762284 2.0263774394989014 983
1747321766983 2.0258066220716997 984
1747321771338 2.025685678828846 985
1747321775649 2.0255503871224145 986
1747321779977 2.0254201022061435 987
1747321784271 2.025181835347956 988
1747321788647 2.025177933953025 989
1747321793056 2.0249865271828393 990
1747321797438 2.024835326454856 991
1747321801747 2.024675586006858 992
1747321806038 2.0245249921625312 993
1747321810436 2.024675586006858 994
1747321814768 2.0243292288346724 995
1747321819193 2.0241865678267046 996
1747321823574 2.024205944754861 997
1747321828180 2.024132338437167 998
1747321832539 2.02432242306796 999
1747322373219 2.076054247942838 1000
1747322377910 2.0573162599043413 1001
1747322381981 2.04652738571167 1002
1747322386710 2.040376381440596 1003
1747322391076 2.036705320531672 1004
1747322395442 2.034437569704923 1005
1747322399772 2.0328316905281762 1006
1747322404085 2.0317240194840864 1007
1747322408414 2.0308352383700283 1008
1747322412805 2.0301337892358955 1009
1747322417192 2.029479243538596 1010
1747322421599 2.028998093171553 1011
1747322425953 2.028687433762984 1012
1747322430362 2.0281594449823555 1013
1747322434712 2.027770085768266 1014
1747322439106 2.0275447368621826 1015
1747322443455 2.027131210673939 1016
1747322447806 2.027003678408536 1017
1747322452166 2.026656909422441 1018
1747322456745 2.0265354243191807 1019
1747322461124 2.026298999786377 1020
1747322465503 2.0265239152041348 1021
1747322469892 2.0261606736616655 1022
1747322474225 2.0257743055170234 1023
1747322478585 2.0256927663629707 1024
1747322482963 2.0255375558679756 1025
1747322487334 2.0253366990522905 1026
1747322491719 2.0254123210906982 1027
1747322496079 2.02498722076416 1028
1747322500474 2.025149627165361 1029
1747322504819 2.024723183025013 1030
1747322508858 2.0249641591852363 1031
1747322513255 2.02460299838673 1032
1747322517609 2.0245597579262475 1033
1747322521905 2.0245436321605337 1034
1747322526181 2.0240894881161777 1035
1747322530543 2.024463003331965 1036
1747322534851 2.02422174540433 1037
1747322539455 2.024076461791992 1038
1747322543748 2.023786956613714 1039
1747323086986 2.0771889686584473 1040
1747323091373 2.058113228191029 1041
1747323095772 2.04686561497775 1042
1747323100175 2.040728048844771 1043
1747323104538 2.037184303457087 1044
1747323108946 2.034662203355269 1045
1747323113319 2.0329824577678335 1046
1747323117700 2.0317529331554067 1047
1747323122044 2.0310002023523506 1048
1747323126342 2.030335448004983 1049
1747323130747 2.0296568220311944 1050
1747323135147 2.029059821909124 1051
1747323139523 2.0285847187042236 1052
1747323143941 2.028216231953014 1053
1747323148348 2.0280419913205234 1054
1747323152687 2.027593807740645 1055
1747323156992 2.02709115635265 1056
1747323161400 2.026933778416027 1057
1747323165751 2.0266389630057593 1058
1747323170363 2.0264501571655273 1059
1747323174696 2.026267398487438 1060
1747323179050 2.0260704430666836 1061
1747323183430 2.026275222951716 1062
1747323187776 2.0258884213187476 1063
1747323192133 2.0255722349340264 1064
1747323196447 2.025434884158048 1065
1747323200794 2.025311448357322 1066
1747323205133 2.025074156847867 1067
1747323209515 2.0251955552534624 1068
1747323213891 2.0251251567493784 1069
1747323218290 2.0248583230105313 1070
1747323222658 2.0247657732530073 1071
1747323227140 2.024630828337236 1072
1747323231535 2.024483485655351 1073
1747323235924 2.024467034773393 1074
1747323240296 2.0243485190651636 1075
1747323244606 2.0242313254963267 1076
1747323248971 2.024126789786599 1077
1747323253619 2.023961370641535 1078
1747323258023 2.023674553090876 1079
1747323801870 2.080687154423107 1080
1747323806159 2.0611502040516245 1081
1747323810459 2.049077727577903 1082
1747323815192 2.042307355187156 1083
1747323819514 2.037848949432373 1084
1747323823776 2.0352326089685615 1085
1747323828089 2.033557566729459 1086
1747323832388 2.0323835502971304 1087
1747323836670 2.031506646763195 1088
1747323841045 2.0308439298109575 1089
1747323845330 2.029999602924694 1090
1747323849621 2.0292353196577593 1091
1747323853969 2.028789021752097 1092
1747323858306 2.0285280617800625 1093
1747323862624 2.028182614933361 1094
1747323866906 2.0274781747297808 1095
1747323871210 2.0273588570681484 1096
1747323875507 2.0274233601310034 1097
1747323879821 2.027188539505005 1098
1747323884303 2.026765389875932 1099
1747323888587 2.0270480892874976 1100
1747323892906 2.0264135490764272 1101
1747323897180 2.0259733633561567 1102
1747323901470 2.0258849534121426 1103
1747323905779 2.0256871526891533 1104
1747323910103 2.0254922780123623 1105
1747323914386 2.025255485014482 1106
1747323918692 2.025205048647794 1107
1747323923038 2.025129881772128 1108
1747323927412 2.0251209952614526 1109
1747323931689 2.0250547148964624 1110
1747323935950 2.0246196443384346 1111
1747323940283 2.024858767336065 1112
1747323944586 2.02459839257327 1113
1747323948895 2.024512225931341 1114
1747323953188 2.024384281852029 1115
1747323957454 2.0241132866252554 1116
1747323961774 2.0240274342623623 1117
1747323966261 2.024067835374312 1118
1747323970588 2.0237796740098433 1119
1747324513008 2.08140982281078 1120
1747324517421 2.0618847716938364 1121
1747324521842 2.0497691414572974 1122
1747324526228 2.0424524437297475 1123
1747324530587 2.0380571322007612 1124
1747324534994 2.0353451642123135 1125
1747324539352 2.0336263179779053 1126
1747324543745 2.032243403521451 1127
1747324548140 2.031298052180897 1128
1747324552550 2.030533053658225 1129
1747324556932 2.0298978848890825 1130
1747324561297 2.029147148132324 1131
1747324565570 2.028765244917436 1132
1747324569899 2.0283076763153076 1133
1747324574222 2.028002608906139 1134
1747324578592 2.02752178365534 1135
1747324582955 2.027167623693293 1136
1747324587320 2.0269229628823022 1137
1747324591694 2.0266717563975942 1138
1747324596215 2.026340202851729 1139
1747324600564 2.0261443961750376 1140
1747324604846 2.0259957747025923 1141
1747324609132 2.025756684216586 1142
1747324613412 2.025710040872747 1143
1747324617654 2.0254500779238613 1144
1747324621947 2.025307308543812 1145
1747324626191 2.025234114040028 1146
1747324630453 2.0251300768418745 1147
1747324634704 2.0249209620735864 1148
1747324638982 2.0248062177137895 1149
1747324643385 2.0247714952989058 1150
1747324647792 2.024713321165605 1151
1747324652187 2.024427977475253 1152
1747324656595 2.0243775844573975 1153
1747324660995 2.02439208464189 1154
1747324665319 2.02403939854015 1155
1747324669624 2.023815696889704 1156
1747324673995 2.023765715685758 1157
1747324678622 2.0235460671511563 1158
1747324682946 2.023659120906483 1159
1747325225093 2.082370714707808 1160
1747325229037 2.0621215863661333 1161
1747325233644 2.0501010634682397 1162
1747325237577 2.042723785747181 1163
1747325242452 2.0381689721887764 1164
1747325246762 2.0355414260517466 1165
1747325251121 2.0335589105432685 1166
1747325255509 2.032227949662642 1167
1747325259846 2.0312967517159204 1168
1747325264169 2.0304570414803247 1169
1747325268749 2.029788862575184 1170
1747325273106 2.0291564898057417 1171
1747325277492 2.028643933209506 1172
1747325281847 2.0283746936104516 1173
1747325286137 2.027751337398182 1174
1747325290429 2.0275082371451636 1175
1747325294778 2.02707162770358 1176
1747325299080 2.0270951010964136 1177
1747325303378 2.0266622846776787 1178
1747325307862 2.0265514200383965 1179
1747325312153 2.0262150330977007 1180
1747325316409 2.025947397405451 1181
1747325320683 2.025739778171886 1182
1747325324963 2.0256577188318428 1183
1747325328896 2.025428620251742 1184
1747325333556 2.0252263979478315 1185
1747325337533 2.0250814828005703 1186
1747325341881 2.0248055241324683 1187
1747325346255 2.0248455567793413 1188
1747325350593 2.024597016247836 1189
1747325354985 2.024649815125899 1190
1747325359377 2.0246146592226895 1191
1747325363785 2.0244698524475098 1192
1747325368184 2.024085586721247 1193
1747325372601 2.0239767378026787 1194
1747325376987 2.0238828442313452 1195
1747325381359 2.02395376292142 1196
1747325385761 2.0236836780201304 1197
1747325390335 2.023919170553034 1198
1747325394690 2.0237033367156982 1199
1747325929089 2.0842464620416816 1200
1747325933382 2.063368407162753 1201
1747325937670 2.050555467605591 1202
1747325941940 2.043356873772361 1203
1747325946240 2.039047046141191 1204
1747325950520 2.0359479297291148 1205
1747325954812 2.034007505937056 1206
1747325959119 2.0324526483362373 1207
1747325963431 2.0315828756852583 1208
1747325967724 2.0307742682370273 1209
1747325972023 2.029924154281616 1210
1747325976310 2.0293560895052822 1211
1747325980601 2.028727032921531 1212
1747325984886 2.028295170177113 1213
1747325989195 2.0280097397890957 1214
1747325993503 2.0275607976046475 1215
1747325997776 2.027271097356623 1216
1747326002072 2.02692513032393 1217
1747326006363 2.0268940925598145 1218
1747326010853 2.0264034271240234 1219
1747326015135 2.0263033996928823 1220
1747326019428 2.0261412533846768 1221
1747326023722 2.0260027105158027 1222
1747326028012 2.0258763920177114 1223
1747326032326 2.0254694765264336 1224
1747326036621 2.025281234221025 1225
1747326040944 2.0256671472029253 1226
1747326045201 2.02533635226163 1227
1747326049461 2.0247828743674536 1228
1747326053822 2.0247747247869317 1229
1747326058219 2.025140090422197 1230
1747326062596 2.024705648422241 1231
1747326066960 2.0241474455053154 1232
1747326071295 2.0241797187111596 1233
1747326075674 2.0239993658932773 1234
1747326080041 2.023950923572887 1235
1747326084420 2.0239650552923028 1236
1747326088802 2.023799506100741 1237
1747326093385 2.023757490244779 1238
1747326097774 2.023551008918069 1239
1747326638409 2.086979302493009 1240
1747326642822 2.065253734588623 1241
1747326647121 2.0523865006186743 1242
1747326651437 2.0443614396181973 1243
1747326655845 2.039536237716675 1244
1747326660174 2.0365532745014536 1245
1747326664537 2.0344053615223276 1246
1747326668857 2.0327842885797676 1247
1747326673199 2.031964518807151 1248
1747326677503 2.0309977531433105 1249
1747326681814 2.0301742987199263 1250
1747326686159 2.0296919345855713 1251
1747326690469 2.0289478302001953 1252
1747326694829 2.0285082080147485 1253
1747326699165 2.0281682447953657 1254
1747326703510 2.0276331468061968 1255
1747326707822 2.0274714556607334 1256
1747326712142 2.0274019458077173 1257
1747326716497 2.027314858003096 1258
1747326721024 2.026715408671986 1259
1747326725362 2.02647666497664 1260
1747326729704 2.026225870305842 1261
1747326734027 2.0257693204012783 1262
1747326738354 2.025656136599454 1263
1747326742671 2.0254723592237993 1264
1747326746985 2.025624015114524 1265
1747326751301 2.025516379963268 1266
1747326755691 2.0249829942529853 1267
1747326760043 2.0249371745369653 1268
1747326764433 2.0247702598571777 1269
1747326768832 2.024755976416848 1270
1747326773238 2.0247036543759434 1271
1747326777658 2.0243482156233354 1272
1747326782046 2.024135697971691 1273
1747326786448 2.023915247483687 1274
1747326790833 2.0239078131589023 1275
1747326795243 2.023936531760476 1276
1747326799624 2.023769833824851 1277
1747326804220 2.0235153545032847 1278
1747326808638 2.0234560533003374 1279
1747327350086 2.087030519138683 1280
1747327354082 2.0655281326987525 1281
1747327358748 2.0521011352539062 1282
1747327362733 2.0442081798206675 1283
1747327367379 2.0392760796980425 1284
1747327371344 2.03632792559537 1285
1747327376036 2.0342082760550757 1286
1747327380021 2.032734437422319 1287
1747327384661 2.031656503677368 1288
1747327388942 2.030640038576993 1289
1747327393251 2.0300385735251685 1290
1747327397608 2.0294671925631436 1291
1747327401987 2.028808355331421 1292
1747327406368 2.028266278180209 1293
1747327410774 2.027939276261763 1294
1747327415151 2.0275960835543545 1295
1747327419531 2.0271811918778853 1296
1747327423894 2.0270601619373667 1297
1747327428253 2.0270419120788574 1298
1747327432752 2.0263208259235728 1299
1747327437111 2.0260670618577437 1300
1747327441456 2.025983615355058 1301
1747327445795 2.025808724490079 1302
1747327450087 2.025509639219804 1303
1747327454082 2.025358546863903 1304
1747327458410 2.02509850805456 1305
1747327462700 2.024949160489169 1306
1747327467059 2.0247819857163862 1307
1747327471383 2.024774573066018 1308
1747327475750 2.024551131508567 1309
1747327480044 2.024339134042913 1310
1747327484363 2.0243798169222744 1311
1747327488744 2.0240716717459937 1312
1747327493126 2.023859891024503 1313
1747327497506 2.0239566456187856 1314
1747327501879 2.0237522341988305 1315
1747327506263 2.023576779799028 1316
1747327510593 2.0236443389545786 1317
1747327515144 2.0236098766326904 1318
1747327519483 2.0233753377741035 1319
1747328062133 2.0865095528689297 1320
1747328066499 2.064389228820801 1321
1747328070854 2.050957051190463 1322
1747328075175 2.04332295331088 1323
1747328079480 2.0387477658011695 1324
1747328083776 2.0357064333829014 1325
1747328088104 2.0339240811087866 1326
1747328092418 2.032504211772572 1327
1747328096764 2.0313040776686235 1328
1747328101068 2.0304034623232754 1329
1747328105378 2.029601638967341 1330
1747328109767 2.0290055491707544 1331
1747328114051 2.0284758697856557 1332
1747328118432 2.028022874485363 1333
1747328122765 2.0277551087466152 1334
1747328127150 2.0274046551097524 1335
1747328131429 2.0269455042752353 1336
1747328135764 2.026704333045266 1337
1747328140165 2.026455033909191 1338
1747328144768 2.0261530009183017 1339
1747328149179 2.0258698246695777 1340
1747328153503 2.0258365110917524 1341
1747328157863 2.02584153955633 1342
1747328162196 2.0255032886158335 1343
1747328166586 2.02504563331604 1344
1747328170939 2.025204658508301 1345
1747328175295 2.024978681044145 1346
1747328179361 2.025022961876609 1347
1747328183685 2.0245415297421543 1348
1747328188085 2.024396235292608 1349
1747328192477 2.024408448826183 1350
1747328196818 2.024133400483565 1351
1747328201123 2.0238481651652944 1352
1747328205434 2.0237868048928003 1353
1747328209762 2.0236211906779897 1354
1747328214088 2.023541710593484 1355
1747328218472 2.023559180173007 1356
1747328222816 2.023372390053489 1357
1747328227427 2.0231717283075508 1358
1747328231750 2.023112557151101 1359
1747328774742 2.0887014215642754 1360
1747328779018 2.066050312735818 1361
1747328783327 2.0528449578718706 1362
1747328787642 2.045141176743941 1363
1747328791940 2.0398503000086006 1364
1747328796297 2.03666446425698 1365
1747328800633 2.0345648635517466 1366
1747328804964 2.0329138365658848 1367
1747328809346 2.031742291017012 1368
1747328813628 2.030747110193426 1369
1747328818002 2.030141743746671 1370
1747328822305 2.0293409607627173 1371
1747328826627 2.0289418263868852 1372
1747328830945 2.0285964012145996 1373
1747328835237 2.0279239307750356 1374
1747328839584 2.0274232734333384 1375
1747328843905 2.027126745744185 1376
1747328848255 2.0268741737712515 1377
1747328852538 2.026481433348222 1378
1747328857086 2.026304158297452 1379
1747328861445 2.0261791836131704 1380
1747328865805 2.0259751189838755 1381
1747328870166 2.025652126832442 1382
1747328874542 2.0257172151045366 1383
1747328878882 2.0250872048464688 1384
1747328883244 2.0250461101531982 1385
1747328887592 2.0248123949224297 1386
1747328891890 2.0246887640519575 1387
1747328896210 2.0244820551438765 1388
1747328900513 2.024424596266313 1389
1747328904808 2.024369391528043 1390
1747328909204 2.024186459454623 1391
1747328913563 2.024044253609397 1392
1747328917973 2.0238220149820503 1393
1747328922355 2.0236656665802 1394
1747328926700 2.0236838080666284 1395
1747328931069 2.0236649946732954 1396
1747328935431 2.0233535116369072 1397
1747328940073 2.0233949531208384 1398
1747328944464 2.0235297571529043 1399
1747329489504 2.0913398916071113 1400
1747329493778 2.068473599173806 1401
1747329498103 2.0541294271295722 1402
1747329502390 2.045787963000211 1403
1747329506710 2.040576934814453 1404
1747329511022 2.0372059561989526 1405
1747329515326 2.035049806941639 1406
1747329519725 2.03354904868386 1407
1747329524043 2.0320381901480933 1408
1747329528437 2.0308985276655718 1409
1747329532870 2.030050841244784 1410
1747329537295 2.0296922597018154 1411
1747329541713 2.029001170938665 1412
1747329546104 2.0285404378717597 1413
1747329550496 2.0280049497430976 1414
1747329554837 2.027519399469549 1415
1747329559245 2.027149200439453 1416
1747329563677 2.0268298279155386 1417
1747329568095 2.0266765464435923 1418
1747329572707 2.0263112024827437 1419
1747329577067 2.02595101703297 1420
1747329581496 2.0257973670959473 1421
1747329585923 2.0256451910192315 1422
1747329590318 2.025701782920144 1423
1747329594653 2.025503158569336 1424
1747329599007 2.0254367048090156 1425
1747329603326 2.0250147689472544 1426
1747329607695 2.024611711502075 1427
1747329612110 2.0246964367953213 1428
1747329616452 2.024582689458674 1429
1747329620876 2.0243747451088647 1430
1747329625246 2.0241934819654985 1431
1747329629668 2.0240645625374536 1432
1747329634072 2.0241903608495537 1433
1747329638427 2.0240995450453325 1434
1747329642763 2.0237555503845215 1435
1747329647111 2.0234671289270576 1436
1747329651425 2.023623921654441 1437
1747329655957 2.0232385288585317 1438
1747329660249 2.0231177373365923 1439
1747330202470 2.0902298363772305 1440
1747330206801 2.0673762451518667 1441
1747330211233 2.0532504211772573 1442
1747330215629 2.045134327628396 1443
1747330220062 2.040082649751143 1444
1747330224433 2.03694579818032 1445
1747330228809 2.0351356809789483 1446
1747330233070 2.033308506011963 1447
1747330237370 2.0318813540718774 1448
1747330241720 2.030959736217152 1449
1747330246016 2.0300058234821665 1450
1747330250316 2.0292924534190786 1451
1747330254600 2.028828837654807 1452
1747330258946 2.0282080390236596 1453
1747330263368 2.027643225409768 1454
1747330267769 2.0274149504574863 1455
1747330272193 2.026989048177546 1456
1747330276513 2.026798139918934 1457
1747330280888 2.026609409939159 1458
1747330285478 2.0262346267700195 1459
1747330289874 2.025899496945468 1460
1747330294316 2.0257003740830855 1461
1747330298737 2.025947679172863 1462
1747330303080 2.02543399550698 1463
1747330307431 2.025233658877286 1464
1747330311809 2.0249092145399614 1465
1747330316132 2.0248224518515845 1466
1747330320567 2.024640451778065 1467
1747330324948 2.024739243767478 1468
1747330329330 2.0244530764493076 1469
1747330333754 2.0243433605540884 1470
1747330338183 2.024001793427901 1471
1747330342608 2.0240338932384145 1472
1747330347037 2.0239887454292993 1473
1747330351393 2.0236298821189185 1474
1747330355689 2.0234426368366587 1475
1747330360074 2.0233149311759253 1476
1747330364415 2.0231870737942783 1477
1747330369024 2.023077206178145 1478
1747330373447 2.0230343341827393 1479
1747330916438 2.0899228399450127 1480
1747330920824 2.066765936938199 1481
1747330925217 2.052678866819902 1482
1747330929600 2.044703331860629 1483
1747330933976 2.0396927053278144 1484
1747330938321 2.036720492623069 1485
1747330942739 2.0343718312003394 1486
1747330947164 2.032792481509122 1487
1747330951529 2.0316978151148017 1488
1747330955863 2.030869809063998 1489
1747330960229 2.0300533988259057 1490
1747330964617 2.0289640643379907 1491
1747330969005 2.0284929925745185 1492
1747330973438 2.0280072689056396 1493
1747330977835 2.027530713514848 1494
1747330982211 2.0271555076945913 1495
1747330986582 2.0269132527438076 1496
1747330990987 2.0268275304274126 1497
1747330995376 2.02621772072532 1498
1747330999986 2.0259481343356045 1499
1747331004388 2.025603771209717 1500
1747331008768 2.0254804221066562 1501
1747331013230 2.02533973347057 1502
1747331017643 2.0249672803011807 1503
1747331022088 2.0250622792677446 1504
1747331026463 2.025114557959817 1505
1747331030866 2.0248001488772305 1506
1747331035309 2.024435130032626 1507
1747331039740 2.024187998338179 1508
1747331044185 2.024370301853527 1509
1747331048603 2.024479107423262 1510
1747331053047 2.0241129181601782 1511
1747331057480 2.023574482310902 1512
1747331061934 2.0236357775601475 1513
1747331066381 2.023367014798251 1514
1747331070856 2.023348158056086 1515
1747331075295 2.0232803604819556 1516
1747331079727 2.023136919195002 1517
1747331084322 2.023006417534568 1518
1747331088667 2.0227900635112417 1519
1747331632614 2.092168938029896 1520
1747331637034 2.068610971624201 1521
1747331641490 2.054306225343184 1522
1747331645883 2.045783368023959 1523
1747331650290 2.0406204136935147 1524
1747331654738 2.037493445656516 1525
1747331659155 2.03489089012146 1526
1747331663541 2.0332211797887627 1527
1747331667911 2.03195875341242 1528
1747331672286 2.030840353532271 1529
1747331676728 2.0299766063690186 1530
1747331681148 2.029311115091497 1531
1747331685516 2.028557213869962 1532
1747331689889 2.02827694199302 1533
1747331694365 2.027943394400857 1534
1747331698788 2.0275218920274214 1535
1747331703239 2.0270934971896084 1536
1747331707677 2.0265282717618076 1537
1747331712119 2.0262315490029077 1538
1747331716740 2.0260503075339575 1539
1747331721144 2.025926048105413 1540
1747331725557 2.025485233827071 1541
1747331729960 2.025227503343062 1542
1747331734418 2.02530854398554 1543
1747331738798 2.0251202366568823 1544
1747331743205 2.0247526602311567 1545
1747331747552 2.024699319492687 1546
1747331751956 2.0246494249864058 1547
1747331756403 2.0242408405650747 1548
1747331760826 2.0239628661762583 1549
1747331765289 2.023913621902466 1550
1747331769685 2.0237938924269243 1551
1747331774127 2.0236729275096548 1552
1747331778543 2.023700540715998 1553
1747331782628 2.023468992926858 1554
1747331786998 2.023148449984464 1555
1747331791393 2.023282462900335 1556
1747331795817 2.0230179699984463 1557
1747331800414 2.0229796062816274 1558
1747331804807 2.022759372537786 1559
1747332352297 2.0910982435399834 1560
1747332356652 2.0676830898631704 1561
1747332361054 2.0532680208032783 1562
1747332365495 2.0451876466924492 1563
1747332369889 2.0401736172762783 1564
1747332374303 2.0368119803341953 1565
1747332378658 2.034829616546631 1566
1747332383054 2.033186760815707 1567
1747332387419 2.031758416782726 1568
1747332391826 2.0304739475250244 1569
1747332396246 2.029718529094349 1570
1747332400631 2.028891931880604 1571
1747332405018 2.0285266746174204 1572
1747332409365 2.0280149416490034 1573
1747332413814 2.027505571191961 1574
1747332418281 2.027153253555298 1575
1747332422731 2.0272366133603184 1576
1747332427145 2.0267500660636206 1577
1747332431562 2.0261679779399526 1578
1747332436186 2.0260437618602407 1579
1747332440543 2.025859334252097 1580
1747332444977 2.025694391944192 1581
1747332449360 2.02608078176325 1582
1747332453813 2.0252227132970635 1583
1747332458194 2.0250558202916924 1584
1747332462623 2.024980154904452 1585
1747332467085 2.024490378119729 1586
1747332471529 2.024348172274503 1587
1747332475977 2.0242291363802822 1588
1747332480384 2.0240222324024546 1589
1747332484779 2.0238915139978584 1590
1747332489107 2.023836222561923 1591
1747332493519 2.0237046371806753 1592
1747332497951 2.023642648350109 1593
1747332502341 2.0234439806504683 1594
1747332506698 2.0233177705244585 1595
1747332511079 2.0231157432902944 1596
1747332515458 2.022998484698209 1597
1747332520010 2.0231106931513008 1598
1747332524414 2.022719621658325 1599
1747333072459 2.0943698666312476 1600
1747333076837 2.0702864040027964 1601
1747333081250 2.055238030173562 1602
1747333085728 2.0463829040527344 1603
1747333090087 2.0411641164259477 1604
1747333094561 2.037650086662986 1605
1747333098992 2.0353081226348877 1606
1747333103437 2.033573692495173 1607
1747333107911 2.031982660293579 1608
1747333112348 2.0309923778880727 1609
1747333116728 2.030246279456399 1610
1747333121122 2.0293079289523037 1611
1747333125543 2.028657306324352 1612
1747333129923 2.028087182478471 1613
1747333134376 2.027537454258312 1614
1747333138787 2.0271174040707676 1615
1747333143202 2.026818882335316 1616
1747333147587 2.0264397967945444 1617
1747333151999 2.0263647816397925 1618
1747333156593 2.025778141888705 1619
1747333160946 2.025676640597257 1620
1747333165409 2.0254781246185303 1621
1747333169817 2.0253947864879263 1622
1747333174248 2.025348836725408 1623
1747333178651 2.024802663109519 1624
1747333183094 2.0246481895446777 1625
1747333187498 2.024568861181086 1626
1747333191883 2.024556355042891 1627
1747333196363 2.0241367491808804 1628
1747333200801 2.02388520674272 1629
1747333205278 2.023784030567516 1630
1747333209677 2.023908485065807 1631
1747333214140 2.023999257521196 1632
1747333218632 2.023753946477717 1633
1747333223098 2.0236306407234887 1634
1747333227531 2.023221579464999 1635
1747333231953 2.023047533902255 1636
1747333236330 2.023062597621571 1637
1747333240901 2.022930145263672 1638
1747333245311 2.0229487635872583 1639
1747333795007 2.097858342257413 1640
1747333799469 2.0734547051516445 1641
1747333803935 2.0581850572065874 1642
1747333808334 2.0483764084902676 1643
1747333812756 2.0426450859416616 1644
1747333817163 2.03892276503823 1645
1747333821521 2.0364229028875176 1646
1747333825880 2.0342229279604824 1647
1747333830231 2.03308350389654 1648
1747333834635 2.031579451127486 1649
1747333838992 2.0307928215373647 1650
1747333843398 2.0297540751370517 1651
1747333847770 2.0290599953044546 1652
1747333852162 2.028604182330045 1653
1747333856529 2.0283440243114126 1654
1747333860875 2.0277536565607246 1655
1747333865270 2.027177788994529 1656
1747333869631 2.0269639925523237 1657
1747333874044 2.026600859381936 1658
1747333878666 2.0261514403603296 1659
1747333883073 2.026030432094227 1660
1747333887540 2.0254973715001885 1661
1747333891973 2.0254012021151455 1662
1747333896371 2.025332364169034 1663
1747333900753 2.0250313498757104 1664
1747333905162 2.024792259389704 1665
1747333909553 2.0245866775512695 1666
1747333913965 2.024526661092585 1667
1747333918401 2.02436503497037 1668
1747333922831 2.0241056138818916 1669
1747333927272 2.0239627361297607 1670
1747333931693 2.023913708600131 1671
1747333936114 2.0238043611699883 1672
1747333940490 2.0238324295390737 1673
1747333944888 2.023675658486106 1674
1747333949273 2.0234396674416284 1675
1747333953706 2.0232262177900835 1676
1747333958101 2.023443178697066 1677
1747333962680 2.023131999102506 1678
1747333967058 2.0229070403359155 1679
1747334514910 2.0964953032406894 1680
1747334519251 2.072119777852839 1681
1747334523644 2.056716051968661 1682
1747334528003 2.047627015547319 1683
1747334532393 2.0419180393218994 1684
1747334536779 2.03818696195429 1685
1747334541126 2.0355723987926138 1686
1747334545488 2.0337797728451816 1687
1747334549844 2.0323578010905874 1688
1747334554217 2.0310801809484307 1689
1747334558586 2.0302950252186167 1690
1747334562943 2.029266292398626 1691
1747334567282 2.0287513082677666 1692
1747334571627 2.0279503518884834 1693
1747334576019 2.0276263410394844 1694
1747334580353 2.0270858894694936 1695
1747334584733 2.026754704388705 1696
1747334589113 2.026266401464289 1697
1747334593483 2.0260872190648858 1698
1747334598061 2.0260063951665703 1699
1747334602436 2.0261643799868496 1700
1747334606800 2.025523684241555 1701
1747334611167 2.025630170648748 1702
1747334615586 2.02520845153115 1703
1747334619975 2.0248615741729736 1704
1747334624364 2.024852015755393 1705
1747334628724 2.0245946754108775 1706
1747334633097 2.02416485006159 1707
1747334637491 2.0239666158502754 1708
1747334641866 2.023881261998957 1709
1747334646342 2.0239209912040015 1710
1747334650735 2.0236632390455767 1711
1747334655158 2.0235775384035977 1712
1747334659547 2.0234251022338867 1713
1747334663929 2.023154605518688 1714
1747334668293 2.0230346809734 1715
1747334672672 2.0229162953116675 1716
1747334677122 2.022766785188155 1717
1747334681743 2.0232285369526255 1718
1747334686143 2.0227660916068335 1719
1747335232606 2.097045356577093 1720
1747335237045 2.07195800000971 1721
1747335241486 2.0563400875438345 1722
1747335245944 2.047119834206321 1723
1747335250378 2.041462378068404 1724
1747335254804 2.037956627932462 1725
1747335259194 2.035402384671298 1726
1747335263611 2.0337630835446445 1727
1747335268022 2.0321475809270684 1728
1747335272405 2.031092817133123 1729
1747335276786 2.0300453792918813 1730
1747335281196 2.029166113246571 1731
1747335285575 2.0286581299521704 1732
1747335289964 2.027957959608598 1733
1747335294350 2.027653130618009 1734
1747335298753 2.0271804332733154 1735
1747335303124 2.02675724029541 1736
1747335307531 2.0263362255963413 1737
1747335311889 2.026054252277721 1738
1747335316544 2.02568303455006 1739
1747335321290 2.025427211414684 1740
1747335325390 2.025311079892245 1741
1747335330224 2.0251388116316362 1742
1747335334332 2.0247272578152744 1743
1747335339127 2.0246484496376733 1744
1747335343195 2.0246507037769663 1745
1747335347925 2.0245105786757036 1746
1747335351953 2.0244144309650767 1747
1747335356747 2.023903239857067 1748
1747335360823 2.023881738836115 1749
1747335365582 2.0237033150412818 1750
1747335369603 2.0235256281766025 1751
1747335374367 2.023487936366688 1752
1747335378443 2.0232355161146685 1753
1747335383220 2.0233688354492188 1754
1747335387304 2.0229786851189355 1755
1747335392025 2.0230302160436455 1756
1747335396125 2.0228821581060235 1757
1747335401065 2.0225456844676626 1758
1747335405485 2.022585240277377 1759
1747335954126 2.097488121552901 1760
1747335958538 2.0722206939350474 1761
1747335962943 2.0562843842939897 1762
1747335967368 2.0474166219884697 1763
1747335971773 2.041666095907038 1764
1747335976177 2.0381229574030097 1765
1747335980635 2.0356765660372647 1766
1747335985052 2.0337430347095835 1767
1747335989476 2.032361550764604 1768
1747335993855 2.031086726622148 1769
1747335998283 2.0300619385459204 1770
1747336002636 2.0293767668984155 1771
1747336007078 2.028691291809082 1772
1747336011463 2.0279182304035532 1773
1747336015889 2.02738712050698 1774
1747336020313 2.0270788452842017 1775
1747336024709 2.02682841907848 1776
1747336029164 2.0263718474995005 1777
1747336033657 2.025968616658991 1778
1747336038306 2.0256777459924873 1779
1747336042705 2.0254377885298296 1780
1747336047125 2.025288950313221 1781
1747336051513 2.025115056471391 1782
1747336055949 2.024841460314664 1783
1747336060386 2.0247262824665415 1784
1747336064787 2.024580782110041 1785
1747336069259 2.024325955997814 1786
1747336073663 2.0241241455078125 1787
1747336078110 2.0239862962202593 1788
1747336082540 2.0237808444283227 1789
1747336087004 2.0235460021279077 1790
1747336091471 2.0235213366421787 1791
1747336095906 2.0232904607599433 1792
1747336100289 2.0231518095189873 1793
1747336104672 2.0229639573530718 1794
1747336109143 2.023032860322432 1795
1747336113558 2.0227576819333164 1796
1747336117997 2.022786270488392 1797
1747336122598 2.022767652164806 1798
1747336126978 2.0226615125482734 1799
1747336672147 2.098921602422541 1800
1747336676466 2.07346586747603 1801
1747336680834 2.0574521368200127 1802
1747336685188 2.04818979176608 1803
1747336689578 2.042603752829812 1804
1747336693899 2.038734566081654 1805
1747336698258 2.0362535173242744 1806
1747336702607 2.034184694290161 1807
1747336706964 2.03271163593639 1808
1747336711301 2.031553095037287 1809
1747336715655 2.0303764126517554 1810
1747336720048 2.0295686938545923 1811
1747336724446 2.0287947437979956 1812
1747336728819 2.028204917907715 1813
1747336733126 2.027814583344893 1814
1747336737451 2.027171395041726 1815
1747336741788 2.026576432314786 1816
1747336746122 2.026403773914684 1817
1747336750476 2.0260438268834893 1818
1747336755036 2.0260187712582676 1819
1747336759431 2.0259014042941006 1820
1747336763793 2.025708241896196 1821
1747336768164 2.0250511819666084 1822
1747336772511 2.024828087199818 1823
1747336776876 2.0247374447909268 1824
1747336781190 2.024501692165028 1825
1747336785521 2.0241416584361684 1826
1747336789865 2.024193525314331 1827
1747336794194 2.0240239013325083 1828
1747336798571 2.023723233829845 1829
1747336802948 2.023481325669722 1830
1747336807342 2.0233170119198887 1831
1747336811730 2.0232750935987993 1832
1747336816086 2.0231204466386274 1833
1747336820481 2.022980484095487 1834
1747336824798 2.0229112018238413 1835
1747336829165 2.0227739810943604 1836
1747336833536 2.0226669745011763 1837
1747336838138 2.0225063020532783 1838
1747336842464 2.022319295189597 1839
1747337383804 2.0998551195318047 1840
1747337388163 2.0752009695226494 1841
1747337392566 2.058648456226696 1842
1747337396916 2.0491276437586006 1843
1747337401276 2.043247938156128 1844
1747337405592 2.0393049933693628 1845
1747337409978 2.0366673469543457 1846
1747337414306 2.0344303087754683 1847
1747337418648 2.033019607717341 1848
1747337423018 2.0317456288771196 1849
1747337427374 2.030685403130271 1850
1747337431753 2.029717055234042 1851
1747337436082 2.0289153185757725 1852
1747337440427 2.02830754626881 1853
1747337444787 2.027670816941695 1854
1747337449151 2.0271723487160425 1855
1747337453475 2.0267106619748203 1856
1747337457791 2.0263511917807837 1857
1747337462155 2.0262111100283535 1858
1747337466685 2.0257013711062344 1859
1747337471092 2.025584567676891 1860
1747337475448 2.025567401539196 1861
1747337479832 2.0251027670773594 1862
1747337484187 2.024794405156916 1863
1747337488563 2.02459361336448 1864
1747337492923 2.024464390494607 1865
1747337497290 2.024141701785001 1866
1747337501644 2.0239850824529473 1867
1747337505953 2.024204904382879 1868
1747337510325 2.023763743313876 1869
1747337514706 2.023669546300715 1870
1747337519066 2.024039636958729 1871
1747337523423 2.0234235633503306 1872
1747337527760 2.0230555534362793 1873
1747337532074 2.023199038072066 1874
1747337536378 2.022857763550498 1875
1747337540676 2.0227891965345903 1876
1747337544956 2.022996187210083 1877
1747337549529 2.0227464762600986 1878
1747337553855 2.022707765752619 1879
1747338094354 2.102204929698597 1880
1747338098724 2.0776363719593394 1881
1747338103091 2.0607666969299316 1882
1747338107414 2.050387902693315 1883
1747338111815 2.0441352237354624 1884
1747338116169 2.0401943813670766 1885
1747338120555 2.037115530534224 1886
1747338124884 2.035095063122836 1887
1747338129215 2.033310218290849 1888
1747338133550 2.031928062438965 1889
1747338137879 2.030832464044744 1890
1747338142216 2.0299020030281762 1891
1747338146544 2.0290319702842017 1892
1747338150911 2.028246185996316 1893
1747338155271 2.027982625094327 1894
1747338159630 2.0273729020898994 1895
1747338163943 2.027088338678533 1896
1747338168272 2.0265391739931973 1897
1747338172612 2.0263395742936567 1898
1747338177129 2.02590029889887 1899
1747338181437 2.025741382078691 1900
1747338185758 2.0258318294178355 1901
1747338190079 2.0253991213711826 1902
1747338194396 2.0253005678003486 1903
1747338198708 2.024821064688943 1904
1747338203021 2.0242828239094126 1905
1747338207332 2.0242925557223233 1906
1747338211626 2.023970538919622 1907
1747338215937 2.0239317417144775 1908
1747338220273 2.0236733609979805 1909
1747338224581 2.0236343036998403 1910
1747338228914 2.023480241948908 1911
1747338233267 2.023294307968833 1912
1747338237583 2.0231118202209473 1913
1747338241899 2.022961204702204 1914
1747338246209 2.022924206473611 1915
1747338250499 2.0227213339372114 1916
1747338254804 2.0226940458471123 1917
1747338259345 2.0225661234422163 1918
1747338263661 2.0227192748676646 1919
1747338896193 2.1042145815762607 1920
1747338901354 2.07821984724565 1921
1747338906509 2.0611921657215464 1922
1747338911663 2.051166621121493 1923
1747338916836 2.044638742100109 1924
1747338922000 2.0403142408891157 1925
1747338927159 2.037366368553855 1926
1747338932322 2.0352088538083164 1927
1747338937443 2.0336380655115303 1928
1747338942604 2.0324033823880283 1929
1747338947733 2.0309351791035044 1930
1747338952892 2.0301519523967397 1931
1747338958019 2.02935528755188 1932
1747338963173 2.0288477594202217 1933
1747338968305 2.0278918092901055 1934
1747338973486 2.0274551564996894 1935
1747338978640 2.0271075638857754 1936
1747338983780 2.0266366655176338 1937
1747338988992 2.0265154621817847 1938
1747338994333 2.0260122906077993 1939
1747338999488 2.0256572636691006 1940
1747339004580 2.0256056135351006 1941
1747339009700 2.025098670612682 1942
1747339014851 2.024985681880604 1943
1747339020024 2.0249420296062124 1944
1747339025219 2.024682565168901 1945
1747339030370 2.0243154872547495 1946
1747339035558 2.024134332483465 1947
1747339040794 2.0239606120369653 1948
1747339045929 2.0237176418304443 1949
1747339050696 2.0236155770041724 1950
1747339055881 2.0233797376806084 1951
1747339061010 2.023430195721713 1952
1747339066165 2.0234228047457608 1953
1747339071291 2.0229916789314966 1954
1747339076488 2.02296105298129 1955
1747339081643 2.02291494066065 1956
1747339086799 2.0229212804274126 1957
1747339092226 2.0225734493949195 1958
1747339097328 2.022291595285589 1959
1747339738789 2.1043471206318247 1960
1747339743937 2.0778047171506016 1961
1747339749150 2.0611526749350806 1962
1747339754376 2.0507990663701836 1963
1747339759581 2.0442693016745825 1964
1747339764754 2.0400207476182417 1965
1747339769918 2.03712703964927 1966
1747339775158 2.0349757454612036 1967
1747339780393 2.0333139896392822 1968
1747339785606 2.031861977143721 1969
1747339790828 2.0310526977885854 1970
1747339796079 2.0297590602527964 1971
1747339801286 2.0291467796672475 1972
1747339806494 2.028193148699674 1973
1747339811734 2.0276078527623955 1974
1747339816915 2.0272880467501553 1975
1747339822150 2.026773626154119 1976
1747339827359 2.0263018824837427 1977
1747339832570 2.0259671211242676 1978
1747339837993 2.025679675015536 1979
1747339843193 2.0253937244415283 1980
1747339848377 2.0253562277013604 1981
1747339853579 2.025574120608243 1982
1747339858745 2.0249490954659204 1983
1747339863885 2.0245773792266846 1984
1747339869054 2.0243038047443735 1985
1747339874265 2.0241779414090244 1986
1747339879432 2.023877425627275 1987
1747339884631 2.023759798570113 1988
1747339889822 2.02360294081948 1989
1747339894976 2.0233884074471216 1990
1747339900180 2.023137829520486 1991
1747339905405 2.0230357213453813 1992
1747339910642 2.022921085357666 1993
1747339915915 2.0228600935502485 1994
1747339921157 2.0227291042154487 1995
1747339926000 2.0224447467110376 1996
1747339931273 2.0224052125757392 1997
1747339936660 2.022813406857577 1998
1747339941894 2.0225260907953437 1999
