1746677107956 0.6878174394369125 0
1746677108946 0.6877428442239761 1
1746677110087 0.6877015084028244 2
1746677111089 0.6876969486474991 3
1746677113126 0.6876410692930222 4
1746677114654 0.6875756829977036 5
1746677116495 0.6875191628932953 6
1746677117942 0.6874992102384567 7
1746677119740 0.6874376088380814 8
1746677121167 0.6874518245458603 9
1746677122979 0.6873246282339096 10
1746677124419 0.6872978210449219 11
1746677126235 0.6872437000274658 12
1746677127666 0.6871796548366547 13
1746677129440 0.687179759144783 14
1746677130870 0.6871083825826645 15
1746677132311 0.6870404034852982 16
1746677134116 0.6870188862085342 17
1746677135884 0.6869919002056122 18
1746677137609 0.6869370490312576 19
1746677139392 0.6868903785943985 20
1746677140829 0.6868481189012527 21
1746677142632 0.6868297308683395 22
1746677144093 0.6867138743400574 23
1746677145863 0.6867300271987915 24
1746677147331 0.6867493987083435 25
1746677149111 0.6866382509469986 26
1746677150540 0.6866132915019989 27
1746677152354 0.6865488588809967 28
1746677153805 0.6864944249391556 29
1746677155574 0.6864626407623291 30
1746677157007 0.6864499300718307 31
1746677158425 0.6864019930362701 32
1746677160193 0.6862826347351074 33
1746677161648 0.6862708032131195 34
1746677163433 0.6862053275108337 35
1746677165266 0.6861798167228699 36
1746677166722 0.6861314475536346 37
1746677168754 0.6860913634300232 38
1746677170237 0.6860780715942383 39
1746677361001 0.6795415729284286 40
1746677362344 0.6794679015874863 41
1746677364052 0.6793347001075745 42
1746677365376 0.6793093085289001 43
1746677367062 0.6793090850114822 44
1746677368404 0.6792236268520355 45
1746677370142 0.6791789531707764 46
1746677371486 0.6791362166404724 47
1746677373162 0.679001659154892 48
1746677374480 0.6790218204259872 49
1746677375837 0.678856372833252 50
1746677377584 0.6788716316223145 51
1746677378939 0.6787881106138229 52
1746677380663 0.6786701083183289 53
1746677382044 0.6786321252584457 54
1746677383759 0.6785390079021454 55
1746677385099 0.6784859895706177 56
1746677386812 0.6783790290355682 57
1746677388158 0.678376317024231 58
1746677390119 0.6782781183719635 59
1746677391454 0.6782892793416977 60
1746677392821 0.6781660318374634 61
1746677394540 0.6780519038438797 62
1746677395873 0.677981823682785 63
1746677397574 0.6779968291521072 64
1746677398913 0.6779243052005768 65
1746677400611 0.6779198795557022 66
1746677401973 0.6777424961328506 67
1746677403659 0.6776090860366821 68
1746677405004 0.6776150166988373 69
1746677406334 0.6774982661008835 70
1746677408038 0.677479937672615 71
1746677409398 0.6774153113365173 72
1746677411133 0.6773314923048019 73
1746677412487 0.6773046404123306 74
1746677414223 0.6772019267082214 75
1746677415591 0.6771287322044373 76
1746677417294 0.6769465953111649 77
1746677418914 0.6770097762346268 78
1746677420612 0.6768746376037598 79
1746677609897 0.6667126715183258 80
1746677611258 0.6665557026863098 81
1746677612996 0.6663570404052734 82
1746677614355 0.666202187538147 83
1746677616095 0.6661662608385086 84
1746677617441 0.6661130487918854 85
1746677619175 0.6659767031669617 86
1746677620562 0.6659558415412903 87
1746677622304 0.665618509054184 88
1746677623657 0.6656352430582047 89
1746677625032 0.6655706167221069 90
1746677626748 0.6656479984521866 91
1746677628119 0.6654372215270996 92
1746677629839 0.6653059273958206 93
1746677631206 0.6652126908302307 94
1746677632940 0.6651821285486221 95
1746677634311 0.6651947051286697 96
1746677636042 0.6647602915763855 97
1746677637427 0.6648846715688705 98
1746677639408 0.6646281480789185 99
1746677640752 0.6646370440721512 100
1746677642116 0.6646501570940018 101
1746677643845 0.6645626425743103 102
1746677645185 0.664431557059288 103
1746677646894 0.6641331911087036 104
1746677648256 0.6641477793455124 105
1746677649976 0.6640709787607193 106
1746677651296 0.6639670580625534 107
1746677652995 0.663832426071167 108
1746677654357 0.6637639701366425 109
1746677655739 0.6636042147874832 110
1746677657447 0.6636082828044891 111
1746677658788 0.6634141504764557 112
1746677660503 0.6631436496973038 113
1746677661857 0.6631803959608078 114
1746677663579 0.663292646408081 115
1746677664932 0.6629853546619415 116
1746677666675 0.6628968268632889 117
1746677668314 0.6628956496715546 118
1746677669700 0.6626928448677063 119
1746677860972 0.6498121619224548 120
1746677862346 0.6497206091880798 121
1746677864069 0.6494376063346863 122
1746677865455 0.6493498682975769 123
1746677867222 0.6492256671190262 124
1746677868622 0.6491774171590805 125
1746677870397 0.6491528153419495 126
1746677871775 0.6488243192434311 127
1746677873525 0.6485694348812103 128
1746677874883 0.6484620869159698 129
1746677876248 0.6486127972602844 130
1746677877989 0.6483919322490692 131
1746677879360 0.6484237909317017 132
1746677881067 0.6482057422399521 133
1746677882444 0.6480840146541595 134
1746677884189 0.6477340161800385 135
1746677885568 0.6476395130157471 136
1746677887304 0.6476999372243881 137
1746677888682 0.6477043479681015 138
1746677890634 0.6476527005434036 139
1746677892000 0.6474716365337372 140
1746677893337 0.6472713053226471 141
1746677895082 0.647227331995964 142
1746677896466 0.6469058841466904 143
1746677898195 0.6469656825065613 144
1746677899586 0.6470471620559692 145
1746677901331 0.6468692570924759 146
1746677902706 0.6467284858226776 147
1746677904457 0.6465930044651031 148
1746677905807 0.6462755352258682 149
1746677907202 0.6460854262113571 150
1746677908908 0.6463709473609924 151
1746677910314 0.6458079218864441 152
1746677912051 0.6460038274526596 153
1746677913405 0.6453754752874374 154
1746677915116 0.6455672532320023 155
1746677916486 0.6455168277025223 156
1746677918205 0.6455126255750656 157
1746677919839 0.6453558653593063 158
1746677921550 0.6451350003480911 159
1746678112503 0.6330704241991043 160
1746678113879 0.6331911087036133 161
1746678115632 0.6327702552080154 162
1746678117014 0.6333397924900055 163
1746678118765 0.6327858567237854 164
1746678120120 0.6331523209810257 165
1746678121888 0.6327271014451981 166
1746678123229 0.6327177882194519 167
1746678124954 0.6324082911014557 168
1746678126310 0.6321336328983307 169
1746678127680 0.6325161010026932 170
1746678129394 0.6325607746839523 171
1746678130787 0.6325047314167023 172
1746678132479 0.6321795880794525 173
1746678133838 0.6319293081760406 174
1746678135556 0.6321153789758682 175
1746678136911 0.6321727782487869 176
1746678138641 0.631971687078476 177
1746678140005 0.632254958152771 178
1746678141959 0.6315761506557465 179
1746678143321 0.6317079663276672 180
1746678144707 0.631483182311058 181
1746678146462 0.6308919340372086 182
1746678147845 0.6314814388751984 183
1746678149586 0.6312890201807022 184
1746678150937 0.6312456130981445 185
1746678152681 0.6311088651418686 186
1746678154036 0.6309467405080795 187
1746678155750 0.6310399174690247 188
1746678157118 0.6309444010257721 189
1746678158486 0.6310570687055588 190
1746678160233 0.6306010633707047 191
1746678161664 0.630766361951828 192
1746678163376 0.6308407038450241 193
1746678164748 0.6310670226812363 194
1746678166451 0.6305038332939148 195
1746678167843 0.6307915300130844 196
1746678169555 0.6308801621198654 197
1746678171179 0.6306946277618408 198
1746678172564 0.6304949223995209 199
1746678363403 0.6260496973991394 200
1746678364764 0.6249801367521286 201
1746678366478 0.6253615915775299 202
1746678367839 0.6251077204942703 203
1746678369557 0.6256816983222961 204
1746678370929 0.6250833570957184 205
1746678372683 0.6250810325145721 206
1746678374050 0.6247807592153549 207
1746678375787 0.6256911903619766 208
1746678377155 0.6249868273735046 209
1746678378521 0.6248345077037811 210
1746678380232 0.6249958872795105 211
1746678381639 0.6249128431081772 212
1746678383365 0.6249430030584335 213
1746678384717 0.6250296235084534 214
1746678386439 0.625275656580925 215
1746678387799 0.6250772774219513 216
1746678389556 0.6249896734952927 217
1746678390939 0.6249195486307144 218
1746678392918 0.6250610053539276 219
1746678394290 0.6247319281101227 220
1746678395647 0.624858632683754 221
1746678397365 0.6246129274368286 222
1746678398734 0.6249441355466843 223
1746678400452 0.6248484402894974 224
1746678401819 0.6251528561115265 225
1746678403549 0.6248321235179901 226
1746678404896 0.6242161691188812 227
1746678406613 0.6244059354066849 228
1746678407963 0.624400407075882 229
1746678409312 0.6250313371419907 230
1746678411027 0.6246891915798187 231
1746678412404 0.6245765537023544 232
1746678414142 0.6244801580905914 233
1746678415525 0.6246651709079742 234
1746678417285 0.6248472481966019 235
1746678418673 0.6250715404748917 236
1746678420397 0.6245977282524109 237
1746678422028 0.6244817078113556 238
1746678423745 0.6246137619018555 239
1746678614205 0.6223294585943222 240
1746678615568 0.6221629083156586 241
1746678617312 0.6220566034317017 242
1746678618675 0.6213422566652298 243
1746678620408 0.6219866126775742 244
1746678621758 0.6219762414693832 245
1746678623507 0.6218995302915573 246
1746678624891 0.6212905794382095 247
1746678626631 0.6222688853740692 248
1746678628003 0.6215447634458542 249
1746678629367 0.6221213489770889 250
1746678631105 0.6218745112419128 251
1746678632481 0.6218491494655609 252
1746678634194 0.6220682710409164 253
1746678635563 0.6221552491188049 254
1746678637305 0.6216471940279007 255
1746678638646 0.6214435696601868 256
1746678640387 0.6215909123420715 257
1746678641755 0.6216667145490646 258
1746678643750 0.6213247627019882 259
1746678645117 0.6218722313642502 260
1746678646506 0.6214885115623474 261
1746678648217 0.621617466211319 262
1746678649577 0.6216332465410233 263
1746678651313 0.6216054856777191 264
1746678652686 0.621684119105339 265
1746678654426 0.6213528364896774 266
1746678655823 0.622331291437149 267
1746678657532 0.6213882118463516 268
1746678658901 0.6215528547763824 269
1746678660264 0.6219915896654129 270
1746678661983 0.6213735193014145 271
1746678663345 0.6214624345302582 272
1746678665058 0.6221225559711456 273
1746678666424 0.6219213902950287 274
1746678668171 0.6217808872461319 275
1746678669533 0.6217234581708908 276
1746678671262 0.6221328228712082 277
1746678672921 0.6220062375068665 278
1746678674280 0.6219465136528015 279
1746678864948 0.6206953823566437 280
1746678866323 0.62103071808815 281
1746678868089 0.6209185570478439 282
1746678869461 0.6206488907337189 283
1746678871182 0.621033787727356 284
1746678872557 0.6206135004758835 285
1746678874302 0.6206259876489639 286
1746678875692 0.6209922581911087 287
1746678877411 0.620567798614502 288
1746678878756 0.6200365722179413 289
1746678880104 0.6215818077325821 290
1746678881840 0.6202094554901123 291
1746678883227 0.6200321018695831 292
1746678884930 0.6204783171415329 293
1746678886300 0.6206246763467789 294
1746678888042 0.6202372163534164 295
1746678889408 0.6206313818693161 296
1746678891173 0.6203175336122513 297
1746678892534 0.6207358688116074 298
1746678894474 0.6201938688755035 299
1746678895824 0.6207757890224457 300
1746678897178 0.620130181312561 301
1746678898899 0.620804101228714 302
1746678900278 0.6199817657470703 303
1746678902013 0.620495930314064 304
1746678903384 0.6209358274936676 305
1746678905125 0.6202201992273331 306
1746678906493 0.6197588443756104 307
1746678908250 0.6207668632268906 308
1746678909607 0.6208054423332214 309
1746678910984 0.6206321716308594 310
1746678912708 0.6209206730127335 311
1746678914091 0.620397299528122 312
1746678915812 0.6198264062404633 313
1746678917181 0.621438056230545 314
1746678918939 0.6200291216373444 315
1746678920315 0.6194819957017899 316
1746678922057 0.6213154643774033 317
1746678923676 0.6206531375646591 318
1746678925392 0.620393767952919 319
