1746677064387 0.6894250214099884 0
1746677065382 0.6894265860319138 1
1746677066535 0.6893828213214874 2
1746677067525 0.6893253177404404 3
1746677068677 0.6892532706260681 4
1746677069669 0.6892485022544861 5
1746677070813 0.6891767233610153 6
1746677071803 0.6891705989837646 7
1746677072965 0.6891029179096222 8
1746677073958 0.6890500485897064 9
1746677075104 0.6890214830636978 10
1746677076098 0.6889710128307343 11
1746677077085 0.6888952404260635 12
1746677078243 0.6888493150472641 13
1746677079392 0.6887981742620468 14
1746677080390 0.6887792348861694 15
1746677081537 0.6887750625610352 16
1746677082533 0.6887083649635315 17
1746677083680 0.6886529922485352 18
1746677084895 0.6886089891195297 19
1746677086045 0.6886041760444641 20
1746677087031 0.6884932518005371 21
1746677088185 0.6884893029928207 22
1746677089185 0.6884846240282059 23
1746677090350 0.6884070485830307 24
1746677091330 0.6883800327777863 25
1746677092471 0.6883412897586823 26
1746677093461 0.6882429271936417 27
1746677094606 0.6882606446743011 28
1746677095597 0.6882082223892212 29
1746677096752 0.6881308704614639 30
1746677097751 0.688117653131485 31
1746677098911 0.6880491375923157 32
1746677099892 0.6879613101482391 33
1746677101050 0.6879613101482391 34
1746677102063 0.687947690486908 35
1746677103057 0.6879115402698517 36
1746677104203 0.6878297626972198 37
1746677105579 0.6877782195806503 38
1746677106586 0.6877642124891281 39
1746677299643 0.6817677617073059 40
1746677301352 0.681748703122139 41
1746677302711 0.6816855669021606 42
1746677304025 0.6816045492887497 43
1746677305749 0.6815206110477448 44
1746677307089 0.681423231959343 45
1746677308812 0.6814189255237579 46
1746677310159 0.6813450306653976 47
1746677311879 0.6812879592180252 48
1746677313197 0.681251123547554 49
1746677314905 0.6811259388923645 50
1746677316265 0.6811366528272629 51
1746677317957 0.6810968518257141 52
1746677319318 0.6810294091701508 53
1746677320669 0.6809044033288956 54
1746677322401 0.6807842701673508 55
1746677323772 0.6808506995439529 56
1746677325500 0.680771604180336 57
1746677326835 0.6807260364294052 58
1746677328772 0.680636465549469 59
1746677330136 0.6806122660636902 60
1746677331503 0.6804752200841904 61
1746677333234 0.680451899766922 62
1746677334589 0.6804399788379669 63
1746677336294 0.6803494691848755 64
1746677337638 0.6802882999181747 65
1746677339373 0.6801555752754211 66
1746677340733 0.6801900565624237 67
1746677342487 0.6801500469446182 68
1746677343850 0.6800204068422318 69
1746677345205 0.6800386309623718 70
1746677346900 0.6798790395259857 71
1746677348234 0.6798370778560638 72
1746677349950 0.6797394156455994 73
1746677351313 0.6797009110450745 74
1746677353000 0.6796623319387436 75
1746677354336 0.6795598417520523 76
1746677356039 0.6795115172863007 77
1746677357647 0.6794563829898834 78
1746677359389 0.679418683052063 79
1746677547919 0.6700305789709091 80
1746677549644 0.6698013991117477 81
1746677551011 0.6698063760995865 82
1746677552771 0.6696460247039795 83
1746677554150 0.6694961190223694 84
1746677555837 0.6694492250680923 85
1746677557210 0.6693587750196457 86
1746677558573 0.6693144589662552 87
1746677560299 0.6692604124546051 88
1746677561707 0.6691699922084808 89
1746677563387 0.6691057533025742 90
1746677564771 0.6689054667949677 91
1746677566523 0.6688360273838043 92
1746677567911 0.6687968969345093 93
1746677569294 0.6687260866165161 94
1746677571013 0.6685687750577927 95
1746677572394 0.6684888601303101 96
1746677574121 0.6683240681886673 97
1746677575475 0.6681894063949585 98
1746677577507 0.6681838929653168 99
1746677578840 0.6680319011211395 100
1746677580561 0.6679165661334991 101
1746677581917 0.6680385917425156 102
1746677583289 0.6677208244800568 103
1746677585014 0.6677058339118958 104
1746677586390 0.6676135063171387 105
1746677588114 0.6675916016101837 106
1746677589464 0.6673953384160995 107
1746677591180 0.6674721986055374 108
1746677592564 0.6671043932437897 109
1746677594279 0.6673054248094559 110
1746677595641 0.6670003235340118 111
1746677597023 0.6669351756572723 112
1746677598756 0.6669451296329498 113
1746677600114 0.6666899919509888 114
1746677601847 0.6666439175605774 115
1746677603205 0.6668128669261932 116
1746677604953 0.6665560007095337 117
1746677606574 0.6664060652256012 118
1746677608277 0.6663005501031876 119
1746677798557 0.6535384356975555 120
1746677800261 0.6535889208316803 121
1746677801641 0.65354785323143 122
1746677802985 0.653292715549469 123
1746677804712 0.6532107591629028 124
1746677806100 0.6530007272958755 125
1746677807814 0.6531351506710052 126
1746677809194 0.6527887582778931 127
1746677810934 0.6528047621250153 128
1746677812317 0.652724415063858 129
1746677814100 0.6524887084960938 130
1746677815488 0.6523057371377945 131
1746677817224 0.652364507317543 132
1746677818590 0.6522408425807953 133
1746677819993 0.6520056277513504 134
1746677821730 0.6516576111316681 135
1746677823114 0.6519832462072372 136
1746677824832 0.6516032814979553 137
1746677826228 0.6517088413238525 138
1746677828228 0.6512204855680466 139
1746677829604 0.6511921435594559 140
1746677830971 0.6514226645231247 141
1746677832722 0.6509546637535095 142
1746677834120 0.6511250734329224 143
1746677835881 0.6506073623895645 144
1746677837218 0.6508135944604874 145
1746677838952 0.6506557911634445 146
1746677840329 0.6505855023860931 147
1746677842099 0.6502514630556107 148
1746677843475 0.6505109965801239 149
1746677844879 0.6502530425786972 150
1746677846584 0.6501356959342957 151
1746677847981 0.6501277983188629 152
1746677849698 0.6500115990638733 153
1746677851100 0.6497666537761688 154
1746677852846 0.649679645895958 155
1746677854244 0.6493473052978516 156
1746677855963 0.6491086632013321 157
1746677857606 0.6493324190378189 158
1746677859330 0.6489964723587036 159
1746678050308 0.6360567957162857 160
1746678051994 0.6361503005027771 161
1746678053366 0.6359934061765671 162
1746678055085 0.635793924331665 163
1746678056458 0.6357001513242722 164
1746678058174 0.6354027092456818 165
1746678059578 0.6358460485935211 166
1746678060947 0.634978398680687 167
1746678062692 0.6354247778654099 168
1746678064124 0.6349170356988907 169
1746678065830 0.6350790113210678 170
1746678067240 0.6348220109939575 171
1746678068988 0.6346336305141449 172
1746678070335 0.6350810676813126 173
1746678071730 0.6348585039377213 174
1746678073474 0.6348682194948196 175
1746678074891 0.6347819864749908 176
1746678076657 0.63446244597435 177
1746678078024 0.634288877248764 178
1746678079981 0.6347364336252213 179
1746678081316 0.6338784843683243 180
1746678083046 0.6341100186109543 181
1746678084365 0.6342357397079468 182
1746678085731 0.6338158845901489 183
1746678087456 0.6336871832609177 184
1746678088800 0.6333987712860107 185
1746678090521 0.6337559521198273 186
1746678091903 0.6331725716590881 187
1746678093623 0.6332758963108063 188
1746678095031 0.6329849064350128 189
1746678096850 0.6332048177719116 190
1746678098223 0.6330569684505463 191
1746678099606 0.6334327161312103 192
1746678101315 0.6329443603754044 193
1746678102688 0.6328683495521545 194
1746678104449 0.6328715234994888 195
1746678105818 0.6326355040073395 196
1746678107515 0.6322933435440063 197
1746678109127 0.6325674653053284 198
1746678110847 0.6321735978126526 199
1746678301206 0.6255219280719757 200
1746678302930 0.625338688492775 201
1746678304322 0.6253568381071091 202
1746678305701 0.6254948228597641 203
1746678307420 0.6252059787511826 204
1746678308834 0.6250991374254227 205
1746678310559 0.624695360660553 206
1746678311950 0.624855101108551 207
1746678313659 0.6250646114349365 208
1746678315056 0.6250502616167068 209
1746678316794 0.6251720488071442 210
1746678318168 0.6246012449264526 211
1746678319899 0.6247388571500778 212
1746678321254 0.6251340359449387 213
1746678322628 0.6251530945301056 214
1746678324347 0.6248424649238586 215
1746678325702 0.6246171146631241 216
1746678327440 0.6247480064630508 217
1746678328835 0.6244917660951614 218
1746678330826 0.6244558691978455 219
1746678332191 0.6246305108070374 220
1746678333556 0.624606192111969 221
1746678335293 0.6245870739221573 222
1746678336686 0.6244743019342422 223
1746678338437 0.6245184540748596 224
1746678339827 0.6240227669477463 225
1746678341552 0.6245582550764084 226
1746678342885 0.6239895075559616 227
1746678344632 0.6252214461565018 228
1746678346000 0.6241320669651031 229
1746678347351 0.6242546141147614 230
1746678349061 0.6241555958986282 231
1746678350444 0.6245597898960114 232
1746678352189 0.6243678629398346 233
1746678353549 0.6238988190889359 234
1746678355273 0.6240104287862778 235
1746678356643 0.624114602804184 236
1746678358399 0.623997151851654 237
1746678360024 0.6245277971029282 238
1746678361773 0.6239821463823318 239
1746678552049 0.6203206926584244 240
1746678553772 0.6210410296916962 241
1746678555162 0.6203824579715729 242
1746678556894 0.6207477301359177 243
1746678558306 0.6206179410219193 244
1746678560032 0.620851457118988 245
1746678561411 0.6207094490528107 246
1746678562765 0.6206817477941513 247
1746678564478 0.6206059157848358 248
1746678565821 0.6203577220439911 249
1746678567548 0.6210793703794479 250
1746678568935 0.6207595020532608 251
1746678570670 0.6202008426189423 252
1746678572071 0.6199648976325989 253
1746678573459 0.6209448724985123 254
1746678575207 0.6200526356697083 255
1746678576560 0.6205300092697144 256
1746678578295 0.6207448244094849 257
1746678579658 0.6202102452516556 258
1746678581689 0.6203568279743195 259
1746678583070 0.6207596361637115 260
1746678584780 0.6202120333909988 261
1746678586144 0.6203986406326294 262
1746678587511 0.6209431886672974 263
1746678589254 0.6205309927463531 264
1746678590634 0.620115265250206 265
1746678592358 0.6208819001913071 266
1746678593737 0.6200313568115234 267
1746678595476 0.6205604672431946 268
1746678596847 0.6200590580701828 269
1746678598559 0.6206421256065369 270
1746678599953 0.619762122631073 271
1746678601328 0.6204941421747208 272
1746678603067 0.6203361600637436 273
1746678604434 0.6205912381410599 274
1746678606159 0.6199720203876495 275
1746678607544 0.6205116957426071 276
1746678609288 0.620603084564209 277
1746678610915 0.6208732426166534 278
1746678612609 0.6203893423080444 279
1746678802730 0.6186275333166122 280
1746678804513 0.6187326461076736 281
1746678805874 0.6189347058534622 282
1746678807228 0.6193323135375977 283
1746678808951 0.6186094880104065 284
1746678810291 0.6185437142848969 285
1746678812007 0.6190796494483948 286
1746678813363 0.6191273629665375 287
1746678815090 0.6186557859182358 288
1746678816474 0.6192357093095779 289
1746678818228 0.619016632437706 290
1746678819615 0.6186163276433945 291
1746678821354 0.6183848232030869 292
1746678822733 0.6183669418096542 293
1746678824107 0.6189642250537872 294
1746678825845 0.6195070743560791 295
1746678827220 0.6194297522306442 296
1746678828970 0.6188903599977493 297
1746678830361 0.6191719323396683 298
1746678832345 0.6192599236965179 299
1746678833706 0.6184706687927246 300
1746678835088 0.6184290945529938 301
1746678836793 0.6184544414281845 302
1746678838186 0.6186443865299225 303
1746678839910 0.6188649237155914 304
1746678841270 0.6189297139644623 305
1746678843032 0.6188351958990097 306
1746678844386 0.6190587431192398 307
1746678846159 0.6182842254638672 308
1746678847522 0.6187721490859985 309
1746678848897 0.6186818033456802 310
1746678850630 0.618680328130722 311
1746678852020 0.6183243542909622 312
1746678853793 0.6182048171758652 313
1746678855165 0.6183369159698486 314
1746678856908 0.6187828630208969 315
1746678858288 0.6187344193458557 316
1746678860006 0.61808642745018 317
1746678861609 0.6188149154186249 318
1746678863326 0.6185082942247391 319
1746679055184 0.6178199201822281 320
1746679056923 0.6182400733232498 321
1746679058324 0.6181303858757019 322
1746679060081 0.6180674433708191 323
1746679061491 0.6173786371946335 324
1746679063216 0.6181564927101135 325
1746679064609 0.618056133389473 326
1746679065989 0.6179325133562088 327
1746679067721 0.6181657463312149 328
1746679069124 0.6181193441152573 329
1746679070850 0.6179575771093369 330
1746679072237 0.6180535852909088 331
1746679073968 0.6177303493022919 332
1746679075362 0.6176734268665314 333
1746679076758 0.6178524196147919 334
1746679078499 0.6175598204135895 335
1746679079899 0.6173934042453766 336
1746679081626 0.6173592209815979 337
1746679083022 0.6174770593643188 338
1746679085020 0.6180010437965393 339
1746679086394 0.6176841557025909 340
1746679088152 0.6177219152450562 341
1746679089510 0.6174598634243011 342
1746679090908 0.6184223741292953 343
1746679092680 0.617201179265976 344
1746679094056 0.6173483282327652 345
1746679095800 0.6179530322551727 346
1746679097192 0.6175525039434433 347
1746679098961 0.6180067360401154 348
1746679100323 0.617485836148262 349
1746679102086 0.6173812001943588 350
1746679103460 0.6181766092777252 351
1746679104831 0.6169773638248444 352
1746679106564 0.6177885085344315 353
1746679107977 0.6181824207305908 354
1746679109719 0.6179321855306625 355
