1746677064387 1e-05 0
1746677065382 1e-05 1
1746677066535 1e-05 2
1746677067525 1e-05 3
1746677068677 1e-05 4
1746677069669 1e-05 5
1746677070813 1e-05 6
1746677071803 1e-05 7
1746677072965 1e-05 8
1746677073958 1e-05 9
1746677075104 1e-05 10
1746677076098 1e-05 11
1746677077085 1e-05 12
1746677078243 1e-05 13
1746677079392 1e-05 14
1746677080390 1e-05 15
1746677081537 1e-05 16
1746677082533 1e-05 17
1746677083680 1e-05 18
1746677084895 1e-05 19
1746677086045 1e-05 20
1746677087031 1e-05 21
1746677088185 1e-05 22
1746677089185 1e-05 23
1746677090350 1e-05 24
1746677091330 1e-05 25
1746677092471 1e-05 26
1746677093461 1e-05 27
1746677094606 1e-05 28
1746677095597 1e-05 29
1746677096752 1e-05 30
1746677097751 1e-05 31
1746677098911 1e-05 32
1746677099892 1e-05 33
1746677101050 1e-05 34
1746677102063 1e-05 35
1746677103057 1e-05 36
1746677104203 1e-05 37
1746677105579 1e-05 38
1746677106586 1e-05 39
1746677299643 1e-05 40
1746677301352 1e-05 41
1746677302711 1e-05 42
1746677304025 1e-05 43
1746677305749 1e-05 44
1746677307089 1e-05 45
1746677308812 1e-05 46
1746677310159 1e-05 47
1746677311879 1e-05 48
1746677313197 1e-05 49
1746677314905 1e-05 50
1746677316265 1e-05 51
1746677317957 1e-05 52
1746677319318 1e-05 53
1746677320669 1e-05 54
1746677322401 1e-05 55
1746677323772 1e-05 56
1746677325500 1e-05 57
1746677326835 1e-05 58
1746677328772 1e-05 59
1746677330136 1e-05 60
1746677331503 1e-05 61
1746677333234 1e-05 62
1746677334589 1e-05 63
1746677336294 1e-05 64
1746677337638 1e-05 65
1746677339373 1e-05 66
1746677340733 1e-05 67
1746677342487 1e-05 68
1746677343850 1e-05 69
1746677345205 1e-05 70
1746677346900 1e-05 71
1746677348234 1e-05 72
1746677349950 1e-05 73
1746677351313 1e-05 74
1746677353000 1e-05 75
1746677354336 1e-05 76
1746677356039 1e-05 77
1746677357647 1e-05 78
1746677359389 1e-05 79
1746677547919 1e-05 80
1746677549644 1e-05 81
1746677551011 1e-05 82
1746677552771 1e-05 83
1746677554150 1e-05 84
1746677555837 1e-05 85
1746677557210 1e-05 86
1746677558573 1e-05 87
1746677560299 1e-05 88
1746677561707 1e-05 89
1746677563387 1e-05 90
1746677564771 1e-05 91
1746677566523 1e-05 92
1746677567911 1e-05 93
1746677569294 1e-05 94
1746677571013 1e-05 95
1746677572394 1e-05 96
1746677574121 1e-05 97
1746677575475 1e-05 98
1746677577507 1e-05 99
1746677578840 1e-05 100
1746677580561 1e-05 101
1746677581917 1e-05 102
1746677583289 1e-05 103
1746677585014 1e-05 104
1746677586390 1e-05 105
1746677588114 1e-05 106
1746677589464 1e-05 107
1746677591180 1e-05 108
1746677592564 1e-05 109
1746677594279 1e-05 110
1746677595641 1e-05 111
1746677597023 1e-05 112
1746677598756 1e-05 113
1746677600114 1e-05 114
1746677601847 1e-05 115
1746677603205 1e-05 116
1746677604953 1e-05 117
1746677606574 1e-05 118
1746677608277 1e-05 119
1746677798557 1e-05 120
1746677800261 1e-05 121
1746677801641 1e-05 122
1746677802985 1e-05 123
1746677804712 1e-05 124
1746677806100 1e-05 125
1746677807814 1e-05 126
1746677809194 1e-05 127
1746677810934 1e-05 128
1746677812317 1e-05 129
1746677814100 1e-05 130
1746677815488 1e-05 131
1746677817224 1e-05 132
1746677818590 1e-05 133
1746677819993 1e-05 134
1746677821730 1e-05 135
1746677823114 1e-05 136
1746677824832 1e-05 137
1746677826228 1e-05 138
1746677828228 1e-05 139
1746677829604 1e-05 140
1746677830971 1e-05 141
1746677832722 1e-05 142
1746677834120 1e-05 143
1746677835881 1e-05 144
1746677837218 1e-05 145
1746677838952 1e-05 146
1746677840329 1e-05 147
1746677842099 1e-05 148
1746677843475 1e-05 149
1746677844879 1e-05 150
1746677846584 1e-05 151
1746677847981 1e-05 152
1746677849698 1e-05 153
1746677851100 1e-05 154
1746677852846 1e-05 155
1746677854244 1e-05 156
1746677855963 1e-05 157
1746677857606 1e-05 158
1746677859330 1e-05 159
1746678050308 1e-05 160
1746678051994 1e-05 161
1746678053366 1e-05 162
1746678055085 1e-05 163
1746678056458 1e-05 164
1746678058174 1e-05 165
1746678059578 1e-05 166
1746678060947 1e-05 167
1746678062692 1e-05 168
1746678064124 1e-05 169
1746678065830 1e-05 170
1746678067240 1e-05 171
1746678068988 1e-05 172
1746678070335 1e-05 173
1746678071730 1e-05 174
1746678073474 1e-05 175
1746678074891 1e-05 176
1746678076657 1e-05 177
1746678078024 1e-05 178
1746678079981 1e-05 179
1746678081316 1e-05 180
1746678083046 1e-05 181
1746678084365 1e-05 182
1746678085731 1e-05 183
1746678087456 1e-05 184
1746678088800 1e-05 185
1746678090521 1e-05 186
1746678091903 1e-05 187
1746678093623 1e-05 188
1746678095031 1e-05 189
1746678096850 1e-05 190
1746678098223 1e-05 191
1746678099606 1e-05 192
1746678101315 1e-05 193
1746678102688 1e-05 194
1746678104449 1e-05 195
1746678105818 1e-05 196
1746678107515 1e-05 197
1746678109127 1e-05 198
1746678110847 1e-05 199
1746678301206 1e-05 200
1746678302930 1e-05 201
1746678304322 1e-05 202
1746678305701 1e-05 203
1746678307420 1e-05 204
1746678308834 1e-05 205
1746678310559 1e-05 206
1746678311950 1e-05 207
1746678313659 1e-05 208
1746678315056 1e-05 209
1746678316794 1e-05 210
1746678318168 1e-05 211
1746678319899 1e-05 212
1746678321254 1e-05 213
1746678322628 1e-05 214
1746678324347 1e-05 215
1746678325702 1e-05 216
1746678327440 5e-06 217
1746678328835 5e-06 218
1746678330826 5e-06 219
1746678332191 5e-06 220
1746678333556 5e-06 221
1746678335293 5e-06 222
1746678336686 5e-06 223
1746678338437 2.5e-06 224
1746678339827 2.5e-06 225
1746678341552 2.5e-06 226
1746678342885 2.5e-06 227
1746678344632 2.5e-06 228
1746678346000 2.5e-06 229
1746678347351 2.5e-06 230
1746678349061 1.25e-06 231
1746678350444 1.25e-06 232
1746678352189 1.25e-06 233
1746678353549 1.25e-06 234
1746678355273 1.25e-06 235
1746678356643 1.25e-06 236
1746678358399 1.25e-06 237
1746678360024 1.25e-06 238
1746678361773 1.25e-06 239
1746678552049 1e-05 240
1746678553772 1e-05 241
1746678555162 1e-05 242
1746678556894 1e-05 243
1746678558306 1e-05 244
1746678560032 1e-05 245
1746678561411 5e-06 246
1746678562765 5e-06 247
1746678564478 5e-06 248
1746678565821 5e-06 249
1746678567548 5e-06 250
1746678568935 5e-06 251
1746678570670 5e-06 252
1746678572071 5e-06 253
1746678573459 5e-06 254
1746678575207 5e-06 255
1746678576560 5e-06 256
1746678578295 5e-06 257
1746678579658 5e-06 258
1746678581689 2.5e-06 259
1746678583070 2.5e-06 260
1746678584780 2.5e-06 261
1746678586144 2.5e-06 262
1746678587511 2.5e-06 263
1746678589254 2.5e-06 264
1746678590634 1.25e-06 265
1746678592358 1.25e-06 266
1746678593737 1.25e-06 267
1746678595476 1.25e-06 268
1746678596847 1.25e-06 269
1746678598559 1.25e-06 270
1746678599953 1.25e-06 271
1746678601328 1.25e-06 272
1746678603067 1.25e-06 273
1746678604434 1.25e-06 274
1746678606159 1.25e-06 275
1746678607544 1.25e-06 276
1746678609288 6.25e-07 277
1746678610915 6.25e-07 278
1746678612609 6.25e-07 279
1746678802730 1e-05 280
1746678804513 1e-05 281
1746678805874 1e-05 282
1746678807228 1e-05 283
1746678808951 1e-05 284
1746678810291 1e-05 285
1746678812007 1e-05 286
1746678813363 1e-05 287
1746678815090 1e-05 288
1746678816474 1e-05 289
1746678818228 1e-05 290
1746678819615 5e-06 291
1746678821354 5e-06 292
1746678822733 5e-06 293
1746678824107 5e-06 294
1746678825845 5e-06 295
1746678827220 5e-06 296
1746678828970 5e-06 297
1746678830361 2.5e-06 298
1746678832345 2.5e-06 299
1746678833706 2.5e-06 300
1746678835088 2.5e-06 301
1746678836793 2.5e-06 302
1746678838186 2.5e-06 303
1746678839910 1.25e-06 304
1746678841270 1.25e-06 305
1746678843032 1.25e-06 306
1746678844386 1.25e-06 307
1746678846159 1.25e-06 308
1746678847522 1.25e-06 309
1746678848897 1.25e-06 310
1746678850630 1.25e-06 311
1746678852020 1.25e-06 312
1746678853793 1.25e-06 313
1746678855165 1.25e-06 314
1746678856908 1.25e-06 315
1746678858288 1.25e-06 316
1746678860006 1.25e-06 317
1746678861609 1.25e-06 318
1746678863326 1.25e-06 319
1746679055184 1e-05 320
1746679056923 1e-05 321
1746679058324 1e-05 322
1746679060081 1e-05 323
1746679061491 1e-05 324
1746679063216 1e-05 325
1746679064609 1e-05 326
1746679065989 1e-05 327
1746679067721 1e-05 328
1746679069124 1e-05 329
1746679070850 5e-06 330
1746679072237 5e-06 331
1746679073968 5e-06 332
1746679075362 5e-06 333
1746679076758 5e-06 334
1746679078499 5e-06 335
1746679079899 2.5e-06 336
1746679081626 2.5e-06 337
1746679083022 2.5e-06 338
1746679085020 2.5e-06 339
1746679086394 2.5e-06 340
1746679088152 2.5e-06 341
1746679089510 1.25e-06 342
1746679090908 1.25e-06 343
1746679092680 1.25e-06 344
1746679094056 1.25e-06 345
1746679095800 1.25e-06 346
1746679097192 1.25e-06 347
1746679098961 1.25e-06 348
1746679100323 1.25e-06 349
1746679102086 6.25e-07 350
1746679103460 6.25e-07 351
1746679104831 6.25e-07 352
1746679106564 6.25e-07 353
1746679107977 6.25e-07 354
1746679109719 6.25e-07 355
