1746678868500 2.223835751414299 0
1746678873816 2.2124317437410355 1
1746678879186 2.4681129306554794 2
1746678885067 2.1633233726024628 3
1746678890372 2.268041715025902 4
1746678895718 2.2845829129219055 5
1746678901065 2.2585710138082504 6
1746678906880 2.237278178334236 7
1746678912212 2.2234238237142563 8
1746678917536 2.2125577479600906 9
1746678923411 2.2037690579891205 10
1746678928746 2.1995668411254883 11
1746678934086 2.1946840584278107 12
1746678939388 2.189159169793129 13
1746678945226 2.1831312775611877 14
1746678950536 2.1771049797534943 15
1746678955870 2.1717564463615417 16
1746678961743 2.1695229411125183 17
1746678967036 2.1675910651683807 18
1746678972608 2.165868878364563 19
1746678978469 2.164171203970909 20
1746678983817 2.1622025221586227 21
1746678989189 2.1598338782787323 22
1746678994569 2.157132387161255 23
1746679000444 2.154216691851616 24
1746679005809 2.151431381702423 25
1746679011129 2.148872196674347 26
1746679017023 2.14651782810688 27
1746679022365 2.144274264574051 28
1746679027698 2.142051115632057 29
1746679033059 2.1397558450698853 30
1746679038996 2.1374748945236206 31
1746679044349 2.135445773601532 32
1746679049669 2.133700519800186 33
1746679055546 2.1321320831775665 34
1746679060926 2.1305253356695175 35
1746679066306 2.128946915268898 36
1746679071716 2.12768292427063 37
1746679077885 2.1267513632774353 38
1746679083266 2.125902622938156 39
