1746678431138 0.005 0
1746678436384 0.005 1
1746678441647 0.005 2
1746678446900 0.005 3
1746678452664 0.005 4
1746678457894 0.005 5
1746678463155 0.005 6
1746678468937 0.005 7
1746678474205 0.005 8
1746678479477 0.005 9
1746678484780 0.005 10
1746678490565 0.005 11
1746678495799 0.005 12
1746678501092 0.005 13
1746678506925 0.005 14
1746678512201 0.005 15
1746678517491 0.005 16
1746678522804 0.005 17
1746678528600 0.005 18
1746678534136 0.005 19
1746678539386 0.005 20
1746678545231 0.005 21
1746678550510 0.005 22
1746678555827 0.005 23
1746678561137 0.005 24
1746678566988 0.005 25
1746678572315 0.005 26
1746678577579 0.005 27
1746678583386 0.005 28
1746678588645 0.005 29
1746678593930 0.005 30
1746678599228 0.005 31
1746678605054 0.005 32
1746678610361 0.005 33
1746678615678 0.005 34
1746678621500 0.005 35
1746678626805 0.005 36
1746678632115 0.005 37
1746678638220 0.005 38
1746678643537 0.005 39
1746679315152 0.005 40
1746679320326 0.005 41
1746679325499 0.005 42
1746679330723 0.005 43
1746679335958 0.005 44
1746679341185 0.005 45
1746679346420 0.005 46
1746679351629 0.005 47
1746679356854 0.005 48
1746679362059 0.0025 49
1746679367285 0.0025 50
1746679372522 0.0025 51
1746679377761 0.0025 52
1746679383002 0.0025 53
1746679388229 0.0025 54
1746679393427 0.00125 55
1746679398638 0.00125 56
1746679403828 0.00125 57
1746679409049 0.00125 58
1746679414511 0.00125 59
1746679419752 0.00125 60
1746679424985 0.000625 61
1746679430220 0.000625 62
1746679435467 0.000625 63
1746679440722 0.000625 64
1746679445989 0.000625 65
1746679451223 0.000625 66
1746679456519 0.0003125 67
1746679461818 0.0003125 68
1746679467108 0.0003125 69
1746679472417 0.0003125 70
1746679477696 0.0003125 71
1746679482967 0.0003125 72
1746679488270 0.00015625 73
1746679493616 0.00015625 74
1746679498949 0.00015625 75
1746679504274 0.00015625 76
1746679509584 0.00015625 77
1746679515110 0.00015625 78
1746679520406 7.8125e-05 79
