1746678649135 0.005 0
1746678654473 0.005 1
1746678660309 0.005 2
1746678665624 0.005 3
1746678670924 0.005 4
1746678676792 0.005 5
1746678682102 0.0025 6
1746678687409 0.0025 7
1746678692680 0.0025 8
1746678698496 0.0025 9
1746678703785 0.0025 10
1746678709085 0.0025 11
1746678714923 0.00125 12
1746678720232 0.00125 13
1746678725537 0.00125 14
1746678730832 0.00125 15
1746678736620 0.00125 16
1746678741869 0.00125 17
1746678747152 0.000625 18
1746678753198 0.000625 19
1746678758437 0.000625 20
1746678763701 0.000625 21
1746678768938 0.000625 22
1746678774795 0.000625 23
1746678780115 0.0003125 24
1746678785396 0.0003125 25
1746678791215 0.0003125 26
1746678796500 0.0003125 27
1746678801820 0.0003125 28
1746678807153 0.0003125 29
1746678813072 0.00015625 30
1746678818440 0.00015625 31
1746678823810 0.00015625 32
1746678829656 0.00015625 33
1746678834984 0.00015625 34
1746678840334 0.00015625 35
1746678845707 7.8125e-05 36
1746678851583 7.8125e-05 37
1746678857128 7.8125e-05 38
1746678862410 7.8125e-05 39
1746679525978 0.005 40
1746679531285 0.005 41
1746679536595 0.005 42
1746679542544 0.005 43
1746679547262 0.005 44
1746679553199 0.005 45
1746679558500 0.005 46
1746679563789 0.005 47
1746679569098 0.005 48
1746679574422 0.0025 49
1746679579696 0.0025 50
1746679584988 0.0025 51
1746679590331 0.0025 52
1746679595692 0.0025 53
1746679601005 0.0025 54
1746679606337 0.00125 55
