1746679355969 0.6866676807403564 0
1746679375208 0.6852739453315735 19
1746679394502 0.6838374137878418 38
1746679519853 0.673402726650238 40
1746679538754 0.6715016961097717 59
1746679557620 0.6693941950798035 78
1746679682631 0.652015745639801 80
1746679701789 0.6487929224967957 99
1746679720835 0.6453648209571838 118
1746679846606 0.6190767884254456 120
1746679865807 0.6144551634788513 139
1746679884926 0.6096048951148987 158
1746680011386 0.5767236948013306 160
1746680030671 0.5720322132110596 179
1746680049778 0.566677987575531 198
1746680176278 0.5424011945724487 200
1746680195690 0.5392853617668152 219
1746680214917 0.5380886793136597 238
1746680341661 0.5203296542167664 240
1746680361056 0.5198530554771423 259
1746680380259 0.5192352533340454 278
1746680507078 0.5118321180343628 280
1746680526493 0.5098828077316284 299
1746680545676 0.5093944668769836 318
1746680672738 0.5021989345550537 320
1746680692169 0.5034939050674438 339
1746680711507 0.5034810304641724 358
1746680839062 0.4987953007221222 360
1746680858615 0.500887393951416 379
1746680877919 0.5008147954940796 398
1746681005405 0.49622660875320435 400
1746681024948 0.49928420782089233 419
1746681044316 0.49923577904701233 438
1746681172161 0.495501846075058 440
1746681191726 0.4987752437591553 459
1746681211101 0.49880120158195496 478
1746681339279 0.49432632327079773 480
1746681358936 0.49783965945243835 499
1746681378334 0.4980020225048065 518
1746681506600 0.49387240409851074 520
1746681526247 0.4972441792488098 539
1746681545775 0.497387558221817 558
1746681674147 0.49364519119262695 560
1746681693781 0.49724337458610535 579
1746681713234 0.4972602427005768 598
1746681842024 0.493805468082428 600
1746681861758 0.4969122111797333 619
1746681881306 0.49720025062561035 638
1746682009985 0.49903908371925354 640
1746682029612 0.4970637261867523 659
1746682049127 0.49713099002838135 678
1746682178420 0.4925594925880432 680
1746682198234 0.4969160556793213 699
1746682217880 0.497070848941803 718
1746682347403 0.4927338659763336 720
1746682367412 0.49719521403312683 739
1746682387297 0.4970707297325134 758
1746682517904 0.49306368827819824 760
1746682537881 0.49688926339149475 779
1746682557681 0.4972492456436157 798
1746682688247 0.4924637973308563 800
1746682708185 0.4975097179412842 819
1746682727944 0.49713680148124695 838
1746682858898 0.49530696868896484 840
1746682878968 0.4972755014896393 859
1746682898883 0.4972989559173584 878
1746683029231 0.49272623658180237 880
1746683049095 0.4969775080680847 899
1746683068923 0.49714455008506775 918
1746683199892 0.49248605966567993 920
1746683219840 0.4971855878829956 939
1746683239738 0.49731433391571045 958
1746683370996 0.49302953481674194 960
1746683391091 0.4971321225166321 979
1746683410999 0.4971030652523041 998
1746683541686 0.4968552589416504 1000
1746683561535 0.49707677960395813 1019
1746683581360 0.49721410870552063 1038
1746683712219 0.4928167462348938 1040
1746683732290 0.49718543887138367 1059
1746683752150 0.4971153736114502 1078
1746683883359 0.4931524395942688 1080
1746683903442 0.4971572756767273 1099
1746683923612 0.49751153588294983 1118
1746684056018 0.49249985814094543 1120
1746684076001 0.4975886344909668 1139
1746684095772 0.4975742697715759 1158
1746684227199 0.49261587858200073 1160
1746684247381 0.4971480071544647 1179
1746684267291 0.49727481603622437 1198
1746684398848 0.49397632479667664 1200
1746684418943 0.49769899249076843 1219
1746684438857 0.49765506386756897 1238
1746684570639 0.4925457537174225 1240
1746684590790 0.4972832500934601 1259
1746684610741 0.4974660575389862 1278
1746684742032 0.4927055835723877 1280
1746684762198 0.49716299772262573 1299
1746684782203 0.4974161982536316 1318
1746684913152 0.4922480583190918 1320
1746684933299 0.4977363646030426 1339
1746684953255 0.4974977970123291 1358
1746685084978 0.4928123950958252 1360
1746685105025 0.49763986468315125 1379
1746685125001 0.49766257405281067 1398
1746685256944 0.49293461441993713 1400
1746685277082 0.4978744685649872 1419
1746685297145 0.497991681098938 1438
1746685429120 0.4928857684135437 1440
1746685449377 0.49823543429374695 1459
1746685469414 0.4978816509246826 1478
1746685601355 0.4929298162460327 1480
1746685621558 0.49798691272735596 1499
1746685641566 0.49788957834243774 1518
1746685773416 0.4928942322731018 1520
1746685793664 0.4976401925086975 1539
1746685813686 0.4978286325931549 1558
1746685945582 0.49283188581466675 1560
1746685965660 0.4977293610572815 1579
1746685985466 0.49801671504974365 1598
1746686116734 0.4928785264492035 1600
1746686136851 0.4984748661518097 1619
1746686156791 0.4983157813549042 1638
1746686288720 0.4925548732280731 1640
1746686308819 0.4982726573944092 1659
1746686328794 0.4983430802822113 1678
1746686460168 0.49294576048851013 1680
1746686480323 0.49798810482025146 1699
1746686500327 0.4983186721801758 1718
1746686632115 0.49340617656707764 1720
1746686652259 0.49840283393859863 1739
1746686672257 0.49870073795318604 1758
1746686804003 0.493120938539505 1760
1746686824200 0.49864622950553894 1779
1746686844170 0.4986851215362549 1798
1746686975860 0.4955216944217682 1800
1746686995957 0.49851274490356445 1819
1746687015984 0.49869993329048157 1838
1746687148087 0.4949803650379181 1840
1746687168227 0.49870410561561584 1859
1746687188290 0.49886202812194824 1878
1746687320242 0.49489521980285645 1880
1746687340466 0.49842527508735657 1899
1746687360474 0.49889519810676575 1918
1746687492508 0.49497443437576294 1920
1746687512697 0.4988008439540863 1939
1746687532877 0.49882227182388306 1958
1746687665408 0.49530237913131714 1960
1746687685656 0.4985867440700531 1979
1746687705739 0.4987167716026306 1998
1746687837937 0.4945084750652313 2000
1746687858030 0.49876099824905396 2019
1746687877935 0.4988299012184143 2038
1746688009025 0.49572187662124634 2040
1746688029056 0.4985131323337555 2059
1746688048909 0.49869099259376526 2078
1746688179800 0.4957609474658966 2080
1746688199812 0.49874651432037354 2099
1746688219758 0.49860331416130066 2118
1746688351006 0.49601319432258606 2120
1746688371132 0.498915433883667 2139
1746688391289 0.4988248646259308 2158
1746688523438 0.4959600567817688 2160
1746688543764 0.4990023374557495 2179
1746688563839 0.4988000988960266 2198
1746688696166 0.4961964190006256 2200
1746688716360 0.49880751967430115 2219
1746688736406 0.4988000988960266 2238
1746688868709 0.4979152977466583 2240
1746688888986 0.49875155091285706 2259
1746688909085 0.49883419275283813 2278
1746689041102 0.49676600098609924 2280
1746689061271 0.4984045922756195 2299
1746689081232 0.49847742915153503 2318
1746689212932 0.49669894576072693 2320
1746689232972 0.4986686110496521 2339
1746689252959 0.49875229597091675 2358
1746689384370 0.4971229135990143 2360
1746689404609 0.49840307235717773 2379
1746689424600 0.4986005425453186 2398
1746689557098 0.4971195161342621 2400
1746689577339 0.49882012605667114 2419
1746689597457 0.4989006817340851 2438
1746689729538 0.49682140350341797 2440
1746689749848 0.498790442943573 2459
1746689770016 0.4986500144004822 2478
1746689902555 0.4967593848705292 2480
1746689922844 0.49876439571380615 2499
1746689942902 0.4988328516483307 2518
1746690075328 0.4978373944759369 2520
1746690095649 0.49857306480407715 2539
1746690115757 0.498590886592865 2558
1746690248448 0.49762871861457825 2560
1746690268728 0.49854961037635803 2579
1746690288853 0.4986785650253296 2598
1746690421325 0.49804577231407166 2600
1746690441596 0.4986523985862732 2619
1746690461813 0.4987245798110962 2638
1746690594283 0.49730902910232544 2640
1746690614542 0.4982832670211792 2659
1746690634643 0.4983940124511719 2678
1746690767456 0.4972913861274719 2680
1746690787750 0.4983276128768921 2699
1746690807923 0.4984930157661438 2718
1746690940692 0.4972982108592987 2720
1746690960878 0.49824896454811096 2739
1746690980966 0.49835705757141113 2758
1746691113867 0.4987640976905823 2760
1746691134146 0.49869653582572937 2779
1746691154309 0.4987598657608032 2798
1746691287362 0.49804016947746277 2800
1746691307941 0.49838802218437195 2819
1746691328012 0.4985778331756592 2838
1746691461136 0.49789777398109436 2840
1746691481522 0.4984268248081207 2859
1746691501649 0.49848905205726624 2878
1746691634604 0.4976998269557953 2880
1746691654975 0.4982137382030487 2899
1746691675109 0.4982977509498596 2918
1746691808224 0.4979194700717926 2920
1746691828550 0.498288094997406 2939
1746691848639 0.4983375370502472 2958
1746691981069 0.4977126717567444 2960
1746692001278 0.4982222318649292 2979
1746692021398 0.49832284450531006 2998
1746692153522 0.49829673767089844 3000
1746692173716 0.4985392689704895 3019
1746692193774 0.4985840320587158 3038
1746692325863 0.4980323612689972 3040
1746692346092 0.4982823133468628 3059
1746692366138 0.4983271360397339 3078
1746692499170 0.4977608919143677 3080
1746692519592 0.4981401860713959 3099
1746692539830 0.49818649888038635 3118
1746692673222 0.49788907170295715 3120
1746692693497 0.4982033371925354 3139
1746692713538 0.498268187046051 3158
1746692846915 0.49785932898521423 3160
1746692867211 0.4981388747692108 3179
1746692887224 0.49819326400756836 3198
1746693020121 0.4978771209716797 3200
1746693040571 0.4981294572353363 3219
1746693060660 0.4981953501701355 3238
1746693193829 0.49823272228240967 3240
1746693214249 0.49849939346313477 3259
1746693234489 0.49852225184440613 3278
1746693369650 0.49805182218551636 3280
1746693389828 0.49835947155952454 3299
1746693409877 0.49835360050201416 3318
1746693542692 0.49785763025283813 3320
1746693563100 0.49815770983695984 3339
1746693583388 0.49818551540374756 3358
1746693716434 0.4977957308292389 3360
1746693736814 0.4981686770915985 3379
1746693756909 0.49817559123039246 3398
1746693889412 0.497766375541687 3400
1746693909776 0.49814969301223755 3419
1746693930035 0.49819186329841614 3438
1746694063565 0.4978438913822174 3440
1746694083973 0.49820825457572937 3459
1746694104185 0.4982750713825226 3478
1746694236448 0.4979971647262573 3480
1746694256683 0.49835339188575745 3499
1746694276695 0.4984101951122284 3518
1746694408684 0.4979689419269562 3520
1746694428885 0.4983592629432678 3539
1746694448859 0.4983789920806885 3558
1746694581009 0.49804168939590454 3560
1746694601220 0.4983987808227539 3579
1746694621249 0.49839311838150024 3598
1746694753232 0.4980381429195404 3600
1746694773457 0.4984017610549927 3619
1746694793461 0.49841755628585815 3638
1746694925638 0.4980625510215759 3640
1746694945812 0.49839797616004944 3659
1746694965853 0.4984154999256134 3678
1746695098196 0.4980190396308899 3680
1746695118422 0.49840646982192993 3699
1746695138489 0.4984048902988434 3718
1746695270607 0.49809449911117554 3720
1746695290851 0.4984613060951233 3739
1746695310941 0.4984602928161621 3758
1746695443254 0.4980946183204651 3760
1746695463451 0.49844270944595337 3779
1746695483468 0.49845147132873535 3798
1746695615537 0.4980728030204773 3800
1746695635749 0.49846547842025757 3819
1746695655830 0.4984976649284363 3838
1746695787959 0.4980469048023224 3840
1746695808125 0.4984497129917145 3859
1746695828185 0.4984797239303589 3878
1746695960120 0.49807778000831604 3880
1746695980289 0.49846142530441284 3899
1746696000361 0.4984671175479889 3918
1746696132619 0.4980891942977905 3920
1746696152891 0.498491495847702 3939
1746696172963 0.4984911382198334 3958
1746696305124 0.4980522692203522 3960
1746696325340 0.4984644055366516 3979
1746696345385 0.49849170446395874 3998
