1747304769730 0.164 0
1747304887277 0.163 19
1747304973602 0.1612 38
1747305529158 0.1606 40
1747305612210 0.1544 59
1747305695902 0.1506 78
1747306245153 0.1506 80
1747306329011 0.1494 99
1747306412547 0.1502 118
1747306962143 0.1564 120
1747307045526 0.1696 139
1747307160497 0.1782 158
1747307718227 0.1786 160
1747307802178 0.1912 179
1747307886976 0.1988 198
1747308448879 0.1966 200
1747308534700 0.204 219
1747308620711 0.202 238
1747309183369 0.2028 240
1747309269565 0.2006 259
1747309355768 0.2034 278
1747309921824 0.2038 280
1747310008418 0.2076 299
1747310095544 0.209 318
1747310662371 0.211 320
1747310748162 0.21 339
1747310833733 0.2092 358
1747311404386 0.2102 360
1747311490307 0.213 379
1747311576429 0.2126 398
1747312144425 0.2146 400
1747312231070 0.213 419
1747312317843 0.2168 438
1747312886650 0.215 440
1747312973393 0.2178 459
1747313060109 0.2176 478
1747313631157 0.2168 480
1747313718056 0.2182 499
1747313804862 0.218 518
1747314377177 0.2178 520
1747314464613 0.2194 539
1747314551898 0.2206 558
1747315124336 0.2184 560
1747315210494 0.2184 579
1747315296131 0.219 598
1747315867869 0.2192 600
1747315954942 0.2184 619
1747316041729 0.2212 638
1747316614006 0.2188 640
1747316700693 0.2178 659
1747316787486 0.2214 678
1747317360065 0.2208 680
1747317447480 0.2192 699
1747317534431 0.2212 718
1747318107750 0.2198 720
1747318194576 0.2188 739
1747318281671 0.222 758
1747318852500 0.219 760
1747318939604 0.218 779
1747319026596 0.2224 798
1747319601319 0.2192 800
1747319688229 0.2188 819
1747319775761 0.2224 838
1747320344685 0.2194 840
1747320431490 0.2194 859
1747320518750 0.2228 878
1747321088741 0.2194 880
1747321176096 0.2202 899
1747321263528 0.2234 918
1747321834281 0.2208 920
1747321921142 0.2218 939
1747322007913 0.2228 958
1747322578657 0.22 960
1747322665226 0.2216 979
1747322752032 0.2228 998
1747323324613 0.221 1000
1747323411819 0.2234 1019
1747323498914 0.2224 1038
1747324069435 0.2214 1040
1747324156526 0.222 1059
1747324243390 0.2234 1078
1747324815526 0.222 1080
1747324902367 0.2236 1099
1747324989346 0.2252 1118
1747325564036 0.2218 1120
1747325651384 0.2272 1139
1747325738639 0.2278 1158
1747326312933 0.2232 1160
1747326400598 0.228 1179
1747326487830 0.2288 1198
1747327062572 0.227 1200
1747327150375 0.2298 1219
1747327238137 0.228 1238
1747327815192 0.2302 1240
1747327903030 0.2298 1259
1747327990252 0.229 1278
1747328565990 0.2298 1280
1747328654026 0.2306 1299
1747328742173 0.2302 1318
1747329314408 0.2324 1320
1747329401533 0.2334 1339
1747329488653 0.2338 1358
1747330062051 0.234 1360
1747330149160 0.2362 1379
1747330236701 0.2378 1398
1747330804211 0.2364 1400
1747330890129 0.2396 1419
1747330976152 0.2408 1438
1747331550725 0.2408 1440
1747331638495 0.2422 1459
1747331724851 0.2418 1478
1747332292105 0.243 1480
1747332377817 0.2406 1499
1747332463634 0.244 1518
1747333039652 0.2454 1520
1747333127514 0.2444 1539
1747333215895 0.2458 1558
1747333795762 0.2464 1560
1747333884650 0.2454 1579
1747333973063 0.2478 1598
1747334552571 0.2464 1600
1747334639741 0.2452 1619
1747334728050 0.2486 1638
1747335303867 0.2476 1640
1747335391751 0.248 1659
1747335479823 0.2484 1678
1747336053475 0.2472 1680
1747336141634 0.249 1699
1747336229201 0.247 1718
1747336805914 0.2472 1720
1747336893856 0.2464 1739
1747336981663 0.2474 1758
1747337562396 0.2452 1760
1747337648858 0.247 1779
1747337735558 0.2486 1798
1747338304107 0.2456 1800
1747338390357 0.2462 1819
1747338476823 0.2464 1838
1747339045077 0.245 1840
1747339131373 0.2456 1859
1747339217837 0.2462 1878
1747339787693 0.245 1880
1747339874148 0.2466 1899
1747339960324 0.246 1918
1747340528699 0.2478 1920
