1747304769730 2.2992411851882935 0
1747304887277 2.296152114868164 19
1747304973602 2.292632579803467 38
1747305529158 2.290569305419922 40
1747305612210 2.286129117012024 59
1747305695902 2.281247138977051 78
1747306245153 2.280351161956787 80
1747306329011 2.2747994661331177 99
1747306412547 2.26838481426239 118
1747306962143 2.267183303833008 120
1747307045526 2.259907841682434 139
1747307160497 2.25157630443573 158
1747307718227 2.2501896619796753 160
1747307802178 2.241065740585327 179
1747307886976 2.231123208999634 198
1747308448879 2.229786992073059 200
1747308534700 2.218906879425049 219
1747308620711 2.2074776887893677 238
1747309183369 2.2063069343566895 240
1747309269565 2.1941546201705933 259
1747309355768 2.1822086572647095 278
1747309921824 2.1822508573532104 280
1747310008418 2.169588327407837 299
1747310095544 2.157601475715637 318
1747310662371 2.1585049629211426 320
1747310748162 2.1460189819335938 339
1747310833733 2.134542226791382 358
1747311404386 2.1367026567459106 360
1747311490307 2.124959349632263 379
1747311576429 2.1146329641342163 398
1747312144425 2.116946220397949 400
1747312231070 2.1068809032440186 419
1747312317843 2.0980483293533325 438
1747312886650 2.0994495153427124 440
1747312973393 2.091947913169861 459
1747313060109 2.085375189781189 478
1747313631157 2.0856809616088867 480
1747313718056 2.0802502632141113 499
1747313804862 2.0751185417175293 518
1747314377177 2.0760629177093506 520
1747314464613 2.0712687969207764 539
1747314551898 2.0674339532852173 558
1747315124336 2.07511043548584 560
1747315210494 2.0704425573349 579
1747315296131 2.066174864768982 598
1747315867869 2.0744645595550537 600
1747315954942 2.0703225135803223 619
1747316041729 2.0666085481643677 638
1747316614006 2.0741121768951416 640
1747316700693 2.0703667402267456 659
1747316787486 2.0663760900497437 678
1747317360065 2.0729081630706787 680
1747317447480 2.069112539291382 699
1747317534431 2.0654574632644653 718
1747318107750 2.0725420713424683 720
1747318194576 2.0687038898468018 739
1747318281671 2.0650858879089355 758
1747318852500 2.0715914964675903 760
1747318939604 2.06843364238739 779
1747319026596 2.0648127794265747 798
1747319601319 2.071160316467285 800
1747319688229 2.067566990852356 819
1747319775761 2.064070224761963 838
1747320344685 2.0709407329559326 840
1747320431490 2.0672398805618286 859
1747320518750 2.063612937927246 878
1747321088741 2.0709348917007446 880
1747321176096 2.0669069290161133 899
1747321263528 2.0632336139678955 918
1747321834281 2.0694761276245117 920
1747321921142 2.0655959844589233 939
1747322007913 2.06188702583313 958
1747322578657 2.069095492362976 960
1747322665226 2.0652605295181274 979
1747322752032 2.061642646789551 998
1747323324613 2.065804958343506 1000
1747323411819 2.062210202217102 1019
1747323498914 2.058559775352478 1038
1747324069435 2.063897132873535 1040
1747324156526 2.059656858444214 1059
1747324243390 2.055890679359436 1078
1747324815526 2.0609887838363647 1080
1747324902367 2.057501792907715 1099
1747324989346 2.054143190383911 1118
1747325564036 2.0571696758270264 1120
1747325651384 2.0539878606796265 1139
1747325738639 2.051169276237488 1158
1747326312933 2.053686261177063 1160
1747326400598 2.0506092309951782 1179
1747326487830 2.0479010343551636 1198
1747327062572 2.052579641342163 1200
1747327150375 2.0495495796203613 1219
1747327238137 2.046784996986389 1238
1747327815192 2.0506656169891357 1240
1747327903030 2.047611713409424 1259
1747327990252 2.044842839241028 1278
1747328565990 2.0478930473327637 1280
1747328654026 2.0445146560668945 1299
1747328742173 2.041779041290283 1318
1747329314408 2.044393539428711 1320
1747329401533 2.040984869003296 1339
1747329488653 2.0380779504776 1358
1747330062051 2.040149211883545 1360
1747330149160 2.036831021308899 1379
1747330236701 2.0339337587356567 1398
1747330804211 2.035938024520874 1400
1747330890129 2.0325798988342285 1419
1747330976152 2.0298712253570557 1438
1747331550725 2.0326205492019653 1440
1747331638495 2.0292640924453735 1459
1747331724851 2.0263166427612305 1478
1747332292105 2.0291128158569336 1480
1747332377817 2.025680899620056 1499
1747332463634 2.022664189338684 1518
1747333039652 2.025203585624695 1520
1747333127514 2.021806240081787 1539
1747333215895 2.0193921327590942 1558
1747333795762 2.0214967727661133 1560
1747333884650 2.0185725688934326 1579
1747333973063 2.016347050666809 1598
1747334552571 2.018491268157959 1600
1747334639741 2.015591025352478 1619
1747334728050 2.0138540267944336 1638
1747335303867 2.0159852504730225 1640
1747335391751 2.013184666633606 1659
1747335479823 2.011647880077362 1678
1747336053475 2.0131092071533203 1680
1747336141634 2.0102487802505493 1699
1747336229201 2.008932650089264 1718
1747336805914 2.010615885257721 1720
1747336893856 2.0087072253227234 1739
1747336981663 2.0069910883903503 1758
1747337562396 2.009293258190155 1760
1747337648858 2.0080575346946716 1779
1747337735558 2.0060929656028748 1798
1747338304107 2.0081711411476135 1800
1747338390357 2.0077067017555237 1819
1747338476823 2.0068883299827576 1838
1747339045077 2.0064032077789307 1840
1747339131373 2.0087063312530518 1859
1747339217837 2.0074694752693176 1878
1747339787693 2.0051130056381226 1880
1747339874148 2.009381353855133 1899
1747339960324 2.0077178478240967 1918
1747340528699 2.004118323326111 1920
