1747887348018 0.104 0
1747887807644 0.1312 1
1747888259565 0.185 2
1747888721412 0.2364 3
1747889187343 0.2388 4
1747889658686 0.25 5
1747890135393 0.2386 6
1747890617435 0.2326 7
1747891100747 0.2344 8
1747891591048 0.237 9
1747892082751 0.231 10
1747892575982 0.2404 11
1747893067482 0.2422 12
1747893560625 0.283 13
1747894064230 0.28 14
1747894559773 0.2784 15
1747895087462 0.281 16
1747895753202 0.285 17
1747896432309 0.2886 18
1747897114340 0.2912 19
1747897798721 0.2944 20
1747898477007 0.292 21
1747899155148 0.2942 22
1747899835985 0.2964 23
1747900518396 0.2962 24
1747901200080 0.2964 25
1747901884925 0.2968 26
1747902568694 0.2988 27
1747903250712 0.3012 28
1747903934817 0.2998 29
1747904635701 0.3014 30
1747905316658 0.3006 31
1747905998453 0.3012 32
1747906683522 0.3006 33
1747907366970 0.3008 34
1747908056426 0.303 35
1747908743535 0.3044 36
1747909426640 0.3048 37
1747910105233 0.3038 38
1747910783728 0.3046 39
1747911458627 0.306 40
1747912137394 0.305 41
1747912814025 0.3088 42
1747913489494 0.3114 43
1747914165971 0.3112 44
1747914845373 0.3116 45
1747915523952 0.3114 46
1747916218819 0.3132 47
1747916902188 0.3146 48
1747917584458 0.3144 49
1747918265837 0.3152 50
1747918950502 0.316 51
1747919634832 0.3166 52
1747920319058 0.3188 53
1747921017523 0.3178 54
1747921701866 0.318 55
1747922395397 0.3208 56
1747923092042 0.3228 57
1747923773351 0.3246 58
1747924457330 0.329 59
1747925141123 0.3306 60
1747925839882 0.3328 61
1747926547932 0.3328 62
1747927218872 0.3342 63
1747927885983 0.335 64
1747928552209 0.3346 65
1747929216973 0.3374 66
1747929882987 0.3392 67
1747930547216 0.3388 68
1747931213006 0.3408 69
1747931875887 0.3416 70
1747932543764 0.3456 71
1747933225885 0.3486 72
1747933875106 0.3504 73
1747934494455 0.3518 74
1747935118511 0.3548 75
1747935744437 0.3558 76
1747936381255 0.3566 77
1747937013733 0.3576 78
1747937645091 0.358 79
1747938293330 0.3592 80
1747938920265 0.3604 81
1747939542119 0.3608 82
1747940169204 0.3616 83
1747940793232 0.363 84
1747941418643 0.3654 85
1747942044014 0.37 86
1747942666488 0.3722 87
1747943281791 0.3726 88
1747943905223 0.3734 89
1747944529465 0.3716 90
1747945156999 0.3758 91
1747945800947 0.3764 92
1747946432976 0.3764 93
1747947058751 0.3776 94
1747947684242 0.3772 95
1747948312305 0.3768 96
1747948943233 0.3768 97
1747949583380 0.3786 98
1747950214337 0.3798 99
1747950834197 0.3796 100
1747951463752 0.3796 101
1747952094115 0.3796 102
1747952716547 0.382 103
1747953344903 0.3818 104
1747953978563 0.3884 105
1747954598021 0.3922 106
1747955223898 0.3948 107
1747955859132 0.393 108
1747956498361 0.3968 109
1747957138260 0.3962 110
1747957773154 0.3936 111
1747958401154 0.396 112
1747959029887 0.3896 113
1747959649940 0.392 114
1747960270192 0.3972 115
1747960894852 0.4168 116
1747961517635 0.4172 117
1747962137463 0.4172 118
1747962762611 0.4194 119
1747963391695 0.4192 120
1747964023842 0.4202 121
1747964645271 0.418 122
1747965266782 0.4178 123
1747965889755 0.417 124
1747966520489 0.417 125
1747967148693 0.4164 126
1747967778850 0.4162 127
1747968401750 0.416 128
1747969018840 0.4158 129
1747969641016 0.4146 130
1747970262117 0.4142 131
1747970893792 0.4156 132
1747971516978 0.414 133
1747972167619 0.4138 134
1747972820588 0.413 135
1747973468256 0.4126 136
