1747887348018 2.307952404022217 0
1747887807644 2.45249605178833 1
1747888259565 2.1326937675476074 2
1747888721412 2.037261724472046 3
1747889187343 2.009981095790863 4
1747889658686 2.0024308562278748 5
1747890135393 2.000308930873871 6
1747890617435 2.0144463777542114 7
1747891100747 2.007736623287201 8
1747891591048 2.01524817943573 9
1747892082751 2.0477970838546753 10
1747892575982 2.027997851371765 11
1747893067482 2.0225045680999756 12
1747893560625 1.9380583763122559 13
1747894064230 1.9356619715690613 14
1747894559773 1.9364603757858276 15
1747895087462 1.9311153888702393 16
1747895753202 1.9261518120765686 17
1747896432309 1.9215132594108582 18
1747897114340 1.9178377389907837 19
1747897798721 1.9141125082969666 20
1747898477007 1.911247968673706 21
1747899155148 1.9083870649337769 22
1747899835985 1.9058753848075867 23
1747900518396 1.906019389629364 24
1747901200080 1.9049805402755737 25
1747901884925 1.9040356874465942 26
1747902568694 1.9031265377998352 27
1747903250712 1.9000906944274902 28
1747903934817 1.8991568088531494 29
1747904635701 1.8980462551116943 30
1747905316658 1.8985010385513306 31
1747905998453 1.8993310332298279 32
1747906683522 1.90045964717865 33
1747907366970 1.9011114835739136 34
1747908056426 1.9025148153305054 35
1747908743535 1.8953816294670105 36
1747909426640 1.8955117464065552 37
1747910105233 1.89084792137146 38
1747910783728 1.8906012177467346 39
1747911458627 1.89038747549057 40
1747912137394 1.889220952987671 41
1747912814025 1.8856679201126099 42
1747913489494 1.8847909569740295 43
1747914165971 1.8832494616508484 44
1747914845373 1.883930742740631 45
1747915523952 1.882839024066925 46
1747916218819 1.880567729473114 47
1747916902188 1.8800183534622192 48
1747917584458 1.8789222836494446 49
1747918265837 1.8783469796180725 50
1747918950502 1.876840054988861 51
1747919634832 1.875451385974884 52
1747920319058 1.8734511733055115 53
1747921017523 1.871205449104309 54
1747921701866 1.8680590987205505 55
1747922395397 1.863889455795288 56
1747923092042 1.857687771320343 57
1747923773351 1.8489646315574646 58
1747924457330 1.8392765522003174 59
1747925141123 1.8329367637634277 60
1747925839882 1.8293331265449524 61
1747926547932 1.824034571647644 62
1747927218872 1.8164640069007874 63
1747927885983 1.8073368072509766 64
1747928552209 1.798997402191162 65
1747929216973 1.793529212474823 66
1747929882987 1.7894791960716248 67
1747930547216 1.785323441028595 68
1747931213006 1.7812972664833069 69
1747931875887 1.777051568031311 70
1747932543764 1.7734869718551636 71
1747933225885 1.7703726887702942 72
1747933875106 1.7675449848175049 73
1747934494455 1.7645087242126465 74
1747935118511 1.7615678906440735 75
1747935744437 1.7586710453033447 76
1747936381255 1.7558156251907349 77
1747937013733 1.752793550491333 78
1747937645091 1.7501603960990906 79
1747938293330 1.7471237182617188 80
1747938920265 1.7443962693214417 81
1747939542119 1.7414599061012268 82
1747940169204 1.7385356426239014 83
1747940793232 1.7356463074684143 84
1747941418643 1.732522964477539 85
1747942044014 1.7277901768684387 86
1747942666488 1.721518874168396 87
1747943281791 1.716718316078186 88
1747943905223 1.7120453119277954 89
1747944529465 1.7082674503326416 90
1747945156999 1.70521080493927 91
1747945800947 1.7029787302017212 92
1747946432976 1.701101303100586 93
1747947058751 1.6994268894195557 94
1747947684242 1.697823405265808 95
1747948312305 1.6964719891548157 96
1747948943233 1.6954795718193054 97
1747949583380 1.694156527519226 98
1747950214337 1.691890001296997 99
1747950834197 1.6904599070549011 100
1747951463752 1.6912128329277039 101
1747952094115 1.6889742016792297 102
1747952716547 1.6855658292770386 103
1747953344903 1.6814703941345215 104
1747953978563 1.6812129616737366 105
1747954598021 1.6781535744667053 106
1747955223898 1.6749215126037598 107
1747955859132 1.6761694550514221 108
1747956498361 1.6727850437164307 109
1747957138260 1.6735491752624512 110
1747957773154 1.6773237586021423 111
1747958401154 1.6826788783073425 112
1747959029887 1.6987140774726868 113
1747959649940 1.6948570013046265 114
1747960270192 1.686957836151123 115
1747960894852 1.6327651739120483 116
1747961517635 1.630893588066101 117
1747962137463 1.6293092370033264 118
1747962762611 1.6276037096977234 119
1747963391695 1.626537799835205 120
1747964023842 1.6257641315460205 121
1747964645271 1.624946415424347 122
1747965266782 1.623888373374939 123
1747965889755 1.6228604316711426 124
1747966520489 1.622175931930542 125
1747967148693 1.621641457080841 126
1747967778850 1.6209012866020203 127
1747968401750 1.6203625798225403 128
1747969018840 1.6201626658439636 129
1747969641016 1.6199995279312134 130
1747970262117 1.6195420622825623 131
1747970893792 1.619392991065979 132
1747971516978 1.619090974330902 133
1747972167619 1.6187655329704285 134
1747972820588 1.6183910965919495 135
1747973468256 1.6177444458007812 136
