1751911804184 1.0 0
1751916496660 0.0009765625 1
1751921193419 0.03125 2
1751926039948 0.0009765625 3
1751930869221 0.0078125 4
1751935697985 0.0078125 5
1751940579226 0.0009765625 6
1751945570223 0.0009765625 7
1751950472520 0.00390625 8
1751955445893 0.0009765625 9
1751960415158 0.015625 10
1751965377856 0.0009765625 11
1751970518302 0.0009765625 12
1751975620241 0.0009765625 13
1751980739723 0.0009765625 14
1751985800326 0.0078125 15
1751990951734 0.0009765625 16
1751996059374 0.001953125 17
1752001192694 0.0009765625 18
1752006334299 0.0009765625 19
1752011511870 0.0009765625 20
1752016651914 0.00390625 21
1752021829358 0.0009765625 22
1752027004394 0.0009765625 23
1752032173325 0.0009765625 24
1752037358610 0.001953125 25
1752042539763 0.0009765625 26
1752047715060 0.0009765625 27
1752052903882 0.0009765625 28
1752058124966 0.0009765625 29
1752063328209 0.0009765625 30
1752068524443 0.0009765625 31
1752073733228 0.0009765625 32
1752078939696 0.0009765625 33
