1751913270601 1.0 0
1751918005228 0.25 1
1751922725926 0.125 2
1751927579821 0.125 3
1751932408118 0.125 4
1751937235823 0.125 5
1751942144469 0.0625 6
1751947135344 0.0625 7
1751952055507 0.03125 8
1751957015459 0.0625 9
1751961996598 0.0625 10
1751967051672 0.0009765625 11
1751972195971 0.001953125 12
1751977277150 0.00390625 13
1751982372411 0.0078125 14
1751987480776 0.0009765625 15
1751992589570 0.0078125 16
1751997716685 0.00390625 17
1752002855738 0.00390625 18
1752008017142 0.0009765625 19
1752013193043 0.0009765625 20
1752018337855 0.0009765625 21
1752023517957 0.001953125 22
1752028689854 0.0009765625 23
1752033864508 0.0009765625 24
1752039048495 0.0009765625 25
1752044228002 0.0009765625 26
1752049406075 0.0009765625 27
1752054614467 0.0009765625 28
1752059816018 0.0009765625 29
1752065019669 0.0009765625 30
1752070222485 0.0009765625 31
1752075429694 0.0009765625 32
1752080636063 0.0009765625 33
