1750863915635 0.3656 0
1750866148210 0.417 1
1750868576141 0.4272 2
1750871015605 0.4342 3
1750873367963 0.4398 4
1750875710264 0.4456 5
1750878111053 0.4534 6
1750880541455 0.4544 7
1750882982005 0.453 8
1750885323287 0.4594 9
1750887687286 0.4578 10
1750890125505 0.4594 11
1750892561066 0.4582 12
1750894970078 0.4586 13
1750897301270 0.4624 14
1750899659490 0.4632 15
1750902126622 0.4682 16
1750904585405 0.4708 17
1750906994593 0.4724 18
1750909342991 0.4676 19
1750911710500 0.4688 20
1750914159322 0.4758 21
1750916598016 0.4708 22
1750918989588 0.4698 23
1750921344390 0.4744 24
1750923713534 0.4758 25
1750926145650 0.4764 26
1750928585845 0.4756 27
1750930973529 0.4756 28
1750933330615 0.4804 29
1750935846472 0.4824 30
1750938300550 0.4798 31
1750940782368 0.484 32
1750943140660 0.4782 33
1750945596512 0.4812 34
1750948029073 0.4798 35
1750950470120 0.4788 36
1750952922495 0.4824 37
1750955266993 0.481 38
1750957602093 0.4772 39
1750960046187 0.4806 40
1750962555582 0.4848 41
1750965020207 0.484 42
1750967406750 0.4826 43
1750969876221 0.4834 44
1750972362583 0.4836 45
1750974840379 0.4844 46
1750977267865 0.4818 47
1750979667314 0.4854 48
1750982096155 0.4806 49
1750984549394 0.4832 50
1750987014803 0.4826 51
1750989468709 0.4868 52
1750991832797 0.4816 53
1750994236031 0.4818 54
1750996764561 0.487 55
1750999335247 0.4852 56
1751001789226 0.489 57
1751004181996 0.4864 58
1751006651144 0.4866 59
1751009184891 0.4864 60
1751011632347 0.4868 61
1751014009700 0.4836 62
1751016497219 0.488 63
1751019022060 0.4878 64
1751021617578 0.4878 65
1751024121977 0.4884 66
1751026527842 0.4906 67
1751029045455 0.488 68
1751031579749 0.4892 69
1751034071688 0.488 70
