1747304813914 2.3038169904188677 0
1747305071765 2.2951033982363613 1
1747305294307 2.2845084450461646 2
1747305517944 2.2709607861258765 3
1747305741947 2.254028472033414 4
1747305965406 2.2342344414104116 5
1747306189318 2.212823976169933 6
1747306414261 2.190151496367021 7
1747306638721 2.167717391794378 8
1747306862337 2.146147359501232 9
1747307089441 2.12806376543912 10
1747307363130 2.1146913225000556 11
1747307586076 2.1063714027404785 12
1747307809454 2.1005772677334873 13
1747308033337 2.096466454592618 14
1747308256508 2.093075167049061 15
1747308480156 2.0899388139898125 16
1747308704139 2.0870337052778765 17
1747308927603 2.0841419913552026 18
1747309151509 2.0812514045021753 19
1747309375090 2.078287037936124 20
1747309598812 2.0749434774572197 21
1747309821154 2.0716196406971323 22
1747310044920 2.0682105367833916 23
1747310268747 2.0648755593733354 24
1747310492269 2.0614253174174917 25
1747310717334 2.058091337030584 26
1747310939851 2.0547495755282315 27
1747311163018 2.051377361471003 28
1747311386324 2.0481779792092065 29
1747311609514 2.0450878143310547 30
1747311833218 2.042083805257624 31
1747312056246 2.0393441807140005 32
1747312278502 2.0365856994282114 33
1747312501779 2.0335604711012407 34
1747312725376 2.030619057742032 35
1747312949521 2.0276932933113794 36
1747313173350 2.024642922661521 37
1747313396792 2.021978638388894 38
1747313619976 2.019558538090099 39
1747313843756 2.016823486848311 40
1747314069343 2.0137495561079546 41
1747314294327 2.010326623916626 42
1747314517477 2.007850842042403 43
1747314740961 2.005191217769276 44
1747314965987 2.003030701117082 45
1747315191598 2.0002702366222036 46
1747315416995 1.997571511702104 47
1747315640950 1.9955688173120671 48
1747315865870 1.9937145926735618 49
1747316090520 1.9922401905059814 50
1747316314779 1.9909869540821423 51
1747316539380 1.989837646484375 52
1747316763861 1.9887824166904797 53
1747316988321 1.9878280596299605 54
1747317213646 1.9868905544281006 55
1747317439142 1.9853785796598955 56
1747317665086 1.9839023351669312 57
1747317890878 1.9823080951517278 58
1747318117622 1.9812721339139072 59
1747318345305 1.97942514853044 60
1747318571147 1.9768620404330166 61
1747318795430 1.9753629077564587 62
1747319020216 1.9739061810753562 63
1747319246638 1.9716387662020596 64
1747319472622 1.969136736609719 65
1747319700570 1.9663136438889937 66
1747319928038 1.963932915167375 67
1747320155228 1.9612665284763684 68
1747320383727 1.9604422504251653 69
1747320611578 1.9578467065637761 70
1747320840339 1.955469380725514 71
1747321068623 1.9530016617341475 72
1747321297053 1.9505160613493486 73
1747321525721 1.948094985701821 74
1747321753855 1.9467661380767822 75
1747321982199 1.9446252476085315 76
1747322210607 1.942355285991322 77
1747322439891 1.939696496183222 78
1747322669215 1.9377872510389849 79
1747322898843 1.935338551347906 80
1747323128458 1.933205951343883 81
1747323358121 1.9316504218361594 82
1747323588102 1.929852377284657 83
1747323817404 1.9284871816635132 84
1747324046795 1.9274869723753496 85
1747324275151 1.9263350096615879 86
1747324503281 1.9250360077077693 87
1747324731723 1.9236498312516646 88
1747324960041 1.922572829506614 89
1747325190598 1.921285022388805 90
1747325422786 1.9200634956359863 91
1747325653222 1.918835000558333 92
1747325885064 1.918118249286305 93
1747326117658 1.917075894095681 94
1747326350284 1.9164864908565173 95
1747326584668 1.9157560521906072 96
1747326818410 1.9150871471925215 97
1747327052375 1.9145957665009932 98
1747327310983 1.914148059758273 99
1747327578391 1.913729028268294 100
1747327845600 1.9134419614618474 101
1747328112872 1.9131695899096401 102
1747328380699 1.9127351370724766 103
1747328648751 1.9124500859867444 104
1747328917032 1.9120841784910723 105
1747329185227 1.9118190570311113 106
1747329453702 1.9115793054754084 107
1747329721522 1.9112905697389082 108
1747329990444 1.911054481159557 109
1747330259575 1.910799882628701 110
1747330527863 1.9106343225999312 111
1747330796570 1.9103933030908757 112
1747331065641 1.910152337767861 113
1747331334907 1.909920486536893 114
1747331604376 1.9097272807901555 115
1747331872883 1.9095011299306697 116
1747332141110 1.9093320803208784 117
1747332410086 1.9091345288536765 118
1747332679048 1.9089411605488171 119
1747332947656 1.9087673859162764 120
1747333216831 1.9086056405847722 121
1747333486748 1.9084286798130383 122
1747333757009 1.908255631273443 123
1747334027090 1.908040631901134 124
1747334296970 1.9079129262404009 125
1747334567228 1.907764564860951 126
1747334837209 1.907588785344904 127
1747335106796 1.907428340478377 128
1747335377835 1.9073178226297551 129
1747335647414 1.9071483612060547 130
1747335916845 1.9070062095468694 131
1747336186488 1.906861890446056 132
1747336455782 1.9067170511592517 133
1747336726537 1.9065861918709495 134
1747336997549 1.9064263538880781 135
1747337267614 1.9062446572563865 136
1747337538637 1.9060978130860762 137
1747337809824 1.9059726324948398 138
1747338081004 1.9058091315356167 139
1747338353200 1.9056675108996304 140
1747338626188 1.905565326864069 141
1747338897544 1.9054073637182063 142
1747339169600 1.9053037058223377 143
1747339441000 1.9051372463052922 144
1747339714140 1.9050243225964634 145
1747339986225 1.9048504395918413 146
1747340258404 1.9047311761162498 147
1747340531273 1.9045865535736084 148
