1746680013635 0.005 0
1746680237634 0.005 1
1746680464793 0.005 2
1746680693375 0.005 3
1746680921493 0.005 4
1746681151673 0.005 5
1746681378818 0.005 6
1746681609370 0.005 7
1746681840671 0.005 8
1746682071657 0.005 9
1746682302840 0.005 10
1746682534849 0.005 11
1746682767050 0.005 12
1746682998620 0.005 13
1746683231379 0.005 14
1746683464574 0.005 15
1746683698219 0.005 16
1746683930993 0.005 17
1746684164619 0.005 18
1746684398888 0.005 19
1746684633373 0.005 20
1746684867379 0.005 21
1746685101261 0.005 22
1746685334672 0.005 23
1746685568608 0.005 24
1746685801288 0.005 25
1746686034162 0.005 26
1746686267263 0.005 27
1746686500845 0.0025 28
1746686734372 0.0025 29
1746686967607 0.0025 30
1746687201233 0.0025 31
1746687434695 0.0025 32
1746687668088 0.0025 33
1746687901460 0.0025 34
1746688134376 0.0025 35
1746688367756 0.0025 36
1746688601010 0.00125 37
1746688836178 0.00125 38
1746689069545 0.00125 39
1746689302350 0.00125 40
1746689535924 0.00125 41
1746689769455 0.00125 42
1746690003954 0.00125 43
1746690237884 0.000625 44
1746690472082 0.000625 45
1746690706107 0.000625 46
1746690940409 0.000625 47
1746691174438 0.000625 48
1746691408836 0.000625 49
1746691643042 0.000625 50
1746691877601 0.0003125 51
1746692112080 0.0003125 52
1746692346341 0.0003125 53
1746692580218 0.0003125 54
1746692813901 0.0003125 55
1746693048331 0.0003125 56
1746693281565 0.0003125 57
1746693516489 0.0003125 58
1746693751387 0.00015625 59
1746693986194 0.00015625 60
1746694220302 0.00015625 61
1746694454883 0.00015625 62
1746694689429 0.00015625 63
1746694923815 0.00015625 64
1746695157613 0.00015625 65
1746695392316 0.00015625 66
1746695627260 0.00015625 67
1746695862389 7.8125e-05 68
1746696096614 7.8125e-05 69
1746696332775 7.8125e-05 70
1746696567924 7.8125e-05 71
1746696803680 7.8125e-05 72
1746697038190 7.8125e-05 73
1746697273914 3.90625e-05 74
1746697508626 3.90625e-05 75
1746697744604 3.90625e-05 76
1746697980251 3.90625e-05 77
1746698215404 3.90625e-05 78
1746698448391 3.90625e-05 79
1746698684325 1.953125e-05 80
1746698919288 1.953125e-05 81
1746699155011 1.953125e-05 82
1746699390777 1.953125e-05 83
1746699626828 1.953125e-05 84
1746699862174 1.953125e-05 85
1746700097527 9.765625e-06 86
1746700332263 9.765625e-06 87
1746700568378 9.765625e-06 88
1746700804081 9.765625e-06 89
1746701039630 9.765625e-06 90
1746701275293 9.765625e-06 91
1746701511001 4.8828125e-06 92
1746701745102 4.8828125e-06 93
1746701980146 4.8828125e-06 94
1746702213537 4.8828125e-06 95
1746702448935 4.8828125e-06 96
1746702685701 4.8828125e-06 97
1746702924008 2.44140625e-06 98
1746703161538 2.44140625e-06 99
