1751910135115 2.1123889918354424 0
1751910170210 2.048726810311729 1
1751910205279 2.0170877277851105 2
1751910240281 1.989646741612391 3
1751910275417 1.958789978853681 4
1751910310575 1.931238150393421 5
1751910345609 1.9094485437328166 6
1751910380706 1.891189880669117 7
1751910415792 1.8738219605928117 8
1751910450904 1.8614039458334446 9
1751910486072 1.8465776917609302 10
1751910521241 1.8342591371725907 11
1751910556426 1.8240006484768607 12
1751910591626 1.814477613703771 13
1751910626777 1.8054413270543923 14
1751910661878 1.799683053046465 15
1751910697012 1.7869500782002101 16
1751910732173 1.7820797030898659 17
1751910767274 1.7753961384296417 18
1751910802385 1.7680288444865833 19
1751910837417 1.7595445828681642 20
1751910872483 1.752413827248595 21
1751910907499 1.7481406646018678 22
1751910942636 1.7401694215156815 23
1751910977700 1.7371522262692451 24
1751911012941 1.7300830964337697 25
1751911048121 1.7257624766366049 26
1751911083180 1.7199362140487542 27
1751911118366 1.7094016620381312 28
1751911153529 1.7102684598754754 29
1751911188762 1.702668376605619 30
1751911223828 1.6979850026016885 31
1751911259038 1.6963583214039153 32
1751911344794 1.6880782236429779 33
1751911515096 1.6816090132025154 34
1751911623069 1.674610085785389 35
1751911658182 1.6732294772836296 36
1751911693194 1.6655517674305222 37
1751911728312 1.658118449151516 38
1751911763584 1.6596835380928083 39
1751914906096 1.870896905999292 40
1751914941193 1.719072358852083 41
1751914976217 1.682043351910331 42
1751915011238 1.6661025052043525 43
1751915046291 1.6450700675222008 44
1751915081340 1.63959548283707 45
1751915116434 1.6226380494507877 46
1751915151525 1.6155731667849151 47
1751915186637 1.6114191121675752 48
1751915221745 1.604508567940105 49
1751915256846 1.590547532181848 50
1751915291949 1.5850570151074366 51
1751915327046 1.5833070088516583 52
1751915362058 1.5731179179115728 53
1751915397091 1.5696056945757433 54
1751915432181 1.5596248402514241 55
1751915467286 1.553385379639539 56
1751915502396 1.546163080429489 57
1751915537490 1.5444709570570425 58
1751915572567 1.5342275452884762 59
1751915607605 1.5331106392497367 60
1751915642688 1.5241807733069768 61
1751915677709 1.516380828212608 62
1751915712768 1.5124266618354754 63
1751915747927 1.5102304196493193 64
1751915783040 1.4998385835100303 65
1751915818094 1.492972239513289 66
1751915853226 1.4905168004333973 67
1751915888315 1.4818609052083709 68
1751915923398 1.4726628566330129 69
1751915958473 1.4745666134086521 70
1751915993525 1.4669707519086925 71
1751916028635 1.4601540440185503 72
1751916063768 1.455723367970098 73
1751916098812 1.4492500553076917 74
1751916133889 1.444353659721938 75
1751916168956 1.4367753324860877 76
1751916204028 1.4345751448788426 77
1751916239044 1.426031729714437 78
1751916274041 1.4214806231585415 79
1751919681996 1.905238399790092 80
1751919717071 1.7408016848970542 81
1751919752118 1.690270777114413 82
1751919787102 1.66737261549993 83
1751919822150 1.6424522491341287 84
1751919857210 1.6305277161300182 85
1751919892303 1.6133923381567001 86
1751919927391 1.6072627001188018 87
1751919962383 1.5997291061688552 88
1751919997424 1.5906151360408827 89
1751920032524 1.5813223645091057 90
1751920067552 1.5688612295145339 91
1751920102576 1.5635264685208148 92
1751920137616 1.5559837073087692 93
1751920172797 1.5512701167979024 94
1751920207856 1.546153955838897 95
1751920242932 1.5329754345796325 96
1751920277982 1.5306504588912835 97
1751920313131 1.517425919120962 98
1751920348345 1.5148583623495968 99
1751920383402 1.5075472156432541 100
1751920418503 1.5011229718273336 101
1751920453652 1.498442105948925 102
1751920488784 1.4867277179252019 103
1751920524069 1.4835264977406373 104
1751920559245 1.477807235650041 105
1751920594334 1.4691891897131095 106
1751920629525 1.463431685824286 107
1751920664741 1.4583455855873497 108
1751920699913 1.4513848769393833 109
1751920735105 1.4462018984962592 110
1751920770343 1.4351304908367721 111
1751920805457 1.4304119148714975 112
1751920840516 1.4213618642904542 113
1751920875706 1.4182353117926554 114
1751920910765 1.4151477410712026 115
1751920945917 1.407492731782523 116
1751920981132 1.3989269675856286 117
1751921016259 1.3955248502845115 118
1751921051436 1.382708047262647 119
1751924437734 1.9519524435428055 120
1751924473015 1.7848679135468872 121
1751924508325 1.725371516225013 122
1751924543687 1.6833054348826408 123
1751924579039 1.6594473871995101 124
1751924614389 1.638916132802313 125
1751924649784 1.6267388422380795 126
1751924685215 1.6141900660639459 127
1751924720392 1.599403713914481 128
1751924755691 1.5925714796917005 129
1751924790949 1.579599355770783 130
1751924826308 1.575168402357535 131
1751924861695 1.5639765475961296 132
1751924896941 1.5615424771200528 133
1751924932225 1.5466950021006844 134
1751924967473 1.540706122124737 135
1751925002804 1.5347967733713714 136
1751925038111 1.5244234898550943 137
1751925073380 1.5162970186634497 138
1751925108729 1.5121868391605942 139
1751925144101 1.5014752251180736 140
1751925179517 1.4948315782980486 141
1751925214908 1.4910808364776047 142
1751925250241 1.478495110164989 143
1751925285615 1.4757072295654903 144
1751925320933 1.4681843302466653 145
1751925356250 1.4609442275356164 146
1751925391672 1.452806835824793 147
1751925427032 1.4501885162158445 148
1751925462393 1.4412142204290086 149
1751925497691 1.4354080493477257 150
1751925533024 1.4257658523592083 151
1751925568406 1.4216368049383163 152
1751925603687 1.4175352982499383 153
1751925639011 1.4123650978912006 154
1751925674336 1.40581103278832 155
1751925709805 1.395704922689633 156
1751925745169 1.3872264667668126 157
1751925780514 1.3817776847969403 158
1751925815829 1.3760253563523293 159
1751929307750 2.048137054863301 160
1751929343090 1.9004960178651593 161
1751929378460 1.837921746413816 162
1751929413727 1.7847732014276765 163
1751929449031 1.7501860142431476 164
1751929484326 1.71474007347768 165
1751929519646 1.6895399178293617 166
1751929554915 1.672543420710347 167
1751929590226 1.6507131304930558 168
1751929625570 1.6378394548188557 169
1751929660938 1.623137066648765 170
1751929696251 1.60931513289159 171
1751929731487 1.5983797552233392 172
1751929766738 1.5866857448762113 173
1751929801933 1.572946461764249 174
1751929837224 1.567016142335805 175
1751929872481 1.561124586584893 176
1751929907794 1.547030540352518 177
1751929943049 1.5386125834828073 178
1751929978333 1.5348121916705912 179
1751930013671 1.522674771533771 180
1751930049036 1.5157844180410558 181
1751930084333 1.5085948702286591 182
1751930119594 1.4979783763939685 183
1751930154866 1.4929146011444656 184
1751930190182 1.4853966676376082 185
1751930225366 1.4780744158408858 186
1751930260641 1.4719782969491049 187
1751930295969 1.463595895265991 188
1751930331300 1.457739112729376 189
1751930366653 1.4489572877911003 190
1751930401998 1.440321832895279 191
1751930437308 1.4373880005018278 192
1751930472652 1.4325239150361582 193
1751930507913 1.4241746057840912 194
1751930543591 1.4186041057109833 195
1751930578878 1.413643539967862 196
1751930614142 1.4001032750714908 197
1751930649484 1.396633705970916 198
1751930684755 1.3897822644900193 199
1751934137384 2.0533910031345757 200
1751934172691 1.9005106802691112 201
1751934208427 1.8381198197603226 202
1751934243617 1.7984001653438264 203
1751934278877 1.7715776782821526 204
1751934314182 1.7448082349517129 205
1751934349516 1.729045338251374 206
1751934384962 1.7070467472076416 207
1751934420176 1.6908398074182598 208
1751934455712 1.6722398647530512 209
1751934491182 1.6612153554504567 210
1751934526384 1.6466514911841263 211
1751934561603 1.6399572129276665 212
1751934596962 1.6219357560304077 213
1751934632514 1.610681797970425 214
1751934667710 1.6033087978986176 215
1751934702950 1.593403097242117 216
1751934738282 1.5809379782189021 217
1751934773528 1.5729551013897767 218
1751934808774 1.5577303408221765 219
1751934844423 1.5533835393461315 220
1751934879606 1.5465002923526547 221
1751934914878 1.5363209623504768 222
1751934950094 1.529939951883121 223
1751934985317 1.5198956294493242 224
1751935020528 1.5074699924073436 225
1751935055729 1.5036746212704615 226
1751935090966 1.4943559721789577 227
1751935126365 1.489892532879656 228
1751935161515 1.4813955825838176 229
1751935196713 1.4668251702731305 230
1751935231977 1.4648476097394119 231
1751935267232 1.4595034190199592 232
1751935302475 1.4515408233485438 233
1751935338050 1.440881299701604 234
1751935373594 1.4357171647927978 235
1751935408832 1.4231033433567395 236
1751935444077 1.417777591469613 237
1751935479339 1.4109445095739581 238
1751935514574 1.4127606190741062 239
1751938971243 2.08503324132074 240
1751939006917 1.9383906623856588 241
1751939042703 1.8816182196817615 242
1751939078270 1.838339344005693 243
1751939113968 1.7972005592151121 244
1751939149698 1.7664969116449356 245
1751939185260 1.7397129068320447 246
1751939220907 1.7115220441059633 247
1751939256780 1.6925950592214412 248
1751939292454 1.6808914064683698 249
1751939328013 1.6671113893389702 250
1751939364192 1.6493245163424448 251
1751939399553 1.6433190029453149 252
1751939435086 1.6272251605987549 253
1751939470561 1.6131721298125656 254
1751939506224 1.6060003956610507 255
1751939541583 1.599806927821853 256
1751939576928 1.5821910429407249 257
1751939612314 1.5729737197133629 258
1751939647806 1.5668671872805466 259
1751939683252 1.5590326735241846 260
1751939718736 1.5481232401322236 261
1751939754322 1.5386215089396997 262
1751939789684 1.5343653254888274 263
1751939825052 1.5216426144946704 264
1751939860457 1.51488386568698 265
1751939895814 1.506334862248464 266
1751939931595 1.4998516850173473 267
1751939966983 1.4930263032967395 268
1751940002368 1.4824549694630234 269
1751940038063 1.4754596274684777 270
1751940073437 1.4693818170238624 271
1751940108791 1.4623371376232668 272
1751940144204 1.4522096887230873 273
1751940179623 1.4483844018117948 274
1751940215176 1.4389195909554309 275
1751940250527 1.4342667511241003 276
1751940285921 1.4274094477295876 277
1751940321422 1.4182238914072514 278
1751940356784 1.4089386544444344 279
1751943962462 2.1225009946660562 280
1751943997835 1.9497129890051754 281
1751944033185 1.8879004459489475 282
1751944068762 1.8530036129734733 283
1751944104141 1.8130062899806283 284
1751944139463 1.793917100537907 285
1751944175025 1.7725810889493336 286
1751944210523 1.752477158199657 287
1751944246023 1.7374910739335148 288
1751944281421 1.7232903435148976 289
1751944316839 1.7046934095295994 290
1751944352382 1.6926539387892594 291
1751944387784 1.67972984503616 292
1751944423120 1.6665345484560186 293
1751944458492 1.6548311046578668 294
1751944493880 1.6442481502890587 295
1751944529271 1.6359462067484856 296
1751944564911 1.625240279530937 297
1751944600247 1.6166210364211688 298
1751944635685 1.613111098381606 299
1751944671366 1.602700430222533 300
1751944706800 1.592304912480441 301
1751944742184 1.5855538503012874 302
1751944777815 1.578040712936358 303
1751944813196 1.5663834678178483 304
1751944848581 1.5599748902022839 305
1751944884193 1.552152258767323 306
1751944919583 1.5409064282747833 307
1751944955006 1.5365271669897167 308
1751944990438 1.5277362719855525 309
1751945025854 1.5211652734062888 310
1751945061356 1.5120576061308384 311
1751945096856 1.5041299858553843 312
1751945132427 1.4979827244850723 313
1751945167849 1.4919927086342464 314
1751945203245 1.4862660081549124 315
1751945238660 1.4741076908328317 316
1751945274060 1.47106803140857 317
1751945309463 1.4627182967960835 318
1751945344848 1.4528494639830156 319
1751948887495 2.143457818776369 320
1751948922822 1.997739245945757 321
1751948958214 1.945416763763536 322
1751948993569 1.907331085679206 323
1751949028970 1.8746576647866855 324
1751949064403 1.8398532650687478 325
1751949099796 1.8191283771937543 326
1751949135084 1.7942495762624524 327
1751949170482 1.7722974084317684 328
1751949205869 1.752887250008908 329
1751949241279 1.7389935559847138 330
1751949276575 1.720755496147004 331
1751949311993 1.7042936286465689 332
1751949347373 1.6980457383800636 333
1751949382760 1.6802980317310854 334
1751949418169 1.6689248200167308 335
1751949453642 1.6570341915569522 336
1751949489049 1.6444671858440747 337
1751949524478 1.637250770222057 338
1751949559889 1.6326338201761246 339
1751949595269 1.6232605695047162 340
1751949630729 1.6082369834184647 341
1751949666162 1.6031761335378343 342
1751949701545 1.5908444818447938 343
1751949737047 1.584008687260476 344
1751949772501 1.5781258693472906 345
1751949807932 1.567194040864706 346
1751949843312 1.5585167411376128 347
1751949878656 1.5514365116303617 348
1751949914084 1.5479668896983971 349
1751949949409 1.5404403368857773 350
1751949984863 1.5378057364035735 351
1751950020279 1.5240288983014496 352
1751950055762 1.5161064152013173 353
1751950091196 1.5104470286857 354
1751950126709 1.5081729533320123 355
1751950162201 1.5029496929862283 356
1751950197620 1.485306725921956 357
1751950233020 1.4796990538862618 358
1751950268472 1.4726763597943566 359
1751953829094 2.1832769628275526 360
1751953864627 2.025695189494978 361
1751953900442 1.9629385755820707 362
1751953936172 1.9118712405589493 363
1751953971587 1.874365511265668 364
1751954007301 1.8447590886869214 365
1751954043111 1.8172623488036068 366
1751954078811 1.7959367375482211 367
1751954114891 1.7716733061454513 368
1751954150662 1.755387987264178 369
1751954186519 1.7394083538516 370
1751954222599 1.728621488267725 371
1751954258254 1.7119039063426582 372
1751954294052 1.6977271231060678 373
1751954329791 1.6889976882799105 374
1751954365566 1.6773244359276511 375
1751954401259 1.6681632514704356 376
1751954437021 1.6575017049908638 377
1751954472695 1.649717591702938 378
1751954508344 1.6356214389882304 379
1751954544153 1.6308760510926896 380
1751954580148 1.6213242333721032 381
1751954615886 1.6099760708483783 382
1751954651660 1.6060850711708718 383
1751954687494 1.5964698872782968 384
1751954723221 1.5885772149671207 385
1751954759016 1.580496052110737 386
1751954794769 1.5725650580769235 387
1751954830461 1.5668927475132726 388
1751954866247 1.5566224181516604 389
1751954902057 1.5493962097574363 390
1751954937798 1.5436634536493907 391
1751954973536 1.5348488461564889 392
1751955009286 1.532812724397941 393
1751955045074 1.519321800971573 394
1751955080757 1.5110967677425255 395
1751955116794 1.5081220783970573 396
1751955152266 1.5012328909202055 397
1751955187779 1.488338858566501 398
1751955223324 1.483891237527132 399
1751958853648 2.021340903233398 400
1751958889622 1.8220239047977058 401
1751958925349 1.753531525419517 402
1751958961032 1.7029639804227785 403
1751958996743 1.6677115779708733 404
1751959032710 1.643603878942403 405
1751959068434 1.6237572055648675 406
1751959104189 1.6015899679200216 407
1751959140368 1.5857721411369063 408
1751959176087 1.5773560753600164 409
1751959211723 1.562231811948798 410
1751959247515 1.5483920408243483 411
1751959283605 1.5370528738607059 412
1751959319287 1.5299614600159905 413
1751959354980 1.5148099759085611 414
1751959390899 1.5092050954699516 415
1751959426626 1.4994663389568978 416
1751959462418 1.4942642094736749 417
1751959498269 1.481159596619281 418
1751959534083 1.4733274115080184 419
1751959569777 1.4650494818660347 420
1751959605487 1.454214952547442 421
1751959641559 1.4462751485407352 422
1751959677256 1.444289560683749 423
1751959712916 1.4381418390707537 424
1751959748672 1.42683394998312 425
1751959784428 1.4163986966013908 426
1751959820199 1.4146691828288815 427
1751959856094 1.4019259505651214 428
1751959891806 1.3975579186596654 429
1751959927624 1.3880918205461719 430
1751959963318 1.3890393308617852 431
1751959999334 1.375878339802677 432
1751960035090 1.369272769852118 433
1751960070861 1.3612071953036569 434
1751960107078 1.3576629622416063 435
1751960142817 1.3518564667214046 436
1751960178529 1.3442293341186913 437
1751960214573 1.3327739143913442 438
1751960250314 1.335766901685433 439
1751963763720 2.1006377579813655 440
1751963799356 1.8571247553283519 441
1751963835001 1.7859212532639503 442
1751963870548 1.72964543747631 443
1751963906395 1.7049101018770174 444
1751963942079 1.6722847148776054 445
1751963977613 1.6524551260200413 446
1751964013225 1.631955979222601 447
1751964048862 1.6176575263115494 448
1751964084517 1.5980065549639138 449
1751964120089 1.5831574709577994 450
1751964155687 1.5711769651282916 451
1751964191203 1.5568876710127701 452
1751964226803 1.5469736670228569 453
1751964262370 1.5369206951423124 454
1751964298000 1.5258487269959666 455
1751964333550 1.5152581117369912 456
1751964369373 1.5050786571069197 457
1751964405103 1.4977552944963628 458
1751964440690 1.488882460377433 459
1751964476304 1.4763703315772794 460
1751964512182 1.472902494736693 461
1751964547702 1.462325937707316 462
1751964583258 1.4518626342442902 463
1751964618828 1.4476710757748648 464
1751964654397 1.4381371573968367 465
1751964689903 1.4333181713115086 466
1751964725489 1.427450476383621 467
1751964761004 1.4145825694907794 468
1751964796590 1.40719448402524 469
1751964832154 1.4028292095119304 470
1751964867715 1.4007644345137207 471
1751964903280 1.3912807167931036 472
1751964938896 1.3848989504304798 473
1751964974465 1.3762138133699244 474
1751965010073 1.3717943165789952 475
1751965045586 1.3613257956775753 476
1751965081206 1.357291777702895 477
1751965116774 1.3569917790591717 478
1751965152300 1.3457104065878824 479
1751968902574 2.097922209311615 480
1751968938256 1.900596261024475 481
1751968973983 1.8503245179626076 482
1751969009635 1.8141522370278835 483
1751969045357 1.782483691518957 484
1751969081102 1.764607384800911 485
1751969116857 1.748167104341767 486
1751969152548 1.7291861643845385 487
1751969188254 1.7138921648941257 488
1751969223971 1.6995882032947107 489
1751969259616 1.6882498542016202 490
1751969295290 1.6761114241724664 491
1751969331035 1.6673642793162302 492
1751969366808 1.6533366221595893 493
1751969402566 1.6448204778134823 494
1751969438231 1.63665535538034 495
1751969473924 1.624992018734867 496
1751969509644 1.6197322376749732 497
1751969545318 1.6143870187753981 498
1751969580983 1.6055151478133418 499
1751969616699 1.594015890901739 500
1751969652430 1.5883750197562305 501
1751969688200 1.58059261739254 502
1751969723887 1.5748549483039163 503
1751969759561 1.5704022415659644 504
1751969795253 1.559696307236498 505
1751969831028 1.5527424903755838 506
1751969866697 1.5456299961290576 507
1751969902440 1.5387742715803059 508
1751969938127 1.5337442674420096 509
1751969973752 1.5253039625557987 510
1751970009479 1.5194641219621354 511
1751970045214 1.514063829725439 512
1751970080879 1.507172802971168 513
1751970116503 1.4999505630271002 514
1751970152254 1.495237422260371 515
1751970188035 1.4897547895935448 516
1751970223656 1.4844934039495208 517
1751970259312 1.4764163487336852 518
1751970294986 1.4759141934866256 519
1751974003285 2.0855457931756973 520
1751974038876 1.8977201096713543 521
1751974074522 1.8427328816191717 522
1751974110189 1.8057576126673005 523
1751974145953 1.7780163430354812 524
1751974181587 1.751557677645575 525
1751974217180 1.7276070121337066 526
1751974252740 1.6964772746644237 527
1751974288327 1.6869364807551557 528
1751974324072 1.6668099144643003 529
1751974359727 1.6490659646012567 530
1751974395350 1.6361975998363711 531
1751974431091 1.61928261003711 532
1751974466767 1.6096240678294138 533
1751974502371 1.594226298345761 534
1751974537923 1.5828007415614345 535
1751974573754 1.5786106738854537 536
1751974609279 1.564991950311444 537
1751974644820 1.5550977591086517 538
1751974680472 1.542636552317576 539
1751974716101 1.53439406610348 540
1751974751714 1.5248225324533202 541
1751974787329 1.516388973729177 542
1751974823093 1.5102887366983024 543
1751974858690 1.4975312480872327 544
1751974894209 1.491804470054128 545
1751974929733 1.4854902719909495 546
1751974965325 1.4817640849135139 547
1751975000955 1.4666676131839103 548
1751975036645 1.4633518342267384 549
1751975072327 1.45265910605138 550
1751975107981 1.447481620040807 551
1751975143570 1.438587704842741 552
1751975179116 1.4334897029806266 553
1751975214718 1.4255381351844831 554
1751975250387 1.420590809800408 555
1751975285937 1.4104162027890033 556
1751975321554 1.4081033976240591 557
1751975357226 1.3977549374103546 558
1751975392928 1.3868790814145044 559
1751979124602 2.2115052247589286 560
1751979160114 1.9930974712426013 561
1751979195667 1.920407517051155 562
1751979231148 1.8734244077720426 563
1751979266684 1.8400574580512263 564
1751979302474 1.8128129772164605 565
1751979338104 1.792456110770052 566
1751979373685 1.7724594341760331 567
1751979409325 1.7551482360471378 568
1751979444937 1.7384252876720645 569
1751979480510 1.7294177714396606 570
1751979516084 1.7185888615521518 571
1751979551673 1.7019947943362324 572
1751979587176 1.6912126456472008 573
1751979622786 1.6853135048665784 574
1751979658429 1.672167900611054 575
1751979693899 1.6642110791396012 576
1751979729468 1.6583661196584052 577
1751979765067 1.6445019343359903 578
1751979800576 1.6418285342780026 579
1751979836216 1.6333094025877388 580
1751979871872 1.6285780421034857 581
1751979907479 1.6179360828616403 582
1751979943004 1.6132756393741479 583
1751979978668 1.602469771761786 584
1751980014306 1.5970442721789533 585
1751980049905 1.5922043960202823 586
1751980085455 1.5813052742318674 587
1751980121014 1.5806556408378212 588
1751980156696 1.57021809538657 589
1751980192272 1.5625782175497576 590
1751980227797 1.5622913573275914 591
1751980263357 1.5495550446212292 592
1751980299173 1.5441667379980737 593
1751980334748 1.5388566838069395 594
1751980370355 1.535063868557865 595
1751980405968 1.5304753949696368 596
1751980441595 1.522117079320279 597
1751980477151 1.5158875279805877 598
1751980512836 1.5146789791231805 599
1751984218576 2.126818175004287 600
1751984254500 1.9117604362016374 601
1751984290422 1.851119382137602 602
1751984326372 1.8053474747999148 603
1751984362343 1.767025526612997 604
1751984397837 1.7439303625036369 605
1751984433409 1.7128758433867584 606
1751984469352 1.6964755776253613 607
1751984505251 1.678780015896667 608
1751984541138 1.660954818806865 609
1751984577073 1.649800182743506 610
1751984612926 1.6358833688903938 611
1751984648857 1.6259772648865527 612
1751984684882 1.6147024336863647 613
1751984720834 1.5979008122601293 614
1751984756423 1.5927049554884434 615
1751984792395 1.5834588777612557 616
1751984828400 1.5716389018026264 617
1751984864291 1.5616654939949512 618
1751984900285 1.5566795823926276 619
1751984936229 1.54217212816531 620
1751984972164 1.5357877862724392 621
1751985008092 1.5276914750310508 622
1751985044192 1.5155160007151691 623
1751985080463 1.5104992525144056 624
1751985116217 1.5035755390470678 625
1751985151978 1.492458364841613 626
1751985187665 1.4866201850500973 627
1751985223464 1.4795685982839628 628
1751985259261 1.4750804674219002 629
1751985294997 1.4674262086098844 630
1751985330873 1.464284247295423 631
1751985366622 1.452120815827088 632
1751985402470 1.4493912620977922 633
1751985438278 1.4390852613882585 634
1751985474015 1.4338110322979363 635
1751985509764 1.4263470111922785 636
1751985545461 1.42323676970872 637
1751985581179 1.4132623215290634 638
1751985616898 1.4058756384659896 639
1751989332735 2.0961341820657253 640
1751989368389 1.8411173874681646 641
1751989404034 1.776300515302203 642
1751989439691 1.7378215796568177 643
1751989475294 1.7011263191022656 644
1751989510871 1.6731589263813063 645
1751989546573 1.6527124358849092 646
1751989582316 1.6338336369530722 647
1751989618072 1.618411230092699 648
1751989653695 1.602244075726379 649
1751989689362 1.5865931192582303 650
1751989725099 1.5724451806057582 651
1751989760785 1.5611879185519435 652
1751989796559 1.5521760369566353 653
1751989832125 1.5414321720600128 654
1751989867748 1.5303142991932956 655
1751989903446 1.522249411791563 656
1751989939145 1.5128656202419237 657
1751989974893 1.5038814534517853 658
1751990010588 1.4945996495133096 659
1751990046258 1.4884488965299996 660
1751990082004 1.4803646796128966 661
1751990117621 1.4718066345561633 662
1751990153374 1.4685095267539674 663
1751990189038 1.4623802114616742 664
1751990224690 1.4545195329595695 665
1751990260375 1.4453819505870342 666
1751990296020 1.4398370883004232 667
1751990331597 1.4342937845398078 668
1751990367252 1.4280702163549988 669
1751990402943 1.4244113137776202 670
1751990438652 1.4186573174189439 671
1751990474306 1.4135918038135225 672
1751990509887 1.4061756655573845 673
1751990545499 1.4016901451078327 674
1751990581228 1.3950168033215133 675
1751990617076 1.39076176692139 676
1751990652748 1.3868405785072933 677
1751990688373 1.3846421878446231 678
1751990724116 1.37484606761824 679
1751994440556 2.1309491216459056 680
1751994476165 1.886419389396906 681
1751994511801 1.8222811476073482 682
1751994547470 1.779323870824142 683
1751994583144 1.7472885711626573 684
1751994618859 1.7230014547028325 685
1751994654682 1.6996233652938495 686
1751994690391 1.6784961020404643 687
1751994726052 1.660420542752201 688
1751994761759 1.6437323205173016 689
1751994797335 1.6301491331647744 690
1751994833002 1.6208417043089867 691
1751994868584 1.6038451418280602 692
1751994904243 1.5938327359882267 693
1751994940010 1.5796289403330197 694
1751994975632 1.5663005035709252 695
1751995011241 1.5620382804084907 696
1751995046923 1.549245609478517 697
1751995082645 1.5404553051021965 698
1751995118334 1.531486481766809 699
1751995154029 1.5213072181425311 700
1751995189725 1.5179839750582522 701
1751995225491 1.508709941059351 702
1751995261206 1.5017214177007026 703
1751995296887 1.4956282251937822 704
1751995332669 1.486860451373187 705
1751995368397 1.4775702458891002 706
1751995404112 1.4723143716427414 707
1751995439858 1.465381301262162 708
1751995475510 1.4619372161951931 709
1751995511169 1.4507842907174067 710
1751995546825 1.4457922669296914 711
1751995582493 1.4418517720292916 712
1751995618137 1.4356618171388453 713
1751995653747 1.4319033629514955 714
1751995689417 1.4266813421113924 715
1751995725145 1.4188795546916397 716
1751995760851 1.4161631424318661 717
1751995796577 1.408028090542013 718
1751995832237 1.4052574295889249 719
1751999566876 2.156459827992049 720
1751999602528 1.883732295171781 721
1751999638097 1.8120258762077852 722
1751999673781 1.7656048654832623 723
1751999709734 1.7323380007662557 724
1751999745364 1.7042682228440589 725
1751999781397 1.6789605035023256 726
1751999817449 1.6638333109969443 727
1751999853004 1.6481432169675827 728
1751999888743 1.6290321654894135 729
1751999924450 1.6142069402743469 730
1751999960059 1.6040128960528157 731
1751999995776 1.5912755561823195 732
1752000031804 1.5790330642326311 733
1752000067903 1.5663517398590392 734
1752000103943 1.5593627450818366 735
1752000140012 1.5478119552135468 736
1752000175575 1.5376659740101208 737
1752000211214 1.527755786072124 738
1752000247260 1.5203823738477447 739
1752000283427 1.5096924406560985 740
1752000319443 1.5021970637819984 741
1752000355466 1.498361158777367 742
1752000391434 1.4891436479308389 743
1752000427540 1.481797737831419 744
1752000463509 1.4748546261001716 745
1752000499472 1.4650210419839078 746
1752000535122 1.459997497498989 747
1752000571103 1.4548698446967385 748
1752000607191 1.4489704553376546 749
1752000643309 1.441600570285862 750
1752000679460 1.4329028261656112 751
1752000715490 1.4370677755637602 752
1752000751671 1.4235531694509767 753
1752000787829 1.418524057689038 754
1752000823897 1.4135390120473774 755
1752000859972 1.4076254869049245 756
1752000896274 1.402156533842737 757
1752000932218 1.3997281095521017 758
1752000968092 1.3929571956396103 759
1752004711050 2.1412444212897257 760
1752004746748 1.8848930187523365 761
1752004782435 1.8196094117381356 762
1752004818228 1.776078412817283 763
1752004853938 1.7403220381926408 764
1752004889644 1.7136574638160793 765
1752004925452 1.6918617073785176 766
1752004961085 1.674208672886545 767
1752004996852 1.6557135233147577 768
1752005032585 1.6409005207771605 769
1752005068264 1.6237529993734576 770
1752005104541 1.610882467166944 771
1752005140404 1.596439379182729 772
1752005176157 1.5888046832247213 773
1752005211810 1.5773186077448456 774
1752005247549 1.5666940198703245 775
1752005283318 1.561202890832316 776
1752005318946 1.544758061116392 777
1752005354653 1.541557627306743 778
1752005390341 1.532866022464904 779
1752005426061 1.5265682542865926 780
1752005461824 1.5170391205359588 781
1752005497534 1.507460132241249 782
1752005533295 1.4971510192210025 783
1752005569033 1.4926802563396366 784
1752005604814 1.4877086518840357 785
1752005640596 1.4824052043259144 786
1752005676387 1.4752498726275833 787
1752005712117 1.4674347700043158 788
1752005747875 1.4573810290206561 789
1752005783783 1.459217259152369 790
1752005819600 1.4501579668034206 791
1752005855295 1.4433842450380325 792
1752005890972 1.4372106844728643 793
1752005926766 1.4353106299584562 794
1752005962493 1.4275857965377243 795
1752005998282 1.423651889643886 796
1752006034028 1.4175575460222634 797
1752006069822 1.4142999574542046 798
1752006105724 1.4063635742799803 799
1752009890848 2.1516322862695563 800
1752009926625 1.8878177451816471 801
1752009962302 1.8190728439526125 802
1752009997958 1.7814684737135063 803
1752010033628 1.7459778514775364 804
1752010069377 1.7146857485852458 805
1752010105148 1.6955068267204545 806
1752010140817 1.6746341467581012 807
1752010176510 1.6583172272552142 808
1752010212259 1.6442239745096727 809
1752010248029 1.6254580264741725 810
1752010283703 1.611100808801976 811
1752010319427 1.5979565300724723 812
1752010355201 1.5903472419489513 813
1752010390937 1.5767285197295926 814
1752010426670 1.5712371634488755 815
1752010462408 1.558642887595025 816
1752010498077 1.5472778227518906 817
1752010533745 1.5400267897004432 818
1752010569430 1.5319136154245248 819
1752010605176 1.5227966711602428 820
1752010640908 1.51501600952311 821
1752010676614 1.5096055015244267 822
1752010712327 1.5050158114595846 823
1752010748093 1.4954479370604863 824
1752010783754 1.4870719760656357 825
1752010819457 1.4783184098249131 826
1752010855094 1.474838126450777 827
1752010890799 1.4667492417449302 828
1752010926575 1.4612562578510155 829
1752010962244 1.4569913162426515 830
1752010998002 1.4491145844486626 831
1752011033743 1.4441363015635447 832
1752011069399 1.4376179978928783 833
1752011105059 1.4341338507153771 834
1752011140973 1.4273259856484153 835
1752011176692 1.4218958606096832 836
1752011212365 1.4153466729277915 837
1752011248123 1.4151115441186861 838
1752011283884 1.405256419696591 839
1752015047107 2.2000168727880176 840
1752015083281 1.9392060136253184 841
1752015118920 1.8766066933220082 842
1752015154608 1.8361878218975933 843
1752015190374 1.8011219054460526 844
1752015226109 1.7747673741118475 845
1752015261808 1.7506092119623313 846
1752015297496 1.7300026447258212 847
1752015333262 1.7139001854441382 848
1752015368893 1.6998834626918489 849
1752015405098 1.6824339560487054 850
1752015440798 1.6733573292466728 851
1752015476442 1.6599552587352016 852
1752015512041 1.6461240801621566 853
1752015547718 1.6385804621333426 854
1752015583369 1.6266398402777584 855
1752015619047 1.6199451579966329 856
1752015654768 1.6081383448432793 857
1752015690868 1.601705607704141 858
1752015727141 1.5948071720247918 859
1752015762828 1.5874237113378264 860
1752015798485 1.5757952464575118 861
1752015834253 1.5706265927715735 862
1752015870026 1.5587520511312918 863
1752015905624 1.5520896975967018 864
1752015941446 1.5444703064858913 865
1752015977130 1.5419930710711263 866
1752016013248 1.5374638394198634 867
1752016049450 1.5294700156558643 868
1752016085624 1.518926934085109 869
1752016121243 1.515425205230713 870
1752016156945 1.508968821303411 871
1752016192636 1.5026642815633253 872
1752016228361 1.4996970610862428 873
1752016264567 1.49335712837902 874
1752016300606 1.486248690634966 875
1752016336725 1.4831857386637817 876
1752016372818 1.4764519310133024 877
1752016409007 1.4711509634825317 878
1752016445096 1.4684679945084183 879
1752020200434 2.251968788829717 880
1752020236312 1.9376294308088042 881
1752020272139 1.8541200780733065 882
1752020308038 1.8011419089003042 883
1752020343938 1.7617751268500632 884
1752020379800 1.7346637160940603 885
1752020415625 1.7119113603098826 886
1752020451499 1.6897681463848462 887
1752020487389 1.6723649031059309 888
1752020523365 1.6578009477393194 889
1752020559273 1.6421175101263956 890
1752020595123 1.6278113268993117 891
1752020631045 1.6160095134242014 892
1752020666960 1.6047174483537674 893
1752020702874 1.5937082283198833 894
1752020738733 1.5857032103972002 895
1752020774598 1.5746435702524402 896
1752020810509 1.5658257938921452 897
1752020846427 1.5580306733873757 898
1752020882220 1.5520570735362442 899
1752020918098 1.5440824238414115 900
1752020953981 1.533497223799879 901
1752020989887 1.5260359255427665 902
1752021025875 1.5214347487146205 903
1752021061774 1.514977341009812 904
1752021097775 1.506710577078841 905
1752021133571 1.502293415706266 906
1752021169532 1.497850276529789 907
1752021205399 1.4907326183535836 908
1752021241314 1.4836746301840653 909
1752021277280 1.4782469465651296 910
1752021313150 1.4731561169028282 911
1752021348992 1.4684000550345941 912
1752021384832 1.4650410440835087 913
1752021420751 1.4605099965225568 914
1752021456657 1.45617002858357 915
1752021492538 1.4498213902115822 916
1752021528391 1.4458628056401557 917
1752021564271 1.4411913142962889 918
1752021600083 1.4350402422926642 919
1752025378048 2.255637602711266 920
1752025413866 1.9305086908015339 921
1752025449697 1.8545908243818716 922
1752025485517 1.803266154094176 923
1752025521369 1.7679608748717741 924
1752025557225 1.7392318644984202 925
1752025593085 1.7172963595525785 926
1752025628850 1.6953453993932768 927
1752025664640 1.6765113710002466 928
1752025700421 1.6614396633072332 929
1752025736333 1.6465665193443948 930
1752025772115 1.6337726898491383 931
1752025808004 1.6198194308037108 932
1752025843811 1.6126465899023144 933
1752025879566 1.599768785929138 934
1752025915342 1.5888006287542256 935
1752025951146 1.5798372257162223 936
1752025986906 1.5708231441676617 937
1752026022726 1.562817507846789 938
1752026058579 1.5553364658897573 939
1752026094372 1.5451101271266288 940
1752026130262 1.5385359525680542 941
1752026166045 1.5329920161854138 942
1752026201888 1.5251060321249745 943
1752026237738 1.5194801718673923 944
1752026273555 1.5108851048756728 945
1752026309427 1.5041324140673333 946
1752026345273 1.4981679086658088 947
1752026381211 1.4953012564642862 948
1752026417120 1.4870643453164534 949
1752026453028 1.4839017668908292 950
1752026488856 1.477923558178273 951
1752026524631 1.4736069305376573 952
1752026560452 1.4687452566894619 953
1752026596216 1.4644746519625187 954
1752026632069 1.4593845707449047 955
1752026667884 1.455423722212965 956
1752026703804 1.448722579939799 957
1752026739539 1.445862052115527 958
1752026775455 1.4409540698609569 959
1752030548207 2.2571727071296084 960
1752030583957 1.9261370934545994 961
1752030619685 1.8496629859913478 962
1752030655508 1.804102254862135 963
1752030691312 1.7707176520065828 964
1752030727157 1.7432930733669887 965
1752030762905 1.7206690352071414 966
1752030798638 1.7018763480538672 967
1752030834396 1.682971772483804 968
1752030870314 1.6697550656443292 969
1752030906107 1.6566978520290419 970
1752030941859 1.6394765363498167 971
1752030977696 1.627782336690209 972
1752031013499 1.6159388653256677 973
1752031049204 1.606313043358651 974
1752031085013 1.594137591733174 975
1752031120789 1.5880187577144667 976
1752031156648 1.5779325775802135 977
1752031192509 1.5680992007255554 978
1752031228190 1.5599269338629462 979
1752031263961 1.5527413108132102 980
1752031299799 1.545766919851303 981
1752031335628 1.5375403077764944 982
1752031371388 1.5278666950762272 983
1752031407275 1.5212521613998846 984
1752031443078 1.5168023387139493 985
1752031478819 1.5114957615733147 986
1752031514664 1.5042856247587637 987
1752031550308 1.5010943216356365 988
1752031586021 1.4931745552881197 989
1752031622217 1.4872810749167746 990
1752031658307 1.481926686723124 991
1752031694168 1.476834967055104 992
1752031730017 1.4725077240304514 993
1752031765872 1.4664539593187245 994
1752031801614 1.462220393798568 995
1752031837381 1.4565062973309646 996
1752031873201 1.4531489698724314 997
1752031908985 1.4504395005377857 998
1752031945153 1.4438232623718001 999
1752035728231 2.291776907037605 1000
1752035764065 1.9718455784022808 1001
1752035800015 1.8812074688347904 1002
1752035835932 1.827452926811847 1003
1752035871815 1.7876093167472968 1004
1752035907822 1.7609374279325658 1005
1752035943757 1.7318816577846354 1006
1752035979558 1.7101215611804614 1007
1752036015491 1.6902898915789344 1008
1752036051486 1.6730696508152918 1009
1752036087327 1.6578152829950505 1010
1752036123293 1.646528684618798 1011
1752036159145 1.6323684355752035 1012
1752036195140 1.622794632884589 1013
1752036231071 1.610165854746645 1014
1752036266980 1.5975760333240032 1015
1752036302865 1.59035902436484 1016
1752036338782 1.5820589983327822 1017
1752036374760 1.5718344043601642 1018
1752036410729 1.563979704610326 1019
1752036446581 1.5555486347187648 1020
1752036482530 1.5495501692322167 1021
1752036518494 1.5408708856187083 1022
1752036554483 1.5350816568190402 1023
1752036590364 1.5290672281249003 1024
1752036626288 1.5241563645276157 1025
1752036662245 1.515357792377472 1026
1752036698204 1.5094482560049405 1027
1752036734071 1.5049377246336504 1028
1752036770029 1.4992085641080684 1029
1752036805868 1.4950341423126785 1030
1752036841768 1.4873738305812532 1031
1752036877753 1.482917166907679 1032
1752036913640 1.4780151417309588 1033
1752036949494 1.47240182926709 1034
1752036985395 1.4710099378770047 1035
1752037021402 1.463570041412657 1036
1752037057303 1.459021170708266 1037
1752037093212 1.4546110785820268 1038
1752037129126 1.451329975981604 1039
1752040911087 2.280394332991405 1040
1752040946955 1.9315691441297531 1041
1752040982841 1.8580599207092414 1042
1752041018750 1.8104001290418885 1043
1752041054602 1.7760156132280827 1044
1752041090487 1.746657894077626 1045
1752041126417 1.7265719869597391 1046
1752041162147 1.7044313485649498 1047
1752041198059 1.688552701337771 1048
1752041233879 1.6735359684310176 1049
1752041269919 1.6594971770590001 1050
1752041305803 1.6441091173751787 1051
1752041341666 1.6356867819347165 1052
1752041377622 1.6228383752432736 1053
1752041413422 1.611653216860511 1054
1752041449338 1.6009155058047988 1055
1752041485118 1.5909208252348683 1056
1752041521013 1.5821003416045145 1057
1752041556840 1.5735227157446472 1058
1752041592762 1.5640206723050638 1059
1752041628606 1.5599165968596935 1060
1752041664480 1.5490954765541987 1061
1752041700357 1.5430938147685744 1062
1752041736267 1.5371378846466541 1063
1752041772149 1.5281621790067716 1064
1752041807999 1.5246980488300323 1065
1752041843990 1.5175000415606932 1066
1752041879870 1.5118125294419853 1067
1752041915625 1.5032438530840657 1068
1752041951459 1.5007097141986543 1069
1752041987292 1.4929726560684768 1070
1752042023128 1.487748591398651 1071
1752042059024 1.4833136915483258 1072
1752042094897 1.481207115067677 1073
1752042130813 1.4722254872322083 1074
1752042166762 1.4690051099116153 1075
1752042202698 1.464165036989884 1076
1752042238586 1.4571953967890956 1077
1752042274618 1.4554597620259633 1078
1752042310506 1.4518038576299495 1079
1752046089359 2.2987610518255015 1080
1752046125212 1.9537954150953076 1081
1752046161004 1.8712908947332338 1082
1752046196811 1.819089167158712 1083
1752046232656 1.7788556804033844 1084
1752046268528 1.7486749498004264 1085
1752046304400 1.7278657413341783 1086
1752046340205 1.7046671736646781 1087
1752046375989 1.6850799467753281 1088
1752046411822 1.6713874343444 1089
1752046447618 1.6573354672979226 1090
1752046483434 1.6427487202666022 1091
1752046519371 1.6298424083400855 1092
1752046555260 1.616260800510645 1093
1752046591015 1.606314528733492 1094
1752046626801 1.5981465337628669 1095
1752046662616 1.588914612477476 1096
1752046698463 1.5798631344329228 1097
1752046734296 1.5718646103685552 1098
1752046770103 1.5620712878351861 1099
1752046805829 1.5531245514073155 1100
1752046841604 1.5469098602506248 1101
1752046877349 1.5396422107111325 1102
1752046913237 1.5325822251086885 1103
1752046948984 1.5269916965202852 1104
1752046984903 1.5203799039802768 1105
1752047020645 1.5135055963288655 1106
1752047056474 1.5082243765619667 1107
1752047092313 1.5008012974126772 1108
1752047128198 1.4926538589325817 1109
1752047164038 1.4879085309803486 1110
1752047199838 1.4853615164756775 1111
1752047235674 1.479498053477569 1112
1752047271528 1.4744234281507405 1113
1752047307355 1.4718756384470246 1114
1752047343193 1.463729882443493 1115
1752047379034 1.4601632505655289 1116
1752047414923 1.4549031552265992 1117
1752047450672 1.4533539356833154 1118
1752047486523 1.4454736350612207 1119
1752051271517 2.4311230484057558 1120
1752051307439 2.0372802432287824 1121
1752051343380 1.9453271742571483 1122
1752051379309 1.8894939429380677 1123
1752051415380 1.8471773879771882 1124
1752051451251 1.813998007638888 1125
1752051487131 1.7885995849289678 1126
1752051523073 1.766053257002072 1127
1752051558886 1.745123183185404 1128
1752051594913 1.728873692114245 1129
1752051630815 1.7129833010787314 1130
1752051666823 1.6982769712128423 1131
1752051702783 1.6871078359809788 1132
1752051738850 1.67266357825561 1133
1752051774829 1.6636531847444447 1134
1752051810767 1.6527288969267497 1135
1752051846780 1.64271049878814 1136
1752051882665 1.6329539110037414 1137
1752051918654 1.6252277364785022 1138
1752051954551 1.6175931262021714 1139
1752051990508 1.6088959882882508 1140
1752052026529 1.6021743288094348 1141
1752052062448 1.5971682633865962 1142
1752052098390 1.5884873497892509 1143
1752052134321 1.582646772604097 1144
1752052170418 1.575967514379458 1145
1752052206331 1.5716678212312134 1146
1752052242270 1.5637291818857193 1147
1752052278236 1.558215121653947 1148
1752052314134 1.5536135570569471 1149
1752052350088 1.5480505553158848 1150
1752052386012 1.5411017327146097 1151
1752052421981 1.538602665066719 1152
1752052457905 1.5330601476810195 1153
1752052493825 1.528508784757419 1154
1752052529755 1.5249232592230493 1155
1752052565712 1.5208133310079575 1156
1752052601646 1.5159692794761874 1157
1752052637571 1.5133113505488092 1158
1752052673613 1.5085853480479934 1159
1752056485091 2.457720410417427 1160
1752056521163 2.068314764310013 1161
1752056557143 1.9675198187204925 1162
1752056593090 1.9073422398756852 1163
1752056629006 1.8666786338117989 1164
1752056664985 1.8320348388092085 1165
1752056700975 1.8046273396096446 1166
1752056738071 1.7801796841350468 1167
1752056774770 1.7590510970489546 1168
1752056811327 1.7388273216784 1169
1752056847336 1.7216836454516107 1170
1752056883395 1.7073459841988303 1171
1752056919384 1.691771857101809 1172
1752056955887 1.6807071922177619 1173
1752056991832 1.667700892822309 1174
1752057028228 1.6579976755787025 1175
1752057064231 1.648379291661761 1176
1752057100164 1.6377032053741543 1177
1752057136355 1.6275641616772523 1178
1752057172490 1.6213898282836785 1179
1752057208459 1.6143008297817274 1180
1752057244935 1.6069725995714015 1181
1752057280843 1.5983115072277458 1182
1752057317183 1.5911485613747076 1183
1752057353188 1.5848448770967396 1184
1752057389114 1.5775986063209446 1185
1752057425041 1.5725332661108538 1186
1752057461116 1.5664081139998003 1187
1752057497086 1.5610093149271878 1188
1752057533458 1.5545860268175602 1189
1752057569894 1.548681952059269 1190
1752057607251 1.545528271658854 1191
1752057643546 1.5402863682671026 1192
1752057679445 1.534640322354707 1193
1752057715345 1.5303155729039148 1194
1752057751317 1.5269051800397309 1195
1752057787199 1.521089312027801 1196
1752057823125 1.5175269638950175 1197
1752057859134 1.5110572166740894 1198
1752057895066 1.5087746073576538 1199
1752061698988 2.4743424474515696 1200
1752061734963 2.068223984065381 1201
1752061770834 1.9802322218363935 1202
1752061806784 1.9230099323798309 1203
1752061842769 1.878510119901462 1204
1752061878607 1.8439006554809483 1205
1752061914478 1.8133166760883548 1206
1752061950418 1.7877215197817846 1207
1752061986400 1.7677922848273406 1208
1752062022303 1.748704301024025 1209
1752062058169 1.7305922098457813 1210
1752062094029 1.7146560065448284 1211
1752062129960 1.7007650807499886 1212
1752062165834 1.6853676421398467 1213
1752062201706 1.6751792471517215 1214
1752062237625 1.6633123565803876 1215
1752062273520 1.65123042057861 1216
1752062309337 1.6428659517656674 1217
1752062345149 1.6331368508664044 1218
1752062380926 1.6224964951927012 1219
1752062416744 1.6161655143580653 1220
1752062452628 1.6087776124477386 1221
1752062488458 1.6003066247159785 1222
1752062524357 1.5945523066276854 1223
1752062560408 1.5874695754186674 1224
1752062596341 1.5794193504208869 1225
1752062632275 1.5738347511399875 1226
1752062668273 1.567927171560851 1227
1752062704103 1.5629786496812648 1228
1752062739932 1.5545007894662293 1229
1752062775822 1.5501151410016147 1230
1752062811561 1.544700738042593 1231
1752062847426 1.5396512804383582 1232
1752062883466 1.534295814619823 1233
1752062919330 1.5295102860439906 1234
1752062955247 1.525596167214892 1235
1752062991065 1.5207600688392466 1236
1752063026868 1.5163471634415062 1237
1752063062767 1.511922605674375 1238
1752063098634 1.5078548372469165 1239
1752066887514 2.4690541228787466 1240
1752066923572 2.078121945600618 1241
1752066959662 1.9858750264075669 1242
1752066995683 1.9282696832987396 1243
1752067031708 1.880964036014947 1244
1752067067768 1.844373175705021 1245
1752067103899 1.8174529505724257 1246
1752067139848 1.7906851406124504 1247
1752067175960 1.7698350653729655 1248
1752067211998 1.7505988752977415 1249
1752067247991 1.7318687841973521 1250
1752067284038 1.7203779450871728 1251
1752067320122 1.7048318792473187 1252
1752067356126 1.6917414004829796 1253
1752067392157 1.6797599457204342 1254
1752067428215 1.6709808595478535 1255
1752067464367 1.6599994420327924 1256
1752067500464 1.650319803506136 1257
1752067536521 1.640788236124949 1258
1752067572531 1.6329367303035476 1259
1752067608609 1.6245263676074417 1260
1752067644780 1.6160629953850398 1261
1752067680794 1.6094115667722442 1262
1752067716797 1.6024302620102058 1263
1752067752838 1.5946822075003928 1264
1752067788905 1.5889660143716768 1265
1752067825019 1.5819206468083642 1266
1752067861036 1.5772256708957932 1267
1752067897065 1.5695043216374787 1268
1752067933103 1.5649413188750094 1269
1752067969109 1.558734761381691 1270
1752068005163 1.552728470414877 1271
1752068041240 1.54966397380287 1272
1752068077309 1.5445515472780575 1273
1752068113368 1.5390142879702828 1274
1752068149411 1.5334280854599043 1275
1752068185404 1.5298390957442196 1276
1752068221388 1.52514043755152 1277
1752068257415 1.520597717640075 1278
1752068293364 1.5170390145345167 1279
1752072095024 2.4716134491291912 1280
1752072131137 2.04485957832499 1281
1752072167087 1.9520095844160428 1282
1752072203101 1.8949749544262886 1283
1752072239121 1.8544271374967964 1284
1752072275104 1.8206900578330865 1285
1752072311183 1.7949647270143032 1286
1752072347281 1.7729368037120863 1287
1752072383300 1.754274705932899 1288
1752072419339 1.7348549437116494 1289
1752072455356 1.7205797684463588 1290
1752072491423 1.7060963992368092 1291
1752072527726 1.6918081139976329 1292
1752072563750 1.6830510063604875 1293
1752072599841 1.670136314224113 1294
1752072637367 1.6614367633380673 1295
1752072673368 1.6511398801072077 1296
1752072709315 1.6416335011070424 1297
1752072745248 1.6328239197080785 1298
1752072781244 1.6253621070222422 1299
1752072817317 1.6176759681918405 1300
1752072853291 1.6102041903544555 1301
1752072889238 1.6023184823041612 1302
1752072925243 1.5965070944618096 1303
1752072961261 1.5895950611342082 1304
1752072997235 1.582312004471367 1305
1752073033450 1.5766322467137466 1306
1752073069856 1.5711568478833546 1307
1752073106525 1.5674689649180933 1308
1752073142431 1.5600700148127296 1309
1752073178407 1.5548793151974678 1310
1752073214375 1.5505388528108597 1311
1752073250312 1.54488449848511 1312
1752073286341 1.5413632653653622 1313
1752073322392 1.5366595312952995 1314
1752073358400 1.5327254347503185 1315
1752073394412 1.5282383689826184 1316
1752073430476 1.522668876431205 1317
1752073466426 1.519753696904941 1318
1752073502503 1.5161698704416102 1319
1752077304298 2.4851473309099674 1320
1752077340234 2.062844255769795 1321
1752077376135 1.9682066863910719 1322
1752077412188 1.9105572659860959 1323
1752077448203 1.874427904798226 1324
1752077484149 1.8388751017099076 1325
1752077520169 1.8121760799126192 1326
1752077556706 1.7876315001736989 1327
1752077592774 1.7647095569832758 1328
1752077628732 1.7455813772976398 1329
1752077664684 1.7303736375814134 1330
1752077700565 1.7129782807420602 1331
1752077736560 1.7007874568754977 1332
1752077772471 1.6875061992217193 1333
1752077808420 1.6764106625183062 1334
1752077844351 1.66703892566941 1335
1752077880433 1.6555460772731088 1336
1752077916385 1.6476646549999714 1337
1752077952362 1.6382017013701526 1338
1752077988848 1.627992296083407 1339
1752078024839 1.6233906281942672 1340
1752078060689 1.613128100945191 1341
1752078096684 1.6085872115059332 1342
1752078132714 1.5999102274125272 1343
1752078168684 1.593224168501117 1344
1752078204727 1.5865254676477476 1345
1752078240833 1.5810272561555558 1346
1752078276858 1.5737466622482648 1347
1752078312764 1.5687530680813573 1348
1752078349112 1.5638725432482632 1349
1752078385018 1.557814960791306 1350
1752078420941 1.5539093593304807 1351
1752078456859 1.5480214882303367 1352
1752078492820 1.5453117588026957 1353
1752078528827 1.5380603159693154 1354
1752078564900 1.5354171368208798 1355
1752078600885 1.5284134735437958 1356
1752078636807 1.5249449576843868 1357
1752078672788 1.5220639871602708 1358
1752078708720 1.5178536803207614 1359
1752082510646 2.73105023462664 1360
1752082546719 2.2152847674759952 1361
1752082582794 2.0998799895698372 1362
1752082618849 2.0337023237212137 1363
1752082654911 1.985155184499242 1364
1752082691101 1.947645290331407 1365
1752082727215 1.9188354753635146 1366
1752082763351 1.8922095115889201 1367
1752082799517 1.8692782314663583 1368
1752082835617 1.8472628742456436 1369
