1751913326926 1.7588551985946568 0
1751913361915 1.7327695814045994 1
1751913396916 1.7213840240781957 2
1751913432000 1.7116528735919432 3
1751913467012 1.7035909864035519 4
1751913502101 1.6956944526596502 5
1751913537122 1.6934663687239995 6
1751913572037 1.6828292042694308 7
1751913607034 1.6777184497226367 8
1751913642020 1.6711319871246815 9
1751913677170 1.6642846722494473 10
1751913712198 1.6611503934995695 11
1751913747198 1.6555357036942786 12
1751913782259 1.6513251719827002 13
1751913817314 1.6474345370449803 14
1751913852352 1.6359488368034363 15
1751913887357 1.6320235834202983 16
1751913922380 1.6316895054822618 17
1751913957293 1.6255202493207022 18
1751913992406 1.6235663118687542 19
1751914027393 1.6166176961904222 20
1751914062354 1.6109241751784629 21
1751914097421 1.6084354614669627 22
1751914132444 1.6009703170169483 23
1751914167482 1.6013553735207429 24
1751914202507 1.5903426984494382 25
1751914237488 1.5906504280865192 26
1751914272472 1.5828079032627018 27
1751914307489 1.579879061064937 28
1751914342482 1.5778361061079935 29
1751914377416 1.5722025348381563 30
1751914412450 1.566708574240858 31
1751914447406 1.5670961327850819 32
1751914482443 1.559845587069338 33
1751914517439 1.5561577650633724 34
1751914552542 1.548600162294778 35
1751914587583 1.5509849779985168 36
1751914622568 1.5428772992031141 37
1751914657538 1.5406610833650285 38
1751914692547 1.534741920503703 39
1751918061566 1.5826780589466745 40
1751918096512 1.5387450124729762 41
1751918131604 1.5247500376267866 42
1751918166599 1.5227824391966516 43
1751918201621 1.5135730335658246 44
1751918236602 1.5102083632214502 45
1751918271570 1.502169570800933 46
1751918306532 1.5003505166281352 47
1751918341557 1.4938811317763545 48
1751918376547 1.4934622313488612 49
1751918411629 1.4838360981507734 50
1751918446679 1.4796530302952637 51
1751918481687 1.4756585935300046 52
1751918516768 1.468848611820828 53
1751918551736 1.4705387336963958 54
1751918586858 1.459122854877602 55
1751918621891 1.461121978746219 56
1751918656855 1.447904187169942 57
1751918691863 1.4479601494967937 58
1751918726836 1.4438399205153638 59
1751918761799 1.441740502349355 60
1751918796741 1.4337933043187314 61
1751918831761 1.4299128722738137 62
1751918866701 1.425385826013305 63
1751918901632 1.424744488163428 64
1751918936577 1.4167946197769858 65
1751918971724 1.4152168550274589 66
1751919006756 1.4085731069472702 67
1751919041812 1.4036731455813756 68
1751919076854 1.4034682414071127 69
1751919111894 1.4015414941717277 70
1751919146843 1.3964182643050498 71
1751919181827 1.391138842837377 72
1751919216837 1.3887650035321712 73
1751919251839 1.3858515623618255 74
1751919286941 1.3771705275232142 75
1751919321940 1.3749553943899544 76
1751919356980 1.3714438822459092 77
1751919391936 1.3669837577776476 78
1751919426968 1.3656550937078216 79
1751922782708 1.5782022093507377 80
1751922818317 1.510283455929973 81
1751922853823 1.4945917071943933 82
1751922889475 1.4873792386867783 83
1751922924500 1.471750700676983 84
1751922959965 1.4693369706245987 85
1751922995506 1.461201967840845 86
1751923030880 1.451744541187178 87
1751923066425 1.446972135793079 88
1751923101956 1.4369269155643203 89
1751923137516 1.434144102036953 90
1751923172995 1.4312912831929596 91
1751923208340 1.425764487548308 92
1751923243712 1.4177333854816176 93
1751923279076 1.4165411923419347 94
1751923314601 1.4038295695050196 95
1751923350012 1.4021763076836413 96
1751923385423 1.3985499895431779 97
1751923420990 1.3908035514706916 98
1751923456471 1.385985422202132 99
1751923491971 1.383702016012235 100
1751923527412 1.3832171207124537 101
1751923562962 1.377173196185719 102
1751923598397 1.3647583794187417 103
1751923633883 1.3619282980534164 104
1751923669397 1.3607623929327184 105
1751923704830 1.3529908680780367 106
1751923740270 1.3547822148962454 107
1751923775795 1.3484006845815615 108
1751923811218 1.340971342203292 109
1751923846582 1.3360284661704844 110
1751923882077 1.3318980827250264 111
1751923917466 1.3301938697695732 112
1751923952914 1.3301018777896056 113
1751923988718 1.3249743154103106 114
1751924023964 1.3225297399542548 115
1751924059188 1.3182200620120221 116
1751924094489 1.3116938739337705 117
1751924129690 1.3075400123542005 118
1751924164975 1.3065249676054174 119
1751927636489 1.5884839235381647 120
1751927671637 1.5057240900668232 121
1751927706872 1.4884368709542535 122
1751927742060 1.4701059843328865 123
1751927777469 1.4640136398375034 124
1751927812672 1.4431816830553792 125
1751927847910 1.441126411272721 126
1751927883215 1.4360439296473155 127
1751927918377 1.4288405505093662 128
1751927953645 1.4159442978826435 129
1751927989004 1.4182770706035874 130
1751928024212 1.4056267128749327 131
1751928059455 1.401163672181693 132
1751928094705 1.395175071602518 133
1751928129945 1.3912894346497275 134
1751928165177 1.3806367872113532 135
1751928200330 1.3773630305447362 136
1751928235598 1.3704563921148127 137
1751928270834 1.3652343035421588 138
1751928306098 1.35995351286097 139
1751928341352 1.352557405490767 140
1751928376531 1.3487084270878271 141
1751928411811 1.3456341664899478 142
1751928447111 1.340522518212145 143
1751928482421 1.333725275302475 144
1751928517620 1.3286794518882579 145
1751928552898 1.327763138169592 146
1751928588220 1.3209847110238941 147
1751928623593 1.3156533674760298 148
1751928658811 1.3111302205784754 149
1751928694035 1.3106609342450446 150
1751928729227 1.3005333363332532 151
1751928764467 1.3000375323674895 152
1751928799694 1.3013325717977502 153
1751928834940 1.290862336754799 154
1751928870154 1.2922113337977366 155
1751928905285 1.2835873829370195 156
1751928940621 1.2826648798178544 157
1751928975810 1.278144700283354 158
1751929010933 1.2736870995299383 159
1751932464867 1.5974823703820056 160
1751932500086 1.5093084864995696 161
1751932535289 1.4804709472439506 162
1751932570513 1.4655551988292823 163
1751932605775 1.4491900716992943 164
1751932640938 1.444009713489901 165
1751932676157 1.4311741756444627 166
1751932711264 1.4270964200523766 167
1751932746453 1.4152046076276086 168
1751932781660 1.408752730962905 169
1751932816811 1.4022093703123657 170
1751932851941 1.3938627686690201 171
1751932887116 1.3879710391841151 172
1751932922372 1.380442744290287 173
1751932957654 1.3742774271152236 174
1751932992787 1.3707664547996088 175
1751933028064 1.3633374250070616 176
1751933063229 1.3539660173383625 177
1751933098442 1.3522088595411994 178
1751933133675 1.3517854193394834 179
1751933168915 1.3377074192870746 180
1751933204177 1.3348366150801831 181
1751933239396 1.3282319547777826 182
1751933274596 1.3294273597950286 183
1751933309879 1.3213300274854356 184
1751933345045 1.3133541071279482 185
1751933380206 1.3085046390240842 186
1751933415464 1.30551365762949 187
1751933450580 1.300476773218675 188
1751933485698 1.299742576750842 189
1751933520971 1.2976280366155235 190
1751933556164 1.2918874015184967 191
1751933591455 1.2914840711111373 192
1751933626715 1.2734972712668506 193
1751933662020 1.27328142947094 194
1751933697317 1.2785531709139997 195
1751933732535 1.2645450336011974 196
1751933767910 1.2656787247820334 197
1751933803207 1.2618431880731473 198
1751933838351 1.2548987489532342 199
1751937292805 1.6071903123096987 200
1751937328273 1.5152490379458123 201
1751937363495 1.4833752932873638 202
1751937398915 1.4631280001591553 203
1751937434144 1.4513301544568755 204
1751937469406 1.440150984647599 205
1751937504634 1.4306707731024786 206
1751937539983 1.4158129807222972 207
1751937575224 1.4102674726058135 208
1751937610840 1.3990655412728137 209
1751937646394 1.3926831480454316 210
1751937681713 1.387537134303288 211
1751937716963 1.3791512586176395 212
1751937752228 1.3767587488347834 213
1751937787467 1.367325683209029 214
1751937822639 1.3617882183329626 215
1751937857803 1.3508277620104225 216
1751937893747 1.3492955758490346 217
1751937929262 1.338773421604525 218
1751937964884 1.3357652781361884 219
1751938000082 1.3298159719190814 220
1751938035251 1.3245700106702067 221
1751938070481 1.3214770626615395 222
1751938105657 1.3120801733298735 223
1751938140900 1.3100790110501377 224
1751938176060 1.3043981590731577 225
1751938211699 1.3038679720325903 226
1751938247264 1.2931151481514627 227
1751938282843 1.2896130543879487 228
1751938318085 1.2885452461513607 229
1751938353653 1.2790219255469062 230
1751938388837 1.2780562947419556 231
1751938424398 1.2730542753230443 232
1751938460108 1.2641325870698148 233
1751938495358 1.2645672500472178 234
1751938530966 1.2541929669678211 235
1751938566532 1.2555968829176642 236
1751938602102 1.2485116396776654 237
1751938637817 1.2493312257257374 238
1751938672988 1.2443005034530705 239
1751942201387 1.6317514997314324 240
1751942236701 1.5143201100555332 241
1751942272057 1.4823335321112112 242
1751942307378 1.4588588391515342 243
1751942343116 1.440384570847858 244
1751942378460 1.4331948750398376 245
1751942413750 1.4217948090623727 246
1751942448992 1.4088137153197418 247
1751942484304 1.4032279286872258 248
1751942519672 1.3925492807545445 249
1751942555018 1.38110612468286 250
1751942590347 1.3737297464500775 251
1751942625990 1.3678804971277714 252
1751942661333 1.3604535873640666 253
1751942696625 1.3609841638668017 254
1751942731937 1.3446025496179408 255
1751942767221 1.3414212119850246 256
1751942802549 1.3362778018821369 257
1751942837874 1.3352749899707057 258
1751942873199 1.3247795040634545 259
1751942908513 1.3126118044284256 260
1751942943857 1.3103841566904024 261
1751942979188 1.308898339894685 262
1751943014534 1.3009481978687374 263
1751943050129 1.295200259170749 264
1751943085482 1.2904926084659316 265
1751943120871 1.2833197734911332 266
1751943156159 1.2754319164563308 267
1751943191486 1.2681607451628556 268
1751943226820 1.2718848752027208 269
1751943262145 1.2659331837838346 270
1751943297911 1.260554384101521 271
1751943333232 1.2573790546845307 272
1751943368607 1.2452448044310918 273
1751943403984 1.249562481926246 274
1751943439572 1.2454422522674908 275
1751943474886 1.2367321720177478 276
1751943510186 1.2367420232092792 277
1751943545557 1.229066527363929 278
1751943580954 1.2239492840387605 279
1751947192172 1.6536168957298452 280
1751947227713 1.524196800183166 281
1751947263023 1.4901815642687408 282
1751947298301 1.4698339822617443 283
1751947333595 1.4490947296673602 284
1751947368858 1.4395719983360984 285
1751947404209 1.4300261678343469 286
1751947439506 1.418754218654199 287
1751947474781 1.4076477451757952 288
1751947510036 1.3991065458817915 289
1751947545311 1.3889288285916501 290
1751947580594 1.3799742043695666 291
1751947615850 1.3711289438334378 292
1751947651177 1.3637023036452858 293
1751947686500 1.3580374395982786 294
1751947721900 1.350976962596178 295
1751947757203 1.3465492715212433 296
1751947792633 1.3368353759023277 297
1751947827977 1.3315482149747284 298
1751947863320 1.3241451226852157 299
1751947898635 1.3209987374191934 300
1751947933854 1.3100320375101133 301
1751947969159 1.3104978210546754 302
1751948004556 1.304745400832458 303
1751948039829 1.2953908504410223 304
1751948075155 1.289704911072146 305
1751948110484 1.2840161387893287 306
1751948145783 1.2803150242702528 307
1751948181105 1.268689531663602 308
1751948216467 1.2704767434095794 309
1751948251768 1.2718795886771246 310
1751948287107 1.2534632974050262 311
1751948322453 1.2580454151400111 312
1751948357699 1.248740405690941 313
1751948393085 1.2409310789609498 314
1751948428303 1.2436944390223785 315
1751948463544 1.239113917743618 316
1751948498935 1.2330624657598408 317
1751948534255 1.2254933584481478 318
1751948569524 1.2249784151261502 319
1751952112316 1.6774299960922112 320
1751952147765 1.5293739150193604 321
1751952183094 1.492749966342341 322
1751952218419 1.4720434834333984 323
1751952253620 1.4527919360182502 324
1751952288956 1.440197076309811 325
1751952324276 1.4246723540127277 326
1751952359544 1.4109044054692441 327
1751952394876 1.404185271059925 328
1751952430305 1.3959554626860402 329
1751952465643 1.389502489431338 330
1751952501050 1.3788007982075214 331
1751952536391 1.3689093176614155 332
1751952571751 1.3659216676923362 333
1751952607055 1.354326660998843 334
1751952642294 1.3488123305141926 335
1751952677611 1.3432161022316327 336
1751952712900 1.3359371369535273 337
1751952748245 1.329289598898454 338
1751952783610 1.320263489403508 339
1751952818958 1.316487844017419 340
1751952854283 1.307151172310114 341
1751952889618 1.2979785969311541 342
1751952924995 1.2943055412986062 343
1751952960506 1.2858253744515507 344
1751952995800 1.2840155461295084 345
1751953031125 1.2810142822563648 346
1751953066410 1.269593865356662 347
1751953101715 1.2639819265089252 348
1751953137155 1.2687583657150918 349
1751953172390 1.2586885248734192 350
1751953207689 1.256628398190845 351
1751953243006 1.2466631027107888 352
1751953278288 1.2442747368053957 353
1751953313515 1.2358718604188075 354
1751953348838 1.2341914678161794 355
1751953384216 1.2248113803904166 356
1751953419607 1.2242725442417643 357
1751953454823 1.2146047084507616 358
1751953490073 1.2115875311534514 359
1751957072509 1.6946602003140883 360
1751957107910 1.5376051047986203 361
1751957143508 1.496738489717245 362
1751957179084 1.473839314823801 363
1751957214538 1.4564619342034513 364
1751957249932 1.4430866644463756 365
1751957285414 1.430168661542914 366
1751957320863 1.4147429252890023 367
1751957356312 1.4043887569145723 368
1751957391761 1.3961150300773708 369
1751957427175 1.390106632966887 370
1751957462617 1.375874837013808 371
1751957498028 1.3698895109648055 372
1751957533499 1.3592295954850586 373
1751957568958 1.3512207899581303 374
1751957604694 1.3482642763040282 375
1751957640126 1.3346081928096034 376
1751957675664 1.332643873989582 377
1751957711046 1.32203900272196 378
1751957746433 1.315637755631046 379
1751957781830 1.3117225867780773 380
1751957817318 1.3121804825284265 381
1751957852762 1.3005233799869365 382
1751957888185 1.2892918671396645 383
1751957923696 1.2859517705034127 384
1751957959124 1.2831658314574848 385
1751957994658 1.2771111340685324 386
1751958030053 1.270354304801334 387
1751958065854 1.2711044661700726 388
1751958101367 1.257982676340775 389
1751958137110 1.2538114384832708 390
1751958172585 1.247614350169897 391
1751958208034 1.2436737343668938 392
1751958243604 1.2384721413254738 393
1751958278999 1.2282707896083593 394
1751958314360 1.2268409024585376 395
1751958349728 1.2235419922931627 396
1751958385152 1.2232590133154935 397
1751958420565 1.2149387887594374 398
1751958455997 1.214879247444597 399
1751962053802 1.7313667474822565 400
1751962089472 1.5566159283572978 401
1751962125152 1.512192444706505 402
1751962160804 1.4843720854683355 403
1751962196426 1.465485369278626 404
1751962231973 1.4510756087574093 405
1751962267516 1.4369282224638895 406
1751962303085 1.4204065938564865 407
1751962338920 1.4109745845198631 408
1751962374475 1.4002308283339848 409
1751962410039 1.3947517729618333 410
1751962446201 1.3862017518417402 411
1751962481739 1.3755171376873145 412
1751962517656 1.3677579222077674 413
1751962553541 1.3562927401878617 414
1751962589178 1.3449394784190438 415
1751962624772 1.3429346348751674 416
1751962660285 1.3384735516526483 417
1751962695930 1.3270495171574028 418
1751962731518 1.3228170624510809 419
1751962767117 1.3158913332630287 420
1751962802635 1.3093659068373116 421
1751962838169 1.3035866511477665 422
1751962873595 1.3009113957258789 423
1751962909125 1.2952111671594055 424
1751962944670 1.2899861125783487 425
1751962980122 1.2842803445052018 426
1751963015683 1.276287518441677 427
1751963051316 1.2725322121246294 428
1751963086858 1.26826643130996 429
1751963122338 1.2661517597734928 430
1751963157892 1.2591005949811502 431
1751963193386 1.2515086270868778 432
1751963229297 1.2480221055448055 433
1751963264874 1.2445144130086356 434
1751963300373 1.2429190367798915 435
1751963335972 1.2376984874294563 436
1751963371541 1.2335463564165614 437
1751963407014 1.227528340606527 438
1751963442500 1.2296826688742095 439
1751967108760 1.7779551764780825 440
1751967144189 1.5662442357702688 441
1751967179761 1.5168246752159162 442
1751967215238 1.4895549761978062 443
1751967251067 1.4690230082381854 444
1751967286533 1.449399427256801 445
1751967322014 1.4363072765144436 446
1751967357606 1.4210028634829954 447
1751967393045 1.413496674800461 448
1751967428442 1.3992028713903644 449
1751967463919 1.389759462326765 450
1751967499879 1.3798597394065424 451
1751967535340 1.3692678839645602 452
1751967571175 1.3636080226437612 453
1751967606741 1.3558812259950421 454
1751967642516 1.3476116277954795 455
1751967678041 1.336315518753095 456
1751967713573 1.3325613980943507 457
1751967749001 1.3249852437187324 458
1751967784494 1.323983560231599 459
1751967820415 1.3178982805799355 460
1751967856216 1.304860888218338 461
1751967892191 1.3060428395190022 462
1751967927572 1.2963011759248646 463
1751967963070 1.2871448712592775 464
1751967998583 1.2857360382649032 465
1751968034054 1.2799570794132622 466
1751968069796 1.2811495958065444 467
1751968105359 1.2732518284835599 468
1751968141269 1.2726633003489538 469
1751968177145 1.2611424284563824 470
1751968213113 1.2528880092908035 471
1751968248977 1.248131632127545 472
1751968284878 1.2498792323537848 473
1751968320431 1.2390156002207235 474
1751968356123 1.2401925088329748 475
1751968392025 1.2358577613803474 476
1751968427991 1.2291468280282887 477
1751968463844 1.223402728241953 478
1751968499775 1.2226255222816358 479
1751972253259 1.814956715499813 480
1751972288852 1.582582706754858 481
1751972324394 1.5315891111438924 482
1751972359993 1.5019378750161692 483
1751972395563 1.4758639125661417 484
1751972431165 1.4590015648440882 485
1751972466849 1.4416473429988732 486
1751972502460 1.4307385733859106 487
1751972538034 1.415418178859082 488
1751972573564 1.4028253084556623 489
1751972609141 1.3980787250805984 490
1751972644728 1.3819274749945512 491
1751972680351 1.3761975335126573 492
1751972715936 1.3669913434846834 493
1751972751470 1.3570008484477347 494
1751972787059 1.3515441807156259 495
1751972822641 1.3421583155339414 496
1751972858164 1.3372206139293583 497
1751972893749 1.3305906382474033 498
1751972929226 1.3209621430459348 499
1751972964762 1.3181797286326236 500
1751973000415 1.3082767528566448 501
1751973035972 1.3088263368064708 502
1751973071583 1.299431348727508 503
1751973107100 1.2959645564921878 504
1751973142664 1.283034597608176 505
1751973178264 1.2864390513436361 506
1751973213785 1.273654057559642 507
1751973249266 1.2754827475344592 508
1751973284832 1.267829087308862 509
1751973320476 1.261842904104428 510
1751973356063 1.2552650125527924 511
1751973391649 1.2563111270693215 512
1751973427179 1.2463452125137502 513
1751973462760 1.2441442603753372 514
1751973498410 1.2409274059940467 515
1751973533904 1.2398346489803358 516
1751973569562 1.2308019712905993 517
1751973605216 1.2248508053069764 518
1751973640839 1.2196732078763572 519
1751977334633 1.8328138224103234 520
1751977370197 1.594528609717434 521
1751977405736 1.5402116250585427 522
1751977441255 1.504408337175846 523
1751977476688 1.4850201278247617 524
1751977512192 1.4616821638562463 525
1751977547717 1.4468719204041092 526
1751977583218 1.432649964974685 527
1751977618666 1.4176125746559014 528
1751977654232 1.4100506932220676 529
1751977689765 1.3967027200216597 530
1751977725297 1.3813719674944878 531
1751977760703 1.3800815337083556 532
1751977796269 1.3703712204640561 533
1751977831762 1.361749342219396 534
1751977867307 1.3492903001606464 535
1751977902906 1.3489973717792467 536
1751977938383 1.3344149125570601 537
1751977973889 1.3371857231990858 538
1751978009395 1.3248393938622691 539
1751978044919 1.3139562908221374 540
1751978080432 1.3113310594450345 541
1751978115854 1.3053009313615886 542
1751978151335 1.2991065907884727 543
1751978187059 1.2914470803331246 544
1751978222573 1.2899315452033824 545
1751978258106 1.2825490989806978 546
1751978293663 1.2814095646820285 547
1751978329344 1.2750274515287443 548
1751978365198 1.266583796251904 549
1751978400664 1.26865133355287 550
1751978436167 1.2624389508908445 551
1751978471758 1.2572136592458596 552
1751978507334 1.2519185114651918 553
1751978542822 1.2475839516317302 554
1751978578307 1.2439071083949371 555
1751978613780 1.2347936330532485 556
1751978649297 1.234110402789983 557
1751978684754 1.223435199057514 558
1751978720160 1.2196230441331863 559
1751982429570 1.8550986119292 560
1751982465064 1.6049618802287362 561
1751982500543 1.5471613606946035 562
1751982536136 1.5175079713490875 563
1751982571591 1.4927722432396628 564
1751982607082 1.4739680655977943 565
1751982642523 1.454441907053644 566
1751982677984 1.4392255253412507 567
1751982713459 1.4240576469085433 568
1751982748888 1.4143661761825734 569
1751982784300 1.4005142629823901 570
1751982819825 1.3973634063520215 571
1751982855297 1.3820382783358747 572
1751982890725 1.3738394609906457 573
1751982926156 1.3660890263589947 574
1751982961640 1.3542294451458887 575
1751982997072 1.3544650267470966 576
1751983032522 1.3422959870235487 577
1751983068065 1.3374447643079541 578
1751983103517 1.3282545418901877 579
1751983138983 1.32235760377212 580
1751983174446 1.3172207406976006 581
1751983210011 1.3139276785606688 582
1751983245451 1.3075143356214871 583
1751983280870 1.3015544719316743 584
1751983316322 1.2905543253503062 585
1751983351710 1.2862274490974166 586
1751983387183 1.2824738225476309 587
1751983422770 1.2741116603667086 588
1751983458282 1.267977698282762 589
1751983493743 1.2695191614329815 590
1751983529394 1.260930415920236 591
1751983564817 1.2563117051666433 592
1751983600200 1.2546903433447534 593
1751983636160 1.2480294487693093 594
1751983672076 1.2473477318205617 595
1751983707511 1.2417366188019514 596
1751983743061 1.2327748963778669 597
1751983778643 1.2284814286977053 598
1751983814109 1.2261286152696067 599
1751987538179 1.8909024193205617 600
1751987573850 1.6150256476619027 601
1751987609496 1.5634054284204135 602
1751987645090 1.5255049324848435 603
1751987680779 1.4983889619735153 604
1751987716333 1.479130111973394 605
1751987752062 1.4606201929802245 606
1751987787830 1.443558386780999 607
1751987823469 1.431765658611601 608
1751987859029 1.419658089903268 609
1751987894664 1.407523938878016 610
1751987930339 1.3985454490916296 611
1751987965970 1.3881408121775498 612
1751988001597 1.3809573663906618 613
1751988037260 1.372249614786018 614
1751988072915 1.362416429614479 615
1751988108513 1.3547423397275535 616
1751988144122 1.3476733602583408 617
1751988179729 1.336399918930097 618
1751988215381 1.3343631405044685 619
1751988251009 1.3285162577574903 620
1751988286608 1.3176576396958395 621
1751988322192 1.3123448396270925 622
1751988357848 1.309007134965875 623
1751988393544 1.3005021288990974 624
1751988429192 1.2970737892795692 625
1751988464771 1.2870062718337232 626
1751988500482 1.2874280138110572 627
1751988536169 1.2822374498302287 628
1751988571824 1.2767397890036756 629
1751988607452 1.274065549908714 630
1751988643154 1.2673558399758555 631
1751988678815 1.2631286770444026 632
1751988714395 1.2576121173121713 633
1751988750024 1.2477172647010197 634
1751988785624 1.2457671644674106 635
1751988821214 1.2420260266146876 636
1751988856826 1.236946881156076 637
1751988892453 1.232565717602318 638
1751988928102 1.2302697041833943 639
1751992646907 2.0118277790871533 640
1751992682558 1.6732723353938623 641
1751992718128 1.608700092881918 642
1751992753709 1.5706940422003919 643
1751992789339 1.544709614393386 644
1751992824951 1.5220651277764277 645
1751992860531 1.5040537376295438 646
1751992896171 1.4884264414960688 647
1751992931814 1.4740587933496996 648
1751992967431 1.4669414928013629 649
1751993003042 1.4509845240549608 650
1751993038699 1.4383441467176785 651
1751993074260 1.43310794132677 652
1751993109833 1.4232638796622104 653
1751993145446 1.4153831956738776 654
1751993181082 1.4024869935079054 655
1751993216688 1.3992681096900592 656
1751993252348 1.38772741434249 657
1751993288012 1.3838108557869087 658
1751993323682 1.378873448818922 659
1751993359347 1.3689578873190014 660
1751993395125 1.3654724887826226 661
1751993430666 1.3570957139811732 662
1751993466227 1.3537657223641872 663
1751993501880 1.3506797961890697 664
1751993537548 1.3410550132393837 665
1751993573253 1.3423008756204085 666
1751993608784 1.337881134992296 667
1751993644458 1.3302473913539539 668
1751993680045 1.3257909786294808 669
1751993715701 1.3216549002311446 670
1751993751329 1.3163441991941496 671
1751993786936 1.3149283386089585 672
1751993822570 1.3104437796229667 673
1751993858168 1.301769921048121 674
1751993893776 1.299379536035386 675
1751993929372 1.296144988387823 676
1751993965061 1.2882930033586242 677
1751994000717 1.2903615805235775 678
1751994036262 1.2858352772891521 679
1751997773946 2.0550811151889237 680
1751997809595 1.6962986415760084 681
1751997845132 1.6226520040495829 682
1751997880610 1.5809087492525578 683
1751997916159 1.5531755286184223 684
1751997951799 1.5313083603978157 685
1751997987361 1.510073883966966 686
1751998022947 1.4972549436444587 687
1751998058601 1.4812777983871372 688
1751998094213 1.4709789492189884 689
1751998129883 1.4544337364760311 690
1751998165546 1.4448405927555128 691
1751998201055 1.4366824125701732 692
1751998236672 1.4219686439768835 693
1751998272253 1.4178836359219118 694
1751998307831 1.4131419977003878 695
1751998343354 1.4026202535764738 696
1751998378948 1.4001654660837217 697
1751998414604 1.3857646767388692 698
1751998450152 1.3812321383844723 699
1751998485767 1.373877264559269 700
1751998521229 1.3713891279291024 701
1751998556738 1.36414105377414 702
1751998592308 1.3585075664926658 703
1751998627870 1.348808117210865 704
1751998663624 1.3442649384113876 705
1751998699215 1.3405063602734695 706
1751998734772 1.3332326964221217 707
1751998770335 1.3309967429800467 708
1751998805868 1.3260347267443484 709
1751998841409 1.321882856840437 710
1751998876965 1.3151701085946776 711
1751998912554 1.317396424372088 712
1751998948126 1.303621959279884 713
1751998983730 1.3007889921692284 714
1751999019230 1.3039969632571393 715
1751999054803 1.2950797687199982 716
1751999090406 1.2898770055987618 717
1751999126014 1.2890073579143395 718
1751999161526 1.2841897132721813 719
1752002913292 2.082592547617175 720
1752002948938 1.7015506615015594 721
1752002984577 1.6337913552468473 722
1752003020361 1.5935161912983113 723
1752003056078 1.5612663023851134 724
1752003091688 1.5357034517960115 725
1752003127404 1.519762214611877 726
1752003163102 1.502789587459781 727
1752003198777 1.4813600284132091 728
1752003234501 1.4699976048008963 729
1752003270170 1.4650537540966815 730
1752003305916 1.456963430412791 731
1752003341546 1.4425695565613834 732
1752003377229 1.4359246729449793 733
1752003412921 1.415070335973393 734
1752003448550 1.4123837951232086 735
1752003484195 1.4128098376095295 736
1752003519898 1.396931530399756 737
1752003555575 1.3901278559457173 738
1752003591263 1.3850595094263554 739
1752003626956 1.3791838613423435 740
1752003662592 1.3733509308235212 741
1752003698261 1.3637382035905665 742
1752003733948 1.361937545917251 743
1752003769695 1.3584056723524223 744
1752003805338 1.3497500690546902 745
1752003841030 1.3453854170035233 746
1752003876669 1.3401717536828734 747
1752003912438 1.3303810513832353 748
1752003948167 1.3275468097153036 749
1752003984009 1.3218696953898126 750
1752004019683 1.3161127550358123 751
1752004055351 1.3196522004225038 752
1752004091137 1.3173215284266255 753
1752004126786 1.3119571764360776 754
1752004162401 1.301825707947666 755
1752004198036 1.3002352145585148 756
1752004233723 1.2967584925619038 757
1752004269445 1.2931931428611279 758
1752004305017 1.2902266623621637 759
1752008074625 2.1092608527026395 760
1752008110322 1.7213689884678884 761
1752008145947 1.6437693455002524 762
1752008181555 1.6024881597946992 763
1752008217220 1.5690762278708545 764
1752008252894 1.545466085049239 765
1752008288553 1.521331855857914 766
1752008324207 1.5095350193706425 767
1752008359885 1.4892570945349606 768
1752008395593 1.4746599407358603 769
1752008431164 1.470072128894654 770
1752008466826 1.452431882308288 771
1752008502448 1.4453200288116932 772
1752008538170 1.4340860836885192 773
1752008573902 1.4308046431026675 774
1752008609621 1.4250710545615717 775
1752008645345 1.4113568131896583 776
1752008681035 1.4035286134616896 777
1752008716728 1.3953670114278793 778
1752008752319 1.3906669247556815 779
1752008788004 1.3827290087938309 780
1752008823704 1.379571434110403 781
1752008859398 1.3713081743229518 782
1752008895043 1.3667542721060189 783
1752008930705 1.3631738512353464 784
1752008966366 1.359834462404251 785
1752009001988 1.348012301054868 786
1752009037689 1.3438823470337824 787
1752009073287 1.3376531445167281 788
1752009108905 1.3350951996716587 789
1752009144611 1.3301815895194358 790
1752009180220 1.326848024671728 791
1752009215873 1.3240053382786838 792
1752009251525 1.3214863308451392 793
1752009287133 1.314947994933887 794
1752009322833 1.3097603696991096 795
1752009358606 1.3041278963739222 796
1752009394227 1.3009627938947894 797
1752009429780 1.2959283658049323 798
1752009465445 1.2958325106989255 799
1752013250925 2.1300017681311476 800
1752013286511 1.7110412327403373 801
1752013322090 1.6379661746323109 802
1752013357796 1.6056025932458313 803
1752013393421 1.5700105167925358 804
1752013429157 1.5543166056952693 805
1752013464837 1.5290360758927735 806
1752013500446 1.5120972980829803 807
1752013536070 1.4952466714788566 808
1752013571770 1.4848725108260459 809
1752013607447 1.4710909294133836 810
1752013643115 1.4592419354753061 811
1752013678760 1.452711429108273 812
1752013714377 1.4426006397063083 813
1752013750066 1.430767548693852 814
1752013785753 1.4197888983921572 815
1752013821406 1.4134664996103807 816
1752013857062 1.4024826437234879 817
1752013892620 1.3940804167227312 818
1752013928284 1.3908917910673402 819
1752013963811 1.3855360793796452 820
1752013999573 1.3799665075811474 821
1752014035084 1.3765158914029598 822
1752014070722 1.3689150376753374 823
1752014106384 1.3621165823530068 824
1752014141985 1.355727774853056 825
1752014177606 1.355073687366464 826
1752014213240 1.350104570388794 827
1752014248845 1.3433874428949573 828
1752014284464 1.3365960080515256 829
1752014320121 1.3351144909181378 830
1752014355762 1.3273605098101227 831
1752014391420 1.323165674778548 832
1752014427023 1.325692794201049 833
1752014462617 1.3182357556440614 834
1752014498151 1.3117423809387467 835
1752014533767 1.306225911629471 836
1752014569384 1.306710753251206 837
1752014605023 1.2992090399969707 838
1752014640601 1.2976946878162297 839
1752018395253 2.1592861725525423 840
1752018431039 1.7362842326137153 841
1752018466860 1.6617649041793563 842
1752018502607 1.6138674379749731 843
1752018538502 1.5855124613100833 844
1752018574358 1.5566775344989516 845
1752018610327 1.5346006148240783 846
1752018646225 1.5170835568146273 847
1752018681963 1.4989849850535393 848
1752018717801 1.4888386624780567 849
1752018753651 1.4774360846389423 850
1752018789513 1.4690992862663486 851
1752018825327 1.4542346386746927 852
1752018861169 1.445138542489572 853
1752018897004 1.4355753484097393 854
1752018932785 1.4236414537511088 855
1752018968689 1.416664232923226 856
1752019004588 1.4104445048353889 857
1752019040458 1.3975794173099778 858
1752019076302 1.3929793479090387 859
1752019112167 1.3910194279795343 860
1752019148105 1.3831994997506791 861
1752019183924 1.3761727078394457 862
1752019219727 1.3694001080637628 863
1752019255585 1.3675048496912827 864
1752019291421 1.3582017103379422 865
1752019327182 1.3523029221052474 866
1752019363022 1.3477045890282502 867
1752019398828 1.3414267420091412 868
1752019434591 1.3386101827702739 869
1752019470479 1.332986231893301 870
1752019506269 1.3275158940391107 871
1752019542064 1.3254130828109654 872
1752019577956 1.3213869539851493 873
1752019613749 1.314179496670311 874
1752019649590 1.3163443962958725 875
1752019685386 1.305292795835571 876
1752019721261 1.302946467291225 877
1752019757140 1.3029472639953548 878
1752019792987 1.2932502000846646 879
1752023575616 2.420761394568465 880
1752023611389 1.8917251557789065 881
1752023647174 1.766760995442217 882
1752023682929 1.7171449116007849 883
1752023718751 1.6679857637394557 884
1752023754473 1.6358858573843131 885
1752023790197 1.6149946038018574 886
1752023826049 1.5971836840564555 887
1752023861815 1.5771088579838926 888
1752023897584 1.567844907668504 889
1752023933353 1.5518717315386643 890
1752023969128 1.5395652705972844 891
1752024004922 1.5298671227964489 892
1752024040750 1.5126985399560495 893
1752024076487 1.508451292460615 894
1752024112256 1.5014523691074415 895
1752024148097 1.4937057810073548 896
1752024183873 1.4812032231553034 897
1752024219562 1.4754160385240207 898
1752024255416 1.4652538482438435 899
1752024291168 1.4594678225165063 900
1752024326944 1.4522856196219271 901
1752024362752 1.4472210982983762 902
1752024398448 1.4406239939006893 903
1752024434214 1.4334201954982497 904
1752024470042 1.427705655382438 905
1752024505861 1.425013069063425 906
1752024541618 1.4229406355456873 907
1752024577449 1.415797881782055 908
1752024613177 1.4117923944511197 909
1752024648945 1.404529061507095 910
1752024684685 1.4034893380647355 911
1752024720503 1.3990698033435778 912
1752024756302 1.3965125168589028 913
1752024792246 1.3871335776692086 914
1752024828059 1.3852628797970035 915
1752024863843 1.3781247711317106 916
1752024899646 1.3802352764389731 917
1752024935448 1.3741212233223699 918
1752024971252 1.3710684109140525 919
1752028747476 2.4586813395673577 920
1752028783152 1.8981507444246248 921
1752028818768 1.7774395184083418 922
1752028854492 1.718149434775114 923
1752028890178 1.680084496059201 924
1752028926050 1.6525247063149104 925
1752028961828 1.6227488676932724 926
1752028997674 1.6037534522739323 927
1752029033406 1.5860290232707153 928
1752029069060 1.5688064460727302 929
1752029104784 1.5593716471709989 930
1752029140462 1.5434242381968282 931
1752029176185 1.530428377742117 932
1752029211821 1.5243172293359584 933
1752029247539 1.5121348347853532 934
1752029283204 1.5028114962306889 935
1752029318967 1.493810141289776 936
1752029354744 1.4815589287741617 937
1752029390442 1.477609464729374 938
1752029426141 1.4692866558378392 939
1752029461884 1.463727517561479 940
1752029497630 1.4578560523011468 941
1752029533385 1.4487548646601764 942
1752029569139 1.4457712312313644 943
1752029604870 1.4359312226826495 944
1752029640675 1.4305073371665045 945
1752029676385 1.4276989281854846 946
1752029712169 1.4285375360738148 947
1752029747888 1.4180789444256912 948
1752029783654 1.409477437761697 949
1752029819390 1.4107143086465923 950
1752029855077 1.3984443856911226 951
1752029890815 1.3964752334762702 952
1752029926482 1.3926125636154956 953
1752029962288 1.392758626829494 954
1752029998044 1.3884623937986114 955
1752030033784 1.383884489874948 956
1752030069537 1.376850406893275 957
1752030105274 1.3755375668406487 958
1752030140954 1.373874913562428 959
1752033921930 2.4740878191183913 960
1752033957792 1.9051359925757756 961
1752033993637 1.788939086551016 962
1752034029441 1.7265597764741292 963
1752034065278 1.680074187164957 964
1752034101052 1.6557835452258587 965
1752034136972 1.6202715821564198 966
1752034172899 1.6082585115324368 967
1752034208726 1.5891234288838776 968
1752034244559 1.5688519427044825 969
1752034280447 1.555188361555338 970
1752034316312 1.5516808175227859 971
1752034352153 1.534699759361419 972
1752034388083 1.5223237519914454 973
1752034423919 1.5162714953449639 974
1752034459853 1.5019450255415656 975
1752034495741 1.4969369294968518 976
1752034531559 1.4837970479645513 977
1752034567423 1.4781819043511695 978
1752034603297 1.473862843757326 979
1752034639077 1.469599125398831 980
1752034674960 1.455771012401039 981
1752034710757 1.4493364749306983 982
1752034746625 1.4415098577737808 983
1752034782463 1.4370204711502248 984
1752034818285 1.4350975308228622 985
1752034854079 1.4316557953980835 986
1752034889902 1.4267743582075292 987
1752034925831 1.4175721322270958 988
1752034961706 1.413199288601225 989
1752034997590 1.4067990322681991 990
1752035033458 1.4005987383425236 991
1752035069266 1.4028021960773251 992
1752035105125 1.3950330005450682 993
1752035140997 1.3915477997877381 994
1752035176846 1.3870979283343663 995
1752035212690 1.3845695230093868 996
1752035248588 1.379532915963368 997
1752035284406 1.3738179951906204 998
1752035320194 1.3698223659938031 999
1752039106319 2.490546565841545 1000
1752039142116 1.911456827412952 1001
1752039177997 1.7926590669561515 1002
1752039213841 1.7331508570774035 1003
1752039249730 1.6855806417085908 1004
1752039285561 1.6622890491377225 1005
1752039321302 1.6316574398766865 1006
1752039357147 1.6101362383501097 1007
1752039392950 1.5947387350553817 1008
1752039428853 1.5794409117238088 1009
1752039464639 1.5641470443118701 1010
1752039500478 1.5473330708389932 1011
1752039536396 1.5343488857827403 1012
1752039572231 1.5304826653816483 1013
1752039608005 1.5138984752649611 1014
1752039643868 1.5039873455058446 1015
1752039679644 1.498805675994266 1016
1752039715396 1.4921369092030958 1017
1752039751258 1.4856496873227032 1018
1752039787052 1.4755385541780428 1019
1752039822851 1.4682379490272566 1020
1752039858695 1.4600772292099216 1021
1752039894561 1.4572976295920936 1022
1752039930307 1.4490620636127212 1023
1752039966106 1.4433069432323629 1024
1752040001909 1.4389209483157506 1025
1752040037685 1.4347693909975616 1026
1752040073621 1.423680240796371 1027
1752040109471 1.422159829261628 1028
1752040145354 1.41703867607496 1029
1752040181192 1.4115944738415154 1030
1752040216981 1.4081630645827814 1031
1752040252776 1.400312052531676 1032
1752040288684 1.3965825584124436 1033
1752040324539 1.3955097682774067 1034
1752040360255 1.3929066170345654 1035
1752040396059 1.388118618929928 1036
1752040431844 1.3821648735214362 1037
1752040467682 1.3777528489855202 1038
1752040503547 1.3781472586772658 1039
1752044285719 2.521266104822809 1040
1752044321577 1.9258926104415546 1041
1752044357343 1.8002350208434192 1042
1752044393034 1.7381906248629093 1043
1752044428829 1.697359960526228 1044
1752044464851 1.6618973189456896 1045
1752044500606 1.6403480243276467 1046
1752044536391 1.6179684075442227 1047
1752044572201 1.5973119122738189 1048
1752044607960 1.5808965028686957 1049
1752044643788 1.5723242542960427 1050
1752044679660 1.5485228963873603 1051
1752044715550 1.5382052172314038 1052
1752044751255 1.5292694294317202 1053
1752044787076 1.518931815570051 1054
1752044822848 1.508836537260901 1055
1752044858723 1.5026687989858063 1056
1752044894521 1.4918770089068196 1057
1752044930237 1.4866463613103738 1058
1752044965993 1.4792274212972685 1059
1752045001786 1.4698973680761727 1060
1752045037554 1.4628308154642582 1061
1752045073263 1.4583795456723734 1062
1752045109170 1.4494726783172651 1063
1752045144996 1.451878215440295 1064
1752045180780 1.44138759679415 1065
1752045216529 1.436825873499567 1066
1752045252247 1.4291089779951356 1067
1752045287933 1.4227588108994744 1068
1752045323687 1.4188241362571716 1069
1752045359349 1.4134771688417955 1070
1752045395104 1.4155507382344117 1071
1752045430879 1.4043820347975602 1072
1752045466672 1.4019655205986716 1073
1752045502429 1.3934388343583455 1074
1752045538202 1.3942031416703353 1075
1752045573941 1.3896249735897237 1076
1752045609697 1.382500640709292 1077
1752045645453 1.380066834728826 1078
1752045681160 1.3748177747157486 1079
1752049463623 2.5462874817577275 1080
1752049499608 1.933894944800572 1081
1752049535499 1.8061999157071114 1082
1752049571413 1.7406181252815507 1083
1752049607340 1.6971197433092378 1084
1752049643335 1.6682024479589679 1085
1752049679143 1.6439481076191773 1086
1752049715072 1.6163443804464557 1087
1752049750981 1.5971210700544445 1088
1752049786907 1.5818795883520083 1089
1752049822990 1.57015552574938 1090
1752049858954 1.5559556860138068 1091
1752049894783 1.541271355680444 1092
1752049930771 1.5319608138366179 1093
1752049966771 1.5258175869556991 1094
1752050002698 1.5113208497112447 1095
1752050038674 1.506855382160707 1096
1752050074614 1.5018017203970389 1097
1752050110557 1.4903444915332578 1098
1752050146525 1.4837573140182279 1099
1752050182422 1.4709338918328285 1100
1752050218380 1.4686167622831734 1101
1752050254362 1.458821392533454 1102
1752050290251 1.4555026909167117 1103
1752050326123 1.4508628167889335 1104
1752050362108 1.4424347633665258 1105
1752050398012 1.439439887011593 1106
1752050433891 1.4258143177086657 1107
1752050469786 1.4236662452193825 1108
1752050505627 1.4212313704192638 1109
1752050541540 1.419682905416597 1110
1752050577554 1.410319346934557 1111
1752050613421 1.406817768107761 1112
1752050649321 1.404670022089373 1113
1752050685304 1.4012617780403658 1114
1752050721159 1.3935213231227614 1115
1752050757089 1.3876343911344355 1116
1752050793044 1.38516537879001 1117
1752050828847 1.3855086558244445 1118
1752050864816 1.3787102093073456 1119
1752054672348 2.9044458893212406 1120
1752054708257 2.2593939074061136 1121
1752054744214 2.0513361638242547 1122
1752054780044 1.9430871558460323 1123
1752054815909 1.865096671337431 1124
1752054851793 1.8167688308114356 1125
1752054887631 1.7672643139958382 1126
1752054923479 1.7433920936150984 1127
1752054959325 1.7199047322977672 1128
1752054995153 1.6995489052073522 1129
1752055030989 1.6837725456465373 1130
1752055067208 1.6668302051045678 1131
1752055103132 1.6515906290574507 1132
1752055138973 1.6350238773633132 1133
1752055174860 1.6241643198511817 1134
1752055210709 1.6124467507682063 1135
1752055246604 1.608333189379085 1136
1752055282491 1.594630612229759 1137
1752055318282 1.5856577334078876 1138
1752055354168 1.5784266028891911 1139
1752055390116 1.5612248493866487 1140
1752055426878 1.5595305362208323 1141
1752055463215 1.5542453107508747 1142
1752055499078 1.545729942281138 1143
1752055534975 1.5349009341814301 1144
1752055570781 1.5321258418262005 1145
1752055606820 1.5243402455340733 1146
1752055642703 1.5220101150599392 1147
1752055678610 1.510776105590842 1148
1752055714410 1.513733304698359 1149
1752055750316 1.501039994372563 1150
1752055786835 1.500221624970436 1151
1752055822730 1.4958610385656357 1152
1752055858628 1.4934758760712363 1153
1752055894420 1.4830503964965993 1154
1752055930250 1.4761253883215515 1155
1752055966135 1.4754352891309694 1156
1752056002011 1.4722586463798175 1157
1752056038151 1.473435681651939 1158
1752056074056 1.4689216840673576 1159
1752059873786 2.9209529506889256 1160
1752059909761 2.2776358412070707 1161
1752059945654 2.058745464818044 1162
1752059981468 1.9404437254098328 1163
1752060017291 1.869815942916003 1164
1752060053121 1.8220999342474071 1165
1752060088996 1.7824052795767784 1166
1752060124822 1.7484166703440926 1167
1752060160717 1.7222356389869342 1168
1752060196493 1.7000940486111424 1169
1752060232373 1.685455271127549 1170
1752060268364 1.6746014942499725 1171
1752060304281 1.6475064944137225 1172
1752060340148 1.6375674127855084 1173
1752060376070 1.6233539757403461 1174
1752060411922 1.6138015389442444 1175
1752060447833 1.6069722656499257 1176
1752060483780 1.5910365429114213 1177
1752060519559 1.5826385911892762 1178
1752060555399 1.5711036683483557 1179
1752060591293 1.5630448985506187 1180
1752060627100 1.5613266080617905 1181
1752060662968 1.5536812276325442 1182
1752060698849 1.5451630973680452 1183
1752060734655 1.536795757372271 1184
1752060770487 1.532644161446528 1185
1752060806311 1.524912516163154 1186
1752060842184 1.519138177010146 1187
1752060878041 1.5171128657053818 1188
1752060913985 1.5093890699473294 1189
1752060949839 1.5019369579174302 1190
1752060985741 1.5021768757565455 1191
1752061021554 1.492389266802506 1192
1752061057283 1.4900613694705747 1193
1752061093162 1.489111807535995 1194
1752061129066 1.4784095233136958 1195
1752061164968 1.4788313616405835 1196
1752061200784 1.478300371969288 1197
1752061236583 1.4699921506372364 1198
1752061272374 1.4698927859691056 1199
1752065077842 2.9544512294232845 1200
1752065114065 2.2833180075342003 1201
1752065150327 2.059342797506939 1202
1752065186497 1.9534082277254625 1203
1752065223031 1.8724422505633398 1204
1752065258958 1.8220487782223658 1205
1752065294995 1.7825769937851212 1206
1752065331080 1.7530228857966987 1207
1752065367178 1.733023790134625 1208
1752065403060 1.7064900421960787 1209
1752065439043 1.6895721520889888 1210
1752065475088 1.6718148673799904 1211
1752065511037 1.656945122575218 1212
1752065547038 1.6420229117978702 1213
1752065583011 1.6315398399125447 1214
1752065619004 1.6179973323914139 1215
1752065655071 1.6125754314390095 1216
1752065691010 1.6070067635314031 1217
1752065726954 1.5915784039957956 1218
1752065762871 1.5772468501871282 1219
1752065798862 1.5708462863483212 1220
1752065834953 1.5651547905396332 1221
1752065870937 1.5561013472351162 1222
1752065906903 1.5480606000531802 1223
1752065942881 1.5421691045842387 1224
1752065978777 1.5359566215087066 1225
1752066014764 1.5334072648124262 1226
1752066050735 1.5238260545513846 1227
1752066086708 1.5157358714125373 1228
1752066122708 1.5135936063121667 1229
1752066158720 1.5083242705599829 1230
1752066194672 1.505041255530986 1231
1752066230653 1.4990746155381203 1232
1752066266602 1.4896682731129907 1233
1752066302579 1.4874287403442643 1234
1752066338599 1.4857139292765746 1235
1752066374546 1.4820337857712398 1236
1752066410381 1.4815308637917042 1237
1752066446503 1.4727409058673815 1238
1752066482545 1.4738997607068582 1239
1752070280566 2.9362843707203865 1240
1752070316542 2.2805029208009895 1241
1752070353206 2.073228957978162 1242
1752070389093 1.9504499106921933 1243
1752070425034 1.8726013919169253 1244
1752070460977 1.822535852816972 1245
1752070497000 1.7815038392489606 1246
1752070533087 1.760641004212878 1247
1752070568981 1.7346804050559348 1248
1752070605106 1.7097983394156804 1249
1752070641135 1.6902487406676465 1250
1752070677058 1.6780550043013962 1251
1752070713011 1.6526346436955712 1252
1752070748996 1.6450387378307907 1253
1752070784931 1.6302838616750457 1254
1752070820895 1.6209376545792276 1255
1752070856824 1.603718365457925 1256
1752070892718 1.6010276109657504 1257
1752070928702 1.593579562888904 1258
1752070964580 1.581665817986835 1259
1752071000514 1.5722167349674485 1260
1752071036495 1.5602216256613082 1261
1752071072555 1.555270379917188 1262
1752071108423 1.5484706529162147 1263
1752071144318 1.5469881621274082 1264
1752071180302 1.5388319512659854 1265
1752071216197 1.5348876531828533 1266
1752071252040 1.5230665030804547 1267
1752071288039 1.5168838981877675 1268
1752071323945 1.5122117051346735 1269
1752071359855 1.5082519931549376 1270
1752071395783 1.5053117288784548 1271
1752071431885 1.4963395124809309 1272
1752071467742 1.4955153001303023 1273
1752071503639 1.4923740032721649 1274
1752071540124 1.487697952172973 1275
1752071576215 1.481030248105526 1276
1752071612096 1.4762282053178006 1277
1752071647968 1.480902600017461 1278
1752071683929 1.4734346978366375 1279
1752075488158 2.9726896848190916 1280
1752075524289 2.2991175817495044 1281
1752075560186 2.0798476947979494 1282
1752075596100 1.9509828199039807 1283
1752075632072 1.875310921872204 1284
1752075668405 1.8312096368860116 1285
1752075704370 1.784845225851644 1286
1752075740394 1.7599505473944275 1287
1752075776267 1.73468067497015 1288
1752075812151 1.7091867026280274 1289
1752075848173 1.69659665430134 1290
1752075884323 1.678036736493761 1291
1752075920267 1.6631938689811663 1292
1752075956500 1.6459863192655824 1293
1752075992393 1.6321155334060842 1294
1752076028434 1.6240938759662888 1295
1752076064950 1.607253211465749 1296
1752076101064 1.5995986244895242 1297
1752076137326 1.5925355431708423 1298
1752076173859 1.5857133889062838 1299
1752076209829 1.5770263834433123 1300
1752076245736 1.5631562979383902 1301
1752076281628 1.5602033619176259 1302
1752076317487 1.551864350383932 1303
1752076353607 1.5453992895781994 1304
1752076389699 1.5343786488202484 1305
1752076425600 1.5295599455183202 1306
1752076461479 1.5313128663057631 1307
1752076497461 1.520196694880724 1308
1752076533474 1.516144734891978 1309
1752076569636 1.5093109607696533 1310
1752076605534 1.5036368654532866 1311
1752076641357 1.4996407323262908 1312
1752076677295 1.4978579746728593 1313
1752076713260 1.4930079081519083 1314
1752076748992 1.4856685735285282 1315
1752076784849 1.484389528632164 1316
1752076820729 1.478143684566021 1317
1752076856648 1.4746801504357294 1318
1752076892536 1.4736221612177112 1319
1752080693987 2.978037005121058 1320
1752080730131 2.313707709651102 1321
1752080765931 2.07449703223326 1322
1752080801817 1.9633285704661498 1323
1752080838146 1.892685137011788 1324
1752080874353 1.8334996144879947 1325
1752080910700 1.7997323586182161 1326
1752080947041 1.7664286893877117 1327
1752080982872 1.7350812110711227 1328
1752081018798 1.7156394916501911 1329
1752081055607 1.69923750649799 1330
1752081091874 1.6833665316755122 1331
1752081127812 1.6644273776222358 1332
1752081164067 1.6482096714052288 1333
1752081200458 1.6353210319172253 1334
1752081236713 1.6256957985460758 1335
1752081272938 1.6148699156262658 1336
1752081308813 1.6060326692055573 1337
1752081344756 1.593186571516774 1338
1752081381117 1.5859039822085337 1339
1752081417621 1.5778704139996658 1340
1752081453946 1.5694900503890081 1341
1752081490514 1.5623907196250828 1342
1752081526907 1.5564010498875922 1343
1752081563103 1.5515942224724726 1344
1752081599176 1.5464464165270329 1345
1752081635437 1.5356261181560429 1346
1752081671479 1.5338855355300687 1347
1752081707474 1.5244669196280567 1348
1752081743490 1.5185531997545199 1349
1752081779548 1.516849671575156 1350
1752081815588 1.5078832198950378 1351
1752081851583 1.5064420872791247 1352
1752081887647 1.4941986426711082 1353
1752081923643 1.4947542934255167 1354
1752081960212 1.4896656931801275 1355
1752081996246 1.489817413078113 1356
1752082032291 1.4813005822626026 1357
1752082068412 1.4769682179797778 1358
1752082104399 1.4759606366807765 1359
