1751911860610 0.001 0
1751911895713 0.001 1
1751911930853 0.001 2
1751911965895 0.001 3
1751912001058 0.001 4
1751912036106 0.001 5
1751912071198 0.001 6
1751912106309 0.001 7
1751912141408 0.001 8
1751912176539 0.001 9
1751912211668 0.001 10
1751912246775 0.001 11
1751912281946 0.001 12
1751912317034 0.001 13
1751912352221 0.001 14
1751912387390 0.001 15
1751912422494 0.001 16
1751912457544 0.001 17
1751912492735 0.001 18
1751912527739 0.001 19
1751912562793 0.001 20
1751912597867 0.001 21
1751912633034 0.001 22
1751912668158 0.001 23
1751912703270 0.001 24
1751912738380 0.001 25
1751912773530 0.001 26
1751912808605 0.001 27
1751912843714 0.001 28
1751912878836 0.001 29
1751912914028 0.001 30
1751912949126 0.001 31
1751912984296 0.001 32
1751913019395 0.001 33
1751913054466 0.001 34
1751913089627 0.001 35
1751913124748 0.001 36
1751913159814 0.001 37
1751913194904 0.001 38
1751913230039 0.001 39
1751916552987 0.001 40
1751916588202 0.001 41
1751916623306 0.001 42
1751916658507 0.001 43
1751916693569 0.001 44
1751916728753 0.001 45
1751916763850 0.001 46
1751916798956 0.001 47
1751916834066 0.001 48
1751916869248 0.001 49
1751916904330 0.001 50
1751916939497 0.001 51
1751916974621 0.001 52
1751917009833 0.001 53
1751917044997 0.001 54
1751917080152 0.001 55
1751917115331 0.001 56
1751917150638 0.001 57
1751917185728 0.001 58
1751917220856 0.001 59
1751917256021 0.001 60
1751917291142 0.001 61
1751917326331 0.001 62
1751917361448 0.001 63
1751917396586 0.001 64
1751917431715 0.001 65
1751917466940 0.001 66
1751917502166 0.001 67
1751917537378 0.001 68
1751917572555 0.001 69
1751917607736 0.001 70
1751917642914 0.001 71
1751917678023 0.001 72
1751917713281 0.001 73
1751917748429 0.001 74
1751917783618 0.001 75
1751917818761 0.001 76
1751917853935 0.001 77
1751917889096 0.001 78
1751917924215 0.001 79
1751921250013 0.001 80
1751921285214 0.001 81
1751921320377 0.001 82
1751921355565 0.001 83
1751921390776 0.001 84
1751921425999 0.001 85
1751921461243 0.001 86
1751921496424 0.001 87
1751921531556 0.001 88
1751921566785 0.001 89
1751921602039 0.001 90
1751921637311 0.001 91
1751921672565 0.001 92
1751921707849 0.001 93
1751921743092 0.001 94
1751921778330 0.001 95
1751921813526 0.001 96
1751921848735 0.001 97
1751921883970 0.001 98
1751921919166 0.001 99
1751921954467 0.001 100
1751921989675 0.001 101
1751922024947 0.001 102
1751922060146 0.001 103
1751922095393 0.001 104
1751922130517 0.001 105
1751922165681 0.001 106
1751922200921 0.001 107
1751922236138 0.001 108
1751922271412 0.001 109
1751922306674 0.001 110
1751922341942 0.001 111
1751922377178 0.001 112
1751922412353 0.001 113
1751922447534 0.001 114
1751922482727 0.001 115
1751922518279 0.001 116
1751922553807 0.001 117
1751922589351 0.001 118
1751922624522 0.001 119
1751926096869 0.001 120
1751926132364 0.001 121
1751926167762 0.001 122
1751926203141 0.001 123
1751926238524 0.001 124
1751926273947 0.001 125
1751926309514 0.001 126
1751926344989 0.001 127
1751926380487 0.001 128
1751926415976 0.001 129
1751926451457 0.001 130
1751926486899 0.001 131
1751926522265 0.001 132
1751926557660 0.001 133
1751926593092 0.001 134
1751926628436 0.001 135
1751926663818 0.001 136
1751926699175 0.001 137
1751926734515 0.001 138
1751926769848 0.001 139
1751926805256 0.001 140
1751926840667 0.001 141
1751926875981 0.001 142
1751926911438 0.001 143
1751926946905 0.001 144
1751926982289 0.001 145
1751927017851 0.001 146
1751927053140 0.001 147
1751927088438 0.001 148
1751927123868 0.001 149
1751927159185 0.001 150
1751927194540 0.001 151
1751927229991 0.001 152
1751927265365 0.001 153
1751927300822 0.001 154
1751927336246 0.001 155
1751927371623 0.001 156
1751927407009 0.001 157
1751927442474 0.001 158
1751927477815 0.001 159
1751930926300 0.001 160
1751930961601 0.001 161
1751930996966 0.001 162
1751931032263 0.001 163
1751931067627 0.001 164
1751931102945 0.001 165
1751931138253 0.001 166
1751931173520 0.001 167
1751931209126 0.001 168
1751931244578 0.001 169
1751931279916 0.001 170
1751931315313 0.001 171
1751931350656 0.001 172
1751931386072 0.001 173
1751931421431 0.001 174
1751931456936 0.001 175
1751931492374 0.001 176
1751931527650 0.001 177
1751931562927 0.001 178
1751931598312 0.001 179
1751931633668 0.001 180
1751931669009 0.001 181
1751931704241 0.001 182
1751931739593 0.001 183
1751931775073 0.001 184
1751931810437 0.001 185
1751931845873 0.001 186
1751931881394 0.001 187
1751931916671 0.001 188
1751931952032 0.001 189
1751931987417 0.001 190
1751932022710 0.001 191
1751932058039 0.001 192
1751932093354 0.001 193
1751932128689 0.001 194
1751932164071 0.001 195
1751932199381 0.001 196
1751932234837 0.001 197
1751932270236 0.001 198
1751932305609 0.001 199
1751935754829 0.001 200
1751935790137 0.001 201
1751935825586 0.001 202
1751935860812 0.001 203
1751935896134 0.001 204
1751935931420 0.001 205
1751935966723 0.001 206
1751936002349 0.001 207
1751936037657 0.001 208
1751936073189 0.001 209
1751936108423 0.001 210
1751936143666 0.001 211
1751936178953 0.001 212
1751936214316 0.001 213
1751936249627 0.001 214
1751936284974 0.001 215
1751936320349 0.001 216
1751936355654 0.001 217
1751936390972 0.001 218
1751936426252 0.001 219
1751936461606 0.001 220
1751936497315 0.001 221
1751936532572 0.001 222
1751936568244 0.001 223
1751936603495 0.001 224
1751936638865 0.001 225
1751936674167 0.001 226
1751936709451 0.001 227
1751936744687 0.001 228
1751936780002 0.001 229
1751936815347 0.001 230
1751936850931 0.001 231
1751936886244 0.001 232
1751936921576 0.001 233
1751936957235 0.001 234
1751936992503 0.001 235
1751937027819 0.001 236
1751937063109 0.001 237
1751937098412 0.001 238
1751937133935 0.001 239
1751940635786 0.001 240
1751940671221 0.001 241
1751940706621 0.001 242
1751940742366 0.001 243
1751940777889 0.001 244
1751940813367 0.001 245
1751940848747 0.001 246
1751940884199 0.001 247
1751940919622 0.001 248
1751940955439 0.001 249
1751940990905 0.001 250
1751941026410 0.001 251
1751941061820 0.001 252
1751941097190 0.001 253
1751941132668 0.001 254
1751941168142 0.001 255
1751941203561 0.001 256
1751941239148 0.001 257
1751941274592 0.001 258
1751941310049 0.001 259
1751941345501 0.001 260
1751941381038 0.001 261
1751941416513 0.001 262
1751941452166 0.001 263
1751941487633 0.001 264
1751941523130 0.001 265
1751941558583 0.001 266
1751941594014 0.001 267
1751941629419 0.001 268
1751941664921 0.001 269
1751941700422 0.001 270
1751941735864 0.001 271
1751941771537 0.001 272
1751941806957 0.001 273
1751941842762 0.001 274
1751941878279 0.001 275
1751941913740 0.001 276
1751941950046 0.001 277
1751941985567 0.001 278
1751942021468 0.001 279
1751945627286 0.001 280
1751945662722 0.001 281
1751945698179 0.001 282
1751945733662 0.001 283
1751945769315 0.001 284
1751945804792 0.001 285
1751945840285 0.001 286
1751945875721 0.001 287
1751945911444 0.001 288
1751945946981 0.001 289
1751945982438 0.001 290
1751946018233 0.001 291
1751946053669 0.001 292
1751946089137 0.001 293
1751946124826 0.001 294
1751946160262 0.001 295
1751946195718 0.001 296
1751946231184 0.001 297
1751946266606 0.001 298
1751946302037 0.001 299
1751946337769 0.001 300
1751946373280 0.001 301
1751946408704 0.001 302
1751946444440 0.001 303
1751946479917 0.001 304
1751946515338 0.001 305
1751946550729 0.001 306
1751946586268 0.001 307
1751946621763 0.001 308
1751946657792 0.001 309
1751946693201 0.001 310
1751946728653 0.001 311
1751946764172 0.001 312
1751946799641 0.001 313
1751946835167 0.001 314
1751946870642 0.001 315
1751946906139 0.001 316
1751946941546 0.001 317
1751946977060 0.001 318
1751947012474 0.001 319
1751950529436 0.001 320
1751950564913 0.001 321
1751950600430 0.001 322
1751950635932 0.001 323
1751950671331 0.001 324
1751950706759 0.001 325
1751950742225 0.001 326
1751950777635 0.001 327
1751950813082 0.001 328
1751950848474 0.001 329
1751950883893 0.001 330
1751950919467 0.001 331
1751950954929 0.001 332
1751950990381 0.001 333
1751951025791 0.001 334
1751951061169 0.001 335
1751951096795 0.001 336
1751951132177 0.001 337
1751951167675 0.001 338
1751951203054 0.001 339
1751951238419 0.001 340
1751951273762 0.001 341
1751951309168 0.001 342
1751951344634 0.001 343
1751951380166 0.001 344
1751951415555 0.001 345
1751951451291 0.001 346
1751951486850 0.001 347
1751951522314 0.001 348
1751951557745 0.001 349
1751951593102 0.001 350
1751951628575 0.001 351
1751951664091 0.001 352
1751951699518 0.001 353
1751951734858 0.001 354
1751951770272 0.001 355
1751951805729 0.001 356
1751951841098 0.001 357
1751951876585 0.001 358
1751951912438 0.001 359
1751955502781 0.001 360
1751955538284 0.001 361
1751955573846 0.001 362
1751955609315 0.001 363
1751955644866 0.001 364
1751955680851 0.001 365
1751955716472 0.001 366
1751955752099 0.001 367
1751955787679 0.001 368
1751955823265 0.001 369
1751955858882 0.001 370
1751955894484 0.001 371
1751955929974 0.001 372
1751955965520 0.001 373
1751956001068 0.001 374
1751956036880 0.001 375
1751956072493 0.001 376
1751956108023 0.001 377
1751956144069 0.001 378
1751956179649 0.001 379
1751956215270 0.001 380
1751956250901 0.001 381
1751956286465 0.001 382
1751956322022 0.001 383
1751956357632 0.001 384
1751956393131 0.001 385
1751956428683 0.001 386
1751956464242 0.001 387
1751956499867 0.001 388
1751956535452 0.001 389
1751956571513 0.001 390
1751956607177 0.001 391
1751956642723 0.001 392
1751956678313 0.001 393
1751956713844 0.001 394
1751956749433 0.001 395
1751956784921 0.001 396
1751956820669 0.001 397
1751956856302 0.001 398
1751956891848 0.001 399
1751960473234 0.0005 400
1751960508937 0.0005 401
1751960544743 0.0005 402
1751960580882 0.0005 403
1751960616700 0.0005 404
1751960652498 0.0005 405
1751960688279 0.0005 406
1751960724408 0.0005 407
1751960760257 0.0005 408
1751960795989 0.0005 409
1751960832183 0.0005 410
1751960868027 0.0005 411
1751960903791 0.0005 412
1751960939759 0.0005 413
1751960975625 0.0005 414
1751961011355 0.0005 415
1751961047172 0.0005 416
1751961083488 0.0005 417
1751961119234 0.0005 418
1751961155007 0.0005 419
1751961191200 0.0005 420
1751961227037 0.0005 421
1751961262834 0.0005 422
1751961298648 0.0005 423
1751961335045 0.0005 424
1751961370741 0.0005 425
1751961406482 0.0005 426
1751961442452 0.0005 427
1751961478174 0.0005 428
1751961513891 0.0005 429
1751961550055 0.0005 430
1751961585881 0.0005 431
1751961621565 0.0005 432
1751961657342 0.0005 433
1751961693417 0.0005 434
1751961729277 0.0005 435
1751961764953 0.0005 436
1751961801055 0.0005 437
1751961836792 0.0005 438
1751961872424 0.0005 439
1751965435548 0.0005 440
1751965471129 0.0005 441
1751965506832 0.0005 442
1751965542535 0.0005 443
1751965578139 0.0005 444
1751965613739 0.0005 445
1751965649368 0.0005 446
1751965685054 0.0005 447
1751965720652 0.0005 448
1751965756368 0.0005 449
1751965791938 0.0005 450
1751965827626 0.0005 451
1751965863336 0.0005 452
1751965899065 0.0005 453
1751965934661 0.0005 454
1751965970294 0.0005 455
1751966005974 0.0005 456
1751966041633 0.0005 457
1751966077246 0.0005 458
1751966112890 0.0005 459
1751966148601 0.0005 460
1751966184223 0.0005 461
1751966219832 0.0005 462
1751966255607 0.0005 463
1751966291358 0.0005 464
1751966326927 0.0005 465
1751966362532 0.0005 466
1751966398240 0.0005 467
1751966433779 0.0005 468
1751966469504 0.0005 469
1751966505334 0.0005 470
1751966540862 0.0005 471
1751966576506 0.0005 472
1751966612165 0.0005 473
1751966647779 0.0005 474
1751966683371 0.0005 475
1751966718957 0.0005 476
1751966754502 0.0005 477
1751966790107 0.0005 478
1751966825751 0.0005 479
1751970575389 0.0005 480
1751970611034 0.0005 481
1751970646742 0.0005 482
1751970682423 0.0005 483
1751970718193 0.0005 484
1751970753913 0.0005 485
1751970789575 0.0005 486
1751970825292 0.0005 487
1751970861046 0.0005 488
1751970896788 0.0005 489
1751970932458 0.0005 490
1751970968231 0.0005 491
1751971003976 0.0005 492
1751971039679 0.0005 493
1751971075457 0.0005 494
1751971111134 0.0005 495
1751971146815 0.0005 496
1751971182526 0.0005 497
1751971218246 0.0005 498
1751971253957 0.0005 499
1751971289734 0.0005 500
1751971325338 0.0005 501
1751971361000 0.0005 502
1751971396718 0.0005 503
1751971432484 0.0005 504
1751971468164 0.0005 505
1751971503883 0.0005 506
1751971539600 0.0005 507
1751971575418 0.0005 508
1751971611027 0.0005 509
1751971646690 0.0005 510
1751971682517 0.0005 511
1751971718285 0.0005 512
1751971754006 0.0005 513
1751971789743 0.0005 514
1751971825464 0.0005 515
1751971861262 0.0005 516
1751971897000 0.0005 517
1751971932841 0.0005 518
1751971968522 0.0005 519
1751975677561 0.0005 520
1751975713207 0.0005 521
1751975748927 0.0005 522
1751975784714 0.0005 523
1751975820433 0.0005 524
1751975856147 0.0005 525
1751975891846 0.0005 526
1751975927491 0.0005 527
1751975963136 0.0005 528
1751975998790 0.0005 529
1751976034423 0.0005 530
1751976070126 0.0005 531
1751976105823 0.0005 532
1751976141502 0.0005 533
1751976177161 0.0005 534
1751976212884 0.0005 535
1751976248450 0.0005 536
1751976284150 0.0005 537
1751976319837 0.0005 538
1751976355490 0.0005 539
1751976391191 0.0005 540
1751976426913 0.0005 541
1751976462632 0.0005 542
1751976498289 0.0005 543
1751976534074 0.0005 544
1751976569734 0.0005 545
1751976605335 0.0005 546
1751976641069 0.0005 547
1751976676682 0.0005 548
1751976712430 0.0005 549
1751976748013 0.0005 550
1751976783645 0.0005 551
1751976819341 0.0005 552
1751976855019 0.0005 553
1751976890597 0.0005 554
1751976926283 0.0005 555
1751976962099 0.0005 556
1751976997743 0.0005 557
1751977033647 0.0005 558
1751977069961 0.0005 559
1751980796983 0.0005 560
1751980832705 0.0005 561
1751980868355 0.0005 562
1751980904031 0.0005 563
1751980939696 0.0005 564
1751980975360 0.0005 565
1751981011019 0.0005 566
1751981046648 0.0005 567
1751981082230 0.0005 568
1751981117818 0.0005 569
1751981153491 0.0005 570
1751981189176 0.0005 571
1751981224880 0.0005 572
1751981260563 0.0005 573
1751981296133 0.0005 574
1751981331853 0.0005 575
1751981367511 0.0005 576
1751981403128 0.0005 577
1751981438741 0.0005 578
1751981474358 0.0005 579
1751981509930 0.0005 580
1751981545531 0.0005 581
1751981581247 0.0005 582
1751981616888 0.0005 583
1751981652569 0.0005 584
1751981688314 0.0005 585
1751981723944 0.0005 586
1751981759570 0.0005 587
1751981795182 0.0005 588
1751981830793 0.0005 589
1751981866407 0.0005 590
1751981902050 0.0005 591
1751981937689 0.0005 592
1751981973278 0.0005 593
1751982008933 0.0005 594
1751982044507 0.0005 595
1751982080212 0.0005 596
1751982115886 0.0005 597
1751982151434 0.0005 598
1751982187095 0.0005 599
1751985857487 0.0005 600
1751985893311 0.0005 601
1751985929083 0.0005 602
1751985964876 0.0005 603
1751986000619 0.0005 604
1751986036429 0.0005 605
1751986072236 0.0005 606
1751986108043 0.0005 607
1751986143827 0.0005 608
1751986179587 0.0005 609
1751986215404 0.0005 610
1751986251248 0.0005 611
1751986286965 0.0005 612
1751986322732 0.0005 613
1751986358596 0.0005 614
1751986394349 0.0005 615
1751986430202 0.0005 616
1751986466045 0.0005 617
1751986501793 0.0005 618
1751986537596 0.0005 619
1751986573378 0.0005 620
1751986609070 0.0005 621
1751986644821 0.0005 622
1751986680701 0.0005 623
1751986716410 0.0005 624
1751986752226 0.0005 625
1751986787986 0.0005 626
1751986823678 0.0005 627
1751986859452 0.0005 628
1751986895198 0.0005 629
1751986931063 0.0005 630
1751986966950 0.0005 631
1751987002747 0.0005 632
1751987038424 0.0005 633
1751987074176 0.0005 634
1751987109961 0.0005 635
1751987145815 0.0005 636
1751987181714 0.0005 637
1751987217482 0.0005 638
1751987253265 0.0005 639
1751991009297 0.00025 640
1751991045042 0.00025 641
1751991080896 0.00025 642
1751991116703 0.00025 643
1751991152426 0.00025 644
1751991188157 0.00025 645
1751991223954 0.00025 646
1751991259731 0.00025 647
1751991295503 0.00025 648
1751991331309 0.00025 649
1751991367061 0.00025 650
1751991402916 0.00025 651
1751991438628 0.00025 652
1751991474374 0.00025 653
1751991510145 0.00025 654
1751991545870 0.00025 655
1751991581657 0.00025 656
1751991617429 0.00025 657
1751991653110 0.00025 658
1751991688761 0.00025 659
1751991724418 0.00025 660
1751991760111 0.00025 661
1751991795913 0.00025 662
1751991831535 0.00025 663
1751991867403 0.00025 664
1751991903172 0.00025 665
1751991938896 0.00025 666
1751991974587 0.00025 667
1751992010444 0.00025 668
1751992046171 0.00025 669
1751992081911 0.00025 670
1751992117577 0.00025 671
1751992153220 0.00025 672
1751992188896 0.00025 673
1751992224628 0.00025 674
1751992260338 0.00025 675
1751992296007 0.00025 676
1751992331577 0.00025 677
1751992367309 0.00025 678
1751992403057 0.00025 679
1751996116764 0.00025 680
1751996152470 0.00025 681
1751996188220 0.00025 682
1751996224021 0.00025 683
1751996259724 0.00025 684
1751996295402 0.00025 685
1751996331162 0.00025 686
1751996366805 0.00025 687
1751996402526 0.00025 688
1751996438232 0.00025 689
1751996473948 0.00025 690
1751996509681 0.00025 691
1751996545508 0.00025 692
1751996581089 0.00025 693
1751996616793 0.00025 694
1751996652648 0.00025 695
1751996688398 0.00025 696
1751996724090 0.00025 697
1751996759909 0.00025 698
1751996795586 0.00025 699
1751996831354 0.00025 700
1751996867075 0.00025 701
1751996902785 0.00025 702
1751996938447 0.00025 703
1751996974256 0.00025 704
1751997009916 0.00025 705
1751997045788 0.00025 706
1751997081528 0.00025 707
1751997117221 0.00025 708
1751997152934 0.00025 709
1751997188691 0.00025 710
1751997224334 0.00025 711
1751997260004 0.00025 712
1751997295626 0.00025 713
1751997331444 0.00025 714
1751997367181 0.00025 715
1751997402892 0.00025 716
1751997438547 0.00025 717
1751997474330 0.00025 718
1751997510125 0.00025 719
1752001250061 0.00025 720
1752001285956 0.00025 721
1752001321818 0.00025 722
1752001357644 0.00025 723
1752001393486 0.00025 724
1752001429279 0.00025 725
1752001465164 0.00025 726
1752001501023 0.00025 727
1752001536892 0.00025 728
1752001572881 0.00025 729
1752001608731 0.00025 730
1752001644547 0.00025 731
1752001680375 0.00025 732
1752001716458 0.00025 733
1752001752299 0.00025 734
1752001788126 0.00025 735
1752001823998 0.00025 736
1752001859786 0.00025 737
1752001895549 0.00025 738
1752001931399 0.00025 739
1752001967280 0.00025 740
1752002003036 0.00025 741
1752002038899 0.00025 742
1752002074769 0.00025 743
1752002110542 0.00025 744
1752002146339 0.00025 745
1752002182221 0.00025 746
1752002218011 0.00025 747
1752002253957 0.00025 748
1752002289810 0.00025 749
1752002325706 0.00025 750
1752002361619 0.00025 751
1752002397554 0.00025 752
1752002433515 0.00025 753
1752002469456 0.00025 754
1752002505308 0.00025 755
1752002541193 0.00025 756
1752002577192 0.00025 757
1752002612993 0.00025 758
1752002648821 0.00025 759
1752006392004 0.00025 760
1752006427991 0.00025 761
1752006463792 0.00025 762
1752006499596 0.00025 763
1752006535470 0.00025 764
1752006571209 0.00025 765
1752006607017 0.00025 766
1752006642876 0.00025 767
1752006678718 0.00025 768
1752006714435 0.00025 769
1752006750218 0.00025 770
1752006785965 0.00025 771
1752006821788 0.00025 772
1752006857519 0.00025 773
1752006893368 0.00025 774
1752006929131 0.00025 775
1752006964934 0.00025 776
1752007000716 0.00025 777
1752007036457 0.00025 778
1752007072348 0.00025 779
1752007108255 0.00025 780
1752007144066 0.00025 781
1752007179841 0.00025 782
1752007215679 0.00025 783
1752007251493 0.00025 784
1752007287280 0.00025 785
1752007323143 0.00025 786
1752007358940 0.00025 787
1752007394711 0.00025 788
1752007430464 0.00025 789
1752007466355 0.00025 790
1752007502152 0.00025 791
1752007537995 0.00025 792
1752007574116 0.00025 793
1752007609943 0.00025 794
1752007645696 0.00025 795
1752007681647 0.00025 796
1752007717381 0.00025 797
1752007753217 0.00025 798
1752007788976 0.00025 799
1752011569395 0.00025 800
1752011605124 0.00025 801
1752011640937 0.00025 802
1752011676712 0.00025 803
1752011712452 0.00025 804
1752011748251 0.00025 805
1752011783964 0.00025 806
1752011819739 0.00025 807
1752011855564 0.00025 808
1752011891388 0.00025 809
1752011927136 0.00025 810
1752011963011 0.00025 811
1752011998758 0.00025 812
1752012034548 0.00025 813
1752012070468 0.00025 814
1752012106305 0.00025 815
1752012142077 0.00025 816
1752012177849 0.00025 817
1752012213711 0.00025 818
1752012249541 0.00025 819
1752012285324 0.00025 820
1752012321109 0.00025 821
1752012356875 0.00025 822
1752012392624 0.00025 823
1752012428449 0.00025 824
1752012464180 0.00025 825
1752012499968 0.00025 826
1752012535932 0.00025 827
1752012571630 0.00025 828
1752012607433 0.00025 829
1752012643101 0.00025 830
1752012678944 0.00025 831
1752012714724 0.00025 832
1752012750491 0.00025 833
1752012786298 0.00025 834
1752012822072 0.00025 835
1752012857865 0.00025 836
1752012893726 0.00025 837
1752012929506 0.00025 838
1752012965265 0.00025 839
1752016709880 0.00025 840
1752016746019 0.00025 841
1752016782180 0.00025 842
1752016818336 0.00025 843
1752016854650 0.00025 844
1752016890599 0.00025 845
1752016926575 0.00025 846
1752016962507 0.00025 847
1752016998434 0.00025 848
1752017034299 0.00025 849
1752017070312 0.00025 850
1752017106238 0.00025 851
1752017142216 0.00025 852
1752017178157 0.00025 853
1752017214005 0.00025 854
1752017249955 0.00025 855
1752017286019 0.00025 856
1752017322091 0.00025 857
1752017358086 0.00025 858
1752017393938 0.00025 859
1752017429808 0.00025 860
1752017465682 0.00025 861
1752017501673 0.00025 862
1752017537592 0.00025 863
1752017573568 0.00025 864
1752017609503 0.00025 865
1752017645447 0.00025 866
1752017681389 0.00025 867
1752017717286 0.00025 868
1752017753248 0.00025 869
1752017789214 0.00025 870
1752017825157 0.00025 871
1752017861181 0.00025 872
1752017897098 0.00025 873
1752017933036 0.00025 874
1752017969059 0.00025 875
1752018004912 0.00025 876
1752018040822 0.00025 877
1752018076691 0.00025 878
1752018112605 0.00025 879
1752021887174 0.000125 880
1752021923307 0.000125 881
1752021959192 0.000125 882
1752021995121 0.000125 883
1752022031056 0.000125 884
1752022066998 0.000125 885
1752022102863 0.000125 886
1752022138773 0.000125 887
1752022174740 0.000125 888
1752022210779 0.000125 889
1752022246679 0.000125 890
1752022282530 0.000125 891
1752022318479 0.000125 892
1752022354355 0.000125 893
1752022390259 0.000125 894
1752022426275 0.000125 895
1752022462280 0.000125 896
1752022498173 0.000125 897
1752022534261 0.000125 898
1752022570211 0.000125 899
1752022606166 0.000125 900
1752022642082 0.000125 901
1752022677984 0.000125 902
1752022713897 0.000125 903
1752022749834 0.000125 904
1752022785859 0.000125 905
1752022821829 0.000125 906
1752022857728 0.000125 907
1752022893670 0.000125 908
1752022929592 0.000125 909
1752022965530 0.000125 910
1752023001389 0.000125 911
1752023037308 0.000125 912
1752023073189 0.000125 913
1752023109157 0.000125 914
1752023145043 0.000125 915
1752023181094 0.000125 916
1752023216947 0.000125 917
1752023252965 0.000125 918
1752023288824 0.000125 919
1752027062234 0.000125 920
1752027098109 0.000125 921
1752027133961 0.000125 922
1752027169818 0.000125 923
1752027205738 0.000125 924
1752027241651 0.000125 925
1752027277450 0.000125 926
1752027313289 0.000125 927
1752027349177 0.000125 928
1752027385130 0.000125 929
1752027421110 0.000125 930
1752027457065 0.000125 931
1752027492943 0.000125 932
1752027528821 0.000125 933
1752027564739 0.000125 934
1752027600482 0.000125 935
1752027636386 0.000125 936
1752027672251 0.000125 937
1752027708139 0.000125 938
1752027744023 0.000125 939
1752027779885 0.000125 940
1752027815776 0.000125 941
1752027851759 0.000125 942
1752027887576 0.000125 943
1752027923380 0.000125 944
1752027959138 0.000125 945
1752027994967 0.000125 946
1752028030812 0.000125 947
1752028066692 0.000125 948
1752028102553 0.000125 949
1752028138358 0.000125 950
1752028174205 0.000125 951
1752028210100 0.000125 952
1752028245985 0.000125 953
1752028281919 0.000125 954
1752028317741 0.000125 955
1752028353591 0.000125 956
1752028389450 0.000125 957
1752028425298 0.000125 958
1752028461164 0.000125 959
1752032231335 0.000125 960
1752032267629 0.000125 961
1752032303462 0.000125 962
1752032339238 0.000125 963
1752032375480 0.000125 964
1752032411807 0.000125 965
1752032448003 0.000125 966
1752032484268 0.000125 967
1752032520525 0.000125 968
1752032556861 0.000125 969
1752032593061 0.000125 970
1752032629253 0.000125 971
1752032665008 0.000125 972
1752032701215 0.000125 973
1752032737495 0.000125 974
1752032773806 0.000125 975
1752032809970 0.000125 976
1752032846292 0.000125 977
1752032882450 0.000125 978
1752032918689 0.000125 979
1752032954897 0.000125 980
1752032991305 0.000125 981
1752033027273 0.000125 982
1752033063203 0.000125 983
1752033099117 0.000125 984
1752033135042 0.000125 985
1752033170995 0.000125 986
1752033206957 0.000125 987
1752033242959 0.000125 988
1752033278925 0.000125 989
1752033314916 0.000125 990
1752033351086 0.000125 991
1752033387022 0.000125 992
1752033423053 0.000125 993
1752033459074 0.000125 994
1752033494987 0.000125 995
1752033530936 0.000125 996
1752033566924 0.000125 997
1752033602780 0.000125 998
1752033638734 0.000125 999
1752037416518 0.000125 1000
1752037452490 0.000125 1001
1752037488419 0.000125 1002
1752037524480 0.000125 1003
1752037560412 0.000125 1004
1752037596286 0.000125 1005
1752037632229 0.000125 1006
1752037668171 0.000125 1007
1752037704180 0.000125 1008
1752037740169 0.000125 1009
1752037776110 0.000125 1010
1752037812063 0.000125 1011
1752037847949 0.000125 1012
1752037883919 0.000125 1013
1752037919885 0.000125 1014
1752037955777 0.000125 1015
1752037991791 0.000125 1016
1752038027702 0.000125 1017
1752038063675 0.000125 1018
1752038099682 0.000125 1019
1752038135575 0.000125 1020
1752038171461 0.000125 1021
1752038207450 0.000125 1022
1752038243473 0.000125 1023
1752038279426 0.000125 1024
1752038315368 0.000125 1025
1752038351426 0.000125 1026
1752038387345 0.000125 1027
1752038423275 0.000125 1028
1752038459332 0.000125 1029
1752038495420 0.000125 1030
1752038531459 0.000125 1031
1752038567449 0.000125 1032
1752038603442 0.000125 1033
1752038639355 0.000125 1034
1752038675274 0.000125 1035
1752038711261 0.000125 1036
1752038747205 0.000125 1037
1752038783220 0.000125 1038
1752038819098 0.000125 1039
1752042597563 0.000125 1040
1752042633425 0.000125 1041
1752042669418 0.000125 1042
1752042705332 0.000125 1043
1752042741318 0.000125 1044
1752042777164 0.000125 1045
1752042813032 0.000125 1046
1752042848916 0.000125 1047
1752042884866 0.000125 1048
1752042920730 0.000125 1049
1752042956640 0.000125 1050
1752042992666 0.000125 1051
1752043028560 0.000125 1052
1752043064644 0.000125 1053
1752043100615 0.000125 1054
1752043136605 0.000125 1055
1752043172597 0.000125 1056
1752043208505 0.000125 1057
1752043244414 0.000125 1058
1752043280333 0.000125 1059
1752043316222 0.000125 1060
1752043352242 0.000125 1061
1752043388296 0.000125 1062
1752043424223 0.000125 1063
1752043460165 0.000125 1064
1752043496014 0.000125 1065
1752043531974 0.000125 1066
1752043567891 0.000125 1067
1752043603802 0.000125 1068
1752043639850 0.000125 1069
1752043675770 0.000125 1070
1752043711631 0.000125 1071
1752043747621 0.000125 1072
1752043783556 0.000125 1073
1752043819596 0.000125 1074
1752043855513 0.000125 1075
1752043891371 0.000125 1076
1752043927257 0.000125 1077
1752043963210 0.000125 1078
1752043999082 0.000125 1079
1752047773072 0.000125 1080
1752047808869 0.000125 1081
1752047844734 0.000125 1082
1752047880650 0.000125 1083
1752047916549 0.000125 1084
1752047952520 0.000125 1085
1752047988440 0.000125 1086
1752048024252 0.000125 1087
1752048060532 0.000125 1088
1752048096751 0.000125 1089
1752048132687 0.000125 1090
1752048168622 0.000125 1091
1752048204451 0.000125 1092
1752048240247 0.000125 1093
1752048276147 0.000125 1094
1752048312384 0.000125 1095
1752048348280 0.000125 1096
1752048384558 0.000125 1097
1752048420808 0.000125 1098
1752048456681 0.000125 1099
1752048492496 0.000125 1100
1752048528417 0.000125 1101
1752048564468 0.000125 1102
1752048600401 0.000125 1103
1752048636694 0.000125 1104
1752048672963 0.000125 1105
1752048709318 0.000125 1106
1752048745665 0.000125 1107
1752048781579 0.000125 1108
1752048817442 0.000125 1109
1752048853884 0.000125 1110
1752048890172 0.000125 1111
1752048926102 0.000125 1112
1752048962402 0.000125 1113
1752048998692 0.000125 1114
1752049034971 0.000125 1115
1752049071245 0.000125 1116
1752049107073 0.000125 1117
1752049142936 0.000125 1118
1752049179168 0.000125 1119
1752052961856 6.25e-05 1120
1752052997871 6.25e-05 1121
1752053034021 6.25e-05 1122
1752053069938 6.25e-05 1123
1752053106010 6.25e-05 1124
1752053142004 6.25e-05 1125
1752053178031 6.25e-05 1126
1752053214040 6.25e-05 1127
1752053250071 6.25e-05 1128
1752053286150 6.25e-05 1129
1752053322191 6.25e-05 1130
1752053373562 6.25e-05 1131
1752053409541 6.25e-05 1132
1752053445557 6.25e-05 1133
1752053481604 6.25e-05 1134
1752053517659 6.25e-05 1135
1752053553679 6.25e-05 1136
1752053589740 6.25e-05 1137
1752053625996 6.25e-05 1138
1752053661949 6.25e-05 1139
1752053697996 6.25e-05 1140
1752053734082 6.25e-05 1141
1752053770110 6.25e-05 1142
1752053806256 6.25e-05 1143
1752053842212 6.25e-05 1144
1752053878348 6.25e-05 1145
1752053914406 6.25e-05 1146
1752053950487 6.25e-05 1147
1752053986449 6.25e-05 1148
1752054022421 6.25e-05 1149
1752054058479 6.25e-05 1150
1752054095110 6.25e-05 1151
1752054131162 6.25e-05 1152
1752054167257 6.25e-05 1153
1752054203287 6.25e-05 1154
1752054239353 6.25e-05 1155
1752054275541 6.25e-05 1156
1752054311557 6.25e-05 1157
1752054347621 6.25e-05 1158
1752054383626 6.25e-05 1159
1752058182860 6.25e-05 1160
1752058218904 6.25e-05 1161
1752058254899 6.25e-05 1162
1752058290836 6.25e-05 1163
1752058326817 6.25e-05 1164
1752058362943 6.25e-05 1165
1752058398841 6.25e-05 1166
1752058434874 6.25e-05 1167
1752058470975 6.25e-05 1168
1752058506930 6.25e-05 1169
1752058542950 6.25e-05 1170
1752058578940 6.25e-05 1171
1752058614902 6.25e-05 1172
1752058650865 6.25e-05 1173
1752058686874 6.25e-05 1174
1752058722928 6.25e-05 1175
1752058758934 6.25e-05 1176
1752058794924 6.25e-05 1177
1752058830886 6.25e-05 1178
1752058866780 6.25e-05 1179
1752058902792 6.25e-05 1180
1752058938775 6.25e-05 1181
1752058974759 6.25e-05 1182
1752059010743 6.25e-05 1183
1752059046687 6.25e-05 1184
1752059082600 6.25e-05 1185
1752059118585 6.25e-05 1186
1752059154598 6.25e-05 1187
1752059190551 6.25e-05 1188
1752059226517 6.25e-05 1189
1752059262429 6.25e-05 1190
1752059298394 6.25e-05 1191
1752059334435 6.25e-05 1192
1752059370413 6.25e-05 1193
1752059406410 6.25e-05 1194
1752059442447 6.25e-05 1195
1752059478442 6.25e-05 1196
1752059514324 6.25e-05 1197
1752059550353 6.25e-05 1198
1752059586362 6.25e-05 1199
1752063386091 6.25e-05 1200
1752063422099 6.25e-05 1201
1752063457982 6.25e-05 1202
1752063493944 6.25e-05 1203
1752063529847 6.25e-05 1204
1752063565758 6.25e-05 1205
1752063601703 6.25e-05 1206
1752063637674 6.25e-05 1207
1752063673662 6.25e-05 1208
1752063709650 6.25e-05 1209
1752063745591 6.25e-05 1210
1752063781568 6.25e-05 1211
1752063817510 6.25e-05 1212
1752063853414 6.25e-05 1213
1752063889295 6.25e-05 1214
1752063925226 6.25e-05 1215
1752063961202 6.25e-05 1216
1752063997045 6.25e-05 1217
1752064033356 6.25e-05 1218
1752064069317 6.25e-05 1219
1752064105205 6.25e-05 1220
1752064141134 6.25e-05 1221
1752064177091 6.25e-05 1222
1752064213062 6.25e-05 1223
1752064249426 6.25e-05 1224
1752064285284 6.25e-05 1225
1752064321321 6.25e-05 1226
1752064357645 6.25e-05 1227
1752064393540 6.25e-05 1228
1752064429483 6.25e-05 1229
1752064465308 6.25e-05 1230
1752064501189 6.25e-05 1231
1752064537136 6.25e-05 1232
1752064573536 6.25e-05 1233
1752064609820 6.25e-05 1234
1752064646321 6.25e-05 1235
1752064682667 6.25e-05 1236
1752064718554 6.25e-05 1237
1752064754559 6.25e-05 1238
1752064790492 6.25e-05 1239
1752068582685 6.25e-05 1240
1752068618779 6.25e-05 1241
1752068654814 6.25e-05 1242
1752068690829 6.25e-05 1243
1752068726931 6.25e-05 1244
1752068763004 6.25e-05 1245
1752068798989 6.25e-05 1246
1752068835065 6.25e-05 1247
1752068871130 6.25e-05 1248
1752068907156 6.25e-05 1249
1752068943288 6.25e-05 1250
1752068979350 6.25e-05 1251
1752069015568 6.25e-05 1252
1752069051600 6.25e-05 1253
1752069088389 6.25e-05 1254
1752069124563 6.25e-05 1255
1752069160618 6.25e-05 1256
1752069196717 6.25e-05 1257
1752069232739 6.25e-05 1258
1752069268906 6.25e-05 1259
1752069304947 6.25e-05 1260
1752069341043 6.25e-05 1261
1752069377815 6.25e-05 1262
1752069413843 6.25e-05 1263
1752069449959 6.25e-05 1264
1752069485941 6.25e-05 1265
1752069522059 6.25e-05 1266
1752069558081 6.25e-05 1267
1752069594101 6.25e-05 1268
1752069630217 6.25e-05 1269
1752069666294 6.25e-05 1270
1752069702350 6.25e-05 1271
1752069738435 6.25e-05 1272
1752069774525 6.25e-05 1273
1752069810593 6.25e-05 1274
1752069846791 6.25e-05 1275
1752069882955 6.25e-05 1276
1752069919133 6.25e-05 1277
1752069955264 6.25e-05 1278
1752069991310 6.25e-05 1279
1752073791510 6.25e-05 1280
1752073827604 6.25e-05 1281
1752073863637 6.25e-05 1282
1752073899806 6.25e-05 1283
1752073935849 6.25e-05 1284
1752073971832 6.25e-05 1285
1752074007884 6.25e-05 1286
1752074043908 6.25e-05 1287
1752074080008 6.25e-05 1288
1752074116032 6.25e-05 1289
1752074152114 6.25e-05 1290
1752074188193 6.25e-05 1291
1752074224264 6.25e-05 1292
1752074260208 6.25e-05 1293
1752074296362 6.25e-05 1294
1752074332403 6.25e-05 1295
1752074368445 6.25e-05 1296
1752074404491 6.25e-05 1297
1752074440574 6.25e-05 1298
1752074476559 6.25e-05 1299
1752074512632 6.25e-05 1300
1752074548676 6.25e-05 1301
1752074584662 6.25e-05 1302
1752074620718 6.25e-05 1303
1752074656875 6.25e-05 1304
1752074692935 6.25e-05 1305
1752074729042 6.25e-05 1306
1752074764977 6.25e-05 1307
1752074801036 6.25e-05 1308
1752074837110 6.25e-05 1309
1752074873159 6.25e-05 1310
1752074909178 6.25e-05 1311
1752074945241 6.25e-05 1312
1752074981674 6.25e-05 1313
1752075017665 6.25e-05 1314
1752075053651 6.25e-05 1315
1752075089690 6.25e-05 1316
1752075125731 6.25e-05 1317
1752075161711 6.25e-05 1318
1752075197691 6.25e-05 1319
1752078998162 6.25e-05 1320
1752079034194 6.25e-05 1321
1752079070165 6.25e-05 1322
1752079106121 6.25e-05 1323
1752079142174 6.25e-05 1324
1752079178113 6.25e-05 1325
1752079214077 6.25e-05 1326
1752079250042 6.25e-05 1327
1752079286105 6.25e-05 1328
1752079322638 6.25e-05 1329
1752079359230 6.25e-05 1330
1752079395261 6.25e-05 1331
1752079431172 6.25e-05 1332
1752079467375 6.25e-05 1333
1752079503324 6.25e-05 1334
1752079539269 6.25e-05 1335
1752079575276 6.25e-05 1336
1752079611218 6.25e-05 1337
1752079647198 6.25e-05 1338
1752079683217 6.25e-05 1339
1752079719204 6.25e-05 1340
1752079755153 6.25e-05 1341
1752079791169 6.25e-05 1342
1752079827113 6.25e-05 1343
1752079863192 6.25e-05 1344
1752079899637 6.25e-05 1345
1752079936117 6.25e-05 1346
1752079972328 6.25e-05 1347
1752080008889 6.25e-05 1348
1752080044926 6.25e-05 1349
1752080080986 6.25e-05 1350
1752080117027 6.25e-05 1351
1752080153037 6.25e-05 1352
1752080189088 6.25e-05 1353
1752080225087 6.25e-05 1354
1752080261076 6.25e-05 1355
1752080296984 6.25e-05 1356
1752080333461 6.25e-05 1357
1752080369497 6.25e-05 1358
1752080405646 6.25e-05 1359
