1751910683383 -69.97347259521484 0
1751910716702 -83.3695297241211 1
1751910750067 -97.26634216308594 2
1751910783423 -108.4071044921875 3
1751910816807 -110.07486724853516 4
1751910850193 -112.04580688476562 5
1751910883400 -116.68136596679688 6
1751910916800 -119.4970703125 7
1751910950153 -122.75619506835938 8
1751910983477 -120.27665710449219 9
1751911016872 -126.47648620605469 10
1751911050254 -131.710693359375 11
1751911083659 -132.67083740234375 12
1751911116947 -138.26939392089844 13
1751911150328 -139.22024536132812 14
1751911183595 -140.0048828125 15
1751911216945 -138.68878173828125 16
1751911250418 -139.3377685546875 17
1751911283785 -138.67091369628906 18
1751911394663 -141.751708984375 19
1751911514494 -140.81011962890625 20
1751911621898 -148.03082275390625 21
1751911655355 -147.34603881835938 22
1751911688748 -148.04698181152344 23
1751911722080 -149.61708068847656 24
1751911755419 -151.54946899414062 25
1751911788761 -149.25387573242188 26
1751911822110 -151.8795623779297 27
1751911855491 -153.12094116210938 28
1751911888847 -153.10211181640625 29
1751911922250 -155.4281463623047 30
1751911955689 -158.53036499023438 31
1751911989071 -156.86611938476562 32
1751912022476 -156.9539031982422 33
1751912055862 -160.96475219726562 34
1751912089204 -164.90853881835938 35
1751912122518 -158.1376953125 36
1751912155994 -161.74887084960938 37
1751912189344 -165.32012939453125 38
1751912222678 -164.04473876953125 39
1751913975923 -33.15772247314453 40
1751914009296 -37.25946807861328 41
1751914042666 -36.56641387939453 42
1751914076049 -47.236572265625 43
1751914109448 -48.987979888916016 44
1751914142851 -53.59577178955078 45
1751914176154 -54.46059799194336 46
1751914209587 -63.83957290649414 47
1751914242903 -54.871856689453125 48
1751914276234 -62.1920280456543 49
1751914309582 -73.96846008300781 50
1751914342936 -64.47917938232422 51
1751914376220 -68.50497436523438 52
1751914409544 -72.10917663574219 53
1751914442870 -74.7974624633789 54
1751914476181 -69.79972839355469 55
1751914509527 -77.49201202392578 56
1751914542936 -74.29608917236328 57
1751914576323 -76.47759246826172 58
1751914609723 -77.74376678466797 59
1751914643038 -81.88987731933594 60
1751914676520 -82.0680160522461 61
1751914709914 -84.96894836425781 62
1751914743269 -86.81075286865234 63
1751914776691 -85.93157958984375 64
1751914809987 -79.55413055419922 65
1751914843340 -81.60660552978516 66
1751914876710 -86.5567626953125 67
1751914910165 -83.46561431884766 68
1751914943550 -79.89979553222656 69
1751914976853 -88.4390869140625 70
1751915010150 -90.30498504638672 71
1751915043577 -90.98639678955078 72
1751915077011 -85.86656188964844 73
1751915110300 -87.2828598022461 74
1751915143818 -83.19873046875 75
1751915177247 -83.46143341064453 76
1751915210690 -85.10420989990234 77
1751915244042 -81.2754898071289 78
1751915277464 -83.38581848144531 79
1751917033706 -15.284801483154297 80
1751917067436 -18.753355026245117 81
1751917101125 -16.89287567138672 82
1751917134815 -19.932132720947266 83
1751917168169 -22.603927612304688 84
1751917201547 -14.434368133544922 85
1751917234877 -20.764850616455078 86
1751917268225 -19.245147705078125 87
1751917301909 -19.591888427734375 88
1751917335582 -22.281856536865234 89
1751917369263 -24.810659408569336 90
1751917402513 -26.172332763671875 91
1751917436189 -25.588241577148438 92
1751917469528 -29.09874725341797 93
1751917502908 -22.99637794494629 94
1751917536225 -21.270471572875977 95
1751917569733 -23.516231536865234 96
1751917603507 -29.721269607543945 97
1751917637194 -32.28136444091797 98
1751917670877 -29.288707733154297 99
1751917704251 -31.541963577270508 100
1751917738068 -32.97047424316406 101
1751917771446 -33.560089111328125 102
1751917805157 -29.890865325927734 103
1751917838818 -32.07046890258789 104
1751917872512 -32.91807174682617 105
1751917906264 -32.85558319091797 106
1751917939691 -36.355438232421875 107
1751917972999 -42.21882247924805 108
1751918006818 -39.89625930786133 109
1751918040122 -38.63648223876953 110
1751918073852 -41.21155548095703 111
1751918107585 -41.866146087646484 112
1751918141291 -36.41132736206055 113
1751918175057 -40.34398651123047 114
1751918208858 -39.089656829833984 115
1751918242242 -34.87542724609375 116
1751918275941 -39.871315002441406 117
1751918309583 -44.88535690307617 118
1751918343274 -48.834774017333984 119
1751920108926 -29.06160545349121 120
1751920142615 -32.15367126464844 121
1751920176315 -29.029809951782227 122
1751920209949 -30.627166748046875 123
1751920243601 -35.935455322265625 124
1751920277201 -36.31378936767578 125
1751920310873 -35.0806999206543 126
1751920344559 -40.248844146728516 127
1751920378243 -30.90048599243164 128
1751920411854 -24.74264144897461 129
1751920445535 -33.51102828979492 130
1751920479204 -34.03247833251953 131
1751920512895 -32.97491455078125 132
1751920546550 -37.42261505126953 133
1751920580277 -38.157005310058594 134
1751920613885 -34.29255294799805 135
1751920647559 -33.75273895263672 136
1751920681341 -40.92469024658203 137
1751920715080 -39.56196594238281 138
1751920748769 -40.684669494628906 139
1751920782458 -34.11955642700195 140
1751920816184 -41.84764099121094 141
1751920849813 -36.811920166015625 142
1751920883443 -30.817110061645508 143
1751920917120 -37.16829299926758 144
1751920950887 -41.168182373046875 145
1751920984478 -40.641090393066406 146
1751921018153 -39.98255920410156 147
1751921051900 -40.82098388671875 148
1751921085540 -36.543968200683594 149
1751921119353 -46.080345153808594 150
1751921153046 -45.36125946044922 151
1751921186695 -43.48714828491211 152
1751921220383 -41.923866271972656 153
1751921254158 -40.194297790527344 154
1751921287942 -40.31557846069336 155
1751921321660 -37.073524475097656 156
1751921355356 -44.61848831176758 157
1751921389119 -42.130760192871094 158
1751921422824 -43.40501403808594 159
1751923189798 -17.211421966552734 160
1751923223478 -17.520902633666992 161
1751923257156 -22.84130096435547 162
1751923290885 -25.864561080932617 163
1751923324466 -26.486289978027344 164
1751923358174 -18.0117130279541 165
1751923391949 -30.645042419433594 166
1751923425646 -19.33873176574707 167
1751923459281 -21.44481658935547 168
1751923492907 -19.790966033935547 169
1751923526488 -27.92865753173828 170
1751923560162 -23.911903381347656 171
1751923593851 -28.877273559570312 172
1751923627539 -27.532238006591797 173
1751923661329 -33.82032012939453 174
1751923694920 -25.02924919128418 175
1751923728621 -25.58469009399414 176
1751923762343 -32.28240203857422 177
1751923796062 -25.089496612548828 178
1751923829701 -29.175617218017578 179
1751923863340 -23.30685043334961 180
1751923896978 -30.39349365234375 181
1751923930631 -24.56410026550293 182
1751923964349 -32.90459060668945 183
1751923998045 -28.576662063598633 184
1751924031683 -31.10291290283203 185
1751924065368 -31.000049591064453 186
1751924099094 -25.759666442871094 187
1751924132680 -34.75371551513672 188
1751924166340 -22.684749603271484 189
1751924199903 -30.675695419311523 190
1751924233667 -35.853302001953125 191
1751924267338 -29.756107330322266 192
1751924300993 -27.806087493896484 193
1751924334587 -31.022058486938477 194
1751924368346 -36.570743560791016 195
1751924402094 -31.007843017578125 196
1751924435783 -31.63852310180664 197
1751924469426 -31.9603328704834 198
1751924503104 -30.977293014526367 199
1751926262712 -3.988121271133423 200
1751926296277 -4.849087238311768 201
1751926329752 -8.616986274719238 202
1751926363252 -3.701164960861206 203
1751926396788 -10.543604850769043 204
1751926430338 -10.28177261352539 205
1751926463739 -6.232380390167236 206
1751926497187 -13.366401672363281 207
1751926530646 -13.20080852508545 208
1751926564161 -16.910045623779297 209
1751926597551 -13.933292388916016 210
1751926631019 -6.061166763305664 211
1751926664486 -13.987592697143555 212
1751926697995 -18.15700340270996 213
1751926731516 -12.429298400878906 214
1751926764983 -14.718852996826172 215
1751926798399 -9.92880916595459 216
1751926831797 -16.689537048339844 217
1751926865252 -12.084405899047852 218
1751926898620 -15.310401916503906 219
1751926931966 -8.553574562072754 220
1751926965308 -13.718818664550781 221
1751926998722 -12.746495246887207 222
1751927032149 -11.38263988494873 223
1751927065533 -8.017663955688477 224
1751927098916 -5.862525939941406 225
1751927132362 -12.844016075134277 226
1751927165814 -14.848344802856445 227
1751927199191 -13.350042343139648 228
1751927232696 -10.565905570983887 229
1751927266155 -11.030448913574219 230
1751927299703 -15.450515747070312 231
1751927333111 -11.35772705078125 232
1751927366526 -8.502511978149414 233
1751927399952 -16.026275634765625 234
1751927433459 -13.37785816192627 235
1751927466971 -12.477067947387695 236
1751927500430 -15.405784606933594 237
1751927533839 -12.10942554473877 238
1751927567321 -11.969420433044434 239
1751929323892 -13.069387435913086 240
1751929357346 -18.912036895751953 241
1751929390814 -11.75356674194336 242
1751929424382 -16.45284652709961 243
1751929457820 -16.037412643432617 244
1751929491202 -14.41579818725586 245
1751929524607 -28.04448127746582 246
1751929558057 -17.003189086914062 247
1751929591559 -13.303903579711914 248
1751929624945 -20.8129825592041 249
1751929658364 -18.826541900634766 250
1751929691789 -19.98218536376953 251
1751929725203 -14.288908958435059 252
1751929758551 -25.70758819580078 253
1751929791966 -15.65186595916748 254
1751929825363 -22.01024627685547 255
1751929858826 -16.240619659423828 256
1751929892264 -20.718902587890625 257
1751929925711 -17.674253463745117 258
1751929959185 -22.084829330444336 259
1751929992565 -22.24148178100586 260
1751930025930 -24.143009185791016 261
1751930059370 -17.928518295288086 262
1751930092782 -22.96137237548828 263
1751930126139 -21.204133987426758 264
1751930159520 -25.251338958740234 265
1751930192992 -24.750497817993164 266
1751930226493 -24.845640182495117 267
1751930259908 -27.107831954956055 268
1751930293344 -23.624977111816406 269
1751930326785 -14.802230834960938 270
1751930360108 -27.0797176361084 271
1751930393521 -26.107242584228516 272
1751930426908 -19.186307907104492 273
1751930460312 -16.454683303833008 274
1751930493754 -24.641263961791992 275
1751930527121 -20.130647659301758 276
1751930560536 -20.884546279907227 277
1751930593923 -18.312725067138672 278
1751930627311 -10.957895278930664 279
1751932385899 -28.32868194580078 280
1751932419318 -33.66844940185547 281
1751932452786 -31.86162757873535 282
1751932486964 -25.866493225097656 283
1751932520501 -29.331384658813477 284
1751932554059 -26.240385055541992 285
1751932587504 -29.795669555664062 286
1751932620948 -22.375133514404297 287
1751932654369 -28.199787139892578 288
1751932688306 -33.222591400146484 289
1751932721711 -27.994022369384766 290
1751932755058 -26.820363998413086 291
1751932788584 -22.905519485473633 292
1751932821999 -28.995792388916016 293
1751932855506 -25.096660614013672 294
1751932888839 -23.845989227294922 295
1751932922325 -27.36053466796875 296
1751932955898 -25.372802734375 297
1751932989720 -19.238513946533203 298
1751933023080 -25.559661865234375 299
1751933056513 -25.496097564697266 300
1751933089908 -27.895544052124023 301
1751933123263 -26.64421844482422 302
1751933156570 -20.46356964111328 303
1751933189923 -17.933300018310547 304
1751933223881 -25.372386932373047 305
1751933257385 -28.769073486328125 306
1751933291196 -24.824546813964844 307
1751933324534 -25.33434295654297 308
1751933358194 -25.64186668395996 309
1751933391687 -28.70111846923828 310
1751933425105 -28.03814125061035 311
1751933458541 -33.13655090332031 312
1751933491984 -22.781047821044922 313
1751933525562 -25.300901412963867 314
1751933559495 -23.436859130859375 315
1751933592917 -25.958053588867188 316
1751933626716 -27.54294204711914 317
1751933660027 -28.742368698120117 318
1751933693449 -23.527740478515625 319
1751935451827 -24.842727661132812 320
1751935485242 -20.301116943359375 321
1751935518987 -17.420269012451172 322
1751935552754 -21.49077033996582 323
1751935586499 -20.50963592529297 324
1751935620072 -26.908863067626953 325
1751935653540 -19.13837432861328 326
1751935687385 -21.460819244384766 327
1751935720794 -19.380006790161133 328
1751935754491 -20.895671844482422 329
1751935787913 -18.503158569335938 330
1751935821340 -11.961675643920898 331
1751935854738 -19.996458053588867 332
1751935888397 -19.93878746032715 333
1751935921721 -16.090543746948242 334
1751935955528 -20.78165054321289 335
1751935989210 -18.137319564819336 336
1751936022962 -17.73668670654297 337
1751936056678 -17.023941040039062 338
1751936090445 -20.696619033813477 339
1751936123823 -25.60233497619629 340
1751936157221 -22.34248924255371 341
1751936190841 -10.456670761108398 342
1751936224941 -14.606389999389648 343
1751936258762 -17.962934494018555 344
1751936292568 -20.08161735534668 345
1751936326136 -17.560340881347656 346
1751936359822 -26.62000274658203 347
1751936393162 -20.63766098022461 348
1751936426981 -22.166385650634766 349
1751936460652 -23.546772003173828 350
1751936494342 -25.817054748535156 351
1751936528135 -25.28927230834961 352
1751936561850 -23.647048950195312 353
1751936595516 -25.799819946289062 354
1751936628963 -19.83126449584961 355
1751936662436 -19.117902755737305 356
1751936696171 -20.476940155029297 357
1751936729827 -16.573484420776367 358
1751936763592 -21.44654083251953 359
1751938532039 -19.81287384033203 360
1751938565719 -18.827960968017578 361
1751938599435 -15.144173622131348 362
1751938633149 -15.409019470214844 363
1751938666884 -13.032441139221191 364
1751938700969 -19.991151809692383 365
1751938734611 -16.686412811279297 366
1751938768305 -18.674604415893555 367
1751938802284 -21.921804428100586 368
1751938835989 -25.801790237426758 369
1751938869705 -18.62688636779785 370
1751938903730 -18.266141891479492 371
1751938937442 -25.15288543701172 372
1751938971123 -19.441938400268555 373
1751939004889 -17.86500358581543 374
1751939038657 -13.09665584564209 375
1751939072349 -14.343254089355469 376
1751939106168 -9.04550552368164 377
1751939139852 -14.603944778442383 378
1751939173549 -16.809743881225586 379
1751939207283 -11.179688453674316 380
1751939241042 -16.316389083862305 381
1751939274711 -15.915531158447266 382
1751939308419 -10.218345642089844 383
1751939342158 -17.408628463745117 384
1751939375821 -12.047436714172363 385
1751939409555 -13.95476245880127 386
1751939443295 -9.369178771972656 387
1751939477048 -18.04537010192871 388
1751939510978 -14.090889930725098 389
1751939544636 -10.098799705505371 390
1751939578413 -7.386034965515137 391
1751939612095 -13.030167579650879 392
1751939645755 -14.439756393432617 393
1751939679439 -6.8258209228515625 394
1751939713149 -10.304927825927734 395
1751939746830 -9.006929397583008 396
1751939780608 -18.311687469482422 397
1751939814398 -14.35010051727295 398
1751939848145 -13.303170204162598 399
1751941629871 -15.998968124389648 400
1751941663489 -11.714092254638672 401
1751941696977 -9.534772872924805 402
1751941730571 -11.240270614624023 403
1751941764078 -12.139557838439941 404
1751941797733 -9.520829200744629 405
1751941831357 -11.142450332641602 406
1751941864948 -7.300248146057129 407
1751941898593 -7.436540603637695 408
1751941932411 -10.014713287353516 409
1751941965991 -8.701226234436035 410
1751941999634 -6.693817615509033 411
1751942033228 -10.867584228515625 412
1751942066790 -8.11063289642334 413
1751942100356 -7.67315149307251 414
1751942133922 -7.396231174468994 415
1751942167548 -6.061783313751221 416
1751942201426 -6.900543212890625 417
1751942235079 -7.754337787628174 418
1751942268687 -11.004878997802734 419
1751942302207 -5.307276725769043 420
1751942335776 -2.960892677307129 421
1751942369347 -7.874621391296387 422
1751942402994 -6.498657703399658 423
1751942436559 -8.06112289428711 424
1751942470509 -0.4371979832649231 425
1751942504111 -7.394289493560791 426
1751942537833 -6.6743879318237305 427
1751942571578 -9.538375854492188 428
1751942605227 -8.23842716217041 429
1751942638818 -6.823573112487793 430
1751942672705 -8.573269844055176 431
1751942706215 -6.372724533081055 432
1751942739730 -4.715381145477295 433
1751942773524 -1.3596794605255127 434
1751942807033 -10.71234130859375 435
1751942840545 -2.8345465660095215 436
1751942874088 -6.274296760559082 437
1751942907637 -4.21141242980957 438
1751942941227 -3.0637340545654297 439
1751944706864 -37.22929382324219 440
1751944740436 -31.320152282714844 441
1751944774023 -36.86356735229492 442
1751944807475 -34.023582458496094 443
1751944841120 -37.37993621826172 444
1751944874711 -29.35520362854004 445
1751944908310 -30.90852928161621 446
1751944942048 -40.47333526611328 447
1751944975565 -33.54167556762695 448
1751945009175 -26.606801986694336 449
1751945042690 -30.628963470458984 450
1751945076274 -31.419376373291016 451
1751945109850 -27.19122314453125 452
1751945143792 -34.562469482421875 453
1751945177381 -28.758705139160156 454
1751945210990 -36.32274627685547 455
1751945244682 -32.383575439453125 456
1751945278179 -34.65538024902344 457
1751945311709 -37.01639175415039 458
1751945345202 -39.09217834472656 459
1751945378733 -31.876562118530273 460
1751945412314 -39.060272216796875 461
1751945445829 -30.34284782409668 462
1751945479425 -36.552703857421875 463
1751945512925 -28.37200927734375 464
1751945546643 -31.757713317871094 465
1751945580153 -32.21196746826172 466
1751945613654 -34.069766998291016 467
1751945647235 -33.277137756347656 468
1751945681067 -31.479887008666992 469
1751945714591 -33.57658004760742 470
1751945748203 -39.462615966796875 471
1751945781765 -35.675331115722656 472
1751945815266 -36.50657272338867 473
1751945848999 -35.711177825927734 474
1751945882467 -28.335683822631836 475
1751945916088 -38.72452926635742 476
1751945949839 -36.292449951171875 477
1751945983390 -28.416000366210938 478
1751946016991 -34.51777648925781 479
1751947782552 -11.833731651306152 480
1751947816139 -6.622549057006836 481
1751947849754 -8.032671928405762 482
1751947883275 -3.811640977859497 483
1751947916692 -3.6844823360443115 484
1751947950510 -7.2396016120910645 485
1751947984008 -8.444250106811523 486
1751948017510 -8.266441345214844 487
1751948051378 -3.876955032348633 488
1751948084990 -7.529067039489746 489
1751948118654 -6.084926128387451 490
1751948152261 -4.139787197113037 491
1751948185699 -7.107415676116943 492
1751948219198 -3.666440963745117 493
1751948252756 -4.864556789398193 494
1751948286343 -7.983606338500977 495
1751948320001 -6.584919452667236 496
1751948353540 -5.614675045013428 497
1751948387146 -5.846989631652832 498
1751948420797 -6.6271891593933105 499
1751948454359 -3.307816982269287 500
1751948487905 -8.392457962036133 501
1751948521482 -5.6698899269104 502
1751948555032 -7.596982002258301 503
1751948588521 -9.518243789672852 504
1751948622405 -10.40510368347168 505
1751948655847 -7.86690616607666 506
1751948689415 -8.887313842773438 507
1751948723025 -5.708712577819824 508
1751948756531 -4.777709007263184 509
1751948790120 -5.734452724456787 510
1751948824270 -7.827332019805908 511
1751948857847 -7.265220642089844 512
1751948891527 -9.349203109741211 513
1751948925061 -8.984325408935547 514
1751948958542 -6.684423446655273 515
1751948991978 -8.244845390319824 516
1751949025622 -4.023715972900391 517
1751949059428 -6.248952865600586 518
1751949093012 -7.89397668838501 519
1751950861088 -17.319835662841797 520
1751950895059 -11.921463012695312 521
1751950928668 -21.250864028930664 522
1751950962304 -14.862272262573242 523
1751950995782 -20.26488494873047 524
1751951029868 -19.618642807006836 525
1751951063457 -19.659143447875977 526
1751951097008 -14.858146667480469 527
1751951130617 -15.320029258728027 528
1751951164129 -20.438676834106445 529
1751951198462 -16.791112899780273 530
1751951232408 -15.091240882873535 531
1751951265927 -18.924774169921875 532
1751951299672 -14.06773853302002 533
1751951333579 -17.400218963623047 534
1751951367554 -18.2769775390625 535
1751951401458 -16.664094924926758 536
1751951435353 -15.213852882385254 537
1751951468956 -18.823293685913086 538
1751951502477 -18.369796752929688 539
1751951536343 -11.509910583496094 540
1751951570165 -16.820199966430664 541
1751951603704 -16.84375 542
1751951637673 -16.69900131225586 543
1751951671585 -16.509323120117188 544
1751951705492 -13.469486236572266 545
1751951739021 -12.326642990112305 546
1751951772642 -15.013924598693848 547
1751951806551 -16.64320182800293 548
1751951840377 -16.00440788269043 549
1751951874555 -11.893732070922852 550
1751951908417 -11.65410041809082 551
1751951942013 -11.845489501953125 552
1751951975913 -21.71327018737793 553
1751952009451 -18.638540267944336 554
1751952043032 -18.84528923034668 555
1751952076906 -12.687225341796875 556
1751952110768 -21.159440994262695 557
1751952144321 -18.251888275146484 558
1751952178228 -16.498432159423828 559
1751953952905 -20.839054107666016 560
1751953986810 -19.189184188842773 561
1751954020646 -20.1157283782959 562
1751954054591 -19.506107330322266 563
1751954088484 -13.663786888122559 564
1751954122339 -21.36033821105957 565
1751954156202 -16.673154830932617 566
1751954190135 -16.124832153320312 567
1751954223970 -14.107160568237305 568
1751954257854 -21.671260833740234 569
1751954292090 -13.870779037475586 570
1751954325943 -16.676097869873047 571
1751954359762 -16.462635040283203 572
1751954393584 -22.640043258666992 573
1751954427384 -16.2582950592041 574
1751954461272 -18.131610870361328 575
1751954495138 -13.842256546020508 576
1751954529026 -13.65576457977295 577
1751954562811 -19.860748291015625 578
1751954596734 -9.906593322753906 579
1751954630650 -11.317835807800293 580
1751954664513 -4.358761310577393 581
1751954698775 -7.406279563903809 582
1751954732748 -12.884052276611328 583
1751954766726 -14.607126235961914 584
1751954800576 -18.659957885742188 585
1751954834520 -8.131174087524414 586
1751954868305 -10.907257080078125 587
1751954902250 -12.976301193237305 588
1751954936071 -14.323047637939453 589
1751954969872 -16.786476135253906 590
1751955003774 -14.296022415161133 591
1751955037873 -11.652521133422852 592
1751955071770 -14.652320861816406 593
1751955105655 -13.668767929077148 594
1751955139536 -10.409124374389648 595
1751955173440 -18.71759033203125 596
1751955207311 -17.10165023803711 597
1751955241196 -14.4097900390625 598
1751955275084 -12.723570823669434 599
1751957052038 -23.43219566345215 600
1751957085910 -24.133121490478516 601
1751957119760 -18.409570693969727 602
1751957153580 -20.57665252685547 603
1751957187407 -18.728548049926758 604
1751957221226 -17.541078567504883 605
1751957255073 -17.242713928222656 606
1751957289124 -21.325241088867188 607
1751957322907 -24.620182037353516 608
1751957356830 -21.990821838378906 609
1751957390727 -6.511918067932129 610
1751957424855 -15.266780853271484 611
1751957458670 -13.302699089050293 612
1751957492493 -20.469261169433594 613
1751957526365 -21.27168846130371 614
1751957560315 -13.207771301269531 615
1751957594101 -18.803674697875977 616
1751957628039 -15.729789733886719 617
1751957661876 -19.441749572753906 618
1751957695764 -13.104707717895508 619
1751957729674 -20.781492233276367 620
1751957763422 -15.597476959228516 621
1751957797740 -19.030101776123047 622
1751957831658 -8.370115280151367 623
1751957865677 -12.086019515991211 624
1751957899535 -16.13250160217285 625
1751957933380 -13.054346084594727 626
1751957967519 -19.107412338256836 627
1751958001296 -16.27133560180664 628
1751958035160 -23.848724365234375 629
1751958069129 -18.089984893798828 630
1751958103163 -19.471885681152344 631
1751958136978 -17.097936630249023 632
1751958170827 -16.671751022338867 633
1751958204997 -18.146690368652344 634
1751958238856 -11.611250877380371 635
1751958272705 -18.35067367553711 636
1751958306525 -10.449522018432617 637
1751958340431 -20.232990264892578 638
1751958374770 -13.5596923828125 639
1751960148544 -13.424729347229004 640
1751960182125 -10.016053199768066 641
1751960215751 -12.392353057861328 642
1751960249332 -13.098672866821289 643
1751960283113 -12.131121635437012 644
1751960316633 -12.419797897338867 645
1751960350087 -17.66297149658203 646
1751960383949 -12.464868545532227 647
1751960417484 -17.280338287353516 648
1751960451047 -19.95658302307129 649
1751960484691 -12.649691581726074 650
1751960518279 -13.257514953613281 651
1751960551864 -10.789434432983398 652
1751960586079 -10.754556655883789 653
1751960619974 -12.441605567932129 654
1751960653547 -16.065750122070312 655
1751960687117 -10.880172729492188 656
1751960720742 -10.65261173248291 657
1751960754606 -12.016746520996094 658
1751960788270 -12.45128059387207 659
1751960822491 -9.692221641540527 660
1751960856633 -12.057342529296875 661
1751960890481 -8.537968635559082 662
1751960924163 -7.155975818634033 663
1751960957697 -11.172870635986328 664
1751960991325 -9.584359169006348 665
1751961024853 -10.22203540802002 666
1751961058749 -7.5660552978515625 667
1751961092290 -12.968746185302734 668
1751961125884 -9.286108016967773 669
1751961159474 -14.418054580688477 670
1751961193026 -9.29454231262207 671
1751961226583 -15.667691230773926 672
1751961260189 -10.185068130493164 673
1751961293828 -12.870315551757812 674
1751961327365 -12.063481330871582 675
1751961360956 -9.65373420715332 676
1751961394867 -11.191356658935547 677
1751961428449 -6.640681266784668 678
1751961462023 -8.967788696289062 679
1751963225968 -23.884212493896484 680
1751963259500 -26.16990089416504 681
1751963293009 -26.159717559814453 682
1751963326640 -21.94399642944336 683
1751963360290 -20.264528274536133 684
1751963393875 -20.661027908325195 685
1751963427488 -24.731916427612305 686
1751963461438 -15.938295364379883 687
1751963495581 -18.10002326965332 688
1751963529183 -21.130542755126953 689
1751963562722 -19.75303840637207 690
1751963596562 -20.4863224029541 691
1751963630163 -21.594661712646484 692
1751963663777 -26.28510093688965 693
1751963697390 -26.60439109802246 694
1751963731159 -27.58377456665039 695
1751963764723 -17.995332717895508 696
1751963798364 -17.724727630615234 697
1751963831894 -24.339529037475586 698
1751963865470 -24.741920471191406 699
1751963899048 -21.008407592773438 700
1751963932618 -22.452411651611328 701
1751963966166 -20.319997787475586 702
1751964000128 -17.093467712402344 703
1751964033705 -16.923826217651367 704
1751964067200 -25.95861053466797 705
1751964100749 -24.160608291625977 706
1751964134629 -13.294256210327148 707
1751964168203 -14.182204246520996 708
1751964201785 -20.362350463867188 709
1751964235331 -21.156543731689453 710
1751964268938 -16.848499298095703 711
1751964302586 -18.012311935424805 712
1751964336223 -17.896821975708008 713
1751964369820 -18.636550903320312 714
1751964403374 -21.995817184448242 715
1751964436966 -18.930498123168945 716
1751964471380 -20.175363540649414 717
1751964505279 -21.912982940673828 718
1751964538780 -18.364931106567383 719
1751966302453 -9.768980026245117 720
1751966336022 -11.404812812805176 721
1751966369527 -17.0419864654541 722
1751966403099 -11.470907211303711 723
1751966436650 -15.329986572265625 724
1751966470145 -18.434919357299805 725
1751966503708 -11.556467056274414 726
1751966537260 -7.514036178588867 727
1751966570807 -14.03290843963623 728
1751966604330 -15.36164379119873 729
1751966637807 -7.4059624671936035 730
1751966671382 -7.0826897621154785 731
1751966704964 -10.415203094482422 732
1751966738478 -13.08839225769043 733
1751966772150 -13.448246002197266 734
1751966805768 -12.892848014831543 735
1751966839393 -12.296392440795898 736
1751966872946 -16.21233367919922 737
1751966906480 -6.825331211090088 738
1751966940529 -5.657681465148926 739
1751966974084 -8.385440826416016 740
1751967007552 -7.516397953033447 741
1751967041052 -4.114092826843262 742
1751967074611 -11.740291595458984 743
1751967108192 -7.271836757659912 744
1751967141763 -5.314656734466553 745
1751967175286 -12.471461296081543 746
1751967208903 -7.738408088684082 747
1751967242393 -5.186164379119873 748
1751967275981 -10.731437683105469 749
1751967309534 -12.96422290802002 750
1751967343082 -6.913355350494385 751
1751967376618 -9.070266723632812 752
1751967410198 -6.983532428741455 753
1751967443866 -8.890954971313477 754
1751967477478 -13.81193733215332 755
1751967511012 -5.509449005126953 756
1751967544540 -10.256566047668457 757
1751967578065 -11.41294002532959 758
1751967611581 -12.988154411315918 759
1751969374715 -2.4768118858337402 760
1751969408674 -5.171299934387207 761
1751969442208 -5.218545913696289 762
1751969475751 -8.298081398010254 763
1751969509157 -0.2787327766418457 764
1751969542683 -4.053925514221191 765
1751969576140 -3.8141632080078125 766
1751969609644 -2.6156015396118164 767
1751969643110 2.6036014556884766 768
1751969676649 -0.8090330362319946 769
1751969710127 -2.9299585819244385 770
1751969743705 -6.994189739227295 771
1751969777300 -6.047367095947266 772
1751969810727 0.5523996353149414 773
1751969844154 -4.447511672973633 774
1751969878348 0.7729765176773071 775
1751969912333 -4.614055633544922 776
1751969945785 1.7588621377944946 777
1751969979284 -0.6755726337432861 778
1751970012758 1.611436128616333 779
1751970046293 -0.10763669013977051 780
1751970080215 -2.5961380004882812 781
1751970114085 1.5853790044784546 782
1751970147624 -0.6197046041488647 783
1751970181141 1.802751064300537 784
1751970214647 -0.7121579647064209 785
1751970248168 -0.44450879096984863 786
1751970282064 6.085697174072266 787
1751970315602 -2.357381582260132 788
1751970349083 2.674234628677368 789
1751970382662 4.445065021514893 790
1751970416667 3.727264881134033 791
1751970450269 -1.3058791160583496 792
1751970483811 4.677303314208984 793
1751970517272 4.187012672424316 794
1751970550784 -1.0495489835739136 795
1751970584710 -0.03769731521606445 796
1751970618665 1.2065335512161255 797
1751970652458 2.61500883102417 798
1751970685996 2.438469171524048 799
1751972467069 -24.058151245117188 800
1751972501040 -18.453304290771484 801
1751972534942 -18.44716453552246 802
1751972568457 -16.58562660217285 803
1751972602272 -20.820354461669922 804
1751972636159 -23.5440673828125 805
1751972670031 -23.280967712402344 806
1751972703905 -16.15340232849121 807
1751972737741 -14.901639938354492 808
1751972771589 -20.487228393554688 809
1751972805177 -23.748308181762695 810
1751972838639 -19.54177474975586 811
1751972872521 -17.359966278076172 812
1751972906462 -18.85205078125 813
1751972940371 -12.599754333496094 814
1751972974270 -19.061296463012695 815
1751973008190 -17.706283569335938 816
1751973042075 -15.885045051574707 817
1751973076030 -16.014074325561523 818
1751973109559 -21.056476593017578 819
1751973143519 -17.629207611083984 820
1751973177455 -16.805355072021484 821
1751973211343 -22.808076858520508 822
1751973245225 -19.485902786254883 823
1751973279143 -20.76974868774414 824
1751973313015 -21.359277725219727 825
1751973346862 -10.283955574035645 826
1751973380760 -18.572629928588867 827
1751973414724 -12.050958633422852 828
1751973448558 -18.76494598388672 829
1751973482370 -19.697498321533203 830
1751973516137 -21.158775329589844 831
1751973549933 -18.28431510925293 832
1751973583892 -14.141966819763184 833
1751973617809 -14.36625862121582 834
1751973651672 -13.070060729980469 835
1751973685682 -16.012187957763672 836
1751973719514 -10.811263084411621 837
1751973753296 -16.92447280883789 838
1751973787181 -18.295909881591797 839
1751975562768 -20.537229537963867 840
1751975596741 -24.590534210205078 841
1751975630690 -21.53042984008789 842
1751975664573 -17.668046951293945 843
1751975698312 -14.872747421264648 844
1751975732119 -15.474164962768555 845
1751975766017 -20.656696319580078 846
1751975799945 -16.516048431396484 847
1751975833798 -16.350322723388672 848
1751975867722 -13.234357833862305 849
1751975901587 -18.188743591308594 850
1751975935536 -18.55499267578125 851
1751975969364 -10.636615753173828 852
1751976003160 -16.717527389526367 853
1751976037023 -16.48322296142578 854
1751976070859 -16.920244216918945 855
1751976104722 -11.534244537353516 856
1751976138579 -11.89942741394043 857
1751976172375 -10.382305145263672 858
1751976206226 -13.317079544067383 859
1751976240086 -12.835700035095215 860
1751976274010 -15.470829010009766 861
1751976307911 -20.9001522064209 862
1751976341911 -11.611957550048828 863
1751976375785 -23.93610954284668 864
1751976409695 -13.356475830078125 865
1751976443478 -13.139204978942871 866
1751976477410 -20.100961685180664 867
1751976511249 -18.837244033813477 868
1751976545179 -17.186080932617188 869
1751976579118 -13.986005783081055 870
1751976613001 -12.532257080078125 871
1751976646770 -16.01644515991211 872
1751976680715 -15.415229797363281 873
1751976714612 -16.65873908996582 874
1751976748510 -22.569110870361328 875
1751976782375 -16.094200134277344 876
1751976816339 -17.124588012695312 877
1751976850222 -21.613012313842773 878
1751976884170 -20.221988677978516 879
1751978659456 -29.20277214050293 880
1751978693093 -21.706823348999023 881
1751978726714 -29.386938095092773 882
1751978760284 -27.730562210083008 883
1751978794175 -27.153335571289062 884
1751978827765 -27.734643936157227 885
1751978861463 -24.971364974975586 886
1751978895434 -23.52048110961914 887
1751978928971 -31.412473678588867 888
1751978962903 -27.036741256713867 889
1751978996807 -24.359376907348633 890
1751979030423 -25.202308654785156 891
1751979064332 -22.267255783081055 892
1751979098581 -30.061315536499023 893
1751979132068 -25.310842514038086 894
1751979165688 -23.980281829833984 895
1751979199350 -26.069679260253906 896
1751979233333 -31.412729263305664 897
1751979266980 -27.387941360473633 898
1751979300513 -20.71731948852539 899
1751979334062 -21.91158676147461 900
1751979367990 -24.157445907592773 901
1751979401517 -26.742759704589844 902
1751979435120 -20.0576171875 903
1751979468817 -26.962493896484375 904
1751979502982 -17.543323516845703 905
1751979536642 -26.495882034301758 906
1751979570248 -22.26744842529297 907
1751979603759 -20.62660026550293 908
1751979637304 -24.578304290771484 909
1751979670880 -23.290212631225586 910
1751979704545 -22.007606506347656 911
1751979738248 -24.878625869750977 912
1751979771780 -24.52088737487793 913
1751979805419 -20.455123901367188 914
1751979839094 -19.459976196289062 915
1751979872680 -19.450098037719727 916
1751979906376 -20.633508682250977 917
1751979939956 -17.138139724731445 918
1751979973467 -17.394763946533203 919
1751981734627 -17.60333824157715 920
1751981768195 -22.51766014099121 921
1751981801745 -21.612375259399414 922
1751981835344 -22.696443557739258 923
1751981868945 -21.99294662475586 924
1751981902559 -23.380186080932617 925
1751981936093 -23.085050582885742 926
1751981969733 -24.71731185913086 927
1751982003290 -22.566022872924805 928
1751982036808 -20.915395736694336 929
1751982070328 -32.4241943359375 930
1751982103969 -24.12562370300293 931
1751982137558 -22.63135528564453 932
1751982171136 -21.427688598632812 933
1751982204653 -17.726116180419922 934
1751982238205 -22.294172286987305 935
1751982271809 -23.51760482788086 936
1751982305481 -23.43236541748047 937
1751982339261 -24.425914764404297 938
1751982372923 -20.59119987487793 939
1751982406513 -23.47118377685547 940
1751982440166 -26.74126434326172 941
1751982473847 -21.326215744018555 942
1751982507459 -19.90825080871582 943
1751982541122 -20.247962951660156 944
1751982574771 -18.39938735961914 945
1751982608313 -26.643545150756836 946
1751982641853 -25.440736770629883 947
1751982675568 -19.42389488220215 948
1751982709101 -25.608243942260742 949
1751982742711 -23.53191566467285 950
1751982776344 -25.565824508666992 951
1751982809880 -21.054420471191406 952
1751982843490 -31.2042293548584 953
1751982877112 -33.208709716796875 954
1751982910723 -22.863567352294922 955
1751982944262 -28.874195098876953 956
1751982977854 -20.79734230041504 957
1751983011451 -28.33384895324707 958
1751983045082 -23.102436065673828 959
1751984809630 -12.942353248596191 960
1751984843255 -21.929086685180664 961
1751984876788 -20.0189266204834 962
1751984910277 -20.512939453125 963
1751984943881 -11.764676094055176 964
1751984977564 -13.874685287475586 965
1751985011236 -14.39225959777832 966
1751985044879 -15.297226905822754 967
1751985078478 -10.320953369140625 968
1751985112041 -10.128585815429688 969
1751985145707 -16.456920623779297 970
1751985179275 -21.18545913696289 971
1751985212822 -14.22130298614502 972
1751985246490 -23.445850372314453 973
1751985280051 -16.43023681640625 974
1751985313711 -22.9025821685791 975
1751985347244 -22.300678253173828 976
1751985380739 -22.88238525390625 977
1751985414380 -16.91098976135254 978
1751985447973 -16.797800064086914 979
1751985481557 -13.558618545532227 980
1751985515142 -18.337730407714844 981
1751985548627 -18.94220542907715 982
1751985582210 -13.575514793395996 983
1751985615867 -12.396167755126953 984
1751985649345 -12.8780517578125 985
1751985682862 -20.082143783569336 986
1751985716422 -17.064315795898438 987
1751985750074 -14.036191940307617 988
1751985783713 -14.398597717285156 989
1751985817255 -15.050615310668945 990
1751985850844 -11.788896560668945 991
1751985884405 -20.004779815673828 992
1751985917953 -16.31281280517578 993
1751985951482 -15.057465553283691 994
1751985984941 -17.883392333984375 995
1751986018483 -19.22638511657715 996
1751986052122 -14.874263763427734 997
1751986085709 -15.80172061920166 998
1751986119238 -12.885757446289062 999
1751987882997 -23.23077964782715 1000
1751987916534 -27.390033721923828 1001
1751987950070 -19.746299743652344 1002
1751987983526 -16.072309494018555 1003
1751988017045 -25.445236206054688 1004
1751988050593 -15.96506118774414 1005
1751988084608 -15.623356819152832 1006
1751988118261 -28.078079223632812 1007
1751988151744 -27.21463394165039 1008
1751988185306 -20.497968673706055 1009
1751988218802 -24.176006317138672 1010
1751988252470 -27.130599975585938 1011
1751988286063 -22.76404571533203 1012
1751988319673 -18.939178466796875 1013
1751988353228 -23.14755630493164 1014
1751988386751 -27.147254943847656 1015
1751988420703 -21.893280029296875 1016
1751988454320 -26.431652069091797 1017
1751988487818 -22.02676773071289 1018
1751988521351 -20.491371154785156 1019
1751988555317 -21.177749633789062 1020
1751988588904 -23.987878799438477 1021
1751988622466 -17.93305778503418 1022
1751988656045 -23.966171264648438 1023
1751988689610 -18.76446533203125 1024
1751988723098 -16.018817901611328 1025
1751988757060 -21.247783660888672 1026
1751988791145 -22.063785552978516 1027
1751988825147 -19.157188415527344 1028
1751988858818 -19.684627532958984 1029
1751988892356 -18.13733673095703 1030
1751988925978 -17.38125228881836 1031
1751988959479 -23.38384246826172 1032
1751988993103 -14.845283508300781 1033
1751989026611 -19.05443572998047 1034
1751989060073 -14.453083038330078 1035
1751989094059 -14.984114646911621 1036
1751989127581 -21.53668975830078 1037
1751989161114 -19.658889770507812 1038
1751989194709 -18.696170806884766 1039
1751990965364 -17.646106719970703 1040
1751990998996 -17.023616790771484 1041
1751991032897 -21.472620010375977 1042
1751991066878 -17.994964599609375 1043
1751991100843 -17.72307777404785 1044
1751991134728 -17.792049407958984 1045
1751991168604 -15.829587936401367 1046
1751991202205 -25.967735290527344 1047
1751991235685 -22.705524444580078 1048
1751991269687 -21.39330291748047 1049
1751991303626 -26.36810302734375 1050
1751991337462 -22.665327072143555 1051
1751991371339 -18.16405487060547 1052
1751991405263 -19.974056243896484 1053
1751991439199 -22.373266220092773 1054
1751991473051 -22.185346603393555 1055
1751991506619 -21.064069747924805 1056
1751991540613 -16.91439437866211 1057
1751991574464 -24.359142303466797 1058
1751991608264 -13.553104400634766 1059
1751991642182 -16.960914611816406 1060
1751991676012 -16.750226974487305 1061
1751991710128 -12.791412353515625 1062
1751991744091 -14.489398002624512 1063
1751991777976 -12.732998847961426 1064
1751991811854 -16.135379791259766 1065
1751991845703 -20.23451805114746 1066
1751991879656 -20.437213897705078 1067
1751991913163 -10.223076820373535 1068
1751991947072 -14.902799606323242 1069
1751991980968 -21.21633529663086 1070
1751992014832 -16.08749771118164 1071
1751992048322 -14.790777206420898 1072
1751992082289 -14.24810791015625 1073
1751992116132 -15.526906967163086 1074
1751992149985 -15.612253189086914 1075
1751992183946 -10.765705108642578 1076
1751992217934 -17.502243041992188 1077
1751992251799 -18.332260131835938 1078
1751992285748 -10.334131240844727 1079
1751994063572 -30.84156036376953 1080
1751994097427 -23.232097625732422 1081
1751994131294 -26.009571075439453 1082
1751994165146 -27.82605743408203 1083
1751994199180 -32.824302673339844 1084
1751994233124 -37.368743896484375 1085
1751994266959 -29.546798706054688 1086
1751994300833 -34.2833251953125 1087
1751994334654 -30.835792541503906 1088
1751994368550 -32.34477996826172 1089
1751994402428 -27.91094970703125 1090
1751994436414 -34.45063781738281 1091
1751994470397 -35.95732116699219 1092
1751994504350 -33.16617965698242 1093
1751994538327 -24.151626586914062 1094
1751994572166 -22.546302795410156 1095
1751994606038 -35.58592224121094 1096
1751994639933 -25.348413467407227 1097
1751994673763 -36.16966247558594 1098
1751994707659 -29.498884201049805 1099
1751994741586 -29.16021728515625 1100
1751994775536 -30.09130859375 1101
1751994809507 -36.121788024902344 1102
1751994843430 -28.032005310058594 1103
1751994877415 -24.543682098388672 1104
1751994911270 -27.48445701599121 1105
1751994945156 -20.977767944335938 1106
1751994979100 -29.35718536376953 1107
1751995012974 -30.85614013671875 1108
1751995046888 -35.71942138671875 1109
1751995080829 -28.162460327148438 1110
1751995114766 -21.89857292175293 1111
1751995148605 -35.23215866088867 1112
1751995182436 -28.518449783325195 1113
1751995216331 -31.3366756439209 1114
1751995250251 -29.688344955444336 1115
1751995284204 -34.60918426513672 1116
1751995317971 -30.404369354248047 1117
1751995351799 -29.506324768066406 1118
1751995385750 -40.39605712890625 1119
1751997162411 -18.50908660888672 1120
1751997196077 -13.13560962677002 1121
1751997229707 -14.763935089111328 1122
1751997263266 -16.02695083618164 1123
1751997296855 -15.065552711486816 1124
1751997330541 -14.99593734741211 1125
1751997364184 -10.17467212677002 1126
1751997397839 -16.2420597076416 1127
1751997431424 -13.997230529785156 1128
1751997465104 -12.913365364074707 1129
1751997498741 -18.0211238861084 1130
1751997532417 -15.934118270874023 1131
1751997565979 -17.660066604614258 1132
1751997599509 -13.195577621459961 1133
1751997633231 -20.366317749023438 1134
1751997666826 -10.898160934448242 1135
1751997700512 -19.67374038696289 1136
1751997734150 -16.314565658569336 1137
1751997767791 -16.593156814575195 1138
1751997801433 -12.988362312316895 1139
1751997835007 -16.244155883789062 1140
1751997868584 -12.699313163757324 1141
1751997902219 -18.173866271972656 1142
1751997935747 -16.511571884155273 1143
1751997969357 -10.920207977294922 1144
1751998002908 -6.159825801849365 1145
1751998036401 -11.705321311950684 1146
1751998070009 -11.144462585449219 1147
1751998103657 -11.095993995666504 1148
1751998137165 -13.752513885498047 1149
1751998170779 -14.304548263549805 1150
1751998204330 -14.433677673339844 1151
1751998237980 -9.253332138061523 1152
1751998271577 -15.562023162841797 1153
1751998305249 -11.909882545471191 1154
1751998338819 -16.429147720336914 1155
1751998372435 -8.576094627380371 1156
1751998406023 -15.028619766235352 1157
1751998439715 -14.178000450134277 1158
1751998473319 -6.228787422180176 1159
1752000233323 -19.831111907958984 1160
1752000266966 -16.48470115661621 1161
1752000300504 -15.079526901245117 1162
1752000334064 -15.144033432006836 1163
1752000367700 -19.052534103393555 1164
1752000401307 -15.53260612487793 1165
1752000434873 -16.487220764160156 1166
1752000468526 -15.81839656829834 1167
1752000502141 -16.975038528442383 1168
1752000535812 -14.377330780029297 1169
1752000569380 -11.156243324279785 1170
1752000602950 -17.978809356689453 1171
1752000636536 -12.595712661743164 1172
1752000670087 -11.642030715942383 1173
1752000703722 -14.605386734008789 1174
1752000737300 -13.62810230255127 1175
1752000770871 -13.32659912109375 1176
1752000804537 -15.937661170959473 1177
1752000838152 -14.466426849365234 1178
1752000871754 -13.278980255126953 1179
1752000905302 -11.498247146606445 1180
1752000938910 -15.59665298461914 1181
1752000972442 -15.020506858825684 1182
1752001006074 -15.062625885009766 1183
1752001039676 -14.919063568115234 1184
1752001073301 -16.86590003967285 1185
1752001106872 -18.749469757080078 1186
1752001140474 -14.272570610046387 1187
1752001174071 -18.20169448852539 1188
1752001207556 -13.110419273376465 1189
1752001241186 -18.25506591796875 1190
1752001274748 -13.217109680175781 1191
1752001308398 -16.353092193603516 1192
1752001342021 -15.966643333435059 1193
1752001375590 -10.395247459411621 1194
1752001409222 -13.614908218383789 1195
1752001442787 -12.69780158996582 1196
1752001476488 -14.593876838684082 1197
1752001510122 -16.94763946533203 1198
1752001543856 -11.939445495605469 1199
1752003318801 -17.042245864868164 1200
1752003352328 -20.65057373046875 1201
1752003385985 -18.794321060180664 1202
1752003419592 -14.447317123413086 1203
1752003453160 -16.305435180664062 1204
1752003486716 -14.515892028808594 1205
1752003520310 -16.561185836791992 1206
1752003553819 -17.505165100097656 1207
1752003587348 -17.467262268066406 1208
1752003620921 -16.166980743408203 1209
1752003654467 -12.856456756591797 1210
1752003688100 -15.291098594665527 1211
1752003721693 -14.13978385925293 1212
1752003755257 -13.757928848266602 1213
1752003788857 -11.691617965698242 1214
1752003822385 -13.575851440429688 1215
1752003856022 -12.514655113220215 1216
1752003889737 -15.092252731323242 1217
1752003923317 -12.349610328674316 1218
1752003956821 -13.110119819641113 1219
1752003990370 -15.546709060668945 1220
1752004023929 -9.693424224853516 1221
1752004057554 -16.738506317138672 1222
1752004091177 -13.836334228515625 1223
1752004124750 -15.213245391845703 1224
1752004158324 -14.694310188293457 1225
1752004191792 -13.191282272338867 1226
1752004225361 -17.525089263916016 1227
1752004258970 -14.266894340515137 1228
1752004292591 -14.04090690612793 1229
1752004326183 -17.493804931640625 1230
1752004359735 -16.89482307434082 1231
1752004393276 -15.00776195526123 1232
1752004426866 -13.590536117553711 1233
1752004460496 -13.678764343261719 1234
1752004494086 -15.880463600158691 1235
1752004527682 -13.665388107299805 1236
1752004561379 -15.504243850708008 1237
1752004595023 -15.542438507080078 1238
1752004628909 -12.529072761535645 1239
1752006395481 -20.371625900268555 1240
1752006429026 -21.716629028320312 1241
1752006462467 -17.403121948242188 1242
1752006496437 -20.884815216064453 1243
1752006529949 -18.69783592224121 1244
1752006563559 -26.379966735839844 1245
1752006597234 -21.851518630981445 1246
1752006630816 -28.80950355529785 1247
1752006664371 -26.013399124145508 1248
1752006697965 -18.301353454589844 1249
1752006731541 -19.290714263916016 1250
1752006765072 -23.239242553710938 1251
1752006798640 -27.076786041259766 1252
1752006832301 -22.228260040283203 1253
1752006865798 -23.88661003112793 1254
1752006899435 -21.768272399902344 1255
1752006933068 -23.123414993286133 1256
1752006966656 -26.223167419433594 1257
1752007000620 -28.56569480895996 1258
1752007034569 -22.346155166625977 1259
1752007068178 -27.62961769104004 1260
1752007101870 -25.752822875976562 1261
1752007135554 -27.55463409423828 1262
1752007169248 -23.17304229736328 1263
1752007202839 -33.067481994628906 1264
1752007236443 -26.357118606567383 1265
1752007270320 -29.722633361816406 1266
1752007303977 -29.35763168334961 1267
1752007337554 -27.87969207763672 1268
1752007371147 -32.112953186035156 1269
1752007404707 -28.336437225341797 1270
1752007438281 -29.10177993774414 1271
1752007471900 -26.02642250061035 1272
1752007505893 -28.750455856323242 1273
1752007539899 -26.584796905517578 1274
1752007574301 -28.99846649169922 1275
1752007608197 -32.352970123291016 1276
1752007641800 -31.797882080078125 1277
1752007675369 -30.09090805053711 1278
1752007708900 -25.658414840698242 1279
1752009481273 -13.328189849853516 1280
1752009515170 -23.109390258789062 1281
1752009549097 -22.341360092163086 1282
1752009583067 -20.312841415405273 1283
1752009617021 -33.543731689453125 1284
1752009650557 -23.94281005859375 1285
1752009684412 -26.870830535888672 1286
1752009717965 -35.82008743286133 1287
1752009751876 -28.226303100585938 1288
1752009785803 -30.65728187561035 1289
1752009819348 -28.678865432739258 1290
1752009852950 -23.43364715576172 1291
1752009886895 -20.77522850036621 1292
1752009920737 -25.72260284423828 1293
1752009954788 -24.939979553222656 1294
1752009988333 -24.699451446533203 1295
1752010022227 -19.67403221130371 1296
1752010056139 -22.079410552978516 1297
1752010089952 -21.727214813232422 1298
1752010123891 -28.890729904174805 1299
1752010157446 -21.593814849853516 1300
1752010191483 -30.156129837036133 1301
1752010225446 -18.249740600585938 1302
1752010259410 -15.267236709594727 1303
1752010293343 -23.57099151611328 1304
1752010327203 -27.139251708984375 1305
1752010361168 -20.79180908203125 1306
1752010394710 -16.77022933959961 1307
1752010428162 -20.28537368774414 1308
1752010462069 -16.485429763793945 1309
1752010495976 -20.276103973388672 1310
1752010529911 -11.829854011535645 1311
1752010563922 -20.101184844970703 1312
1752010597803 -27.22406005859375 1313
1752010631689 -18.022872924804688 1314
1752010665623 -18.696746826171875 1315
1752010699151 -14.539590835571289 1316
1752010733054 -18.394668579101562 1317
1752010766982 -12.250065803527832 1318
1752010800867 -17.311328887939453 1319
1752012578673 -24.379810333251953 1320
1752012612538 -27.972759246826172 1321
1752012646401 -19.06085968017578 1322
1752012680287 -27.385334014892578 1323
1752012714139 -18.08794593811035 1324
1752012748033 -17.7822208404541 1325
1752012781880 -21.214221954345703 1326
1752012815788 -19.829849243164062 1327
1752012849760 -22.908458709716797 1328
1752012883637 -22.404987335205078 1329
1752012917471 -23.008602142333984 1330
1752012951470 -23.680477142333984 1331
1752012985236 -27.61484146118164 1332
1752013019076 -24.183639526367188 1333
1752013053049 -21.631752014160156 1334
1752013087025 -22.381885528564453 1335
1752013120920 -24.31976318359375 1336
1752013154839 -22.23263168334961 1337
1752013188755 -22.352237701416016 1338
1752013222626 -24.816253662109375 1339
1752013256555 -21.92194175720215 1340
1752013290393 -22.84722328186035 1341
1752013324352 -17.60134506225586 1342
1752013358308 -23.674816131591797 1343
1752013392175 -21.196046829223633 1344
1752013426041 -22.661317825317383 1345
1752013459940 -24.12314224243164 1346
1752013493730 -22.18907928466797 1347
1752013527642 -19.230525970458984 1348
1752013561534 -22.377269744873047 1349
1752013595581 -21.35118865966797 1350
1752013629464 -15.976749420166016 1351
1752013663336 -21.17395782470703 1352
1752013697306 -23.741436004638672 1353
1752013731301 -21.112503051757812 1354
1752013765211 -16.971492767333984 1355
1752013799194 -20.60997200012207 1356
1752013833118 -24.34557342529297 1357
1752013867105 -24.152599334716797 1358
1752013901005 -21.746902465820312 1359
1752015676843 -10.668893814086914 1360
1752015710656 -10.90630054473877 1361
1752015744508 -14.33771800994873 1362
1752015778305 -16.304183959960938 1363
1752015812129 -19.72955894470215 1364
1752015846042 -15.654547691345215 1365
1752015879958 -7.170476913452148 1366
1752015913880 -16.148326873779297 1367
1752015947810 -14.872745513916016 1368
1752015981782 -14.572105407714844 1369
1752016015660 -14.187928199768066 1370
1752016049583 -14.898855209350586 1371
1752016083492 -18.826396942138672 1372
1752016117304 -10.743252754211426 1373
1752016151312 -18.288066864013672 1374
1752016184893 -15.833763122558594 1375
1752016218454 -14.300952911376953 1376
1752016252116 -14.258951187133789 1377
1752016285729 -9.91655158996582 1378
1752016319349 -8.318788528442383 1379
1752016352819 -10.38416862487793 1380
1752016386527 -10.069778442382812 1381
1752016420126 -13.681668281555176 1382
1752016453712 -5.944812297821045 1383
1752016487310 -8.203803062438965 1384
1752016520966 -13.228323936462402 1385
1752016554608 -9.206232070922852 1386
1752016588145 -9.505584716796875 1387
1752016621680 -12.619345664978027 1388
1752016655301 -8.55905818939209 1389
1752016688954 -13.069711685180664 1390
1752016722546 -7.084362030029297 1391
1752016756170 -11.33659553527832 1392
1752016789849 -5.298848628997803 1393
1752016823412 -2.139492988586426 1394
1752016857018 -6.271941184997559 1395
1752016890503 -7.452789306640625 1396
1752016924037 -7.170757293701172 1397
1752016957693 -8.79544734954834 1398
1752016991347 -3.9980671405792236 1399
1752018751967 -14.786284446716309 1400
1752018785571 -19.891529083251953 1401
1752018819150 -18.613359451293945 1402
1752018852724 -18.656269073486328 1403
1752018886435 -22.508037567138672 1404
1752018920009 -23.35813331604004 1405
1752018953643 -18.68260383605957 1406
1752018987305 -17.69573402404785 1407
1752019020910 -19.58637237548828 1408
1752019054455 -17.727842330932617 1409
1752019088115 -20.011211395263672 1410
1752019121699 -14.758607864379883 1411
1752019155245 -20.255477905273438 1412
1752019188906 -18.48160171508789 1413
1752019222465 -19.96297836303711 1414
1752019256128 -19.708255767822266 1415
1752019289762 -24.510351181030273 1416
1752019323273 -19.674928665161133 1417
1752019356743 -19.501850128173828 1418
1752019390268 -17.628721237182617 1419
1752019423952 -15.43739128112793 1420
1752019457502 -18.034482955932617 1421
1752019491080 -17.434478759765625 1422
1752019524673 -16.083511352539062 1423
1752019558380 -18.29703140258789 1424
1752019591979 -19.187131881713867 1425
1752019625564 -16.101736068725586 1426
1752019659250 -16.25751304626465 1427
1752019692845 -17.046085357666016 1428
1752019726536 -15.964111328125 1429
1752019760097 -17.068784713745117 1430
1752019793724 -15.325901985168457 1431
1752019827389 -15.809133529663086 1432
1752019860966 -14.099995613098145 1433
1752019894436 -16.043975830078125 1434
1752019927972 -17.338102340698242 1435
1752019961424 -16.165000915527344 1436
1752019995034 -14.534168243408203 1437
1752020028547 -17.00181770324707 1438
1752020062038 -16.39164161682129 1439
1752021827132 -26.239490509033203 1440
1752021860715 -28.075904846191406 1441
1752021894262 -27.28343391418457 1442
1752021927894 -31.195865631103516 1443
1752021961555 -24.87430191040039 1444
1752021995215 -35.174739837646484 1445
1752022028829 -29.850540161132812 1446
1752022062493 -26.095014572143555 1447
1752022095967 -25.1922664642334 1448
1752022129572 -29.798168182373047 1449
1752022163143 -26.34601593017578 1450
1752022196834 -31.85801887512207 1451
1752022230540 -31.847930908203125 1452
1752022264084 -30.14791488647461 1453
1752022297723 -33.99192810058594 1454
1752022331228 -30.64690399169922 1455
1752022364851 -30.48297119140625 1456
1752022398405 -29.910219192504883 1457
1752022432031 -26.09463882446289 1458
1752022465582 -28.387834548950195 1459
1752022499201 -31.005373001098633 1460
1752022532767 -31.041595458984375 1461
1752022566291 -29.680559158325195 1462
1752022599882 -27.783620834350586 1463
1752022633411 -31.504180908203125 1464
1752022667015 -32.156883239746094 1465
1752022700546 -32.170684814453125 1466
1752022734177 -33.05917739868164 1467
1752022767659 -34.996402740478516 1468
1752022801256 -29.709732055664062 1469
1752022834849 -31.291563034057617 1470
1752022868370 -29.244121551513672 1471
1752022901959 -32.002655029296875 1472
1752022935500 -33.869384765625 1473
1752022969042 -28.64338493347168 1474
1752023002700 -30.863910675048828 1475
1752023036349 -31.451095581054688 1476
1752023070040 -29.463781356811523 1477
1752023103673 -32.27953338623047 1478
1752023137340 -27.38880157470703 1479
1752024900564 -13.885347366333008 1480
1752024934113 -12.410547256469727 1481
1752024967801 -10.715044021606445 1482
1752025001436 -12.807232856750488 1483
1752025035453 -13.904313087463379 1484
1752025069083 -14.166337013244629 1485
1752025102668 -10.253122329711914 1486
1752025136180 -8.5841646194458 1487
1752025169777 -9.669785499572754 1488
1752025203400 -11.550626754760742 1489
1752025236958 -13.37813663482666 1490
1752025270440 -13.76944637298584 1491
1752025304138 -12.310654640197754 1492
1752025337741 -14.969650268554688 1493
1752025371381 -9.95968246459961 1494
1752025405037 -11.667318344116211 1495
1752025438635 -10.971932411193848 1496
1752025472213 -15.263574600219727 1497
1752025505797 -9.810934066772461 1498
1752025539331 -10.84356689453125 1499
1752025572794 -9.848672866821289 1500
1752025606400 -13.096016883850098 1501
1752025639959 -9.871078491210938 1502
1752025673460 -12.775467872619629 1503
1752025707030 -8.853167533874512 1504
1752025740958 -9.678326606750488 1505
1752025774932 -11.593899726867676 1506
1752025808934 -13.255678176879883 1507
1752025842519 -13.055696487426758 1508
1752025876076 -11.828727722167969 1509
1752025909770 -9.995850563049316 1510
1752025943401 -13.097312927246094 1511
1752025976994 -11.217784881591797 1512
1752026010564 -11.17198371887207 1513
1752026044228 -9.539260864257812 1514
1752026077745 -11.236178398132324 1515
1752026111367 -10.543058395385742 1516
1752026144938 -10.99017333984375 1517
1752026178491 -11.201005935668945 1518
1752026212000 -10.549545288085938 1519
1752027982057 -18.779451370239258 1520
1752028016012 -23.750520706176758 1521
1752028049433 -18.498523712158203 1522
1752028082984 -18.939157485961914 1523
1752028116905 -18.890106201171875 1524
1752028150793 -15.707680702209473 1525
1752028184302 -22.5846004486084 1526
1752028218189 -20.308881759643555 1527
1752028252077 -16.718137741088867 1528
1752028286085 -16.4698543548584 1529
1752028319751 -18.0095272064209 1530
1752028353763 -13.469165802001953 1531
1752028387695 -20.21495819091797 1532
1752028421589 -18.72732925415039 1533
1752028455514 -18.23509979248047 1534
1752028489395 -15.090298652648926 1535
1752028523056 -18.171323776245117 1536
1752028557052 -20.045997619628906 1537
1752028590571 -16.808311462402344 1538
1752028624552 -14.332548141479492 1539
1752028658538 -18.590585708618164 1540
1752028692049 -16.796117782592773 1541
1752028725704 -20.239736557006836 1542
1752028759598 -19.80014991760254 1543
1752028793646 -19.511802673339844 1544
1752028827754 -17.981403350830078 1545
1752028861629 -18.151714324951172 1546
1752028895640 -14.989273071289062 1547
1752028929644 -18.2620849609375 1548
1752028963522 -17.0401554107666 1549
1752028997465 -15.471475601196289 1550
1752029031049 -17.6020450592041 1551
1752029065069 -19.135847091674805 1552
1752029098961 -19.957773208618164 1553
1752029132931 -21.370250701904297 1554
1752029166897 -16.904098510742188 1555
1752029200792 -15.207372665405273 1556
1752029234729 -21.918476104736328 1557
1752029268290 -20.564252853393555 1558
1752029301884 -19.063337326049805 1559
1752031079685 -7.970551490783691 1560
1752031113577 -4.087241172790527 1561
1752031147432 -7.505876541137695 1562
1752031181362 -5.5314741134643555 1563
1752031215244 -3.3857827186584473 1564
1752031249239 -7.42604923248291 1565
1752031283079 -4.198265075683594 1566
1752031317044 -4.208259582519531 1567
1752031350913 -3.8995361328125 1568
1752031384935 -3.742556571960449 1569
1752031418789 -3.5403590202331543 1570
1752031452713 -2.294548511505127 1571
1752031486589 -0.8375381827354431 1572
1752031520459 -2.9231839179992676 1573
1752031554406 -1.292141079902649 1574
1752031588290 0.15004611015319824 1575
1752031622203 -0.6446272134780884 1576
1752031656038 -2.4353246688842773 1577
1752031689922 -0.4178186058998108 1578
1752031723848 0.015977144241333008 1579
1752031757743 -0.4866296648979187 1580
1752031791645 0.38970673084259033 1581
1752031825492 3.3813836574554443 1582
1752031859369 2.0440893173217773 1583
1752031893302 -0.18443071842193604 1584
1752031927212 0.8589887022972107 1585
1752031961097 1.6388834714889526 1586
1752031994991 1.2723408937454224 1587
1752032028917 1.9204270839691162 1588
1752032062775 1.1729075908660889 1589
1752032096634 2.423677444458008 1590
1752032130606 5.175655841827393 1591
1752032164417 2.252058744430542 1592
1752032198396 5.16500186920166 1593
1752032232357 1.6747136116027832 1594
1752032266271 4.35479211807251 1595
1752032300215 1.9129241704940796 1596
1752032334101 0.5362162590026855 1597
1752032368001 5.813840866088867 1598
1752032401845 3.5567657947540283 1599
1752034188433 -1.7899879217147827 1600
1752034222343 -8.751742362976074 1601
1752034256253 -7.118183612823486 1602
1752034290038 -7.18487548828125 1603
1752034323879 -10.117050170898438 1604
1752034357802 -9.948020935058594 1605
1752034391713 -10.767589569091797 1606
1752034425605 -8.991722106933594 1607
1752034459456 -10.042315483093262 1608
1752034493314 -9.851734161376953 1609
1752034527196 -8.700260162353516 1610
1752034561097 -5.113043308258057 1611
1752034594995 -8.772933006286621 1612
1752034629184 -12.063143730163574 1613
1752034662950 -6.116948127746582 1614
1752034696609 -13.388916969299316 1615
1752034730204 -7.811554431915283 1616
1752034763886 -11.0260591506958 1617
1752034797577 -4.794856548309326 1618
1752034831222 -10.643991470336914 1619
1752034864988 -5.7446465492248535 1620
1752034898623 -8.243012428283691 1621
1752034932296 -7.755369186401367 1622
1752034965863 -9.631892204284668 1623
1752034999518 -9.243622779846191 1624
1752035033099 -8.339805603027344 1625
1752035066853 -3.6068432331085205 1626
1752035100502 -8.470322608947754 1627
1752035134135 -11.175549507141113 1628
1752035167766 -7.618375778198242 1629
1752035201401 -7.521352291107178 1630
1752035235041 -6.828758239746094 1631
1752035268670 -9.170711517333984 1632
1752035302251 -9.698793411254883 1633
1752035335836 -9.01167106628418 1634
1752035369439 -6.339749336242676 1635
1752035403037 -5.24506139755249 1636
1752035436712 -5.225977420806885 1637
1752035470381 -3.015252113342285 1638
1752035503979 -4.6874284744262695 1639
1752037265127 -10.123089790344238 1640
1752037298738 -9.539956092834473 1641
1752037332250 -7.296501636505127 1642
1752037365816 -8.458698272705078 1643
1752037399420 -9.166168212890625 1644
1752037432976 -8.66879653930664 1645
1752037466511 -5.650301933288574 1646
1752037500139 -7.8338518142700195 1647
1752037533743 -8.075973510742188 1648
1752037567399 -8.27198600769043 1649
1752037600998 -7.0523762702941895 1650
1752037634570 -7.825423717498779 1651
1752037668106 -8.47354507446289 1652
1752037701693 -8.59579086303711 1653
1752037735302 -8.686213493347168 1654
1752037769041 -8.57223892211914 1655
1752037802628 -8.625736236572266 1656
1752037836316 -8.63888931274414 1657
1752037869965 -7.300352096557617 1658
1752037903544 -8.022093772888184 1659
1752037937127 -7.770224094390869 1660
1752037970790 -7.735433578491211 1661
1752038004385 -7.200172424316406 1662
1752038037984 -7.376275062561035 1663
1752038071638 -8.104023933410645 1664
1752038105244 -8.116615295410156 1665
1752038138840 -7.796337127685547 1666
1752038172440 -7.559847354888916 1667
1752038206002 -8.765275001525879 1668
1752038239654 -7.2796783447265625 1669
1752038273340 -5.540449142456055 1670
1752038306967 -7.8504228591918945 1671
1752038340614 -7.631724834442139 1672
1752038374163 -6.412966728210449 1673
1752038407718 -6.876765727996826 1674
1752038441340 -8.840690612792969 1675
1752038474983 -6.616216659545898 1676
1752038508538 -5.6002278327941895 1677
1752038542219 -6.566612243652344 1678
1752038575798 -6.8639912605285645 1679
1752040340001 -6.630338191986084 1680
1752040373471 -5.981736183166504 1681
1752040407008 -7.048035621643066 1682
1752040440560 -3.9031059741973877 1683
1752040474190 -3.4039621353149414 1684
1752040507787 -2.4932351112365723 1685
1752040541289 -2.3989105224609375 1686
1752040574917 -2.8622450828552246 1687
1752040608454 -2.2857818603515625 1688
1752040641929 -1.7093982696533203 1689
1752040675495 -1.600488305091858 1690
1752040709058 -0.6847959756851196 1691
1752040742675 0.13016819953918457 1692
1752040776306 -0.5169797539710999 1693
1752040809990 0.1358361840248108 1694
1752040843505 0.18968671560287476 1695
1752040877048 -0.94288569688797 1696
1752040910691 2.522810935974121 1697
1752040944367 0.07074308395385742 1698
1752040977957 0.783794641494751 1699
1752041011523 -0.34299081563949585 1700
1752041045121 1.1610445976257324 1701
1752041078644 -0.5445834398269653 1702
1752041112286 0.7556402087211609 1703
1752041145954 1.6169230937957764 1704
1752041179569 0.17873257398605347 1705
1752041213117 -0.054703593254089355 1706
1752041246624 2.4017536640167236 1707
1752041280194 0.4177646040916443 1708
1752041313852 0.947033166885376 1709
1752041347417 1.2719377279281616 1710
1752041380946 0.10237503051757812 1711
1752041414467 2.109947443008423 1712
1752041448016 1.8985031843185425 1713
1752041481617 1.5879621505737305 1714
1752041515137 2.3253607749938965 1715
1752041548802 2.1642932891845703 1716
1752041582536 2.0729403495788574 1717
1752041616197 1.8709388971328735 1718
1752041649828 2.2555525302886963 1719
1752043413469 -3.387718915939331 1720
1752043446992 -0.40893977880477905 1721
1752043480631 -1.4916439056396484 1722
1752043514169 -0.3799079954624176 1723
1752043547697 0.5436505675315857 1724
1752043581190 0.2374974489212036 1725
1752043614757 -1.1752527952194214 1726
1752043648364 0.3432517647743225 1727
1752043681930 0.5455685257911682 1728
1752043715514 0.8023343086242676 1729
1752043749014 1.0995988845825195 1730
1752043782640 1.5769224166870117 1731
1752043816231 1.7791684865951538 1732
1752043849758 0.8765602111816406 1733
1752043883430 0.6842168569564819 1734
1752043916949 2.225538730621338 1735
1752043950845 2.3466267585754395 1736
1752043984342 2.393632173538208 1737
1752044018263 3.120918035507202 1738
1752044051944 2.2847909927368164 1739
1752044085509 3.7738776206970215 1740
1752044119126 1.8953078985214233 1741
1752044152641 4.6211347579956055 1742
1752044186256 4.928680419921875 1743
1752044219879 2.602649688720703 1744
1752044253435 3.587049961090088 1745
1752044287068 4.847997665405273 1746
1752044320689 3.2938592433929443 1747
1752044354336 4.536280155181885 1748
1752044387957 3.5567715167999268 1749
1752044421564 3.551819324493408 1750
1752044455545 4.3318071365356445 1751
1752044489448 4.466529369354248 1752
1752044523479 3.9558887481689453 1753
1752044556959 4.25274658203125 1754
1752044590492 5.7689433097839355 1755
1752044623929 5.537795543670654 1756
1752044657521 6.272000312805176 1757
1752044691139 5.163356781005859 1758
1752044725082 3.8421285152435303 1759
1752046493824 -5.617563247680664 1760
1752046527368 -5.511296272277832 1761
1752046560917 -6.060895919799805 1762
1752046594474 -4.988049507141113 1763
1752046628433 -3.9600627422332764 1764
1752046662349 -5.431010723114014 1765
1752046695915 -4.781041145324707 1766
1752046729725 -4.7230610847473145 1767
1752046763639 -3.509111166000366 1768
1752046797541 -3.2150187492370605 1769
1752046831416 -3.724977493286133 1770
1752046865287 -4.410989284515381 1771
1752046898790 -2.6353793144226074 1772
1752046932710 -3.4378020763397217 1773
1752046966549 -3.1847434043884277 1774
1752047000512 -3.399843215942383 1775
1752047034449 -3.6750266551971436 1776
1752047068378 -1.915705680847168 1777
1752047101956 -1.7875254154205322 1778
1752047135897 -1.0298049449920654 1779
1752047169494 -1.7955650091171265 1780
1752047203387 -1.273932695388794 1781
1752047237365 -1.0271518230438232 1782
1752047271339 -1.2413907051086426 1783
1752047305226 -2.0545403957366943 1784
1752047339225 -1.935603380203247 1785
1752047373237 -1.580025315284729 1786
1752047406797 -2.148472309112549 1787
1752047440773 -2.731311798095703 1788
1752047474632 -2.629744052886963 1789
1752047508569 -1.2265732288360596 1790
1752047542397 -0.8388283252716064 1791
1752047576379 0.07476210594177246 1792
1752047610255 -1.7136435508728027 1793
1752047643824 -0.9205514192581177 1794
1752047677295 -1.3355531692504883 1795
1752047710793 -1.4036004543304443 1796
1752047744766 -1.7515822649002075 1797
1752047778670 -1.626150369644165 1798
1752047812682 -0.6552269458770752 1799
1752049590984 0.14169606566429138 1800
1752049624838 -1.8897857666015625 1801
1752049658668 0.3621772527694702 1802
1752049692608 -0.7093979120254517 1803
1752049726571 -0.961062490940094 1804
1752049760564 1.5776554346084595 1805
1752049794471 0.5411589741706848 1806
1752049828358 0.654657244682312 1807
1752049862372 1.270331859588623 1808
1752049896313 -0.6962217092514038 1809
1752049930152 -0.06810122728347778 1810
1752049964064 -0.0191342830657959 1811
1752049997982 0.7437935471534729 1812
1752050031846 2.3578615188598633 1813
1752050065782 -0.19540485739707947 1814
1752050099710 0.6118455529212952 1815
1752050133590 1.7191283702850342 1816
1752050167585 1.0434423685073853 1817
1752050201402 3.095491409301758 1818
1752050235227 1.5022822618484497 1819
1752050269082 1.8376460075378418 1820
1752050302926 1.6541035175323486 1821
1752050336865 1.0243498086929321 1822
1752050370744 -0.5008744597434998 1823
1752050404686 2.9221010208129883 1824
1752050438567 2.4986085891723633 1825
1752050472468 1.4546234607696533 1826
1752050506280 1.7118746042251587 1827
1752050540195 3.1563477516174316 1828
1752050574117 0.8192880153656006 1829
1752050608067 2.298591375350952 1830
1752050641925 1.7993608713150024 1831
1752050675841 1.5743515491485596 1832
1752050709736 0.9291459918022156 1833
1752050743802 2.9778244495391846 1834
1752050777799 2.8467392921447754 1835
1752050811746 3.252551555633545 1836
1752050845603 2.3661577701568604 1837
1752050879491 4.0607805252075195 1838
1752050913473 3.1783695220947266 1839
1752052689840 1.264743447303772 1840
1752052723788 -0.9149608016014099 1841
1752052757589 -2.3539209365844727 1842
1752052791361 -0.16528630256652832 1843
1752052825268 -2.045576333999634 1844
1752052859132 -3.849830150604248 1845
1752052893072 -2.2721593379974365 1846
1752052926898 -2.985119581222534 1847
1752052960650 -2.059678554534912 1848
1752052994607 0.46195268630981445 1849
1752053028460 -3.605950355529785 1850
1752053062412 0.09913206100463867 1851
1752053096320 -0.9631720781326294 1852
1752053130138 -4.2069621086120605 1853
1752053163998 -2.923893928527832 1854
1752053197895 2.5853114128112793 1855
1752053231717 -1.3807127475738525 1856
1752053265658 -3.0092499256134033 1857
1752053299542 -1.4103310108184814 1858
1752053333429 0.047410011291503906 1859
1752053382281 0.7464134693145752 1860
1752053416468 0.5635021924972534 1861
1752053449986 -2.8316941261291504 1862
1752053483596 -0.42281001806259155 1863
1752053517199 -1.1354773044586182 1864
1752053550829 0.8697739839553833 1865
1752053584413 1.7586801052093506 1866
1752053618025 0.9237653613090515 1867
1752053651824 1.8707551956176758 1868
1752053685663 4.717824459075928 1869
1752053719316 0.8935757279396057 1870
1752053752933 2.519158363342285 1871
1752053786687 4.192771911621094 1872
1752053820321 1.0713281631469727 1873
1752053853999 4.449944019317627 1874
1752053887531 2.29107666015625 1875
1752053921149 2.9140524864196777 1876
1752053954806 6.232571125030518 1877
1752053988365 2.0963521003723145 1878
1752054022049 2.8598904609680176 1879
1752055796374 -2.6912741661071777 1880
1752055831146 -1.4915568828582764 1881
1752055864791 -2.050311803817749 1882
1752055898591 -2.0725841522216797 1883
1752055932348 -2.5750746726989746 1884
1752055966231 -2.3594045639038086 1885
1752055999852 -1.5641112327575684 1886
1752056034146 -2.571385383605957 1887
1752056068366 -1.9752072095870972 1888
1752056102668 -1.7150009870529175 1889
1752056136328 -2.0110063552856445 1890
1752056171238 -1.483551263809204 1891
1752056204899 -1.6266558170318604 1892
1752056238632 -2.794921875 1893
1752056272248 -0.7008076310157776 1894
1752056305885 -2.1295342445373535 1895
1752056339419 -1.6116329431533813 1896
1752056372942 -2.0242462158203125 1897
1752056407196 -1.8446263074874878 1898
1752056440800 -0.08578485250473022 1899
1752056474409 -1.31696617603302 1900
1752056507980 -1.5130047798156738 1901
1752056541650 -1.3966597318649292 1902
1752056575761 -1.2304717302322388 1903
1752056609734 -1.9602899551391602 1904
1752056643417 -2.595135450363159 1905
1752056677279 -2.5448830127716064 1906
1752056710903 -2.5586657524108887 1907
1752056744486 -2.0546538829803467 1908
1752056778061 -2.1481664180755615 1909
1752056811746 -2.004833936691284 1910
1752056845492 -2.3736908435821533 1911
1752056879132 -2.1573824882507324 1912
1752056912650 -1.5785034894943237 1913
1752056946339 -2.126976490020752 1914
1752056980623 -2.745694160461426 1915
1752057014301 -1.7566206455230713 1916
1752057048984 -2.5339176654815674 1917
1752057082537 -1.3502578735351562 1918
1752057116258 -0.9648702144622803 1919
1752058888016 -2.819760322570801 1920
1752058921613 -2.3500053882598877 1921
1752058955259 -3.2347679138183594 1922
1752058988879 -2.5406270027160645 1923
1752059022433 -2.6072092056274414 1924
1752059056051 -1.9410433769226074 1925
1752059089620 -2.358694553375244 1926
1752059123245 -1.2501857280731201 1927
1752059156818 -1.9357881546020508 1928
1752059190440 -2.5150461196899414 1929
1752059223955 -1.5976827144622803 1930
1752059257502 -1.1707688570022583 1931
1752059291152 -0.7878409028053284 1932
1752059324864 -0.6746455430984497 1933
1752059358410 -0.23623335361480713 1934
1752059391928 -1.6403167247772217 1935
1752059425443 0.297859787940979 1936
1752059459033 -0.7966457009315491 1937
1752059492659 0.4273722171783447 1938
1752059526252 -0.4091283082962036 1939
1752059559874 -0.5658882260322571 1940
1752059593445 0.16457349061965942 1941
1752059627034 0.5581303834915161 1942
1752059660580 0.09067964553833008 1943
1752059694187 0.02435302734375 1944
1752059727808 -0.12158125638961792 1945
1752059761376 1.5903370380401611 1946
1752059794988 -0.573402464389801 1947
1752059828563 1.0912281274795532 1948
1752059862208 1.1787872314453125 1949
1752059895887 -0.780998706817627 1950
1752059929579 0.936448335647583 1951
1752059963240 -0.1238328218460083 1952
1752059996882 0.4994089603424072 1953
1752060030485 0.8612035512924194 1954
1752060064088 0.8723628520965576 1955
1752060097712 -0.1099168062210083 1956
1752060131422 1.2167092561721802 1957
1752060164968 0.5371965169906616 1958
1752060198607 0.7952209711074829 1959
1752061962791 -2.5507779121398926 1960
1752061996353 -2.464702606201172 1961
1752062029970 -2.175607204437256 1962
1752062063599 -1.6766083240509033 1963
1752062097589 -1.6374802589416504 1964
1752062131246 -0.375420480966568 1965
1752062164783 -1.5997896194458008 1966
1752062198368 -1.236867904663086 1967
1752062231948 -0.24511516094207764 1968
1752062265522 -0.1906352937221527 1969
1752062299111 -0.5021069049835205 1970
1752062332673 0.4767203629016876 1971
1752062366262 0.902694821357727 1972
1752062399843 1.451650619506836 1973
1752062433316 0.9743188619613647 1974
1752062466958 1.387648344039917 1975
1752062500481 2.193391799926758 1976
1752062534101 1.198865294456482 1977
1752062567708 1.4355502128601074 1978
1752062601233 1.5888481140136719 1979
1752062634831 2.606429100036621 1980
1752062668449 2.27624249458313 1981
1752062702065 2.78983736038208 1982
1752062735750 3.280830144882202 1983
1752062769356 3.0905051231384277 1984
1752062803360 3.119246244430542 1985
1752062836944 3.2091281414031982 1986
1752062870982 3.2389187812805176 1987
1752062905962 2.713338851928711 1988
1752062939542 3.937737464904785 1989
1752062973076 3.5418248176574707 1990
1752063006651 2.433995246887207 1991
1752063040330 4.208930492401123 1992
1752063073908 4.069589138031006 1993
1752063107595 4.900829792022705 1994
1752063141148 3.2854204177856445 1995
1752063174794 4.677529335021973 1996
1752063208392 3.933668613433838 1997
1752063241931 4.293283939361572 1998
1752063275442 3.7460989952087402 1999
1752065058670 -2.584535598754883 2000
1752065092498 -1.8448398113250732 2001
1752065126410 -1.6780341863632202 2002
1752065160414 -1.4933562278747559 2003
1752065193979 -0.5743671655654907 2004
1752065227896 -1.7871947288513184 2005
1752065261829 -0.5852932929992676 2006
1752065295799 -0.7822979688644409 2007
1752065329680 -0.5210431814193726 2008
1752065363264 -0.3413393497467041 2009
1752065397290 -0.09810757637023926 2010
1752065430818 0.23702478408813477 2011
1752065464724 1.1799647808074951 2012
1752065498329 1.5723894834518433 2013
1752065532189 1.4314923286437988 2014
1752065566079 1.3885915279388428 2015
1752065599966 1.8902100324630737 2016
1752065633876 1.9390690326690674 2017
1752065667876 1.6718671321868896 2018
1752065701459 1.9735163450241089 2019
1752065735025 1.4828822612762451 2020
1752065768931 1.8938355445861816 2021
1752065802909 2.5949034690856934 2022
1752065836754 3.057434558868408 2023
1752065870720 3.029305934906006 2024
1752065904283 3.124950647354126 2025
1752065938197 2.2821309566497803 2026
1752065971685 2.716212749481201 2027
1752066005639 3.2053003311157227 2028
1752066039537 3.542696237564087 2029
1752066073519 4.0566301345825195 2030
1752066107459 3.5132462978363037 2031
1752066141455 2.9115428924560547 2032
1752066175395 3.7720768451690674 2033
1752066208944 4.692440032958984 2034
1752066242828 5.429819583892822 2035
1752066276793 5.266749858856201 2036
1752066310663 3.6621837615966797 2037
1752066344636 5.12089204788208 2038
1752066378468 5.1681976318359375 2039
1752068158593 -1.1476142406463623 2040
1752068192650 -1.075474500656128 2041
1752068226592 -0.8549878597259521 2042
1752068260482 -0.5456050038337708 2043
1752068294425 0.29807204008102417 2044
1752068328317 -0.02472245693206787 2045
1752068362136 0.27385857701301575 2046
1752068396067 0.8586060404777527 2047
1752068430039 0.7122482061386108 2048
1752068464108 0.797878623008728 2049
1752068498067 1.1809310913085938 2050
1752068532228 0.7501574754714966 2051
1752068566200 1.7049555778503418 2052
1752068600071 1.0240633487701416 2053
1752068634021 1.510439395904541 2054
1752068667912 1.5582364797592163 2055
1752068701710 1.8372108936309814 2056
1752068735631 1.8706364631652832 2057
1752068769617 2.1726555824279785 2058
1752068803549 1.4613707065582275 2059
1752068837460 2.344001293182373 2060
1752068871397 2.6872446537017822 2061
1752068905399 2.101369857788086 2062
1752068939268 2.2426633834838867 2063
1752068973058 2.3498494625091553 2064
1752069006912 2.484344244003296 2065
1752069040781 1.949920892715454 2066
1752069075060 1.9822916984558105 2067
1752069109290 2.6843035221099854 2068
1752069143216 2.6814136505126953 2069
1752069177102 2.3043112754821777 2070
1752069211302 1.9767827987670898 2071
1752069245171 2.943488836288452 2072
1752069279151 3.346343755722046 2073
1752069313110 2.370793581008911 2074
1752069346899 2.8440780639648438 2075
1752069380822 2.778311014175415 2076
1752069414745 2.9281272888183594 2077
1752069448723 3.3733747005462646 2078
1752069482555 3.240370273590088 2079
1752071262907 -3.588841438293457 2080
1752071296942 -3.5348892211914062 2081
1752071330757 -3.605804204940796 2082
1752071364637 -2.988262891769409 2083
1752071398613 -3.2585530281066895 2084
1752071432549 -2.3300564289093018 2085
1752071466365 -1.6097036600112915 2086
1752071500216 -1.551161289215088 2087
1752071534121 -2.150846242904663 2088
1752071567982 -1.2657350301742554 2089
1752071601804 -1.109150767326355 2090
1752071635710 -0.9449581503868103 2091
1752071669486 -0.31619179248809814 2092
1752071703435 -1.041744351387024 2093
1752071737324 -0.12233126163482666 2094
1752071771195 -0.518924355506897 2095
1752071805605 0.16142499446868896 2096
1752071840105 -0.2836192846298218 2097
1752071874464 0.04726088047027588 2098
1752071908344 0.2728203535079956 2099
1752071942209 0.05681556463241577 2100
1752071976104 0.33822810649871826 2101
1752072010391 0.7503789663314819 2102
1752072044326 0.13720238208770752 2103
1752072078238 0.3435632586479187 2104
1752072112044 0.16562920808792114 2105
1752072145805 0.7492939233779907 2106
1752072179614 1.2091500759124756 2107
1752072213661 0.5454166531562805 2108
1752072247485 1.219744086265564 2109
1752072281384 1.7031234502792358 2110
1752072315291 1.135408878326416 2111
1752072349328 1.0031325817108154 2112
1752072382879 1.6307278871536255 2113
1752072416416 2.5348987579345703 2114
1752072449957 1.9330463409423828 2115
1752072483636 1.6221752166748047 2116
1752072518082 2.1483514308929443 2117
1752072551771 1.9007245302200317 2118
1752072585680 2.127425193786621 2119
1752074349238 0.7622147798538208 2120
1752074382907 1.4111493825912476 2121
1752074416806 1.9383059740066528 2122
1752074450807 1.6717848777770996 2123
1752074484366 2.415834426879883 2124
1752074518365 2.4278578758239746 2125
1752074551998 2.243095874786377 2126
1752074585588 2.1572277545928955 2127
1752074619244 2.630674123764038 2128
1752074652930 2.3247718811035156 2129
1752074686662 1.7800936698913574 2130
1752074720307 2.0457191467285156 2131
1752074753951 1.699205994606018 2132
1752074787648 2.477017402648926 2133
1752074821316 1.8126896619796753 2134
1752074854912 2.387482166290283 2135
1752074888475 2.366809844970703 2136
1752074922004 2.4016990661621094 2137
1752074955561 2.198957681655884 2138
1752074989141 1.4886847734451294 2139
1752075022757 1.234847068786621 2140
1752075056391 2.225036144256592 2141
1752075089956 2.362070322036743 2142
1752075123478 1.9133375883102417 2143
1752075157103 2.0533549785614014 2144
1752075190652 2.3654279708862305 2145
1752075224264 2.2068753242492676 2146
1752075257910 2.6440818309783936 2147
1752075291603 2.4778900146484375 2148
1752075325237 2.3780641555786133 2149
1752075360127 2.365616798400879 2150
1752075393675 2.2722771167755127 2151
1752075427257 2.486966371536255 2152
1752075460927 2.3005359172821045 2153
1752075494556 3.050830841064453 2154
1752075528121 2.786464214324951 2155
1752075561814 2.4943277835845947 2156
1752075595414 2.5181355476379395 2157
1752075629161 2.695640802383423 2158
1752075662784 2.6821584701538086 2159
1752077429668 -0.20214274525642395 2160
1752077463394 0.23308522999286652 2161
1752077496926 0.0663650631904602 2162
1752077530546 0.5512065887451172 2163
1752077564287 0.5983644127845764 2164
1752077598265 0.6554696559906006 2165
1752077631779 0.9563934803009033 2166
1752077665453 1.1345137357711792 2167
1752077699027 1.1932227611541748 2168
1752077732562 1.2478388547897339 2169
1752077766113 1.2867240905761719 2170
1752077799641 1.6197516918182373 2171
1752077833255 1.4762909412384033 2172
1752077867618 1.7376749515533447 2173
1752077901239 1.273191213607788 2174
1752077934873 1.8329823017120361 2175
1752077968450 1.7320306301116943 2176
1752078002098 2.116306781768799 2177
1752078035620 2.2823119163513184 2178
1752078069245 2.198421001434326 2179
1752078103324 2.0185413360595703 2180
1752078136975 2.516984224319458 2181
1752078170573 2.2679786682128906 2182
1752078204100 2.1279830932617188 2183
1752078237675 2.3502397537231445 2184
1752078271376 2.6168594360351562 2185
1752078304996 2.3417701721191406 2186
1752078338546 2.5517687797546387 2187
1752078372211 2.528113603591919 2188
1752078405796 2.583493232727051 2189
1752078439475 2.7009756565093994 2190
1752078473032 2.5856103897094727 2191
1752078506568 2.61049485206604 2192
1752078540116 2.6417932510375977 2193
1752078573729 2.6194283962249756 2194
1752078607347 2.7911972999572754 2195
1752078641096 2.780470609664917 2196
1752078674637 3.350335121154785 2197
1752078708237 2.7654168605804443 2198
1752078741789 2.6472091674804688 2199
1752080507310 0.03823111206293106 2200
1752080540950 0.4479440152645111 2201
1752080574566 1.421447515487671 2202
1752080608026 1.62342369556427 2203
1752080641541 1.6645665168762207 2204
1752080675055 2.3166487216949463 2205
1752080708619 2.0525338649749756 2206
1752080743005 1.9481701850891113 2207
1752080776618 2.419304370880127 2208
1752080810184 2.254754066467285 2209
1752080843782 2.5876612663269043 2210
1752080877258 2.4559829235076904 2211
1752080910890 2.3641715049743652 2212
1752080945099 2.6666603088378906 2213
1752080978607 2.464797258377075 2214
1752081012194 2.5859973430633545 2215
1752081046219 2.8432319164276123 2216
1752081079878 3.0096435546875 2217
1752081113584 2.746537208557129 2218
1752081147123 3.080019950866699 2219
1752081180688 2.7609920501708984 2220
1752081214227 2.936047077178955 2221
1752081247675 3.1654040813446045 2222
1752081281628 2.95161771774292 2223
1752081315160 3.510183572769165 2224
1752081348710 3.1344151496887207 2225
1752081382356 3.5455546379089355 2226
1752081415929 2.9622135162353516 2227
1752081449508 3.367757797241211 2228
1752081483106 3.38382625579834 2229
1752081516594 3.5893142223358154 2230
1752081550176 3.686361789703369 2231
1752081584121 3.6771974563598633 2232
1752081617670 3.619765520095825 2233
1752081651158 3.6664600372314453 2234
1752081684751 3.7472920417785645 2235
1752081718300 4.062628746032715 2236
1752081751807 3.565070629119873 2237
1752081785846 3.713858127593994 2238
1752081819457 3.8347811698913574 2239
