1747301060524 2.307959794998169 0
1747301291601 2.3050174713134766 1
1747301518970 2.298093795776367 2
1747301744685 2.2918025255203247 3
1747301970623 2.2849425077438354 4
1747302198138 2.277715563774109 5
1747302428047 2.268923044204712 6
1747302658025 2.25729501247406 7
1747302888149 2.244457483291626 8
1747303116053 2.227841019630432 9
1747303344437 2.204439878463745 10
1747303574035 2.179180145263672 11
1747303802933 2.1535229682922363 12
1747304032153 2.1239603757858276 13
1747304260413 2.09209942817688 14
