1749093955633 0.2064 0
1749094425545 0.257 1
1749094902498 0.2542 2
1749095383057 0.2612 3
1749095865624 0.282 4
1749096352193 0.2812 5
1749096842648 0.2886 6
1749097332550 0.2916 7
1749097823306 0.2988 8
1749098314734 0.2992 9
1749098806114 0.302 10
1749099298986 0.2956 11
1749099785205 0.2954 12
1749100274568 0.3012 13
1749100772107 0.2996 14
1749101271132 0.3126 15
1749101766432 0.3134 16
1749102262591 0.3118 17
1749102759137 0.3148 18
1749103255355 0.3154 19
1749103746377 0.32 20
1749104241932 0.324 21
1749104739334 0.3222 22
1749105236672 0.3224 23
1749105732973 0.3192 24
1749106229760 0.3208 25
1749106730743 0.3258 26
1749107228634 0.3276 27
1749107717598 0.327 28
1749108208568 0.3264 29
1749108706673 0.3308 30
1749109207090 0.3334 31
1749109707548 0.3386 32
1749110202930 0.3384 33
1749110693540 0.3416 34
1749111186893 0.3424 35
1749111682867 0.3432 36
1749112182847 0.3424 37
1749112678642 0.3446 38
1749113168067 0.3448 39
1749113656691 0.3442 40
1749114147874 0.3492 41
1749114640107 0.3516 42
1749115137064 0.35 43
1749115633990 0.354 44
1749116129454 0.3534 45
1749116622556 0.3506 46
1749117112750 0.3556 47
1749117606699 0.3602 48
1749118100618 0.3608 49
1749118594181 0.3632 50
1749119084675 0.3596 51
1749119574061 0.368 52
1749120060214 0.3496 53
1749120551610 0.3686 54
1749121043523 0.3582 55
1749121537136 0.3564 56
1749122029538 0.3752 57
1749122521550 0.3706 58
1749123017330 0.3554 59
1749123512359 0.3738 60
1749124008336 0.3748 61
1749124499607 0.3576 62
1749124991768 0.3666 63
1749125485098 0.3804 64
1749125984844 0.3672 65
1749126485716 0.364 66
1749126984502 0.378 67
1749127481257 0.3734 68
1749127977406 0.36 69
1749128474566 0.3822 70
1749128973915 0.3792 71
1749129466612 0.3676 72
1749129965351 0.3852 73
1749130464360 0.3742 74
1749130966442 0.3778 75
1749131466383 0.3864 76
1749131964417 0.3794 77
1749132456740 0.388 78
1749132950812 0.3836 79
1749133439239 0.3812 80
1749133928707 0.3894 81
1749134418116 0.37 82
1749134909961 0.3836 83
1749135396270 0.3454 84
1749135886431 0.364 85
1749136375410 0.366 86
1749136874280 0.3706 87
1749137368470 0.3756 88
1749137861391 0.3848 89
1749138351812 0.3864 90
1749138842774 0.3866 91
1749139339002 0.3882 92
1749139836703 0.3868 93
1749140333384 0.3894 94
1749140827565 0.3904 95
1749141322941 0.3918 96
1749141822677 0.3916 97
1749142320376 0.3942 98
1749142814461 0.3942 99
1749143302893 0.3922 100
1749143789485 0.3952 101
1749144281040 0.3956 102
1749144774589 0.395 103
1749145269368 0.393 104
1749145765942 0.3936 105
1749146259233 0.3972 106
1749146746809 0.398 107
1749147234095 0.3982 108
1749147723999 0.3972 109
1749148215670 0.3958 110
1749148829082 0.3956 111
1749149538893 0.3974 112
1749150246213 0.3982 113
1749150960048 0.3978 114
1749151675548 0.4002 115
1749152390299 0.4004 116
1749153076501 0.4002 117
1749153692312 0.4008 118
1749154300104 0.4002 119
1749154907862 0.4002 120
1749155513543 0.3996 121
1749156119914 0.4042 122
1749156725942 0.4038 123
1749157333289 0.4044 124
1749157939526 0.4044 125
1749158545497 0.4034 126
1749159150318 0.4018 127
1749159758191 0.403 128
1749160366647 0.4032 129
1749160973799 0.4022 130
1749161575794 0.404 131
1749162209525 0.4042 132
1749162841913 0.4052 133
1749163473508 0.4058 134
1749164103088 0.4056 135
1749164732984 0.4048 136
1749165362522 0.4074 137
1749165992368 0.4082 138
1749166620156 0.4078 139
1749167247060 0.4066 140
1749167874564 0.4096 141
1749168501407 0.4084 142
1749169129530 0.41 143
1749169757170 0.4108 144
1749170384726 0.4108 145
1749171012481 0.4094 146
1749171639818 0.4092 147
1749172268039 0.4112 148
1749172896845 0.4118 149
1749173525726 0.413 150
1749174155048 0.4112 151
1749174782574 0.4128 152
1749175411133 0.4104 153
1749176039695 0.4118 154
1749176666994 0.4132 155
1749177294147 0.414 156
1749177922804 0.4138 157
1749178551688 0.4126 158
1749179179035 0.4132 159
1749179807006 0.4128 160
