1749098307874 0.104 0
1749098560882 0.3516 1
1749098810160 0.3866 2
1749099064517 0.4156 3
1749099319989 0.4318 4
1749099575974 0.4336 5
1749099832878 0.449 6
1749100091946 0.45 7
1749100350377 0.4638 8
1749100610185 0.468 9
1749100869048 0.4578 10
1749101127824 0.4744 11
1749101386631 0.47 12
1749101645154 0.4654 13
1749101903417 0.4718 14
1749102162347 0.4706 15
1749102420849 0.4662 16
1749102679222 0.4786 17
1749102939605 0.4752 18
1749103199384 0.4716 19
1749103459141 0.4736 20
1749103719456 0.4778 21
1749103978325 0.465 22
1749104238284 0.4794 23
1749104497888 0.4784 24
1749104757219 0.4918 25
1749105012229 0.4854 26
1749105267581 0.4826 27
1749105526257 0.4868 28
1749105786174 0.485 29
1749106044763 0.4838 30
1749106304175 0.484 31
1749106563279 0.4992 32
1749106822466 0.4988 33
1749107081610 0.499 34
1749107338699 0.5032 35
1749107594691 0.4992 36
1749107850128 0.5034 37
1749108106794 0.503 38
1749108362336 0.5072 39
1749108616604 0.5068 40
1749108872767 0.5066 41
1749109128644 0.5062 42
1749109383775 0.5014 43
1749109639487 0.5058 44
1749109895058 0.511 45
1749110150886 0.5042 46
1749110406571 0.507 47
1749110662740 0.5078 48
1749110916778 0.5044 49
1749111172102 0.5026 50
1749111427790 0.5106 51
1749111683699 0.513 52
1749111939643 0.5154 53
1749112195593 0.5184 54
1749112450325 0.5114 55
1749112705067 0.5134 56
1749112961115 0.5138 57
1749113217871 0.5142 58
1749113474764 0.512 59
1749113731451 0.5156 60
1749113988838 0.5124 61
1749114244925 0.5114 62
1749114501579 0.515 63
1749114758475 0.5186 64
1749115014807 0.5176 65
1749115272953 0.5218 66
1749115531204 0.5156 67
1749115788969 0.519 68
1749116046819 0.5188 69
1749116303938 0.5176 70
1749116560830 0.5166 71
1749116818784 0.5182 72
1749117077200 0.5194 73
1749117335017 0.5246 74
1749117592901 0.5182 75
1749117849428 0.5196 76
1749118107823 0.5204 77
1749118366100 0.5212 78
1749118623641 0.5222 79
1749118880162 0.5184 80
1749119137559 0.5176 81
1749119394572 0.522 82
1749119651684 0.5206 83
1749119909629 0.5216 84
1749120166626 0.5224 85
1749120423894 0.5216 86
1749120680408 0.5222 87
1749120938457 0.5212 88
1749121196621 0.5244 89
1749121455248 0.5254 90
1749121713595 0.5226 91
1749121970594 0.5234 92
1749122228161 0.5228 93
1749122484832 0.524 94
1749122742648 0.5216 95
1749123000032 0.5222 96
1749123258996 0.524 97
1749123516268 0.523 98
1749123773087 0.5238 99
1749124029109 0.5236 100
1749124287404 0.5232 101
1749124545898 0.5238 102
1749124805980 0.5226 103
1749125063223 0.5232 104
1749125320617 0.5234 105
1749125578053 0.5224 106
1749125837956 0.524 107
1749126097294 0.5238 108
1749126356044 0.523 109
1749126613664 0.5228 110
1749126872077 0.5244 111
1749127131531 0.5234 112
1749127389900 0.523 113
1749127650485 0.523 114
1749127910198 0.5236 115
1749128170965 0.523 116
1749128429994 0.5234 117
1749128691794 0.5238 118
1749128953250 0.5236 119
1749129213837 0.524 120
1749129474915 0.5236 121
1749129735439 0.5242 122
1749129996996 0.5232 123
1749130254378 0.5226 124
1749130513807 0.5232 125
1749130775131 0.523 126
1749131036144 0.5228 127
1749131295633 0.5234 128
1749131552181 0.525 129
1749131808909 0.5238 130
1749132065955 0.5232 131
1749132324110 0.5228 132
1749132580193 0.5228 133
1749132839490 0.522 134
1749133096320 0.5234 135
1749133354481 0.5228 136
1749133611911 0.5244 137
1749133869072 0.5238 138
1749134127003 0.5232 139
1749134384025 0.5236 140
1749134641451 0.5238 141
1749134901795 0.5224 142
1749135159828 0.5246 143
1749135417474 0.5246 144
1749135675834 0.525 145
1749135935271 0.524 146
1749136193927 0.5242 147
1749136452052 0.5246 148
1749136709142 0.5256 149
1749136967221 0.5258 150
1749137224848 0.5256 151
1749137481958 0.5248 152
1749137739175 0.525 153
1749137996720 0.5264 154
1749138254595 0.526 155
1749138513248 0.526 156
1749138771310 0.5264 157
1749139029308 0.5252 158
1749139287650 0.5258 159
1749139545973 0.5254 160
1749139803539 0.5262 161
1749140061654 0.5272 162
1749140319015 0.5262 163
1749140577146 0.526 164
1749140835992 0.5256 165
1749141090841 0.5262 166
1749141346838 0.526 167
1749141602829 0.526 168
1749141858594 0.5264 169
1749142116534 0.5264 170
1749142375378 0.526 171
1749142633669 0.5264 172
1749142894236 0.5262 173
1749143153373 0.5262 174
1749143413777 0.5254 175
1749143674600 0.5262 176
1749143934522 0.5266 177
1749144195354 0.5264 178
1749144455118 0.5258 179
1749144715345 0.526 180
1749144972767 0.5258 181
1749145232143 0.5268 182
1749145493181 0.5264 183
1749145753609 0.5266 184
1749146013667 0.5264 185
1749146272906 0.5268 186
1749146530697 0.5262 187
1749146787757 0.5266 188
1749147044384 0.5268 189
1749147301973 0.527 190
1749147561064 0.5262 191
1749147820810 0.5266 192
1749148079302 0.5258 193
1749148336879 0.5264 194
1749148596979 0.5272 195
1749148855014 0.5272 196
1749149112655 0.525 197
1749149371398 0.5258 198
1749149629710 0.526 199
1749149888795 0.5262 200
1749150146289 0.526 201
1749150406624 0.5266 202
1749150664900 0.5266 203
1749150921141 0.5264 204
1749151178075 0.5262 205
1749151437884 0.526 206
1749151696997 0.5262 207
1749151955857 0.527 208
1749152212947 0.5264 209
1749152469838 0.5268 210
1749152729163 0.5264 211
1749152987949 0.5258 212
1749153247955 0.5262 213
1749153508536 0.5262 214
1749153769178 0.5264 215
1749154030440 0.5264 216
1749154291797 0.525 217
1749154551764 0.525 218
1749154811391 0.526 219
1749155071242 0.5256 220
1749155330564 0.5252 221
1749155590181 0.5254 222
1749155847868 0.526 223
1749156107027 0.5256 224
1749156365146 0.5256 225
1749156624932 0.5252 226
1749156885662 0.5258 227
1749157143851 0.5258 228
1749157403947 0.5258 229
1749157664089 0.5264 230
1749157924143 0.525 231
1749158185207 0.526 232
1749158444279 0.5256 233
1749158703859 0.5254 234
1749158962605 0.5252 235
1749159221121 0.5252 236
1749159480766 0.5246 237
1749159741174 0.5246 238
1749160002101 0.5252 239
1749160263304 0.5264 240
1749160523800 0.5246 241
1749160782880 0.5246 242
1749161044319 0.5258 243
1749161303111 0.5248 244
1749161562032 0.525 245
1749161824001 0.5244 246
1749162083427 0.5246 247
1749162343821 0.5246 248
1749162602911 0.5236 249
1749162862595 0.5252 250
1749163120942 0.525 251
1749163378396 0.5252 252
1749163637412 0.5244 253
1749163895962 0.5244 254
1749164153594 0.525 255
1749164413999 0.5252 256
1749164671473 0.5248 257
1749164930917 0.5252 258
1749165188915 0.5242 259
1749165447886 0.5248 260
1749165706376 0.5238 261
1749165964041 0.524 262
1749166222214 0.5248 263
1749166480110 0.5246 264
1749166738642 0.5248 265
1749166997901 0.525 266
1749167255181 0.5244 267
1749167514732 0.5246 268
1749167774958 0.5256 269
1749168032361 0.5244 270
1749168290884 0.525 271
1749168550949 0.5246 272
1749168809011 0.5244 273
1749169067562 0.5244 274
1749169326353 0.5242 275
1749169585703 0.524 276
1749169844975 0.5246 277
1749170103185 0.5242 278
1749170360858 0.5254 279
1749170618741 0.525 280
1749170877526 0.5246 281
1749171137529 0.5254 282
1749171398110 0.5256 283
1749171658398 0.5254 284
1749171917134 0.5238 285
1749172177213 0.5244 286
1749172436103 0.5242 287
1749172696384 0.5244 288
1749172954980 0.5244 289
1749173215862 0.5248 290
1749173475743 0.5236 291
1749173734927 0.5244 292
1749173992952 0.5234 293
1749174251387 0.5232 294
1749174511771 0.5238 295
1749174770770 0.5242 296
1749175029057 0.5238 297
1749175289380 0.5246 298
1749175547397 0.5244 299
1749175807128 0.5248 300
1749176066181 0.5242 301
1749176326191 0.5244 302
1749176587076 0.5252 303
1749176847193 0.5246 304
1749177107973 0.5252 305
1749177367660 0.5252 306
1749177627735 0.5242 307
1749177886997 0.5246 308
1749178147962 0.525 309
1749178409458 0.5246 310
1749178671704 0.5242 311
1749178931456 0.5246 312
1749179190665 0.525 313
1749179450816 0.5244 314
1749179711406 0.5246 315
1749179971661 0.5252 316
1749180232600 0.5242 317
1749180493956 0.525 318
1749180754962 0.525 319
1749181015415 0.5252 320
1749181276482 0.5246 321
1749181537064 0.5256 322
1749181800761 0.5252 323
1749182062513 0.5244 324
1749182323680 0.525 325
1749182584536 0.5252 326
1749182845148 0.5256 327
1749183105631 0.5252 328
1749183368396 0.525 329
1749183630908 0.524 330
1749183893510 0.5244 331
1749184154905 0.5254 332
1749184417407 0.5248 333
