1749098307874 2.307952404022217 0
1749098560882 1.7581176161766052 1
1749098810160 1.6884299516677856 2
1749099064517 1.6228631734848022 3
1749099319989 1.586869716644287 4
1749099575974 1.5687453150749207 5
1749099832878 1.5363808274269104 6
1749100091946 1.5332230925559998 7
1749100350377 1.5123735666275024 8
1749100610185 1.5002232193946838 9
1749100869048 1.520438015460968 10
1749101127824 1.4829838871955872 11
1749101386631 1.488789975643158 12
1749101645154 1.507720410823822 13
1749101903417 1.4854289889335632 14
1749102162347 1.4780787825584412 15
1749102420849 1.49319589138031 16
1749102679222 1.464646816253662 17
1749102939605 1.4634361267089844 18
1749103199384 1.4731900095939636 19
1749103459141 1.4776558876037598 20
1749103719456 1.460871160030365 21
1749103978325 1.4903008341789246 22
1749104238284 1.4616398215293884 23
1749104497888 1.476274013519287 24
1749104757219 1.4379169344902039 25
1749105012229 1.4456247687339783 26
1749105267581 1.4493016004562378 27
1749105526257 1.4489789605140686 28
1749105786174 1.4482170343399048 29
1749106044763 1.4550127387046814 30
1749106304175 1.4533360004425049 31
1749106563279 1.420590877532959 32
1749106822466 1.4239468574523926 33
1749107081610 1.4274441599845886 34
1749107338699 1.4110587239265442 35
1749107594691 1.419009804725647 36
1749107850128 1.4108023643493652 37
1749108106794 1.4185280799865723 38
1749108362336 1.3958288431167603 39
1749108616604 1.4050493240356445 40
1749108872767 1.4119701385498047 41
1749109128644 1.4102047085762024 42
1749109383775 1.4173232913017273 43
1749109639487 1.407141089439392 44
1749109895058 1.3945411443710327 45
1749110150886 1.4107908010482788 46
1749110406571 1.4096753597259521 47
1749110662740 1.4033834338188171 48
1749110916778 1.4160507917404175 49
1749111172102 1.4086382985115051 50
1749111427790 1.4016937017440796 51
1749111683699 1.384985864162445 52
1749111939643 1.3921995162963867 53
1749112195593 1.3815878033638 54
1749112450325 1.387341558933258 55
1749112705067 1.3827699422836304 56
1749112961115 1.3786890506744385 57
1749113217871 1.3795656561851501 58
1749113474764 1.3831946849822998 59
1749113731451 1.3878549933433533 60
1749113988838 1.3834903240203857 61
1749114244925 1.3895224332809448 62
1749114501579 1.3810243606567383 63
1749114758475 1.3765077590942383 64
1749115014807 1.37843918800354 65
1749115272953 1.3777586817741394 66
1749115531204 1.3763175010681152 67
1749115788969 1.377605140209198 68
1749116046819 1.3766581416130066 69
1749116303938 1.379665732383728 70
1749116560830 1.373132348060608 71
1749116818784 1.3775672316551208 72
1749117077200 1.3766854405403137 73
1749117335017 1.374108910560608 74
1749117592901 1.3750512599945068 75
1749117849428 1.3723426461219788 76
1749118107823 1.3735256791114807 77
1749118366100 1.3742358684539795 78
1749118623641 1.372809648513794 79
1749118880162 1.3732033967971802 80
1749119137559 1.3761520385742188 81
1749119394572 1.373156189918518 82
1749119651684 1.370092511177063 83
1749119909629 1.370810866355896 84
1749120166626 1.372166931629181 85
1749120423894 1.370130717754364 86
1749120680408 1.3716654777526855 87
1749120938457 1.370834767818451 88
1749121196621 1.3703036308288574 89
1749121455248 1.3692198991775513 90
1749121713595 1.3690864443778992 91
1749121970594 1.3697574734687805 92
1749122228161 1.369088053703308 93
1749122484832 1.3698087334632874 94
1749122742648 1.3697883486747742 95
1749123000032 1.3696322441101074 96
1749123258996 1.3698261380195618 97
1749123516268 1.3691462874412537 98
1749123773087 1.369677722454071 99
1749124029109 1.3695380091667175 100
1749124287404 1.3697397112846375 101
1749124545898 1.3694226145744324 102
1749124805980 1.369210422039032 103
1749125063223 1.3690180778503418 104
1749125320617 1.3688987493515015 105
1749125578053 1.368956983089447 106
1749125837956 1.3688814640045166 107
1749126097294 1.368970513343811 108
1749126356044 1.368695318698883 109
1749126613664 1.369142234325409 110
1749126872077 1.3691966533660889 111
1749127131531 1.368888795375824 112
1749127389900 1.368854820728302 113
1749127650485 1.3691884875297546 114
1749127910198 1.3687680959701538 115
1749128170965 1.368784248828888 116
1749128429994 1.3688917756080627 117
1749128691794 1.3687435984611511 118
1749128953250 1.368779182434082 119
1749129213837 1.3688018918037415 120
1749129474915 1.3689430952072144 121
1749129735439 1.3688371181488037 122
1749129996996 1.369000792503357 123
1749130254378 1.3686116337776184 124
1749130513807 1.3692212104797363 125
1749130775131 1.3686428666114807 126
1749131036144 1.3685936331748962 127
1749131295633 1.3687318563461304 128
1749131552181 1.3688987493515015 129
1749131808909 1.3689652681350708 130
1749132065955 1.3688410520553589 131
1749132324110 1.3688947558403015 132
1749132580193 1.3688077330589294 133
1749132839490 1.3690404295921326 134
1749133096320 1.368471384048462 135
1749133354481 1.3685344457626343 136
1749133611911 1.3685734272003174 137
1749133869072 1.36871999502182 138
1749134127003 1.3688644170761108 139
1749134384025 1.3688754439353943 140
1749134641451 1.3688589334487915 141
1749134901795 1.3688629269599915 142
1749135159828 1.369106113910675 143
1749135417474 1.3691608905792236 144
1749135675834 1.3689723014831543 145
1749135935271 1.3690101504325867 146
1749136193927 1.3687409162521362 147
1749136452052 1.3690412640571594 148
1749136709142 1.3691731691360474 149
1749136967221 1.3691034317016602 150
1749137224848 1.3693601489067078 151
1749137481958 1.3694018721580505 152
1749137739175 1.3692300915718079 153
1749137996720 1.3692575097084045 154
1749138254595 1.3692469000816345 155
1749138513248 1.369281828403473 156
1749138771310 1.3694360256195068 157
1749139029308 1.369462013244629 158
1749139287650 1.3695428371429443 159
1749139545973 1.3694494366645813 160
1749139803539 1.369815468788147 161
1749140061654 1.3695167303085327 162
1749140319015 1.3697261214256287 163
1749140577146 1.3697043061256409 164
1749140835992 1.3696344494819641 165
1749141090841 1.3697540760040283 166
1749141346838 1.3699426651000977 167
1749141602829 1.3702905178070068 168
1749141858594 1.3701221942901611 169
1749142116534 1.370245099067688 170
1749142375378 1.3700801730155945 171
1749142633669 1.370472490787506 172
1749142894236 1.370144009590149 173
1749143153373 1.3703858852386475 174
1749143413777 1.3704499006271362 175
1749143674600 1.3703483939170837 176
1749143934522 1.3705780506134033 177
1749144195354 1.3707662224769592 178
1749144455118 1.3705926537513733 179
1749144715345 1.3708878755569458 180
1749144972767 1.3706334829330444 181
1749145232143 1.3704540729522705 182
1749145493181 1.370573878288269 183
1749145753609 1.3705700039863586 184
1749146013667 1.3704590201377869 185
1749146272906 1.3708177208900452 186
1749146530697 1.3704956769943237 187
1749146787757 1.3709914684295654 188
1749147044384 1.3711584210395813 189
1749147301973 1.370636522769928 190
1749147561064 1.3706991076469421 191
1749147820810 1.3707938194274902 192
1749148079302 1.3714167475700378 193
1749148336879 1.3708738088607788 194
1749148596979 1.371141254901886 195
1749148855014 1.371248483657837 196
1749149112655 1.3712155222892761 197
1749149371398 1.37139892578125 198
1749149629710 1.371263861656189 199
1749149888795 1.3711612224578857 200
1749150146289 1.3710315227508545 201
1749150406624 1.3713303208351135 202
1749150664900 1.371161699295044 203
1749150921141 1.3711729049682617 204
1749151178075 1.371245265007019 205
1749151437884 1.3713439106941223 206
1749151696997 1.3711014986038208 207
1749151955857 1.3713918328285217 208
1749152212947 1.3716073036193848 209
1749152469838 1.3713493347167969 210
1749152729163 1.3713042736053467 211
1749152987949 1.3718796968460083 212
1749153247955 1.3716636300086975 213
1749153508536 1.371337652206421 214
1749153769178 1.371508777141571 215
1749154030440 1.371414840221405 216
1749154291797 1.37188720703125 217
1749154551764 1.3717244863510132 218
1749154811391 1.3715699911117554 219
1749155071242 1.3714489340782166 220
1749155330564 1.3718212842941284 221
1749155590181 1.3716852068901062 222
1749155847868 1.3717708587646484 223
1749156107027 1.3718467354774475 224
1749156365146 1.3716896772384644 225
1749156624932 1.3717451691627502 226
1749156885662 1.371585488319397 227
1749157143851 1.371701717376709 228
1749157403947 1.3715329766273499 229
1749157664089 1.371933102607727 230
1749157924143 1.3719496726989746 231
1749158185207 1.3717861771583557 232
1749158444279 1.3719391226768494 233
1749158703859 1.3719943165779114 234
1749158962605 1.3720906972885132 235
1749159221121 1.3720058798789978 236
1749159480766 1.3721266388893127 237
1749159741174 1.3725234866142273 238
1749160002101 1.3720393180847168 239
1749160263304 1.3719563484191895 240
1749160523800 1.3721257448196411 241
1749160782880 1.3721946477890015 242
1749161044319 1.3719829320907593 243
1749161303111 1.3721557259559631 244
1749161562032 1.3721892833709717 245
1749161824001 1.3721812963485718 246
1749162083427 1.3723672032356262 247
1749162343821 1.3722506165504456 248
1749162602911 1.3724847435951233 249
1749162862595 1.3719114661216736 250
1749163120942 1.3723902702331543 251
1749163378396 1.3720232248306274 252
1749163637412 1.372312605381012 253
1749163895962 1.3723199367523193 254
1749164153594 1.3720097541809082 255
1749164413999 1.372277557849884 256
1749164671473 1.3722878098487854 257
1749164930917 1.3724615573883057 258
1749165188915 1.3726061582565308 259
1749165447886 1.3726349472999573 260
1749165706376 1.3723400235176086 261
1749165964041 1.3722329139709473 262
1749166222214 1.3722600936889648 263
1749166480110 1.372601330280304 264
1749166738642 1.372540295124054 265
1749166997901 1.3722570538520813 266
1749167255181 1.3725078701972961 267
1749167514732 1.3723951578140259 268
1749167774958 1.3727995157241821 269
1749168032361 1.3725940585136414 270
1749168290884 1.372150957584381 271
1749168550949 1.3726922273635864 272
1749168809011 1.3726245760917664 273
1749169067562 1.3725690841674805 274
1749169326353 1.372344970703125 275
1749169585703 1.3725866675376892 276
1749169844975 1.3722665309906006 277
1749170103185 1.3726140260696411 278
1749170360858 1.372483491897583 279
1749170618741 1.3723267316818237 280
1749170877526 1.3727086782455444 281
1749171137529 1.3723649382591248 282
1749171398110 1.372248649597168 283
1749171658398 1.3726455569267273 284
1749171917134 1.3725652694702148 285
1749172177213 1.3725695610046387 286
1749172436103 1.372292935848236 287
1749172696384 1.3728216886520386 288
1749172954980 1.3728382587432861 289
1749173215862 1.3726206421852112 290
1749173475743 1.372693657875061 291
1749173734927 1.3726958632469177 292
1749173992952 1.3728126287460327 293
1749174251387 1.372696876525879 294
1749174511771 1.3728030920028687 295
1749174770770 1.3727359175682068 296
1749175029057 1.3726307153701782 297
1749175289380 1.3726868629455566 298
1749175547397 1.3727694153785706 299
1749175807128 1.372301161289215 300
1749176066181 1.3730579018592834 301
1749176326191 1.3727024793624878 302
1749176587076 1.3727952241897583 303
1749176847193 1.3729689717292786 304
1749177107973 1.3728685975074768 305
1749177367660 1.3728899359703064 306
1749177627735 1.3724327683448792 307
1749177886997 1.3727577328681946 308
1749178147962 1.3731043338775635 309
1749178409458 1.372819185256958 310
1749178671704 1.3727850317955017 311
1749178931456 1.3726502656936646 312
1749179190665 1.3727768659591675 313
1749179450816 1.3726876974105835 314
1749179711406 1.3728410601615906 315
1749179971661 1.373128056526184 316
1749180232600 1.3728338479995728 317
1749180493956 1.3726451992988586 318
1749180754962 1.372420072555542 319
1749181015415 1.3729972839355469 320
1749181276482 1.3729184865951538 321
1749181537064 1.3725935220718384 322
1749181800761 1.3726277351379395 323
1749182062513 1.3726129531860352 324
1749182323680 1.3729707598686218 325
1749182584536 1.3731718063354492 326
1749182845148 1.3725040555000305 327
1749183105631 1.3729286193847656 328
1749183368396 1.3727895021438599 329
1749183630908 1.3728257417678833 330
1749183893510 1.3727717995643616 331
1749184154905 1.3729405403137207 332
1749184417407 1.3728439211845398 333
