1746676701026 1e-05 0
1746676702251 1e-05 1
1746676703839 1e-05 2
1746676705069 1e-05 3
1746676706651 1e-05 4
1746676707878 1e-05 5
1746676709468 1e-05 6
1746676710697 1e-05 7
1746676712286 1e-05 8
1746676713509 1e-05 9
1746676714735 1e-05 10
1746676716323 1e-05 11
1746676717906 1e-05 12
1746676719145 1e-05 13
1746676720728 1e-05 14
1746676721958 1e-05 15
1746676723540 1e-05 16
1746676724773 1e-05 17
1746676726010 1e-05 18
1746676727893 1e-05 19
1746676729490 1e-05 20
1746676730733 1e-05 21
1746676732337 1e-05 22
1746676733575 1e-05 23
1746676735156 1e-05 24
1746676736386 1e-05 25
1746676737982 1e-05 26
1746676739229 1e-05 27
1746676740806 1e-05 28
1746676742051 1e-05 29
1746676743657 1e-05 30
1746676744889 1e-05 31
1746676746482 1e-05 32
1746676747729 1e-05 33
1746676748980 1e-05 34
1746676750578 1e-05 35
1746676752175 1e-05 36
1746676753423 1e-05 37
1746676755326 1e-05 38
1746676756567 1e-05 39
