1751036859702 1.9838311433792115 0
1751039144410 1.9035056591033936 1
1751041498914 1.8602019786834716 2
1751043861484 1.7952518939971924 3
1751046185943 1.7704177379608155 4
1751048442269 1.750293493270874 5
1751050718968 1.740523624420166 6
1751053064063 1.7126197338104248 7
1751055423146 1.6848105192184448 8
1751057771415 1.6683798551559448 9
1751060023328 1.6704822778701782 10
1751062300503 1.6597276687622071 11
1751064643326 1.6391574382781982 12
1751067005308 1.639910101890564 13
1751069357005 1.641356062889099 14
1751071609405 1.6217281579971314 15
1751073886113 1.6184595584869386 16
1751076220873 1.6135342836380004 17
1751078579015 1.5962714910507203 18
1751080941619 1.5768996000289917 19
1751083189861 1.5820184707641602 20
1751085462748 1.5784790515899658 21
1751087788779 1.5720635652542114 22
1751090149005 1.5646262645721436 23
1751092512643 1.562877893447876 24
1751094809362 1.5576933860778808 25
1751097071865 1.5606616497039796 26
1751099360927 1.55787992477417 27
1751101719069 1.5529637813568116 28
1751104082957 1.5474442481994628 29
1751106405644 1.545449924468994 30
1751108662324 1.5420172691345215 31
1751110938431 1.5439140558242799 32
1751113287731 1.538811731338501 33
1751115650707 1.5364285945892333 34
1751117998850 1.5363789796829224 35
1751120250815 1.5348580598831176 36
1751122526412 1.5317115306854248 37
1751124863412 1.5291884660720825 38
1751127223252 1.5262630939483643 39
1751129584381 1.5283421993255615 40
1751131836408 1.5252861022949218 41
1751134113049 1.5244807481765748 42
1751136438709 1.5264492273330688 43
1751138797119 1.5216798543930055 44
1751141159776 1.5204913854598998 45
1751143419611 1.5216195821762084 46
1751145695071 1.5204788446426392 47
1751148014695 1.5173810243606567 48
1751150371736 1.5171050310134888 49
1751152737640 1.5169716119766234 50
1751155018892 1.5169832229614257 51
1751157289011 1.5154535055160523 52
1751159590659 1.5170838356018066 53
1751161946142 1.517556118965149 54
1751164310629 1.5175443649291993 55
1751166623690 1.5155237436294555 56
1751168880594 1.5141141653060912 57
1751171160812 1.515359377861023 58
1751173514170 1.5160144329071046 59
1751175877959 1.511337399482727 60
1751178240710 1.5152658939361572 61
1751180501028 1.5155006408691407 62
1751182771204 1.5154959917068482 63
1751185084589 1.5162712812423706 64
1751187444683 1.51436505317688 65
1751189810363 1.512787103652954 66
1751192110413 1.5113233566284179 67
1751194373289 1.5137175559997558 68
1751196659857 1.514225673675537 69
1751199016517 1.5111948490142821 70
1751201382528 1.5098579406738282 71
1751203705818 1.5115123748779298 72
1751205962936 1.51234872341156 73
