1751036857164 1.9838311433792115 40
1751039141534 1.9035056591033936 81
1751041496046 1.8602019786834716 122
1751043858611 1.7952518939971924 163
1751046183396 1.7704177379608155 204
1751048439725 1.750293493270874 245
1751050716092 1.740523624420166 286
1751053061190 1.7126197338104248 327
1751055420280 1.6848105192184448 368
1751057768861 1.6683798551559448 409
1751060020774 1.6704822778701782 450
1751062297630 1.6597276687622071 491
1751064640449 1.6391574382781982 532
1751067002443 1.639910101890564 573
1751069354449 1.641356062889099 614
1751071606852 1.6217281579971314 655
1751073883234 1.6184595584869386 696
1751076217993 1.6135342836380004 737
1751078576134 1.5962714910507203 778
1751080939065 1.5768996000289917 819
1751083187312 1.5820184707641602 860
1751085459869 1.5784790515899658 901
1751087785914 1.5720635652542114 942
1751090146138 1.5646262645721436 983
1751092509766 1.562877893447876 1024
1751094806804 1.5576933860778808 1065
1751097069316 1.5606616497039796 1106
1751099358046 1.55787992477417 1147
1751101716197 1.5529637813568116 1188
1751104080087 1.5474442481994628 1229
1751106403090 1.545449924468994 1270
1751108659770 1.5420172691345215 1311
1751110935551 1.5439140558242799 1352
1751113284851 1.538811731338501 1393
1751115647826 1.5364285945892333 1434
1751117996303 1.5363789796829224 1475
1751120248255 1.5348580598831176 1516
1751122523542 1.5317115306854248 1557
1751124860535 1.5291884660720825 1598
1751127220371 1.5262630939483643 1639
1751129581219 1.5283421993255615 1680
1751131833851 1.5252861022949218 1721
1751134110157 1.5244807481765748 1762
1751136435815 1.5264492273330688 1803
1751138794229 1.5216798543930055 1844
1751141156884 1.5204913854598998 1885
1751143417050 1.5216195821762084 1926
1751145692509 1.5204788446426392 1967
1751148011814 1.5173810243606567 2008
1751150368843 1.5171050310134888 2049
1751152734746 1.5169716119766234 2090
1751155016330 1.5169832229614257 2131
1751157286453 1.5154535055160523 2172
1751159587763 1.5170838356018066 2213
1751161943249 1.517556118965149 2254
1751164307754 1.5175443649291993 2295
1751166621121 1.5155237436294555 2336
1751168878032 1.5141141653060912 2377
1751171157912 1.515359377861023 2418
1751173511276 1.5160144329071046 2459
1751175875074 1.511337399482727 2500
1751178237838 1.5152658939361572 2541
1751180498461 1.5155006408691407 2582
1751182768320 1.5154959917068482 2623
1751185081706 1.5162712812423706 2664
1751187441784 1.51436505317688 2705
1751189807474 1.512787103652954 2746
1751192107848 1.5113233566284179 2787
1751194370739 1.5137175559997558 2828
1751196656959 1.514225673675537 2869
1751199013615 1.5111948490142821 2910
1751201379625 1.5098579406738282 2951
1751203703239 1.5115123748779298 2992
1751205960360 1.51234872341156 3033
