1747891366135 0.001 0
1747891588652 0.001 1
1747891813606 0.001 2
1747892040295 0.001 3
1747892267770 0.001 4
1747892496022 0.001 5
1747892725887 0.001 6
1747892955199 0.001 7
1747893184998 0.001 8
1747893415850 0.001 9
1747893645242 0.001 10
1747893886650 0.001 11
1747894116281 0.001 12
1747894345398 0.001 13
1747894574752 0.0005 14
1747894802530 0.0005 15
1747895063763 0.0005 16
1747895399563 0.0005 17
1747895734320 0.0005 18
1747896067973 0.0005 19
1747896404437 0.0005 20
1747896736234 0.0005 21
1747897070006 0.0005 22
1747897405378 0.0005 23
1747897741708 0.0005 24
1747898077341 0.0005 25
1747898412751 0.0005 26
1747898748738 0.0005 27
1747899084587 0.0005 28
1747899419283 0.0005 29
1747899753883 0.0005 30
1747900089598 0.0005 31
1747900416323 0.0005 32
1747900652225 0.0005 33
1747900879413 0.0005 34
1747901108517 0.0005 35
1747901337220 0.0005 36
1747901572520 0.0005 37
1747901813169 0.0005 38
1747902053468 0.0005 39
1747902294592 0.0005 40
1747902538465 0.0005 41
1747902781187 0.0005 42
1747903027219 0.00025 43
1747903270530 0.00025 44
1747903513412 0.00025 45
1747903757903 0.00025 46
1747904001714 0.00025 47
1747904247006 0.00025 48
1747904515789 0.00025 49
1747904765508 0.00025 50
1747905010143 0.00025 51
1747905254126 0.00025 52
1747905500313 0.00025 53
1747905745044 0.00025 54
1747905990553 0.00025 55
1747906235006 0.00025 56
1747906480098 0.000125 57
1747906724612 0.000125 58
1747906968828 0.000125 59
1747907213060 0.000125 60
1747907458276 0.000125 61
1747907703449 0.000125 62
1747907947786 0.000125 63
1747908191281 0.000125 64
1747908434586 0.000125 65
1747908678365 0.000125 66
1747908922234 0.000125 67
1747909165165 0.000125 68
1747909406857 0.000125 69
1747909649778 0.000125 70
1747909892356 0.000125 71
1747910136061 0.000125 72
1747910380158 0.000125 73
1747910621772 0.000125 74
1747910864474 0.000125 75
1747911105922 0.000125 76
1747911348563 0.000125 77
1747911590462 0.000125 78
1747911836701 0.000125 79
1747912084230 0.000125 80
1747912331348 0.000125 81
1747912578969 0.000125 82
1747912824484 0.000125 83
1747913068439 0.000125 84
1747913321990 0.000125 85
1747913578242 0.000125 86
1747913834635 0.000125 87
1747914091963 0.000125 88
1747914348584 0.000125 89
1747914605160 0.000125 90
1747914860985 0.000125 91
1747915117638 0.000125 92
1747915373625 0.000125 93
1747915631266 0.000125 94
1747915892131 0.000125 95
1747916177989 0.000125 96
1747916438899 0.000125 97
1747916699350 0.000125 98
1747916960411 0.000125 99
1747917222194 0.000125 100
1747917482976 0.000125 101
1747917741541 0.000125 102
1747917998589 0.000125 103
1747918255616 0.000125 104
1747918513113 0.000125 105
1747918774327 0.000125 106
1747919035360 0.000125 107
1747919296036 0.000125 108
1747919556977 0.000125 109
1747919818120 0.000125 110
1747920079617 0.000125 111
1747920340553 0.000125 112
1747920617870 0.000125 113
1747920878544 0.000125 114
1747921139738 0.000125 115
1747921398989 0.000125 116
1747921657170 0.000125 117
1747921916294 0.000125 118
1747922175636 0.000125 119
1747922459811 0.000125 120
1747922719227 0.000125 121
1747922980126 0.000125 122
1747923239935 0.000125 123
1747923500646 0.000125 124
1747923785259 0.000125 125
1747924118695 0.000125 126
1747924453306 0.000125 127
1747924788385 0.000125 128
1747925122689 0.000125 129
1747925457594 0.000125 130
1747925811591 0.000125 131
1747926158567 0.000125 132
1747926524703 0.000125 133
1747926860986 0.000125 134
1747927196032 0.000125 135
1747927530478 0.000125 136
1747927864439 0.000125 137
1747928198386 0.000125 138
1747928532589 0.000125 139
1747928867624 0.000125 140
1747929200901 0.000125 141
1747929535289 6.25e-05 142
1747929868315 6.25e-05 143
1747930201446 6.25e-05 144
1747930534897 6.25e-05 145
1747930868634 6.25e-05 146
1747931201380 6.25e-05 147
1747931534429 6.25e-05 148
1747931867273 6.25e-05 149
1747932200326 6.25e-05 150
1747932532222 6.25e-05 151
1747932863330 6.25e-05 152
1747933195572 6.25e-05 153
1747933528345 6.25e-05 154
1747933862020 6.25e-05 155
1747934196432 6.25e-05 156
1747934531214 6.25e-05 157
1747934865155 6.25e-05 158
1747935199038 6.25e-05 159
1747935533474 6.25e-05 160
1747935869675 6.25e-05 161
1747936206278 6.25e-05 162
1747936543023 3.125e-05 163
1747936880320 3.125e-05 164
1747937218953 3.125e-05 165
1747937557041 3.125e-05 166
1747937894552 3.125e-05 167
1747938254869 3.125e-05 168
1747938592512 3.125e-05 169
1747938930774 3.125e-05 170
1747939268357 3.125e-05 171
1747939605554 3.125e-05 172
1747939942878 3.125e-05 173
1747940280134 3.125e-05 174
1747940618033 3.125e-05 175
1747940954215 1.5625e-05 176
1747941290864 1.5625e-05 177
1747941626257 1.5625e-05 178
1747941958963 1.5625e-05 179
1747942292323 1.5625e-05 180
1747942625048 1.5625e-05 181
1747942958398 1.5625e-05 182
1747943291194 1.5625e-05 183
1747943624839 1.5625e-05 184
1747943959203 1.5625e-05 185
1747944293076 1.5625e-05 186
1747944627743 1.5625e-05 187
1747944962027 1.5625e-05 188
1747945285844 1.5625e-05 189
1747945626178 1.5625e-05 190
1747945949135 1.5625e-05 191
1747946270042 1.5625e-05 192
1747946590826 1.5625e-05 193
1747946911600 1.5625e-05 194
1747947233669 1.5625e-05 195
1747947555493 1.5625e-05 196
1747947875739 1.5625e-05 197
1747948196780 1.5625e-05 198
1747948519514 1.5625e-05 199
1747948842318 1.5625e-05 200
1747949162257 1.5625e-05 201
1747949483151 1.5625e-05 202
1747949802622 1.5625e-05 203
1747950123427 1.5625e-05 204
1747950443837 1.5625e-05 205
1747950764331 1.5625e-05 206
1747951084639 1.5625e-05 207
1747951403062 1.5625e-05 208
1747951723340 1.5625e-05 209
1747952043998 1.5625e-05 210
1747952364584 1.5625e-05 211
1747952685536 1.5625e-05 212
1747953004802 1.5625e-05 213
1747953326532 1.5625e-05 214
1747953652524 1.5625e-05 215
1747953974603 1.5625e-05 216
1747954295915 1.5625e-05 217
1747954617881 1.5625e-05 218
1747954939474 1.5625e-05 219
1747955261127 1.5625e-05 220
1747955583619 1.5625e-05 221
1747955906247 1.5625e-05 222
1747956228744 1.5625e-05 223
1747956551094 1.5625e-05 224
1747956874275 1.5625e-05 225
1747957196439 1.5625e-05 226
1747957518801 1.5625e-05 227
1747957840203 1.5625e-05 228
1747958161926 1.5625e-05 229
1747958483051 1.5625e-05 230
1747958803350 1.5625e-05 231
1747959123587 1.5625e-05 232
1747959443833 1.5625e-05 233
1747959764966 1.5625e-05 234
1747960085106 1.5625e-05 235
1747960406227 1.5625e-05 236
1747960728367 1.5625e-05 237
1747961049792 1.5625e-05 238
1747961370393 1.5625e-05 239
1747961690389 1.5625e-05 240
1747962010724 1.5625e-05 241
1747962331895 1.5625e-05 242
1747962652665 1.5625e-05 243
1747962974316 1.5625e-05 244
1747963294932 1.5625e-05 245
1747963614894 1.5625e-05 246
1747963937338 1.5625e-05 247
1747964259823 1.5625e-05 248
1747964581624 1.5625e-05 249
1747964899194 1.5625e-05 250
1747965216913 1.5625e-05 251
1747965536809 1.5625e-05 252
1747965854408 1.5625e-05 253
1747966170740 1.5625e-05 254
1747966487461 1.5625e-05 255
1747966806479 1.5625e-05 256
1747967139809 1.5625e-05 257
1747967476846 1.5625e-05 258
1747967814494 1.5625e-05 259
1747968150630 1.5625e-05 260
1747968487157 1.5625e-05 261
1747968824322 1.5625e-05 262
1747969161559 1.5625e-05 263
1747969499255 1.5625e-05 264
1747969837176 1.5625e-05 265
1747970174286 1.5625e-05 266
1747970511334 1.5625e-05 267
1747970847562 1.5625e-05 268
1747971171336 1.5625e-05 269
1747971496922 1.5625e-05 270
1747971825911 1.5625e-05 271
1747972154951 1.5625e-05 272
1747972487760 1.5625e-05 273
1747972819679 1.5625e-05 274
1747973152630 1.5625e-05 275
1747973485231 1.5625e-05 276
1747973817519 1.5625e-05 277
1747974148713 1.5625e-05 278
1747974480765 1.5625e-05 279
1747974812631 1.5625e-05 280
1747975144712 1.5625e-05 281
1747975477137 1.5625e-05 282
1747975810158 1.5625e-05 283
1747976142993 1.5625e-05 284
1747976475284 1.5625e-05 285
1747976807496 1.5625e-05 286
1747977139131 1.5625e-05 287
1747977471421 1.5625e-05 288
