1751218890145 1.4077699542045594 0
1751221332353 1.2978291451930999 1
1751223886369 1.2307641610503197 2
1751226434193 1.2221648417413236 3
1751229021283 1.2268684037029742 4
1751231612500 1.2278700478374958 5
1751234205238 1.2371847838163377 6
1751236801300 1.242196050286293 7
1751239496020 1.274034072458744 8
1751242156349 1.2721145063638688 9
1751244769223 1.2825388811528682 10
1751247436600 1.2939555302262307 11
1751250200498 1.3152478829026222 12
1751252943114 1.3306675039231777 13
1751255611863 1.330806977301836 14
1751258404724 1.3558183163404465 15
1751261113703 1.3606663033366204 16
1751263942276 1.3818350188434123 17
1751266707107 1.4056192249059678 18
1751269545573 1.4170523151755332 19
1751272343219 1.4239822149276733 20
1751275160601 1.4419403046369552 21
1751277959356 1.4634677395224571 22
1751280805939 1.4685039877891541 23
1751283673132 1.4642765790224075 24
1751286536184 1.49332205504179 25
1751289382161 1.4964717298746109 26
1751292228134 1.5025167480111121 27
1751295077957 1.515100011229515 28
1751297948372 1.5251125037670135 29
1751300791915 1.5332480311393737 30
1751303641678 1.5286236107349396 31
1751306495156 1.5326750725507736 32
1751309348765 1.5298726215958596 33
1751312221551 1.5344389766454696 34
1751315039116 1.5480840787291528 35
1751317898967 1.5496567755937576 36
1751320758352 1.5535754024982453 37
1751323596404 1.5549247607588768 38
1751326467299 1.5521788030862809 39
1751329363373 1.559191881120205 40
1751332214746 1.5627915471792222 41
1751335078741 1.5582240208983422 42
1751337902469 1.5652037888765336 43
1751340757006 1.5659588664770125 44
1751343628561 1.5615244805812836 45
1751346491375 1.562886968255043 46
1751349358959 1.5557986453175545 47
1751352209021 1.5660724610090255 48
1751355062510 1.5686512470245362 49
1751357967228 1.5713329806923866 50
1751360843846 1.5599792286753655 51
1751363716156 1.562637634575367 52
1751366592505 1.5669469267129899 53
1751369470360 1.5608376666903496 54
1751372365709 1.5756317794322967 55
1751375231379 1.5643053010106087 56
1751378117815 1.5678041473031044 57
1751381004078 1.5755015477538108 58
1751383807019 1.5571152970194817 59
1751386759550 1.5622326254844665 60
