1747887655528 2.3023734092712402 0
1747887726977 2.16922128200531 19
1747887798742 2.072515368461609 38
1747888109802 2.125646710395813 40
1747888180929 2.0922378301620483 59
1747888252566 2.075872302055359 78
1747888568553 2.208855986595154 80
1747888641371 2.0689178705215454 99
1747888714200 2.041101336479187 118
1747889034330 2.26858389377594 120
1747889107593 2.0591155290603638 139
1747889180189 2.028822422027588 158
1747889503756 2.3166393041610718 160
1747889577890 2.039903402328491 179
1747889651456 2.019209384918213 198
1747889977396 2.1614357233047485 200
1747890052897 2.018252372741699 219
1747890128021 1.9940728545188904 238
1747890459616 2.2111908197402954 240
1747890535045 2.010802447795868 259
1747890610014 1.9842941761016846 278
1747890940595 2.147741913795471 280
1747891016915 2.001087009906769 299
1747891093268 1.9762203693389893 318
1747891429507 2.1293781995773315 320
1747891506653 1.9922038912773132 339
1747891583401 1.969120979309082 358
1747891920920 2.0969741344451904 360
1747891998669 1.982728898525238 379
1747892075287 1.9577256441116333 398
1747892414366 2.0615564584732056 400
1747892491896 1.975311517715454 419
1747892568477 1.960158109664917 438
1747892906834 2.048980236053467 440
1747892983633 1.9650226831436157 459
1747893059999 1.950408399105072 478
1747893398510 1.9330208897590637 480
1747893476003 1.9639250040054321 499
1747893553052 1.9433979988098145 518
1747893901903 1.9521191716194153 520
1747893979700 1.9289393424987793 539
1747894056707 1.925875723361969 558
1747894396423 1.933551549911499 560
1747894474863 1.9192175269126892 579
1747894552129 1.920491099357605 598
1747894894541 1.9213057160377502 600
1747894985919 1.9141376614570618 619
1747895078145 1.917218804359436 638
1747895530047 1.914319097995758 640
1747895637063 1.9086534976959229 659
1747895743093 1.9117518067359924 678
1747896210878 1.907020390033722 680
1747896317812 1.9029303789138794 699
1747896422451 1.9067319631576538 718
1747896890248 1.9009185433387756 720
1747896997454 1.8980850577354431 739
1747897104235 1.9016500115394592 758
1747897574051 1.8953489065170288 760
1747897682037 1.8938696384429932 779
1747897788517 1.897024929523468 798
1747898255000 1.8902344107627869 800
1747898361250 1.889629065990448 819
1747898467114 1.8923215866088867 838
1747898933055 1.8849242329597473 840
1747899039684 1.8863999247550964 859
1747899145142 1.8876166939735413 878
1747899613062 1.8801361918449402 880
1747899719940 1.8832505345344543 899
1747899825702 1.8830622434616089 918
1747900296154 1.8755666017532349 920
1747900402849 1.8806164264678955 939
1747900508302 1.8780120611190796 958
1747900976751 1.8705140948295593 960
1747901083668 1.8806101083755493 979
1747901189994 1.8727800846099854 998
1747901660903 1.8665326833724976 1000
1747901768242 1.8792956471443176 1019
1747901874871 1.8704119324684143 1038
1747902345001 1.863034963607788 1040
1747902452269 1.8789616823196411 1059
1747902558520 1.8686265349388123 1078
1747903028081 1.86040860414505 1080
1747903135262 1.8783716559410095 1099
1747903240763 1.8617029786109924 1118
1747903710243 1.8554835319519043 1120
1747903817995 1.8745667934417725 1139
1747903924744 1.8587602972984314 1158
1747904394582 1.851103961467743 1160
1747904516891 1.871658742427826 1179
1747904625577 1.855701506137848 1198
1747905093668 1.846198856830597 1200
1747905201054 1.8683127164840698 1219
1747905306692 1.8523133397102356 1238
1747905774107 1.8411827087402344 1240
1747905881496 1.8654444813728333 1259
1747905988296 1.8484182953834534 1278
1747906458852 1.8364040851593018 1280
1747906566516 1.8626142144203186 1299
1747906673475 1.8446694016456604 1318
1747907142688 1.8314982652664185 1320
1747907250087 1.859434187412262 1339
1747907356883 1.8409205675125122 1358
1747907830871 1.8270598649978638 1360
1747907938904 1.8562760949134827 1379
1747908046190 1.8373634815216064 1398
1747908518586 1.8250054717063904 1400
1747908626729 1.8542470335960388 1419
1747908733337 1.844513714313507 1438
1747909203112 1.8249456882476807 1440
1747909310929 1.8541536927223206 1459
1747909416562 1.837251603603363 1478
1747909882504 1.8222296237945557 1480
1747909989336 1.849707305431366 1499
1747910095100 1.833857238292694 1518
1747910561451 1.8202553391456604 1520
1747910668043 1.848059892654419 1539
1747910773699 1.8325397372245789 1558
1747911237711 1.8154593706130981 1560
1747911343214 1.8449438214302063 1579
1747911448558 1.8292667865753174 1598
1747911915881 1.8133777976036072 1600
1747912022460 1.84454745054245 1619
1747912127451 1.827893614768982 1638
1747912591020 1.8118135929107666 1640
1747912697665 1.842670202255249 1659
1747912803913 1.8328807353973389 1678
1747913268588 1.810214877128601 1680
1747913373642 1.8377463817596436 1699
1747913479472 1.8238598704338074 1718
1747913943816 1.8074056506156921 1720
1747914049889 1.8364474773406982 1739
1747914155931 1.821557879447937 1758
1747914622153 1.8045170903205872 1760
1747914728591 1.8341386318206787 1779
1747914835238 1.818795084953308 1798
1747915302957 1.7994533777236938 1800
1747915408161 1.8308376669883728 1819
1747915513983 1.8153669238090515 1838
1747915982258 1.797182559967041 1840
1747916102409 1.828449308872223 1859
1747916208720 1.8123523592948914 1878
1747916679268 1.7945004105567932 1880
1747916785928 1.8266232013702393 1899
1747916892075 1.8098646998405457 1918
1747917361894 1.789608120918274 1920
1747917468224 1.823671042919159 1939
1747917574394 1.806222379207611 1958
1747918043086 1.7857651710510254 1960
1747918149680 1.8206183910369873 1979
1747918256486 1.8027937412261963 1998
1747918726322 1.7818702459335327 2000
1747918833163 1.8176241517066956 2019
1747918940406 1.799186885356903 2038
1747919410601 1.7780101299285889 2040
1747919516987 1.8145446181297302 2059
1747919624699 1.7957656979560852 2078
1747920094710 1.774297297000885 2080
1747920201530 1.8115243911743164 2099
1747920308931 1.792387843132019 2118
1747920792864 1.770834743976593 2120
1747920900293 1.8089447021484375 2139
1747921007455 1.788931429386139 2158
1747921477584 1.7674791812896729 2160
1747921585186 1.8061188459396362 2179
1747921691839 1.785584270954132 2198
1747922160620 1.7644281387329102 2200
1747922267986 1.803238332271576 2219
1747922375782 1.782117486000061 2238
1747922868714 1.7617287635803223 2240
1747922975343 1.7999801635742188 2259
1747923081779 1.7783184051513672 2278
1747923550024 1.7598348259925842 2280
1747923657153 1.7956005930900574 2299
1747923763326 1.773952066898346 2318
1747924232625 1.7592634558677673 2320
1747924339991 1.788996160030365 2339
1747924447298 1.7703272104263306 2358
1747924917349 1.7603150606155396 2360
1747925023847 1.78243750333786 2379
1747925131063 1.7677669525146484 2398
1747925615563 1.7610481977462769 2400
1747925722625 1.777609407901764 2419
1747925829933 1.7645215392112732 2438
1747926313541 1.7602477669715881 2440
1747926430653 1.7735695242881775 2459
1747926537856 1.7609425783157349 2478
1747927000646 1.7603923082351685 2480
1747927105262 1.7700634598731995 2499
1747927209041 1.7568547129631042 2518
1747927667487 1.7624487280845642 2520
1747927771610 1.7669947743415833 2539
1747927876234 1.7529622316360474 2558
1747928333571 1.7659403681755066 2560
1747928437870 1.7636115550994873 2579
1747928542369 1.749849557876587 2598
1747928998489 1.7687571048736572 2600
1747929103227 1.7608993649482727 2619
1747929207109 1.7467901706695557 2638
1747929664478 1.7699501514434814 2640
1747929768571 1.7576864361763 2659
1747929873169 1.74366295337677 2678
1747930329000 1.7693524360656738 2680
1747930432523 1.7550682425498962 2699
1747930537382 1.7406182289123535 2718
1747930994975 1.766641914844513 2720
1747931099451 1.7528975009918213 2739
1747931203153 1.7379019260406494 2758
1747931658147 1.7651853561401367 2760
1747931762164 1.7503183484077454 2779
1747931866072 1.7351728081703186 2798
1747932322315 1.7618567943572998 2800
1747932426533 1.7482574582099915 2819
1747932533731 1.7324020266532898 2838
1747933002342 1.7585269808769226 2840
1747933108739 1.7462384700775146 2859
1747933215651 1.7296461462974548 2878
1747933674331 1.7567238807678223 2880
1747933769446 1.7438793778419495 2899
1747933866002 1.7269779443740845 2918
1747934290238 1.7541166543960571 2920
1747934388114 1.7417803406715393 2939
1747934485254 1.7245025038719177 2958
1747934913736 1.752251148223877 2960
1747935011032 1.7392660975456238 2979
1747935109398 1.722079873085022 2998
1747935538860 1.748633861541748 3000
1747935636306 1.7370532155036926 3019
1747935734899 1.7195878624916077 3038
1747936172831 1.7472227811813354 3040
1747936270891 1.7345412969589233 3059
1747936371741 1.717170536518097 3078
1747936806116 1.746354341506958 3080
1747936904628 1.7323032021522522 3099
1747937004386 1.7150415182113647 3118
1747937437029 1.745177984237671 3120
1747937535978 1.7299588322639465 3139
1747937635634 1.7124273180961609 3158
1747938068245 1.7419488430023193 3160
1747938184904 1.728134036064148 3179
1747938283786 1.710416555404663 3198
1747938715217 1.742114245891571 3200
1747938812996 1.7258732318878174 3219
1747938911003 1.7081404328346252 3238
1747939337255 1.73879474401474 3240
1747939434740 1.7243016362190247 3259
1747939532939 1.7059125304222107 3278
1747939963620 1.737663447856903 3280
1747940061197 1.7223560214042664 3299
1747940159816 1.7039090394973755 3318
1747940590863 1.7350713014602661 3320
1747940687036 1.720668077468872 3339
1747940784066 1.7016565203666687 3358
1747941210231 1.7345160245895386 3360
1747941309289 1.7187407612800598 3379
1747941409204 1.6996220350265503 3398
1747941838787 1.7317198514938354 3400
1747941936664 1.7168164253234863 3419
1747942034888 1.6973322033882141 3438
1747942464516 1.728922426700592 3440
1747942561117 1.7065021395683289 3459
1747942657287 1.6968972086906433 3478
1747943081378 1.7247483730316162 3480
1747943176450 1.7049496173858643 3499
1747943272616 1.6949188113212585 3518
1747943700187 1.7218264937400818 3520
1747943797764 1.7039737105369568 3539
1747943895837 1.6932408213615417 3558
1747944326883 1.7258995175361633 3560
1747944423261 1.7021564245224 3579
1747944520211 1.6912733316421509 3598
1747944950407 1.7198202013969421 3600
1747945048377 1.7010871171951294 3619
1747945147619 1.6895728707313538 3638
1747945594657 1.7150652408599854 3640
1747945693442 1.6999202370643616 3659
1747945791632 1.687907338142395 3678
1747946224822 1.7169392704963684 3680
1747946323204 1.69756019115448 3699
1747946423707 1.685486912727356 3718
1747946855602 1.7222141027450562 3720
1747946952519 1.6952422857284546 3739
1747947049546 1.682709276676178 3758
1747947480449 1.7196257710456848 3760
1747947576394 1.6940772533416748 3779
1747947674739 1.6808845400810242 3798
1747948105198 1.717129111289978 3800
1747948203698 1.6929304003715515 3819
1747948302938 1.6792102456092834 3838
1747948736230 1.7233845591545105 3840
1747948835221 1.698277235031128 3859
1747948933750 1.6773471236228943 3878
1747949374023 1.7267007231712341 3880
1747949473790 1.6886292695999146 3899
1747949574021 1.6754900813102722 3918
1747950009944 1.727510392665863 3920
1747950107664 1.6863519549369812 3939
1747950205151 1.6732266545295715 3958
1747950630366 1.722203552722931 3960
1747950726805 1.6932176351547241 3979
1747950824983 1.6722304821014404 3998
1747951256932 1.717772662639618 4000
1747951355391 1.6912710070610046 4019
1747951454391 1.6698488593101501 4038
1747951886356 1.7330283522605896 4040
1747951985862 1.6792258620262146 4059
1747952084899 1.6671677827835083 4078
1747952514799 1.7270549535751343 4080
1747952609932 1.6791041493415833 4099
1747952707849 1.6656716465950012 4118
1747953138601 1.6978789567947388 4120
1747953236619 1.6797295808792114 4139
1747953335609 1.6640284061431885 4158
1747953773674 1.6653146743774414 4160
1747953871694 1.6760799288749695 4179
1747953969373 1.6604251861572266 4198
1747954394334 1.6527191996574402 4200
1747954491430 1.6742891073226929 4219
1747954588674 1.6623752117156982 4238
1747955021260 1.655953586101532 4240
1747955118575 1.6774698495864868 4259
1747955214543 1.6599746346473694 4278
1747955649229 1.6546475291252136 4280
1747955749693 1.6699236035346985 4299
1747955850157 1.6593779921531677 4318
1747956288646 1.6486389636993408 4320
1747956389218 1.6685498356819153 4339
1747956488901 1.6562939286231995 4358
1747956931303 1.6600752472877502 4360
1747957030053 1.6706544756889343 4379
1747957128823 1.6533373594284058 4398
1747957566199 1.6483287811279297 4400
1747957664627 1.6704962253570557 4419
1747957763688 1.6518124341964722 4438
1747958196370 1.6811007857322693 4440
1747958294047 1.6649508476257324 4459
1747958391809 1.646807312965393 4478
1747958824364 1.6995816230773926 4480
1747958924100 1.6665246486663818 4499
1747959020734 1.6494635939598083 4518
1747959447712 1.7084304690361023 4520
1747959544608 1.6566566228866577 4539
1747959640815 1.6467113494873047 4558
1747960066883 1.7004323601722717 4560
1747960164001 1.661314606666565 4579
1747960260949 1.6459725499153137 4598
1747960691388 1.6331408023834229 4600
1747960788901 1.6382310390472412 4619
1747960885639 1.6458473205566406 4638
1747961316018 1.652785062789917 4640
1747961412277 1.6472211480140686 4659
1747961508501 1.6397247314453125 4678
1747961931588 1.645802915096283 4680
1747962029792 1.644913911819458 4699
1747962128245 1.6378251910209656 4718
1747962557234 1.6437661051750183 4720
1747962655203 1.6429473757743835 4739
1747962753255 1.6355905532836914 4758
1747963183351 1.6416815519332886 4760
1747963281776 1.6409592628479004 4779
1747963382176 1.633363425731659 4798
1747963817367 1.639682412147522 4800
1747963915897 1.6390066146850586 4819
1747964014540 1.6314409971237183 4838
1747964442507 1.6379029154777527 4840
1747964538215 1.6372265815734863 4859
1747964636105 1.6298320889472961 4878
1747965061401 1.6362521052360535 4880
1747965159161 1.635477364063263 4899
1747965257987 1.6282110810279846 4918
1747965686767 1.6346978545188904 4920
1747965784221 1.633993148803711 4939
1747965880525 1.6267827153205872 4958
1747966315549 1.6334993243217468 4960
1747966413672 1.632505714893341 4979
1747966511616 1.6254497170448303 4998
1747966943478 1.6324755549430847 5000
1747967041148 1.6310975551605225 5019
1747967139307 1.624154806137085 5038
1747967576880 1.6313210129737854 5040
1747967673468 1.629670798778534 5059
1747967769574 1.6229600310325623 5078
1747968200092 1.630299150943756 5080
1747968295728 1.628184974193573 5099
1747968392998 1.6216667294502258 5118
1747968815645 1.6290069818496704 5120
1747968911683 1.6267415881156921 5139
1747969009592 1.6204336881637573 5158
1747969437236 1.6277467608451843 5160
1747969534785 1.6252638101577759 5179
1747969631681 1.619193434715271 5198
1747970058622 1.626686453819275 5200
1747970155536 1.6237747073173523 5219
1747970253245 1.6180581450462341 5238
1747970687959 1.625716209411621 5240
1747970786876 1.6224099397659302 5259
1747970884623 1.616837978363037 5278
1747971310005 1.6245225071907043 5280
1747971408168 1.6210671067237854 5299
1747971507349 1.6156072616577148 5318
1747971953857 1.6234779357910156 5320
1747972055792 1.6196627616882324 5339
1747972158341 1.614418625831604 5358
1747972609092 1.6225773692131042 5360
1747972709688 1.6182823181152344 5379
1747972810784 1.6131235361099243 5398
1747973257346 1.6218918561935425 5400
1747973358703 1.616915762424469 5419
1747973458714 1.6118738055229187 5438
