1749093697278 0.001 0
1749093910035 0.001 1
1749094125662 0.001 2
1749094341573 0.001 3
1749094558034 0.001 4
1749094776409 0.001 5
1749094997544 0.001 6
1749095216303 0.001 7
1749095437133 0.001 8
1749095659387 0.001 9
1749095878989 0.001 10
1749096097246 0.001 11
1749096364787 0.001 12
1749096667099 0.001 13
1749096970261 0.001 14
1749097272453 0.001 15
1749097573520 0.001 16
1749097876358 0.001 17
1749098179670 0.001 18
1749098484458 0.001 19
1749098789069 0.001 20
1749099094510 0.001 21
1749099398578 0.001 22
1749099704450 0.001 23
1749100010461 0.001 24
1749100315362 0.001 25
1749100622113 0.001 26
1749100929566 0.001 27
1749101236344 0.001 28
1749101541635 0.001 29
1749101849500 0.001 30
1749102154981 0.001 31
1749102460121 0.001 32
1749102765412 0.001 33
1749103070266 0.001 34
1749103376880 0.001 35
1749103682585 0.001 36
1749103989492 0.001 37
1749104295878 0.001 38
1749104602142 0.001 39
1749104909071 0.001 40
1749105216187 0.001 41
1749105523114 0.001 42
1749105830491 0.001 43
1749106138697 0.001 44
1749106445545 0.001 45
1749106753136 0.001 46
1749107060136 0.001 47
1749107368057 0.001 48
1749107670439 0.001 49
1749107974967 0.001 50
1749108277778 0.001 51
1749108580908 0.001 52
1749108881751 0.001 53
1749109184441 0.001 54
1749109488816 0.001 55
1749109793342 0.001 56
1749110095544 0.001 57
1749110399862 0.001 58
1749110703294 0.001 59
1749111007351 0.001 60
1749111311851 0.001 61
1749111615563 0.001 62
1749111920092 0.001 63
1749112221740 0.001 64
1749112526462 0.001 65
1749112830802 0.001 66
1749113134338 0.001 67
1749113436910 0.001 68
1749113738644 0.001 69
1749114043340 0.001 70
1749114346468 0.001 71
1749114649796 0.001 72
1749114951888 0.001 73
1749115255566 0.001 74
1749115557681 0.001 75
1749115860741 0.001 76
1749116161620 0.001 77
1749116465286 0.001 78
1749116766721 0.001 79
1749117069949 0.001 80
1749117371149 0.001 81
1749117675185 0.001 82
1749117978787 0.001 83
1749118280436 0.001 84
1749118584691 0.001 85
1749118888788 0.001 86
1749119190407 0.001 87
1749119495126 0.001 88
1749119797993 0.001 89
1749120101426 0.001 90
1749120407664 0.001 91
1749120712533 0.001 92
1749121019055 0.001 93
1749121325417 0.001 94
1749121632197 0.001 95
1749121939319 0.001 96
1749122244020 0.001 97
1749122549849 0.001 98
1749122855533 0.001 99
1749123160720 0.001 100
1749123467192 0.001 101
1749123771323 0.001 102
1749124076088 0.001 103
1749124381468 0.001 104
1749124686350 0.001 105
1749124992788 0.001 106
1749125296348 0.001 107
1749125602087 0.001 108
1749125907914 0.001 109
1749126214231 0.001 110
1749126520850 0.001 111
1749126827926 0.001 112
1749127133825 0.001 113
1749127440270 0.001 114
1749127747859 0.0005 115
1749128053027 0.0005 116
1749128360275 0.0005 117
1749128666754 0.0005 118
1749128974237 0.0005 119
1749129281502 0.0005 120
1749129591573 0.0005 121
1749129897295 0.0005 122
1749130199361 0.0005 123
1749130501327 0.0005 124
1749130803609 0.0005 125
1749131106268 0.0005 126
1749131408142 0.0005 127
1749131712668 0.0005 128
1749132017820 0.0005 129
1749132319903 0.0005 130
1749132622022 0.0005 131
1749132928471 0.0005 132
1749133230625 0.0005 133
1749133533081 0.0005 134
1749133838542 0.0005 135
1749134141245 0.0005 136
1749134442968 0.0005 137
1749134747169 0.0005 138
1749135050182 0.0005 139
1749135355666 0.0005 140
1749135659916 0.0005 141
1749135964289 0.0005 142
1749136271905 0.0005 143
1749136582702 0.0005 144
1749136887569 0.0005 145
1749137191471 0.0005 146
1749137495716 0.0005 147
1749137799446 0.0005 148
1749138104681 0.0005 149
1749138409464 0.0005 150
1749138714668 0.0005 151
1749139019176 0.0005 152
1749139321953 0.0005 153
1749139626341 0.0005 154
1749139930188 0.0005 155
1749140231949 0.0005 156
1749140534973 0.0005 157
1749140838340 0.0005 158
1749141145005 0.0005 159
1749141448658 0.0005 160
1749141751429 0.0005 161
1749142053792 0.0005 162
1749142361678 0.0005 163
1749142665392 0.0005 164
1749142967909 0.0005 165
1749143271255 0.0005 166
1749143574542 0.0005 167
1749143876852 0.0005 168
1749144180799 0.0005 169
1749144483975 0.0005 170
1749144793577 0.0005 171
1749145096748 0.0005 172
1749145401693 0.0005 173
1749145705152 0.0005 174
1749146007895 0.0005 175
1749146310734 0.0005 176
1749146613781 0.0005 177
1749146917920 0.0005 178
1749147221119 0.0005 179
1749147524730 0.0005 180
1749147828319 0.0005 181
1749148132718 0.0005 182
1749148437058 0.0005 183
1749148740407 0.0005 184
1749149042885 0.0005 185
1749149345418 0.0005 186
1749149648494 0.0005 187
1749149954774 0.0005 188
1749150262729 0.0005 189
1749150566332 0.0005 190
1749150873434 0.0005 191
1749151178320 0.0005 192
1749151481236 0.0005 193
1749151785918 0.0005 194
1749152086754 0.00025 195
1749152388546 0.00025 196
1749152693981 0.00025 197
1749152998280 0.00025 198
1749153303823 0.00025 199
1749153609223 0.00025 200
1749153913583 0.00025 201
1749154215792 0.00025 202
1749154515795 0.00025 203
1749154817304 0.00025 204
1749155116848 0.00025 205
1749155417956 0.00025 206
1749155719094 0.00025 207
1749156020347 0.00025 208
1749156321638 0.00025 209
1749156626027 0.00025 210
1749156929378 0.00025 211
1749157232458 0.00025 212
1749157535523 0.00025 213
1749157838845 0.00025 214
1749158141843 0.00025 215
1749158445085 0.00025 216
1749158747307 0.00025 217
1749159050128 0.00025 218
1749159353160 0.00025 219
1749159656689 0.00025 220
1749159959478 0.00025 221
1749160262328 0.00025 222
1749160566697 0.00025 223
1749160870137 0.00025 224
1749161173209 0.00025 225
1749161475849 0.00025 226
1749161782665 0.00025 227
1749162086195 0.00025 228
1749162389029 0.00025 229
1749162693487 0.00025 230
1749162997755 0.00025 231
1749163303242 0.00025 232
1749163607326 0.00025 233
1749163912146 0.00025 234
1749164217513 0.00025 235
1749164521533 0.00025 236
1749164825386 0.00025 237
1749165130701 0.00025 238
1749165435576 0.00025 239
1749165740814 0.00025 240
1749166046136 0.00025 241
1749166351445 0.00025 242
1749166656466 0.00025 243
1749166961820 0.00025 244
1749167267540 0.00025 245
1749167572314 0.00025 246
1749167876949 0.00025 247
1749168182908 0.00025 248
1749168487496 0.00025 249
1749168792009 0.00025 250
1749169097036 0.00025 251
1749169401104 0.00025 252
1749169704542 0.00025 253
1749170010618 0.00025 254
1749170315599 0.00025 255
1749170619903 0.00025 256
1749170922565 0.00025 257
1749171222444 0.00025 258
1749171523464 0.00025 259
1749171827051 0.00025 260
1749172129341 0.00025 261
1749172430928 0.00025 262
1749172734578 0.00025 263
1749173042198 0.00025 264
1749173346724 0.00025 265
1749173649272 0.00025 266
1749173953351 0.00025 267
1749174257485 0.00025 268
1749174561859 0.00025 269
1749174864238 0.00025 270
1749175169603 0.00025 271
1749175477803 0.00025 272
1749175780214 0.00025 273
1749176084314 0.00025 274
1749176387095 0.00025 275
1749176689615 0.00025 276
1749176992012 0.00025 277
1749177294197 0.00025 278
1749177595838 0.00025 279
1749177898317 0.00025 280
1749178198960 0.00025 281
1749178504566 0.00025 282
1749178809452 0.00025 283
1749179113031 0.00025 284
1749179418444 0.00025 285
1749179722749 0.00025 286
