1747299499495 2.299379348754883 0
1747299615364 2.2993792295455933 19
1747299730988 2.2993791103363037 38
1747300463023 2.290784478187561 40
1747300570955 2.290784478187561 59
1747300678423 2.290784478187561 78
1747301386468 2.2806079387664795 80
1747301493872 2.2806081771850586 99
1747301601599 2.2806079387664795 118
1747302307987 2.267561197280884 120
1747302415197 2.2675613164901733 139
1747302522185 2.2675615549087524 158
1747303223563 2.250633478164673 160
1747303329944 2.250633955001831 179
1747303436691 2.2506335973739624 198
1747304140623 2.2302935123443604 200
1747304249435 2.23029363155365 219
