1751036652272 -0.6012043952941895 0
1751038933124 -0.35795360803604126 1
1751041287841 -0.40665310621261597 2
1751043640817 -0.4887330234050751 3
1751045978520 -0.23564216494560242 4
1751048235256 -0.29913783073425293 5
1751050507810 -0.369953989982605 6
1751052852998 -0.4860997796058655 7
1751055204967 -0.3962250351905823 8
1751057564243 -0.2301948517560959 9
1751059816317 -0.147741436958313 10
1751062089137 -0.29077452421188354 11
1751064432364 -0.38141998648643494 12
1751066786373 -0.28271448612213135 13
1751069149678 -0.3291643261909485 14
1751071402059 -0.503481924533844 15
1751073675105 -0.2552989721298218 16
1751076009512 -0.2404097616672516 17
1751078362427 -0.2968534827232361 18
1751080721680 -0.25562727451324463 19
1751082982838 -0.07809528708457947 20
1751085252131 -0.12299223989248276 21
1751087577340 -0.140904501080513 22
1751089932248 -0.07773549109697342 23
1751092291580 -0.04493635520339012 24
1751094602264 -0.04636984318494797 25
1751096864944 -0.03996022790670395 26
1751099149734 -0.06335274875164032 27
1751101507945 -0.15968646109104156 28
1751103862587 -0.09188508242368698 29
1751106198243 -0.09497492760419846 30
1751108455064 -0.02513982355594635 31
1751110727234 -0.03796841949224472 32
1751113076487 -0.03021765872836113 33
1751115432186 -0.017089245840907097 34
1751117791365 -0.003462273860350251 35
1751120043601 -0.02779248170554638 36
1751122315536 -0.03450281545519829 37
1751124652507 0.009549432434141636 38
1751127005898 -0.011332034133374691 39
1751129363107 -0.015826713293790817 40
1751131629214 -0.042126137763261795 41
1751133902010 -0.0005748840048909187 42
1751136227113 -0.012095469981431961 43
1751138581251 0.001895663794130087 44
1751140938654 0.0028276925440877676 45
1751143211845 -0.0031998013146221638 46
1751145486818 0.0038193908985704184 47
1751147803661 0.010919615626335144 48
1751150159740 0.007226484827697277 49
1751152516246 0.006092236377298832 50
1751154811196 0.005740385036915541 51
1751157081655 0.013529352843761444 52
1751159379078 0.01296035572886467 53
1751161735067 0.013795819133520126 54
1751164089325 0.012397217564284801 55
1751166416125 0.015389785170555115 56
1751168673212 0.01584433577954769 57
1751170949526 0.013812750577926636 58
1751173302653 0.011312444694340229 59
1751175657947 0.013455265201628208 60
1751178019363 0.01222874503582716 61
1751180293734 0.012863214127719402 62
1751182562194 0.013274075463414192 63
1751184872827 0.011574347503483295 64
1751187230684 0.010784436017274857 65
1751189588930 0.011211837641894817 66
1751191903125 0.010818987153470516 67
1751194165978 0.011611650697886944 68
1751196448171 0.008830282837152481 69
1751198805059 0.008562730625271797 70
1751201161616 0.0082370825111866 71
1751203498245 0.008490493521094322 72
1751205755289 0.008052518591284752 73
