1751036836357 -0.8536033630371094 0
1751039120073 -0.5006043910980225 1
1751041474599 -0.6439917087554932 2
1751043836301 -0.5157285928726196 3
1751046162589 -0.32664281129837036 4
1751048418997 -0.41134482622146606 5
1751050694729 -0.4686616063117981 6
1751053039779 -0.6253392696380615 7
1751055398801 -0.49919232726097107 8
1751057748114 -0.2785567343235016 9
1751059999968 -0.1713849902153015 10
1751062276263 -0.4103891849517822 11
1751064619090 -0.47147518396377563 12
1751066980024 -0.3412652015686035 13
1751069333667 -0.5076249241828918 14
1751071586005 -0.7099676728248596 15
1751073861760 -0.42955848574638367 16
1751076196644 -0.3436906933784485 17
1751078553853 -0.4209708273410797 18
1751080918298 -0.2885585129261017 19
1751083166589 -0.12329085916280746 20
1751085438658 -0.20661190152168274 21
1751087764431 -0.17941847443580627 22
1751090124813 -0.11319667100906372 23
1751092487516 -0.05693472921848297 24
1751094785947 -0.05458877980709076 25
1751097048598 -0.06681695580482483 26
1751099336670 -0.09216002374887466 27
1751101694812 -0.2017814964056015 28
1751104057615 -0.12981025874614716 29
1751106382308 -0.10495473444461823 30
1751108639042 -0.029839415103197098 31
1751110914018 -0.05485066398978233 32
1751113263396 -0.04218047484755516 33
1751115626466 -0.011419863440096378 34
1751117975490 -0.0070829130709171295 35
1751120227499 -0.03838316723704338 36
1751122502083 -0.026234298944473267 37
1751124839205 0.006576502695679665 38
1751127198064 -0.009509198367595673 39
1751129558981 -0.021859226748347282 40
1751131813085 -0.02933388017117977 41
1751134088771 -0.00695398822426796 42
1751136414397 -0.015604911372065544 43
1751138771814 0.0008866548305377364 44
1751141134539 0.0026525745633989573 45
1751143396213 -0.008521177805960178 46
1751145671450 0.005833441391587257 47
1751147990357 0.006442164070904255 48
1751150347476 0.010893985629081726 49
1751152712480 -0.0034009767696261406 50
1751154995488 0.006134874653071165 51
1751157265709 0.010991695336997509 52
1751159566302 0.008785702288150787 53
1751161921852 0.0072437673807144165 54
1751164285392 0.009778600186109543 55
1751166600241 0.009673338383436203 56
1751168857145 0.010836640372872353 57
1751171136486 0.009421290829777718 58
1751173489909 0.007904714904725552 59
1751175852794 0.011980058625340462 60
1751178215502 0.01104764174669981 61
1751180477674 0.009926007129251957 62
1751182747543 0.008230332285165787 63
1751185060252 0.009927423670887947 64
1751187420362 0.00902842078357935 65
1751189785159 0.00779703538864851 66
1751192087085 0.00891534611582756 67
1751194349993 0.009979118593037128 68
1751196635565 0.007748377975076437 69
1751198992215 0.006125541869550943 70
1751201357283 0.00757322832942009 71
1751203682387 0.0062375119887292385 72
1751205939540 0.005748974159359932 73
