1747300839765 2.3091346567327324 0
1747300842484 2.306562076915394 1
1747300845160 2.3039060722697866 2
1747300847810 2.3016856366937812 3
1747300850641 2.299939914183183 4
1747300853274 2.298230279575695 5
1747300855897 2.2965185208754106 6
1747300858509 2.2946435754949395 7
1747300861325 2.2926025173880835 8
1747300863964 2.2904798551039263 9
1747300866592 2.2881429195404053 10
1747300869206 2.2855262106115166 11
1747300871827 2.2826344966888428 12
1747300874661 2.279477444562045 13
1747300877284 2.2760450406508013 14
1747300879913 2.2722082788294014 15
1747300882548 2.2678006779063833 16
1747300885384 2.2620562206615102 17
1747300888011 2.255870905789462 18
1747300890847 2.249727552587336 19
1747300893470 2.243192282589999 20
1747300896307 2.236344402486628 21
1747300898949 2.2292912006378174 22
1747300901591 2.2221017534082588 23
1747300904258 2.2148554541847925 24
1747300907147 2.207498377019709 25
1747300909846 2.200027725913308 26
1747300912525 2.1923354105515913 27
1747300915194 2.1847406300631436 28
1747300917837 2.177122787995772 29
1747300920681 2.1698086045005103 30
1747300923338 2.1625842397863213 31
1747300926025 2.1558185924183237 32
1747300928655 2.1492231542413887 33
1747300931518 2.1433888998898594 34
1747300934188 2.1374391208995474 35
1747300936867 2.1320307038047095 36
1747300939528 2.127450314435092 37
1747300942661 2.1228361346504907 38
1747300945369 2.119139086116444 39
1747301067629 2.306827588514848 40
1747301070368 2.3041428435932505 41
1747301073079 2.3018684170462866 42
1747301075810 2.3001228896054355 43
1747301078536 2.2985084490342573 44
1747301081240 2.2968259074471216 45
1747301083974 2.2950691309842197 46
1747301086737 2.2930807417089287 47
1747301089485 2.290972211144187 48
1747301092228 2.2886313525113193 49
1747301094995 2.2859916253523394 50
1747301097458 2.2831293886358086 51
1747301100171 2.2800009684129194 52
1747301102878 2.2765374183654785 53
1747301105650 2.2727034091949463 54
1747301108503 2.268363497473977 55
1747301111247 2.2626353177157315 56
1747301113965 2.2565554055300625 57
1747301116846 2.250220363790339 58
1747301119754 2.243511611765081 59
1747301122469 2.236397309736772 60
1747301125230 2.229149905118075 61
1747301128092 2.2217733643271704 62
1747301130813 2.21426703713157 63
1747301133266 2.2067058086395264 64
1747301136025 2.1989253000779585 65
1747301138865 2.1911543282595547 66
1747301141568 2.183555256236683 67
1747301144310 2.176088961687955 68
1747301147044 2.1690174666318027 69
1747301149771 2.162187858061357 70
1747301152483 2.1556809815493496 71
1747301155245 2.149366183714433 72
1747301157960 2.143645915118131 73
1747301160703 2.1382630088112573 74
1747301163445 2.1332731897180732 75
1747301166235 2.1289042126048696 76
1747301168851 2.1247830390930176 77
1747301172083 2.121059027585116 78
1747301174576 2.1179017370397393 79
1747301297246 2.3014000112360176 80
1747301299946 2.298082481731068 81
1747301302748 2.2950502308932217 82
1747301305472 2.2922150655226274 83
1747301308207 2.288976647637107 84
1747301310919 2.2852929505434902 85
1747301313665 2.281678221442483 86
1747301316430 2.2777599638158623 87
1747301319182 2.2734734361821953 88
1747301322020 2.268726348876953 89
1747301324752 2.263489311391657 90
1747301327236 2.257842714136297 91
1747301329961 2.2514070597561924 92
1747301332801 2.244345274838534 93
1747301335548 2.236295158212835 94
1747301338296 2.2264139435508032 95
1747301341015 2.216631065715443 96
1747301343852 2.2066689404574307 97
1747301346577 2.196371620351618 98
1747301349504 2.1860549449920654 99
1747301352227 2.175698323683305 100
1747301354954 2.1656076908111572 101
1747301357701 2.1556618213653564 102
1747301360398 2.1463612859899346 103
1747301363210 2.1376079862768 104
1747301365676 2.129423878409646 105
1747301368411 2.121846220710061 106
1747301371163 2.115038893439553 107
1747301373987 2.108699386770075 108
1747301376729 2.1031931963833896 109
1747301379478 2.0985199321400034 110
1747301382192 2.094367027282715 111
1747301385036 2.0907551808790727 112
1747301387773 2.087661461396651 113
1747301390512 2.0849033919247715 114
1747301393332 2.0826231132854116 115
1747301396087 2.0805774602023037 116
1747301398808 2.0788738944313745 117
1747301401745 2.077211011539806 118
1747301404316 2.0759299885142934 119
1747301524360 2.293765501542525 120
1747301527178 2.289722355929288 121
1747301529890 2.2858756455508145 122
1747301532593 2.2814557552337646 123
1747301535314 2.2764077836816963 124
1747301538121 2.271422191099687 125
1747301540810 2.266315546902743 126
1747301543513 2.2609497633847324 127
1747301546221 2.2551908926530317 128
1747301548919 2.248945041136308 129
1747301551621 2.2421787218614058 130
1747301554311 2.234758051958951 131
1747301556760 2.2267973206259986 132
1747301559461 2.218018271706321 133
1747301562173 2.2086786140095103 134
1747301564876 2.19867264140736 135
1747301567698 2.187840635126287 136
1747301570405 2.175422430038452 137
1747301573109 2.1632276448336514 138
1747301576013 2.151211911981756 139
1747301578853 2.139653119173917 140
1747301581569 2.1285159371115943 141
1747301584274 2.1182891672307793 142
1747301586977 2.10875281420621 143
1747301589801 2.099859281019731 144
1747301592494 2.0918157534165815 145
1747301595193 2.0848472118377686 146
1747301597723 2.0787857445803555 147
1747301600438 2.07339054887945 148
1747301603152 2.068708961660212 149
1747301605850 2.0649035410447554 150
1747301608557 2.0613894245841284 151
1747301611272 2.058465589176525 152
1747301613968 2.0560276725075464 153
1747301616667 2.0539318431507456 154
1747301619492 2.052058393304998 155
1747301622203 2.0506384155967017 156
1747301624910 2.048866705460982 157
1747301627833 2.0474916371432217 158
1747301630644 2.04636532610113 159
1747301750084 2.2857094461267646 160
1747301752800 2.280207568948919 161
1747301755526 2.274531191045588 162
1747301758234 2.268808820030906 163
1747301760957 2.26302263953469 164
1747301763788 2.256984840739857 165
1747301766503 2.2506778890436347 166
1747301769221 2.2441295927221123 167
1747301772045 2.237042253667658 168
1747301774762 2.229493271220814 169
1747301777468 2.221264817497947 170
1747301780178 2.212415998632258 171
1747301782888 2.2028859095139937 172
1747301785345 2.192552328109741 173
1747301788049 2.1817598993128 174
1747301790751 2.1706317121332344 175
1747301793587 2.158712560480291 176
1747301796304 2.145798184654929 177
1747301799012 2.133642630143599 178
1747301801926 2.1219907023689966 179
1747301804753 2.110853151841597 180
1747301807458 2.1004996949976142 181
1747301810161 2.090835679661144 182
1747301812975 2.081979188052091 183
1747301815690 2.074228590184992 184
1747301818391 2.0672594633969394 185
1747301821105 2.061444542624734 186
1747301823669 2.056405630978671 187
1747301826385 2.0522061694752085 188
1747301829091 2.0485334396362305 189
1747301831816 2.0455613786523994 190
1747301834536 2.0432203249497847 191
1747301837247 2.0410785891792993 192
1747301839959 2.03934645652771 193
1747301842678 2.037740317257968 194
1747301845499 2.0363252379677514 195
1747301848208 2.0352397615259346 196
1747301850927 2.034375450827859 197
1747301853943 2.033522432500666 198
1747301856649 2.0328025167638604 199
1747301976308 2.279615727337924 200
1747301979130 2.2740095528689297 201
1747301981579 2.268215938047929 202
1747301984290 2.2625210285186768 203
1747301987113 2.2564777460965244 204
1747301989824 2.2500949556177314 205
1747301992537 2.2434048652648926 206
1747301995250 2.236283215609464 207
1747301997967 2.2286117510362105 208
1747302000677 2.219577420841564 209
1747302003396 2.209392959421331 210
1747302006109 2.199009050022472 211
1747302008923 2.188090779564597 212
1747302011637 2.1766286113045434 213
1747302014348 2.1648680730299517 214
1747302016800 2.153020837090232 215
1747302019618 2.141312772577459 216
1747302022322 2.1299624876542524 217
1747302025044 2.1186523220755835 218
1747302027953 2.1079295331781562 219
1747302030666 2.0979073264382104 220
1747302033393 2.088548183441162 221
1747302036105 2.0800010724501177 222
1747302038919 2.0721961584958164 223
1747302041631 2.065472971309315 224
1747302044345 2.0595867417075415 225
1747302047046 2.0546006722883745 226
1747302049861 2.050335320559415 227
1747302052569 2.046897064555775 228
1747302055032 2.0438522425564853 229
1747302057734 2.0412311337210913 230
1747302060553 2.0394758961417456 231
1747302063267 2.0376942374489526 232
1747302065979 2.036103378642689 233
1747302068790 2.035192272879861 234
1747302071504 2.033829190514304 235
1747302074219 2.03264104236256 236
1747302076916 2.0317358753897925 237
1747302079958 2.0310313918373804 238
1747302082675 2.0303515087474477 239
1747302203969 2.270838065580888 240
1747302206737 2.264498472213745 241
1747302209504 2.258419795469804 242
1747302212367 2.252224922180176 243
1747302215125 2.2456489476290615 244
1747302217621 2.2386357567527075 245
1747302220362 2.2311620062047783 246
1747302223201 2.223069516095248 247
1747302225962 2.2135787226937036 248
1747302228731 2.203315843235363 249
1747302231506 2.1926038481972436 250
1747302234398 2.1815321662209253 251
1747302237177 2.1697792573408647 252
1747302239907 2.158003481951627 253
1747302242636 2.146208893169056 254
1747302245504 2.134547472000122 255
1747302248249 2.1232969110662285 256
1747302250714 2.1122947172685103 257
1747302253541 2.1020016236738726 258
1747302256508 2.0917587930505928 259
1747302259243 2.082677559419112 260
1747302261976 2.0740410414609043 261
1747302264836 2.066498041152954 262
1747302267619 2.0596681291406806 263
1747302270385 2.0543551011519 264
1747302273149 2.0498893044211646 265
1747302276022 2.0450023304332388 266
1747302278798 2.041534185409546 267
1747302281565 2.0385465838692407 268
1747302284426 2.036175099286166 269
1747302287209 2.0341963551261206 270
1747302289982 2.0327320098876953 271
1747302292472 2.030870697715066 272
1747302295332 2.0297615311362525 273
1747302298077 2.0288558439774946 274
1747302300818 2.02750208161094 275
1747302303543 2.0269887447357178 276
1747302306410 2.0261237512935293 277
1747302309382 2.025442426854914 278
1747302312147 2.024612318385731 279
1747302433795 2.2607180422002617 280
1747302436570 2.253664797002619 281
1747302439340 2.246639771894975 282
1747302442126 2.239456826990301 283
1747302444886 2.231855804269964 284
1747302447761 2.2238785353573887 285
1747302450292 2.2152551304210317 286
1747302453072 2.2056724591688677 287
1747302455831 2.194767865267667 288
1747302458727 2.1831727027893066 289
1747302461483 2.171318834478205 290
1747302464240 2.1591545235026968 291
1747302467016 2.1469152623956855 292
1747302469914 2.134801149368286 293
1747302472675 2.122959787195379 294
1747302475448 2.111545107581399 295
1747302478198 2.1004850647666236 296
1747302480909 2.0900755362077192 297
1747302483629 2.0804959643970835 298
1747302486601 2.0716081099076704 299
1747302489208 2.0634466084566983 300
1747302491946 2.0561014738949863 301
1747302494687 2.049808697267012 302
1747302497457 2.0442108674482866 303
1747302500338 2.0396148291501133 304
1747302503100 2.035879221829501 305
1747302505856 2.032691565426913 306
1747302508619 2.0302701646631416 307
1747302511518 2.0279252312400122 308
1747302514277 2.0261596766385166 309
1747302517028 2.0245839032259854 310
1747302519899 2.0234027559107 311
1747302522405 2.02254336530512 312
1747302525175 2.0213429927825928 313
1747302527948 2.0206220149993896 314
1747302530711 2.0202378793196245 315
1747302533472 2.0194145766171543 316
1747302536250 2.018718285994096 317
1747302539229 2.0184489380229604 318
1747302542078 2.017580422488126 319
1747302663805 2.2498470436442983 320
1747302666547 2.241614818572998 321
1747302669319 2.2333711927587334 322
1747302672096 2.2246801636435767 323
1747302674926 2.215256084095348 324
1747302677466 2.2053549072959204 325
1747302680259 2.195008863102306 326
1747302683038 2.1839051896875556 327
1747302685892 2.172433289614591 328
1747302688678 2.160592621023005 329
1747302691438 2.1484897353432397 330
1747302694278 2.1362217989834873 331
1747302697031 2.124029354615645 332
1747302699816 2.1121017932891846 333
1747302702559 2.1006011312658135 334
1747302705423 2.089382301677357 335
1747302708192 2.0787798057902944 336
1747302710988 2.069033449346369 337
1747302713498 2.0600098696621982 338
1747302716842 2.0518959869037974 339
1747302719333 2.0450885512612085 340
1747302722072 2.039087252183394 341
1747302724922 2.0342077775435015 342
1747302727697 2.0299105644226074 343
1747302730469 2.0267721956426445 344
1747302733232 2.0238558595830742 345
1747302736129 2.021625432101163 346
1747302738894 2.019641095941717 347
1747302741660 2.0181058103388008 348
1747302744435 2.0170597813346167 349
1747302747311 2.0157535726373847 350
1747302750093 2.0148396492004395 351
1747302752869 2.014010949568315 352
1747302755492 2.0132912289012563 353
1747302758264 2.0127649415623057 354
1747302761020 2.0123816186731514 355
1747302763784 2.011579145084728 356
1747302766563 2.011070424860174 357
1747302769550 2.010911974039945 358
1747302772347 2.0101414051922886 359
1747302893832 2.2378365126523105 360
1747302896580 2.2284331104972144 361
1747302899440 2.218800501389937 362
1747302901913 2.208952405235984 363
1747302904629 2.198710073124279 364
1747302907333 2.188036311756481 365
1747302910160 2.176889354532415 366
1747302912858 2.165278759869662 367
1747302915598 2.1533373919400303 368
1747302918363 2.141202839938077 369
1747302921174 2.1290183717554267 370
1747302923867 2.1170514930378306 371
1747302926611 2.1049981984225186 372
1747302929459 2.093553434718739 373
1747302932209 2.0825537985021416 374
1747302934926 2.0724286382848565 375
1747302937650 2.063124569979581 376
1747302940219 2.054283792322332 377
1747302942933 2.046356049450961 378
1747302945875 2.0394371422854336 379
1747302948613 2.0331263542175293 380
1747302951359 2.028014464811845 381
1747302954090 2.023448272184892 382
1747302956876 2.0198854966597124 383
1747302959702 2.017119819467718 384
1747302962416 2.0144503766840156 385
1747302965141 2.0126333995298906 386
1747302967886 2.010842724279924 387
1747302970700 2.0093209635127676 388
1747302973410 2.0085808363827793 389
1747302976151 2.007340756329623 390
1747302978643 2.00654335455461 391
1747302981525 2.0058937722986396 392
1747302984281 2.004874890500849 393
1747302987045 2.0042620463804766 394
1747302989804 2.0038012157786977 395
1747302992682 2.0034121491692285 396
1747302995428 2.0028325752778486 397
1747302998345 2.0025818022814663 398
1747303001162 2.002118706703186 399
1747303121752 2.2227364886890757 400
1747303124563 2.2117917754433374 401
1747303127313 2.2010308612476694 402
1747303130029 2.1900394179604272 403
1747303132724 2.178883444179188 404
1747303135552 2.1673924272710625 405
1747303138040 2.1556745659221304 406
1747303140796 2.143718632784757 407
1747303143560 2.131649602543224 408
1747303146417 2.119441444223577 409
1747303149177 2.1072155345569956 410
1747303151933 2.0953097993677314 411
1747303154813 2.08345289663835 412
1747303157583 2.0723913582888516 413
1747303160363 2.06203293800354 414
1747303163112 2.0527092760259453 415
1747303165874 2.0440747304396196 416
1747303168648 2.0366353555159136 417
1747303171403 2.0297059145840732 418
1747303174365 2.0238665017214688 419
1747303176966 2.0191895961761475 420
1747303179744 2.0151399915868584 421
1747303182497 2.0118015029213647 422
1747303185361 2.0096335519443858 423
1747303188129 2.0069743503223765 424
1747303190883 2.0046310533176768 425
1747303193604 2.0032854947176846 426
1747303196459 2.0020304159684614 427
1747303199158 2.0006772062995215 428
1747303201850 1.999741088260304 429
1747303204556 1.9989040006290784 430
1747303207390 1.9982027465646917 431
1747303210092 1.9975799972360784 432
1747303212527 1.997189630161632 433
1747303215234 1.9961439912969416 434
1747303218087 1.9957421692934902 435
1747303220812 1.9954114285382358 436
1747303223517 1.995178146795793 437
1747303226581 1.9943557435815984 438
1747303229339 1.994209116155451 439
1747303350268 2.2047664902426978 440
1747303352996 2.192175496708263 441
1747303355741 2.1800350059162485 442
1747303358505 2.168018861250444 443
1747303361352 2.1559610583565454 444
1747303364078 2.14380897175182 445
1747303366829 2.131488886746493 446
1747303369452 2.119240305640481 447
1747303372231 2.1070848378268154 448
1747303374977 2.0952320749109443 449
1747303377713 2.083771922371604 450
1747303380578 2.0722034627741035 451
1747303383323 2.061521530151367 452
1747303386061 2.0515171614560215 453
1747303388831 2.042347886345603 454
1747303391702 2.0340842550451104 455
1747303394465 2.0268110795454546 456
1747303397237 2.0202692205255683 457
1747303400092 2.0144802873784844 458
1747303403074 2.009546626697887 459
1747303405827 2.0054511590437456 460
1747303408325 2.0019088875163686 461
1747303411179 1.9991450634869663 462
1747303413887 1.9968987920067527 463
1747303416641 1.9949009310115466 464
1747303419388 1.9933774037794634 465
1747303422245 1.9923211336135864 466
1747303425004 1.991065968166698 467
1747303427767 1.9903235218741677 468
1747303430530 1.9895409670743076 469
1747303433381 1.988853324543346 470
1747303436135 1.9883251948790117 471
1747303438838 1.9877427382902666 472
1747303441650 1.9872933409430764 473
1747303444341 1.9867497682571411 474
1747303446818 1.9863479679281062 475
1747303449556 1.9859125397422097 476
1747303452401 1.9858291907743975 477
1747303455348 1.9852897145531394 478
1747303458102 1.985044533556158 479
1747303579766 2.186016798019409 480
1747303582519 2.17188117720864 481
1747303585392 2.1581531221216377 482
1747303588167 2.1448454640128394 483
1747303590881 2.1318842714483086 484
1747303593347 2.1191937273198906 485
1747303596186 2.1071119091727515 486
1747303598932 2.094840873371471 487
1747303601690 2.0831653638319536 488
1747303604443 2.0719916170293633 489
1747303607310 2.0613791942596436 490
1747303610069 2.051683187484741 491
1747303612830 2.042110941626809 492
1747303615685 2.033602541143244 493
1747303618429 2.025849840857766 494
1747303621179 2.018955122340809 495
1747303623922 2.0128881714560767 496
1747303626650 2.007592862302607 497
1747303629147 2.002831740812822 498
1747303632382 1.999078793959184 499
1747303634878 1.9962694861672141 500
1747303637762 1.9935323108326306 501
1747303640507 1.9915796518325806 502
1747303643241 1.9895352992144497 503
1747303645989 1.9876606572758069 504
1747303648749 1.986453045498241 505
1747303651497 1.9852961735291914 506
1747303654217 1.9845793138850818 507
1747303657048 1.9835802966898137 508
1747303659800 1.9828090884468772 509
1747303662544 1.9822592410174282 510
1747303665282 1.9818715940822254 511
1747303667890 1.9812377799641003 512
1747303670631 1.980830799449574 513
1747303673356 1.9803213639692827 514
1747303676110 1.9799846519123425 515
1747303678968 1.9800455353476785 516
1747303681695 1.9796955910595981 517
1747303684636 1.978982145136053 518
1747303687379 1.9785850156437268 519
1747303808629 2.1657768813046543 520
1747303811493 2.1509876901453193 521
1747303814226 2.1371746930209072 522
1747303816975 2.1239067641171543 523
1747303819825 2.1111843585968018 524
1747303822581 2.098887183449485 525
1747303825313 2.087004856629805 526
1747303828068 2.0755888548764316 527
1747303830662 2.064687555486506 528
1747303833388 2.054480856115168 529
1747303836108 2.044745510274714 530
1747303838868 2.0358150655573066 531
1747303841763 2.0275842276486484 532
1747303844537 2.0202509706670586 533
1747303847293 2.0140389745885674 534
1747303850053 2.0080656571821733 535
1747303852902 2.003343614664945 536
1747303855628 1.9990696907043457 537
1747303858376 1.9955564737319946 538
1747303861365 1.9925435998223044 539
1747303863862 1.9901652227748523 540
1747303866630 1.9880763292312622 541
1747303869411 1.9861694032495671 542
1747303872274 1.9846759167584507 543
1747303875007 1.9834310141476719 544
1747303877752 1.9824190573258833 545
1747303880483 1.9814233454790982 546
1747303883307 1.9807593714107166 547
1747303886025 1.979974161494862 548
1747303888778 1.979181636463512 549
1747303891616 1.9785051345825195 550
1747303894367 1.9780860272320835 551
1747303897107 1.9778326099569148 552
1747303899863 1.97742130539634 553
1747303902453 1.9770341136238792 554
1747303905456 1.9770127859982578 555
1747303908216 1.9764409065246582 556
1747303910965 1.9759717637842351 557
1747303914038 1.975656975399364 558
1747303916789 1.975294915112582 559
1747304037858 2.1446267908269707 560
1747304040606 2.129496704448353 561
1747304043336 2.115376125682484 562
1747304046171 2.102099158547141 563
1747304048925 2.089463233947754 564
1747304051426 2.0775198719718238 565
1747304054139 2.0662624835968018 566
1747304056881 2.055361444299871 567
1747304059649 2.045362212441184 568
1747304062384 2.0358388423919678 569
1747304065106 2.0274164893410425 570
1747304067979 2.0194506645202637 571
1747304070718 2.012331095608798 572
1747304073467 2.0061189478093926 573
1747304076282 2.000716068527915 574
1747304079014 1.996177456595681 575
1747304081734 1.9924241521141746 576
1747304084462 1.9888071580366655 577
1747304087047 1.9858416644009678 578
1747304090010 1.9835231304168701 579
1747304092758 1.9813774173909968 580
1747304095487 1.97995126247406 581
1747304098279 1.978623097593134 582
1747304101072 1.9774819937619297 583
1747304103841 1.976596171205694 584
1747304106681 1.9758092273365369 585
1747304109457 1.9753651835701682 586
1747304112212 1.9748790264129639 587
1747304114962 1.974263678897511 588
1747304117843 1.9740121147849343 589
1747304120565 1.973189202221957 590
1747304123301 1.972869331186468 591
1747304125749 1.9725812781940808 592
1747304128557 1.9721081473610618 593
1747304131256 1.9717402891679243 594
1747304133956 1.9714534932916814 595
1747304136670 1.9712941971692173 596
1747304139528 1.9708722071214155 597
1747304142494 1.9706558097492566 598
1747304145236 1.9702464883977717 599
1747304266099 2.121441667730158 600
1747304268852 2.1051286350597036 601
1747304271718 2.0905009399760854 602
1747304274207 2.0767270868474785 603
1747304276948 2.06444373997775 604
1747304279716 2.0528059872713955 605
1747304282572 2.0421825538982046 606
1747304285290 2.032344427975741 607
1747304288019 2.023409756747159 608
1747304290863 2.0151204737749966 609
