1747300950650 3e-05 0
1747300953540 3e-05 1
1747300956235 3e-05 2
1747300958920 3e-05 3
1747300961605 3e-05 4
1747300964512 3e-05 5
1747300967229 3e-05 6
1747300969907 3e-05 7
1747300972600 3e-05 8
1747300975308 3e-05 9
1747300978210 3e-05 10
1747300980883 3e-05 11
1747300983562 3e-05 12
1747300986272 3e-05 13
1747300989182 3e-05 14
1747300991881 3e-05 15
1747300994600 3e-05 16
1747300997299 3e-05 17
1747301000185 3e-05 18
1747301003062 3e-05 19
1747301005781 3e-05 20
1747301008499 3e-05 21
1747301011421 3e-05 22
1747301014106 3e-05 23
1747301016779 3e-05 24
1747301019450 3e-05 25
1747301022114 3e-05 26
1747301025014 3e-05 27
1747301027670 3e-05 28
1747301030323 3e-05 29
1747301032966 3e-05 30
1747301035828 3e-05 31
1747301038503 3e-05 32
1747301041175 3e-05 33
1747301043880 3e-05 34
1747301046572 3e-05 35
1747301049457 3e-05 36
1747301052135 3e-05 37
1747301055038 3e-05 38
1747301057949 3e-05 39
1747301180140 3e-05 40
1747301182925 3e-05 41
1747301185723 3e-05 42
1747301188615 3e-05 43
1747301191396 3e-05 44
1747301194164 3e-05 45
1747301196974 3e-05 46
1747301199780 3e-05 47
1747301202583 3e-05 48
1747301205372 3e-05 49
1747301208155 3e-05 50
1747301210800 3e-05 51
1747301213548 3e-05 52
1747301216344 3e-05 53
1747301219214 3e-05 54
1747301221975 3e-05 55
1747301224763 3e-05 56
1747301227558 3e-05 57
1747301230464 3e-05 58
1747301233474 3e-05 59
1747301236235 3e-05 60
1747301238997 3e-05 61
1747301241867 3e-05 62
1747301244645 3e-05 63
1747301247454 3e-05 64
1747301250118 3e-05 65
1747301252896 3e-05 66
1747301255676 3e-05 67
1747301258474 3e-05 68
1747301261349 3e-05 69
1747301264159 3e-05 70
1747301266939 3e-05 71
1747301269725 3e-05 72
1747301272624 3e-05 73
1747301275434 3e-05 74
1747301278126 3e-05 75
1747301280940 3e-05 76
1747301283646 3e-05 77
1747301286561 3e-05 78
1747301288996 3e-05 79
1747301409671 3e-05 80
1747301412369 3e-05 81
1747301415200 3e-05 82
1747301417939 3e-05 83
1747301420672 3e-05 84
1747301423401 3e-05 85
1747301426260 3e-05 86
1747301429008 3e-05 87
1747301431733 3e-05 88
1747301434580 3e-05 89
1747301437338 3e-05 90
1747301440097 3e-05 91
1747301442556 3e-05 92
1747301445431 3e-05 93
1747301448153 3e-05 94
1747301450876 3e-05 95
1747301453595 3e-05 96
1747301456448 3e-05 97
1747301459183 3e-05 98
1747301462125 3e-05 99
1747301464860 3e-05 100
1747301467551 3e-05 101
1747301470232 3e-05 102
1747301472900 3e-05 103
1747301475698 3e-05 104
1747301478391 3e-05 105
1747301481074 3e-05 106
1747301483502 3e-05 107
1747301486300 3e-05 108
1747301488987 3e-05 109
1747301491677 3e-05 110
1747301494368 3e-05 111
1747301497061 3e-05 112
1747301499746 3e-05 113
1747301502444 3e-05 114
1747301505153 3e-05 115
1747301507964 3e-05 116
1747301510667 3e-05 117
1747301513553 3e-05 118
1747301516343 3e-05 119
1747301635986 3e-05 120
1747301638413 3e-05 121
1747301641215 3e-05 122
1747301643912 3e-05 123
1747301646620 3e-05 124
1747301649421 3e-05 125
1747301652129 3e-05 126
1747301654844 3e-05 127
1747301657531 3e-05 128
1747301660343 3e-05 129
1747301663046 3e-05 130
1747301665743 3e-05 131
1747301668441 3e-05 132
1747301670897 3e-05 133
1747301673585 3e-05 134
1747301676292 3e-05 135
1747301678996 3e-05 136
1747301681825 3e-05 137
1747301684531 3e-05 138
1747301687418 3e-05 139
1747301690232 3e-05 140
1747301692927 3e-05 141
1747301695626 3e-05 142
1747301698317 3e-05 143
1747301701132 3e-05 144
1747301703808 3e-05 145
1747301706510 3e-05 146
1747301708954 3e-05 147
1747301711768 3e-05 148
1747301714455 3e-05 149
1747301717148 3e-05 150
1747301719840 3e-05 151
1747301722665 3e-05 152
1747301725381 3e-05 153
1747301728086 3e-05 154
1747301730890 3e-05 155
1747301733613 3e-05 156
1747301736316 3e-05 157
1747301739232 3e-05 158
1747301742047 3e-05 159
1747301861737 3e-05 160
1747301864537 3e-05 161
1747301867241 3e-05 162
1747301869942 3e-05 163
1747301872641 3e-05 164
1747301875448 3e-05 165
1747301878148 3e-05 166
1747301880846 3e-05 167
1747301883545 3e-05 168
1747301886238 3e-05 169
1747301888948 3e-05 170
1747301891650 3e-05 171
1747301894349 3e-05 172
1747301896903 3e-05 173
1747301899605 3e-05 174
1747301902306 3e-05 175
1747301905115 3e-05 176
1747301907835 3e-05 177
1747301910534 3e-05 178
1747301913445 3e-05 179
1747301916156 3e-05 180
1747301918848 3e-05 181
1747301921555 3e-05 182
1747301924249 3e-05 183
1747301927061 3e-05 184
1747301929747 3e-05 185
1747301932450 3e-05 186
1747301934892 3e-05 187
1747301937715 3e-05 188
1747301940411 3e-05 189
1747301943120 3e-05 190
1747301945914 3e-05 191
1747301948625 3e-05 192
1747301951328 3e-05 193
1747301954034 3e-05 194
1747301956846 3e-05 195
1747301959544 3e-05 196
1747301962246 3e-05 197
1747301965159 3e-05 198
1747301967989 3e-05 199
1747302088050 3e-05 200
1747302090611 3e-05 201
1747302093318 3e-05 202
1747302096035 3e-05 203
1747302098791 3e-05 204
1747302101621 3e-05 205
1747302104373 3e-05 206
1747302107128 3e-05 207
1747302109980 3e-05 208
1747302112720 3e-05 209
1747302115473 3e-05 210
1747302118212 3e-05 211
1747302121060 3e-05 212
1747302123771 3e-05 213
1747302126497 3e-05 214
1747302128934 3e-05 215
1747302131751 3e-05 216
1747302134472 3e-05 217
1747302137227 3e-05 218
1747302140157 3e-05 219
1747302142998 3e-05 220
1747302145732 3e-05 221
1747302148489 3e-05 222
1747302151350 3e-05 223
1747302154097 3e-05 224
1747302156808 3e-05 225
1747302159516 3e-05 226
1747302162332 3e-05 227
1747302165050 3e-05 228
1747302167546 3e-05 229
1747302170304 3e-05 230
1747302173158 3e-05 231
1747302175916 3e-05 232
1747302178656 3e-05 233
1747302181514 3e-05 234
1747302184255 3e-05 235
1747302186999 3e-05 236
1747302189721 3e-05 237
1747302192766 3e-05 238
1747302195493 3e-05 239
1747302317607 3e-05 240
1747302320330 3e-05 241
1747302323055 3e-05 242
1747302325915 3e-05 243
1747302328689 3e-05 244
1747302331186 3e-05 245
1747302333939 3e-05 246
1747302336804 3e-05 247
1747302339569 3e-05 248
1747302342299 3e-05 249
1747302345044 3e-05 250
1747302347924 3e-05 251
1747302350669 3e-05 252
1747302353422 3e-05 253
1747302356290 3e-05 254
1747302359053 3e-05 255
1747302361801 3e-05 256
1747302364272 3e-05 257
1747302367153 3e-05 258
1747302370066 3e-05 259
1747302372763 3e-05 260
1747302375501 3e-05 261
1747302378375 3e-05 262
1747302381131 3e-05 263
1747302383844 3e-05 264
1747302386721 3e-05 265
1747302389473 3e-05 266
1747302392234 3e-05 267
1747302394996 3e-05 268
1747302397853 3e-05 269
1747302400578 3e-05 270
1747302403039 3e-05 271
1747302405776 3e-05 272
1747302408635 3e-05 273
1747302411366 3e-05 274
1747302414115 3e-05 275
1747302416983 3e-05 276
1747302419738 3e-05 277
1747302422642 3e-05 278
1747302425392 3e-05 279
1747302547503 3e-05 280
1747302550370 3e-05 281
1747302553108 3e-05 282
1747302555859 3e-05 283
1747302558589 3e-05 284
1747302561434 3e-05 285
1747302563885 3e-05 286
1747302566640 3e-05 287
1747302569376 3e-05 288
1747302572261 3e-05 289
1747302574990 3e-05 290
1747302577730 3e-05 291
1747302580472 3e-05 292
1747302583323 3e-05 293
1747302586090 3e-05 294
1747302588848 3e-05 295
1747302591738 3e-05 296
1747302594486 3e-05 297
1747302597239 3e-05 298
1747302600193 3e-05 299
1747302602790 3e-05 300
1747302605530 3e-05 301
1747302608262 3e-05 302
1747302611004 3e-05 303
1747302613834 3e-05 304
1747302616574 3e-05 305
1747302619318 3e-05 306
1747302622137 3e-05 307
1747302624863 3e-05 308
1747302627637 3e-05 309
1747302630405 3e-05 310
1747302633250 3e-05 311
1747302635723 3e-05 312
1747302638472 3e-05 313
1747302641207 3e-05 314
1747302644065 3e-05 315
1747302646816 3e-05 316
1747302649581 3e-05 317
1747302652638 3e-05 318
1747302655384 3e-05 319
1747302777809 3e-05 320
1747302780575 3e-05 321
1747302783301 3e-05 322
1747302785900 3e-05 323
1747302788669 3e-05 324
1747302791438 3e-05 325
1747302794199 3e-05 326
1747302797078 3e-05 327
1747302799844 3e-05 328
1747302802591 3e-05 329
1747302805329 3e-05 330
1747302808091 3e-05 331
1747302810824 3e-05 332
1747302813575 3e-05 333
1747302816416 3e-05 334
1747302819196 3e-05 335
1747302821708 3e-05 336
1747302824479 3e-05 337
1747302827231 3e-05 338
1747302830204 3e-05 339
1747302832949 3e-05 340
1747302835707 3e-05 341
1747302838593 3e-05 342
1747302841345 3e-05 343
1747302844083 3e-05 344
1747302846831 3e-05 345
1747302849699 3e-05 346
1747302852424 3e-05 347
1747302855137 3e-05 348
1747302857884 3e-05 349
1747302860601 3e-05 350
1747302863062 3e-05 351
1747302865792 3e-05 352
1747302868678 3e-05 353
1747302871442 3e-05 354
1747302874196 3e-05 355
1747302876934 3e-05 356
1747302879795 3e-05 357
1747302882739 3e-05 358
1747302885489 3e-05 359
1747303006552 3e-05 360
1747303009236 3e-05 361
1747303011951 3e-05 362
1747303014654 3e-05 363
1747303017398 3e-05 364
1747303019833 3e-05 365
1747303022646 3e-05 366
1747303025370 3e-05 367
1747303028084 3e-05 368
1747303030780 3e-05 369
1747303033585 3e-05 370
1747303036311 3e-05 371
1747303039023 3e-05 372
1747303041841 3e-05 373
1747303044544 3e-05 374
1747303047275 3e-05 375
1747303049971 3e-05 376
1747303052668 3e-05 377
1747303055102 3e-05 378
1747303058051 3e-05 379
1747303060772 3e-05 380
1747303063608 3e-05 381
1747303066342 3e-05 382
1747303069088 3e-05 383
1747303071827 3e-05 384
1747303074668 3e-05 385
1747303077415 3e-05 386
1747303080166 3e-05 387
1747303083050 3e-05 388
1747303085775 3e-05 389
1747303088524 3e-05 390
1747303091006 3e-05 391
1747303093870 3e-05 392
1747303096620 3e-05 393
1747303099380 3e-05 394
1747303102137 3e-05 395
1747303104906 3e-05 396
1747303107672 3e-05 397
1747303110600 3e-05 398
1747303113408 3e-05 399
1747303234728 3e-05 400
1747303237481 3e-05 401
1747303240215 3e-05 402
1747303242910 3e-05 403
1747303245614 3e-05 404
1747303248424 3e-05 405
1747303251126 3e-05 406
1747303253554 3e-05 407
1747303256277 3e-05 408
1747303258990 3e-05 409
1747303261686 3e-05 410
1747303264377 3e-05 411
1747303267231 3e-05 412
1747303269936 3e-05 413
1747303272638 3e-05 414
1747303275326 3e-05 415
1747303278184 3e-05 416
1747303280917 3e-05 417
1747303283640 3e-05 418
1747303286580 3e-05 419
1747303289448 3e-05 420
1747303291929 3e-05 421
1747303294661 3e-05 422
1747303297400 3e-05 423
1747303300291 3e-05 424
1747303303045 3e-05 425
1747303305807 3e-05 426
1747303308665 3e-05 427
1747303311401 3e-05 428
1747303314130 3e-05 429
1747303316864 3e-05 430
1747303319734 3e-05 431
1747303322477 3e-05 432
1747303325192 3e-05 433
1747303327956 3e-05 434
1747303330537 3e-05 435
1747303333264 3e-05 436
1747303335979 3e-05 437
1747303339042 3e-05 438
1747303341786 3e-05 439
1747303463644 3e-05 440
1747303466389 3e-05 441
1747303469152 3e-05 442
1747303472027 3e-05 443
1747303474756 3e-05 444
1747303477243 3e-05 445
1747303480010 3e-05 446
1747303482872 3e-05 447
1747303485614 3e-05 448
1747303488357 3e-05 449
1747303491091 3e-05 450
1747303493924 3e-05 451
1747303496665 3e-05 452
1747303499424 3e-05 453
1747303502180 3e-05 454
1747303505032 3e-05 455
1747303507769 3e-05 456
1747303510526 3e-05 457
1747303513112 3e-05 458
1747303516330 3e-05 459
1747303518806 3e-05 460
1747303521543 3e-05 461
1747303524400 3e-05 462
1747303527154 3e-05 463
1747303529917 3e-05 464
1747303532679 3e-05 465
1747303535527 3e-05 466
1747303538278 3e-05 467
1747303541007 3e-05 468
1747303543854 3e-05 469
1747303546582 3e-05 470
1747303549325 3e-05 471
1747303551821 3e-05 472
1747303554681 3e-05 473
1747303557421 3e-05 474
1747303560175 3e-05 475
1747303562913 3e-05 476
1747303565754 3e-05 477
1747303568676 3e-05 478
1747303571388 3e-05 479
1747303692842 3e-05 480
1747303695584 3e-05 481
1747303698454 3e-05 482
1747303701209 3e-05 483
1747303703941 3e-05 484
1747303706674 3e-05 485
1747303709523 3e-05 486
1747303712275 3e-05 487
1747303714725 3e-05 488
1747303717459 3e-05 489
1747303720196 3e-05 490
1747303722915 3e-05 491
1747303725635 3e-05 492
1747303728482 3e-05 493
1747303731187 3e-05 494
1747303733886 3e-05 495
1747303736619 3e-05 496
1747303739481 3e-05 497
1747303742225 3e-05 498
1747303745158 3e-05 499
1747303747646 3e-05 500
1747303750544 3e-05 501
1747303753279 3e-05 502
1747303756010 3e-05 503
1747303758862 3e-05 504
1747303761605 3e-05 505
1747303764344 3e-05 506
1747303767090 3e-05 507
1747303769952 3e-05 508
1747303772690 3e-05 509
1747303775400 3e-05 510
1747303778132 3e-05 511
1747303780986 3e-05 512
1747303783718 3e-05 513
1747303786202 3e-05 514
1747303788961 3e-05 515
1747303791834 3e-05 516
1747303794587 3e-05 517
1747303797537 3e-05 518
1747303800274 3e-05 519
1747303922308 3e-05 520
1747303925032 3e-05 521
1747303927760 3e-05 522
1747303930482 3e-05 523
1747303933302 3e-05 524
1747303936024 3e-05 525
1747303938527 3e-05 526
1747303941279 3e-05 527
1747303944128 3e-05 528
1747303946871 3e-05 529
1747303949605 3e-05 530
1747303952350 3e-05 531
1747303955216 3e-05 532
1747303957951 3e-05 533
1747303960715 3e-05 534
1747303963567 3e-05 535
1747303966310 3e-05 536
1747303969040 3e-05 537
1747303971769 3e-05 538
1747303974539 3e-05 539
1747303977258 3e-05 540
1747303979978 3e-05 541
1747303982697 3e-05 542
1747303985401 3e-05 543
1747303988138 3e-05 544
1747303990898 3e-05 545
1747303993656 3e-05 546
1747303996531 3e-05 547
1747303999283 3e-05 548
1747304002041 3e-05 549
1747304004868 3e-05 550
1747304007326 3e-05 551
1747304010038 3e-05 552
1747304012722 3e-05 553
1747304015526 3e-05 554
1747304018284 3e-05 555
1747304021005 3e-05 556
1747304023732 3e-05 557
1747304026778 3e-05 558
1747304029504 3e-05 559
1747304150663 3e-05 560
1747304153410 3e-05 561
1747304156134 3e-05 562
1747304158989 3e-05 563
1747304161728 3e-05 564
1747304164186 3e-05 565
1747304166894 3e-05 566
1747304169772 3e-05 567
1747304172504 3e-05 568
1747304175251 3e-05 569
1747304177999 3e-05 570
1747304180868 3e-05 571
1747304183590 3e-05 572
1747304186322 3e-05 573
1747304189064 3e-05 574
1747304191789 3e-05 575
1747304194506 3e-05 576
1747304197221 3e-05 577
1747304199692 3e-05 578
1747304202614 3e-05 579
1747304205314 3e-05 580
1747304208058 3e-05 581
1747304210897 3e-05 582
1747304213643 3e-05 583
1747304216367 3e-05 584
1747304219222 3e-05 585
1747304221977 3e-05 586
1747304224711 3e-05 587
1747304227436 3e-05 588
1747304230285 3e-05 589
1747304233003 3e-05 590
1747304235476 3e-05 591
1747304238210 3e-05 592
1747304241054 3e-05 593
1747304243772 3e-05 594
1747304246498 3e-05 595
1747304249247 3e-05 596
1747304252116 3e-05 597
1747304255050 3e-05 598
1747304257764 3e-05 599
