1747887073663 2.3105521635575728 0
1747887076361 2.3039622090079566 1
1747887078996 2.3013148307800293 2
1747887081588 2.29905087297613 3
1747887084435 2.296349872242321 4
1747887087050 2.293821790001609 5
1747887089679 2.2906397472728384 6
1747887092310 2.286921826275912 7
1747887095172 2.282884944568981 8
1747887097791 2.277984792535955 9
1747887100412 2.272065617821433 10
1747887103009 2.2654499357396904 11
1747887105877 2.2584611502560703 12
1747887108501 2.250461535020308 13
1747887111142 2.241826794364236 14
1747887113769 2.232377442446622 15
1747887116412 2.222528652711348 16
1747887119274 2.2123117446899414 17
1747887121910 2.2022093426097524 18
1747887124707 2.19337214123119 19
1747887127318 2.185283054005016 20
1747887130189 2.1743806275454434 21
1747887132816 2.1647850383411753 22
1747887135424 2.159926479512995 23
1747887138058 2.154024449261752 24
1747887140669 2.142314238981767 25
1747887143533 2.1342986930500376 26
1747887146146 2.1323146603324195 27
1747887148799 2.12809833613309 28
1747887151426 2.1187174103476782 29
1747887154315 2.1140310764312744 30
1747887156943 2.115599372170188 31
1747887159575 2.113042029467496 32
1747887162204 2.10614031011408 33
1747887164826 2.107513839548284 34
1747887167711 2.108598730780862 35
1747887170332 2.1026229424910112 36
1747887172948 2.102329817685214 37
1747887176026 2.1041125600988213 38
1747887178661 2.0992282954129307 39
1747887295047 2.2098210291429 40
1747887297422 2.264526432210749 41
1747887300107 2.22320556640625 42
1747887302786 2.1115941351110283 43
1747887305482 2.124122467907992 44
1747887308155 2.175587437369607 45
1747887310841 2.163889082995328 46
1747887313530 2.1238984411413018 47
1747887316214 2.1078450246290727 48
1747887318915 2.1231036619706587 49
1747887321595 2.140641775998202 50
1747887324279 2.140756845474243 51
1747887326954 2.125406503677368 52
1747887329666 2.109298814426769 53
1747887332361 2.1061586033214224 54
1747887335059 2.1151436892422764 55
1747887337426 2.1224112510681152 56
1747887340137 2.118064425208352 57
1747887342824 2.106302846561779 58
1747887345723 2.0992952476848257 59
1747887348441 2.1021130951968106 60
1747887351131 2.1073903387243096 61
1747887353838 2.1060108054767954 62
1747887356522 2.0980618433518843 63
1747887359230 2.092046867717396 64
1747887361921 2.093443372032859 65
1747887364630 2.09705266085538 66
1747887367337 2.0949075655503706 67
1747887370034 2.088767485185103 68
1747887372718 2.086870453574441 69
1747887375094 2.08981670032848 70
1747887377790 2.09003023667769 71
1747887380471 2.085681741887873 72
1747887383166 2.083254033868963 73
1747887385862 2.0853588581085205 74
1747887388575 2.0852909088134766 75
1747887391280 2.0817062204534356 76
1747887393980 2.080743572928689 77
1747887396885 2.0822683464397085 78
1747887399576 2.0810196182944556 79
