1750861802530 0.001 0
1750861827988 0.001 1
1750861853274 0.001 2
1750861878536 0.001 3
1750861904241 0.001 4
1750861929932 0.001 5
1750861955183 0.001 6
1750861980423 0.001 7
1750862005888 0.001 8
1750862031263 0.001 9
1750862056883 0.001 10
1750862082527 0.001 11
1750862107830 0.001 12
1750862133137 0.001 13
1750862158650 0.001 14
1750862183973 0.001 15
1750862209685 0.001 16
1750862235408 0.001 17
1750862260710 0.001 18
1750862286045 0.001 19
1750862311348 0.001 20
1750862336641 0.001 21
1750862362390 0.001 22
1750862388032 0.001 23
1750862413294 0.001 24
1750862438600 0.001 25
1750862464096 0.001 26
1750862489829 0.001 27
1750862515679 0.001 28
1750862541327 0.001 29
1750862566966 0.001 30
1750862592261 0.001 31
1750862617853 0.001 32
1750862643538 0.001 33
1750862669229 0.001 34
1750862694892 0.001 35
1750862720658 0.001 36
1750862746018 0.001 37
1750862771730 0.001 38
1750862797457 0.001 39
1750863985471 0.001 40
1750864011325 0.001 41
1750864037064 0.001 42
1750864062710 0.001 43
1750864088326 0.001 44
1750864114059 0.001 45
1750864139742 0.001 46
1750864165410 0.001 47
1750864191030 0.001 48
1750864216674 0.001 49
1750864242366 0.001 50
1750864268034 0.001 51
1750864293681 0.001 52
1750864319461 0.001 53
1750864345144 0.001 54
1750864370865 0.001 55
1750864396525 0.001 56
1750864422169 0.001 57
1750864447792 0.001 58
1750864473544 0.001 59
1750864499347 0.001 60
1750864525060 0.001 61
1750864550770 0.001 62
1750864576533 0.001 63
1750864602238 0.001 64
1750864628016 0.001 65
1750864653780 0.001 66
1750864679447 0.001 67
1750864705255 0.001 68
1750864731115 0.001 69
1750864756775 0.001 70
1750864782389 0.001 71
1750864809146 0.001 72
1750864834837 0.001 73
1750864860428 0.001 74
1750864886085 0.001 75
1750864911903 0.001 76
1750864937549 0.001 77
1750864964187 0.001 78
1750864989781 0.001 79
1750866220506 0.001 80
1750866247079 0.001 81
1750866273671 0.001 82
1750866300409 0.001 83
1750866327236 0.001 84
1750866353972 0.001 85
1750866380595 0.001 86
1750866407200 0.001 87
1750866433772 0.001 88
1750866460338 0.001 89
1750866486970 0.001 90
1750866513714 0.001 91
1750866540361 0.001 92
1750866566961 0.001 93
1750866593548 0.001 94
1750866620200 0.001 95
1750866646919 0.001 96
1750866673484 0.001 97
1750866700160 0.001 98
1750866726730 0.001 99
1750866753375 0.001 100
1750866780006 0.001 101
1750866806594 0.001 102
1750866833328 0.001 103
1750866859887 0.001 104
1750866886539 0.001 105
1750866913282 0.001 106
1750866939947 0.001 107
1750866966471 0.001 108
1750866993092 0.001 109
1750867019761 0.001 110
1750867046508 0.001 111
1750867073099 0.001 112
1750867099715 0.001 113
1750867126471 0.001 114
1750867153167 0.001 115
1750867179744 0.001 116
1750867206591 0.001 117
1750867233229 0.001 118
1750867259787 0.001 119
1750868648582 0.001 120
1750868675337 0.001 121
1750868702120 0.001 122
1750868728772 0.001 123
1750868755412 0.001 124
1750868782016 0.001 125
1750868808562 0.001 126
1750868835124 0.001 127
1750868861886 0.001 128
1750868888511 0.001 129
1750868915193 0.001 130
1750868941782 0.001 131
1750868968358 0.001 132
1750868994992 0.001 133
1750869021550 0.001 134
1750869048095 0.001 135
1750869074791 0.001 136
1750869101331 0.001 137
1750869127974 0.001 138
1750869154549 0.001 139
1750869181099 0.001 140
1750869207675 0.001 141
1750869234298 0.001 142
1750869260887 0.001 143
1750869287462 0.001 144
1750869314068 0.001 145
1750869340770 0.001 146
1750869367426 0.001 147
1750869394154 0.001 148
1750869420760 0.001 149
1750869447324 0.001 150
1750869473939 0.001 151
1750869500711 0.001 152
1750869527337 0.001 153
1750869553966 0.001 154
1750869580576 0.001 155
1750869607203 0.001 156
1750869633919 0.001 157
1750869660483 0.001 158
1750869687097 0.001 159
1750871089742 0.001 160
1750871116349 0.001 161
1750871142948 0.001 162
1750871169577 0.001 163
1750871196075 0.001 164
1750871222642 0.001 165
1750871249148 0.001 166
1750871275739 0.001 167
1750871302328 0.001 168
1750871328972 0.001 169
1750871355549 0.001 170
1750871382171 0.001 171
1750871408693 0.001 172
1750871435198 0.001 173
1750871461724 0.001 174
1750871488335 0.001 175
1750871514877 0.001 176
1750871541523 0.001 177
1750871568054 0.001 178
1750871594609 0.001 179
1750871621131 0.001 180
1750871648584 0.001 181
1750871674093 0.001 182
1750871699435 0.001 183
1750871724731 0.001 184
1750871750073 0.001 185
1750871775421 0.001 186
1750871800816 0.001 187
1750871826187 0.001 188
1750871851527 0.001 189
1750871876875 0.001 190
1750871902156 0.001 191
1750871927495 0.001 192
1750871952842 0.001 193
1750871978275 0.001 194
1750872003775 0.001 195
1750872029112 0.001 196
1750872054520 0.001 197
1750872079799 0.001 198
1750872105252 0.001 199
1750873437505 0.001 200
1750873462806 0.001 201
1750873488133 0.001 202
1750873513492 0.001 203
1750873539225 0.001 204
1750873564826 0.001 205
1750873590353 0.001 206
1750873615711 0.001 207
1750873641092 0.001 208
1750873666896 0.001 209
1750873692524 0.001 210
1750873718182 0.001 211
1750873743840 0.001 212
1750873769114 0.001 213
1750873794838 0.001 214
1750873820456 0.001 215
1750873846152 0.001 216
1750873871818 0.001 217
1750873897481 0.001 218
1750873922792 0.001 219
1750873948561 0.001 220
1750873974232 0.001 221
1750873999895 0.001 222
1750874025540 0.001 223
1750874051230 0.001 224
1750874076512 0.001 225
1750874102171 0.001 226
1750874127906 0.001 227
1750874153569 0.001 228
1750874179209 0.001 229
1750874204909 0.001 230
1750874230335 0.001 231
1750874256001 0.001 232
1750874281628 0.001 233
1750874307308 0.001 234
1750874332989 0.001 235
1750874358714 0.001 236
1750874384504 0.001 237
1750874410163 0.001 238
1750874435883 0.001 239
1750875781868 0.001 240
1750875807529 0.001 241
1750875833148 0.001 242
1750875858832 0.001 243
1750875884395 0.001 244
1750875910006 0.001 245
1750875935604 0.001 246
1750875961338 0.001 247
1750875987024 0.001 248
1750876012707 0.001 249
1750876038565 0.001 250
1750876064345 0.001 251
1750876089964 0.001 252
1750876115575 0.001 253
1750876141214 0.001 254
1750876166989 0.001 255
1750876192655 0.001 256
1750876218466 0.001 257
1750876244083 0.001 258
1750876270316 0.001 259
1750876296169 0.001 260
1750876321811 0.001 261
1750876347590 0.001 262
1750876373257 0.001 263
1750876398931 0.001 264
1750876425528 0.001 265
1750876452174 0.001 266
1750876477834 0.001 267
1750876503538 0.001 268
1750876529114 0.001 269
1750876554769 0.001 270
1750876581572 0.001 271
1750876608211 0.001 272
1750876634931 0.001 273
1750876660577 0.001 274
1750876686227 0.001 275
1750876711853 0.001 276
1750876738484 0.001 277
1750876765100 0.001 278
1750876791722 0.001 279
1750878183485 0.001 280
1750878210161 0.001 281
1750878236823 0.001 282
1750878263472 0.001 283
1750878290071 0.001 284
1750878316883 0.001 285
1750878343587 0.001 286
1750878370260 0.001 287
1750878396956 0.001 288
1750878423509 0.001 289
1750878450217 0.001 290
1750878476790 0.001 291
1750878503388 0.001 292
1750878530178 0.001 293
1750878556785 0.001 294
1750878583411 0.001 295
1750878609995 0.001 296
1750878636647 0.001 297
1750878663276 0.001 298
1750878689904 0.001 299
1750878716672 0.001 300
1750878743326 0.001 301
1750878769993 0.001 302
1750878796625 0.001 303
1750878823259 0.001 304
1750878849987 0.001 305
1750878876552 0.001 306
1750878903238 0.001 307
1750878929909 0.001 308
1750878956479 0.001 309
1750878983067 0.001 310
1750879009881 0.001 311
1750879036440 0.001 312
1750879062976 0.001 313
1750879089588 0.001 314
1750879116196 0.001 315
1750879142856 0.001 316
1750879169465 0.001 317
1750879196089 0.001 318
1750879222845 0.001 319
1750880614871 0.001 320
1750880641502 0.001 321
1750880668128 0.001 322
1750880694690 0.001 323
1750880721309 0.001 324
1750880747885 0.001 325
1750880774608 0.001 326
1750880801242 0.001 327
1750880827842 0.001 328
1750880854429 0.001 329
1750880881058 0.001 330
1750880907720 0.001 331
1750880934472 0.001 332
1750880961064 0.001 333
1750880987715 0.001 334
1750881014401 0.001 335
1750881041133 0.001 336
1750881067840 0.001 337
1750881094579 0.001 338
1750881121293 0.001 339
1750881148009 0.001 340
1750881174692 0.001 341
1750881201320 0.001 342
1750881227934 0.001 343
1750881254538 0.001 344
1750881281315 0.001 345
1750881307816 0.001 346
1750881334350 0.001 347
1750881361030 0.001 348
1750881387680 0.001 349
1750881414317 0.001 350
1750881441121 0.001 351
1750881467740 0.001 352
1750881494403 0.001 353
1750881521044 0.001 354
1750881547718 0.001 355
1750881574377 0.001 356
1750881601045 0.001 357
1750881627734 0.001 358
1750881654312 0.001 359
1750883053892 0.001 360
1750883079388 0.001 361
1750883104748 0.001 362
1750883130159 0.001 363
1750883155549 0.001 364
1750883180840 0.001 365
1750883206099 0.001 366
1750883231398 0.001 367
1750883256675 0.001 368
1750883281968 0.001 369
1750883307361 0.001 370
1750883332763 0.001 371
1750883358301 0.001 372
1750883383603 0.001 373
1750883408948 0.001 374
1750883434392 0.001 375
1750883459735 0.001 376
1750883485121 0.001 377
1750883510527 0.001 378
1750883535850 0.001 379
1750883561174 0.001 380
1750883586540 0.001 381
1750883612004 0.001 382
1750883637439 0.001 383
1750883662849 0.001 384
1750883688218 0.001 385
1750883713529 0.001 386
1750883738792 0.001 387
1750883764211 0.001 388
1750883789558 0.001 389
1750883814870 0.001 390
1750883840246 0.001 391
1750883865505 0.001 392
1750883890954 0.001 393
1750883916419 0.001 394
1750883941922 0.001 395
1750883967353 0.001 396
1750883992770 0.001 397
1750884018127 0.001 398
1750884043430 0.001 399
1750885393344 0.001 400
1750885418994 0.001 401
1750885444736 0.001 402
1750885470328 0.001 403
1750885495980 0.001 404
1750885521334 0.001 405
1750885547081 0.001 406
1750885572711 0.001 407
1750885598310 0.001 408
1750885623946 0.001 409
1750885649727 0.001 410
1750885675386 0.001 411
1750885701136 0.001 412
1750885726762 0.001 413
1750885752395 0.001 414
1750885778047 0.001 415
1750885803721 0.001 416
1750885829406 0.001 417
1750885855084 0.001 418
1750885880768 0.001 419
1750885906439 0.001 420
1750885932043 0.001 421
1750885957779 0.001 422
1750885983448 0.001 423
1750886009138 0.001 424
1750886034718 0.001 425
1750886060370 0.001 426
1750886086136 0.001 427
1750886111991 0.001 428
1750886137707 0.001 429
1750886163379 0.001 430
1750886189122 0.001 431
1750886214875 0.001 432
1750886240549 0.001 433
1750886266175 0.001 434
1750886291802 0.001 435
1750886317487 0.001 436
1750886343069 0.001 437
1750886368710 0.001 438
1750886394389 0.001 439
1750887758739 0.001 440
1750887784484 0.001 441
1750887810104 0.001 442
1750887835822 0.001 443
1750887862497 0.001 444
1750887889150 0.001 445
1750887915866 0.001 446
1750887942598 0.001 447
1750887968202 0.001 448
1750887994010 0.001 449
1750888020754 0.001 450
1750888047341 0.001 451
1750888073975 0.001 452
1750888100644 0.001 453
1750888126958 0.001 454
1750888152719 0.001 455
1750888179382 0.001 456
1750888206043 0.001 457
1750888232688 0.001 458
1750888259419 0.001 459
1750888286124 0.001 460
1750888311844 0.001 461
1750888338503 0.001 462
1750888365265 0.001 463
1750888391956 0.001 464
1750888418582 0.001 465
1750888445149 0.001 466
1750888471935 0.001 467
1750888498499 0.001 468
1750888525123 0.001 469
1750888551788 0.001 470
1750888578390 0.001 471
1750888605003 0.001 472
1750888631603 0.001 473
1750888658231 0.001 474
1750888684887 0.001 475
1750888711512 0.001 476
1750888738203 0.001 477
1750888764899 0.001 478
1750888791495 0.001 479
1750890197906 0.001 480
1750890224566 0.001 481
1750890251141 0.001 482
1750890277814 0.001 483
1750890304347 0.001 484
1750890331056 0.001 485
1750890357627 0.001 486
1750890384266 0.001 487
1750890410879 0.001 488
1750890437529 0.001 489
1750890464121 0.001 490
1750890490938 0.001 491
1750890517732 0.001 492
1750890544409 0.001 493
1750890571122 0.001 494
1750890597820 0.001 495
1750890624485 0.001 496
1750890651158 0.001 497
1750890677807 0.001 498
1750890704438 0.001 499
1750890731188 0.001 500
1750890757934 0.001 501
1750890784641 0.001 502
1750890811231 0.001 503
1750890837806 0.001 504
1750890864444 0.001 505
1750890890995 0.001 506
1750890917581 0.001 507
1750890944183 0.001 508
1750890970929 0.001 509
1750890997586 0.001 510
1750891024168 0.001 511
1750891050771 0.001 512
1750891077477 0.001 513
1750891104115 0.001 514
1750891130667 0.001 515
1750891157309 0.001 516
1750891183908 0.001 517
1750891210562 0.001 518
1750891237120 0.001 519
1750892635520 0.001 520
1750892662072 0.001 521
1750892688603 0.001 522
1750892715309 0.001 523
1750892741858 0.001 524
1750892768554 0.001 525
1750892795116 0.001 526
1750892821675 0.001 527
1750892848354 0.001 528
1750892875006 0.001 529
1750892901612 0.001 530
1750892928173 0.001 531
1750892954776 0.001 532
1750892981417 0.001 533
1750893008102 0.001 534
1750893034689 0.001 535
1750893061236 0.001 536
1750893087809 0.001 537
1750893114428 0.001 538
1750893141033 0.001 539
1750893167727 0.001 540
1750893194500 0.001 541
1750893221041 0.001 542
1750893247671 0.001 543
1750893274263 0.001 544
1750893301014 0.001 545
1750893327648 0.001 546
1750893354199 0.001 547
1750893380707 0.001 548
1750893407416 0.001 549
1750893433974 0.001 550
1750893460569 0.001 551
1750893487161 0.001 552
1750893513691 0.001 553
1750893540255 0.001 554
1750893566765 0.001 555
1750893593386 0.001 556
1750893620006 0.001 557
1750893646787 0.001 558
1750893673399 0.001 559
1750895039864 0.001 560
1750895065323 0.001 561
1750895090674 0.001 562
1750895116060 0.001 563
1750895141387 0.001 564
1750895166758 0.001 565
1750895192127 0.001 566
1750895217455 0.001 567
1750895242784 0.001 568
1750895268332 0.001 569
1750895293659 0.001 570
1750895318928 0.001 571
1750895344231 0.001 572
1750895369651 0.001 573
1750895395036 0.001 574
1750895420542 0.001 575
1750895446046 0.001 576
1750895471397 0.001 577
1750895496755 0.001 578
1750895522088 0.001 579
1750895547400 0.001 580
1750895572712 0.001 581
1750895598116 0.001 582
1750895623474 0.001 583
1750895648941 0.001 584
1750895674301 0.001 585
1750895699636 0.001 586
1750895725012 0.001 587
1750895750446 0.001 588
1750895775808 0.001 589
1750895801243 0.001 590
1750895826603 0.001 591
1750895852012 0.001 592
1750895877300 0.001 593
1750895902769 0.001 594
1750895928200 0.001 595
1750895953523 0.001 596
1750895979073 0.001 597
1750896004432 0.001 598
1750896029760 0.001 599
1750897371487 0.001 600
1750897397236 0.001 601
1750897422940 0.001 602
1750897448623 0.001 603
1750897474385 0.001 604
1750897500094 0.001 605
1750897525784 0.001 606
1750897551503 0.001 607
1750897577158 0.001 608
1750897602847 0.001 609
1750897628492 0.001 610
1750897654312 0.001 611
1750897679953 0.001 612
1750897705664 0.001 613
1750897731334 0.001 614
1750897757058 0.001 615
1750897782737 0.001 616
1750897808608 0.001 617
1750897834286 0.001 618
1750897859974 0.001 619
1750897885761 0.001 620
1750897911519 0.001 621
1750897937271 0.001 622
1750897962953 0.001 623
1750897988687 0.001 624
1750898014390 0.001 625
1750898040071 0.001 626
1750898065735 0.001 627
1750898091413 0.001 628
1750898117201 0.001 629
1750898142917 0.001 630
1750898168651 0.001 631
1750898194387 0.001 632
1750898220096 0.001 633
1750898245802 0.001 634
1750898271498 0.001 635
1750898297170 0.001 636
1750898322954 0.001 637
1750898348641 0.001 638
1750898374374 0.001 639
1750899732069 0.001 640
1750899758756 0.001 641
1750899785561 0.001 642
1750899812253 0.001 643
1750899838935 0.001 644
1750899865653 0.001 645
1750899892381 0.001 646
1750899919011 0.001 647
1750899945726 0.001 648
1750899972395 0.001 649
1750899998937 0.001 650
1750900025590 0.001 651
1750900052261 0.001 652
1750900078875 0.001 653
1750900105558 0.001 654
1750900132320 0.001 655
1750900159066 0.001 656
1750900185694 0.001 657
1750900212417 0.001 658
1750900239093 0.001 659
1750900265710 0.001 660
1750900292347 0.001 661
1750900319104 0.001 662
1750900345771 0.001 663
1750900372395 0.001 664
1750900399204 0.001 665
1750900425965 0.001 666
1750900452573 0.001 667
1750900479188 0.001 668
1750900505817 0.001 669
1750900532565 0.001 670
1750900559189 0.001 671
1750900585868 0.001 672
1750900612620 0.001 673
1750900639407 0.001 674
1750900666033 0.001 675
1750900692632 0.001 676
1750900719277 0.001 677
1750900745972 0.001 678
1750900772579 0.001 679
1750902199110 0.001 680
1750902225800 0.001 681
1750902252497 0.001 682
1750902279078 0.001 683
1750902305618 0.001 684
1750902332271 0.001 685
1750902358858 0.001 686
1750902385495 0.001 687
1750902412192 0.001 688
1750902438891 0.001 689
1750902465534 0.001 690
1750902492193 0.001 691
1750902518761 0.001 692
1750902545411 0.001 693
1750902572007 0.001 694
1750902598688 0.001 695
1750902625312 0.001 696
1750902652102 0.001 697
1750902678796 0.001 698
1750902705611 0.001 699
1750902732234 0.001 700
1750902758873 0.001 701
1750902785546 0.001 702
1750902812155 0.001 703
1750902838806 0.001 704
1750902865494 0.001 705
1750902892098 0.001 706
1750902918755 0.001 707
1750902945433 0.001 708
1750902972147 0.001 709
1750902998890 0.001 710
1750903025466 0.001 711
1750903052091 0.001 712
1750903078860 0.001 713
1750903105470 0.001 714
1750903132103 0.001 715
1750903158759 0.001 716
1750903185396 0.001 717
1750903211988 0.001 718
1750903238607 0.001 719
1750904659567 0.001 720
1750904686174 0.001 721
1750904712748 0.001 722
1750904739279 0.001 723
1750904765855 0.001 724
1750904792395 0.001 725
1750904818986 0.001 726
1750904845538 0.001 727
1750904872240 0.001 728
1750904898805 0.001 729
1750904925465 0.001 730
1750904952157 0.001 731
1750904978731 0.001 732
1750905005302 0.001 733
1750905031918 0.001 734
1750905058484 0.001 735
1750905085012 0.001 736
1750905111581 0.001 737
1750905138168 0.001 738
1750905164725 0.001 739
1750905191398 0.001 740
1750905217926 0.001 741
1750905244476 0.001 742
1750905271196 0.001 743
1750905297811 0.001 744
1750905324343 0.001 745
1750905351039 0.001 746
1750905377598 0.001 747
1750905404211 0.001 748
1750905430797 0.001 749
1750905457343 0.001 750
1750905484078 0.001 751
1750905510667 0.001 752
1750905537367 0.001 753
1750905563973 0.001 754
1750905590607 0.001 755
1750905617210 0.001 756
1750905643924 0.001 757
1750905670627 0.001 758
1750905697158 0.001 759
1750907064470 0.001 760
1750907089909 0.001 761
1750907115270 0.001 762
1750907140767 0.001 763
1750907166157 0.001 764
1750907191517 0.001 765
1750907216923 0.001 766
1750907242245 0.001 767
1750907267594 0.001 768
1750907293024 0.001 769
1750907318371 0.001 770
1750907343713 0.001 771
1750907369072 0.001 772
1750907394377 0.001 773
1750907419677 0.001 774
1750907445074 0.001 775
1750907470390 0.001 776
1750907495741 0.001 777
1750907521142 0.001 778
1750907546590 0.001 779
1750907571921 0.001 780
1750907597259 0.001 781
1750907622572 0.001 782
1750907647866 0.001 783
1750907673198 0.001 784
1750907698530 0.001 785
1750907723820 0.001 786
1750907749173 0.001 787
1750907774575 0.001 788
1750907799910 0.001 789
1750907825291 0.001 790
1750907850622 0.001 791
1750907875982 0.001 792
1750907901310 0.001 793
1750907926614 0.001 794
1750907952045 0.001 795
1750907977546 0.001 796
1750908002890 0.001 797
1750908028301 0.001 798
1750908053684 0.001 799
1750909412820 0.001 800
1750909438463 0.001 801
1750909464237 0.001 802
1750909489922 0.001 803
1750909515627 0.001 804
1750909541375 0.001 805
1750909566985 0.001 806
1750909592640 0.001 807
1750909618276 0.001 808
1750909643999 0.001 809
1750909669653 0.001 810
1750909695363 0.001 811
1750909721015 0.001 812
1750909746696 0.001 813
1750909772383 0.001 814
1750909798132 0.001 815
1750909823825 0.001 816
1750909849689 0.001 817
1750909875314 0.001 818
1750909901052 0.001 819
1750909926767 0.001 820
1750909952614 0.001 821
1750909978261 0.001 822
1750910004046 0.001 823
1750910029753 0.001 824
1750910055465 0.001 825
1750910081190 0.001 826
1750910106973 0.001 827
1750910132639 0.001 828
1750910158309 0.001 829
1750910183915 0.001 830
1750910209724 0.001 831
1750910235440 0.001 832
1750910261034 0.001 833
1750910286693 0.001 834
1750910312424 0.001 835
1750910338028 0.001 836
1750910363740 0.001 837
1750910389565 0.001 838
1750910415246 0.001 839
1750911783007 0.001 840
1750911809670 0.001 841
1750911836301 0.001 842
1750911863079 0.001 843
1750911889671 0.001 844
1750911916497 0.001 845
1750911943105 0.001 846
1750911969818 0.001 847
1750911996420 0.001 848
1750912023069 0.001 849
1750912049719 0.001 850
1750912076364 0.001 851
1750912103001 0.001 852
1750912129600 0.001 853
1750912156299 0.001 854
1750912183128 0.001 855
1750912209867 0.001 856
1750912236580 0.001 857
1750912263216 0.001 858
1750912289799 0.001 859
1750912316510 0.001 860
1750912343282 0.001 861
1750912370054 0.001 862
1750912396653 0.001 863
1750912423226 0.001 864
1750912449783 0.001 865
1750912476331 0.001 866
1750912503068 0.001 867
1750912529901 0.001 868
1750912556638 0.001 869
1750912583444 0.001 870
1750912610068 0.001 871
1750912636686 0.001 872
1750912663270 0.001 873
1750912690029 0.001 874
1750912716596 0.001 875
1750912743338 0.001 876
1750912770037 0.001 877
1750912796621 0.001 878
1750912823241 0.001 879
1750914231767 0.001 880
1750914258530 0.001 881
1750914285150 0.001 882
1750914311805 0.001 883
1750914338388 0.001 884
1750914365080 0.001 885
1750914391771 0.001 886
1750914418410 0.001 887
1750914445101 0.001 888
1750914471756 0.001 889
1750914498446 0.001 890
1750914525001 0.001 891
1750914551643 0.001 892
1750914578324 0.001 893
1750914604931 0.001 894
1750914631501 0.001 895
1750914658115 0.001 896
1750914684750 0.001 897
1750914711364 0.001 898
1750914738019 0.001 899
1750914764677 0.001 900
1750914791291 0.001 901
1750914817949 0.001 902
1750914844659 0.001 903
1750914871330 0.001 904
1750914897997 0.001 905
1750914924614 0.001 906
1750914951294 0.001 907
1750914977902 0.001 908
1750915004535 0.001 909
1750915031237 0.001 910
1750915057857 0.001 911
1750915084676 0.001 912
1750915111274 0.001 913
1750915137943 0.001 914
1750915164617 0.001 915
1750915191218 0.001 916
1750915217890 0.001 917
1750915244566 0.001 918
1750915271168 0.001 919
1750916672304 0.001 920
1750916698976 0.001 921
1750916725580 0.001 922
1750916752314 0.001 923
1750916779005 0.001 924
1750916805580 0.001 925
1750916832139 0.001 926
1750916858729 0.001 927
1750916885323 0.001 928
1750916912145 0.001 929
1750916938904 0.001 930
1750916965494 0.001 931
1750916992100 0.001 932
1750917018713 0.001 933
1750917045450 0.001 934
1750917072078 0.001 935
1750917098707 0.001 936
1750917125313 0.001 937
1750917151928 0.001 938
1750917178569 0.001 939
1750917205302 0.001 940
1750917232144 0.001 941
1750917258794 0.001 942
1750917285474 0.001 943
1750917312105 0.001 944
1750917338708 0.001 945
1750917365354 0.001 946
1750917392006 0.001 947
1750917418578 0.001 948
1750917445267 0.001 949
1750917471867 0.001 950
1750917498403 0.001 951
1750917524989 0.001 952
1750917551649 0.001 953
1750917578414 0.001 954
1750917605008 0.001 955
1750917631599 0.001 956
1750917658230 0.001 957
1750917684916 0.001 958
1750917711556 0.001 959
1750919059214 0.001 960
1750919084574 0.001 961
1750919109981 0.001 962
1750919135322 0.001 963
1750919160679 0.001 964
1750919186030 0.001 965
1750919211381 0.001 966
1750919236775 0.001 967
1750919262140 0.001 968
1750919287620 0.001 969
1750919313059 0.001 970
1750919338508 0.001 971
1750919363848 0.001 972
1750919389195 0.001 973
1750919414646 0.001 974
1750919439991 0.001 975
1750919465333 0.001 976
1750919490784 0.001 977
1750919516118 0.001 978
1750919541528 0.001 979
1750919566792 0.001 980
1750919592471 0.001 981
1750919617944 0.001 982
1750919643412 0.001 983
1750919668815 0.001 984
1750919694266 0.001 985
1750919719620 0.001 986
1750919745305 0.001 987
1750919770622 0.001 988
1750919795982 0.001 989
1750919821380 0.001 990
1750919846704 0.001 991
1750919872086 0.001 992
1750919897820 0.001 993
1750919923526 0.001 994
1750919948909 0.001 995
1750919974163 0.001 996
1750919999471 0.001 997
1750920024760 0.001 998
1750920050401 0.001 999
1750921414205 0.001 1000
1750921440046 0.001 1001
1750921465822 0.001 1002
1750921491522 0.001 1003
1750921517252 0.001 1004
1750921543001 0.001 1005
1750921568703 0.001 1006
1750921594415 0.001 1007
1750921620136 0.001 1008
1750921645839 0.001 1009
1750921671685 0.001 1010
1750921697409 0.001 1011
1750921723183 0.001 1012
1750921749071 0.001 1013
1750921774728 0.001 1014
1750921800551 0.001 1015
1750921826303 0.001 1016
1750921852049 0.001 1017
1750921877719 0.001 1018
1750921903395 0.001 1019
1750921929089 0.001 1020
1750921954788 0.001 1021
1750921980456 0.001 1022
1750922006106 0.001 1023
1750922031814 0.001 1024
1750922057672 0.001 1025
1750922083401 0.001 1026
1750922109094 0.001 1027
1750922134821 0.001 1028
1750922160551 0.001 1029
1750922186235 0.001 1030
1750922211863 0.001 1031
1750922237632 0.001 1032
1750922263398 0.001 1033
1750922289121 0.001 1034
1750922314837 0.001 1035
1750922340536 0.001 1036
1750922366308 0.001 1037
1750922392137 0.001 1038
1750922417787 0.001 1039
1750923786164 0.001 1040
1750923813049 0.001 1041
1750923839685 0.001 1042
1750923866332 0.001 1043
1750923893074 0.001 1044
1750923919665 0.001 1045
1750923946293 0.001 1046
1750923973026 0.001 1047
1750923999719 0.001 1048
1750924026490 0.001 1049
1750924053110 0.001 1050
1750924079736 0.001 1051
1750924106340 0.001 1052
1750924132976 0.001 1053
1750924159583 0.001 1054
1750924186253 0.001 1055
1750924212891 0.001 1056
1750924239635 0.001 1057
1750924266219 0.001 1058
1750924292860 0.001 1059
1750924319603 0.001 1060
1750924346290 0.001 1061
1750924372859 0.001 1062
1750924399526 0.001 1063
1750924426186 0.001 1064
1750924452811 0.001 1065
1750924479451 0.001 1066
1750924506081 0.001 1067
1750924532744 0.001 1068
1750924559463 0.001 1069
1750924586088 0.001 1070
1750924612701 0.001 1071
1750924639358 0.001 1072
1750924666010 0.001 1073
1750924692736 0.001 1074
1750924719405 0.001 1075
1750924746075 0.001 1076
1750924772807 0.001 1077
1750924799452 0.001 1078
1750924826117 0.001 1079
1750926218323 0.0005 1080
1750926245003 0.0005 1081
1750926271698 0.0005 1082
1750926298520 0.0005 1083
1750926325179 0.0005 1084
1750926351861 0.0005 1085
1750926378454 0.0005 1086
1750926405152 0.0005 1087
1750926431817 0.0005 1088
1750926458551 0.0005 1089
1750926485211 0.0005 1090
1750926511946 0.0005 1091
1750926538752 0.0005 1092
1750926565385 0.0005 1093
1750926592073 0.0005 1094
1750926618746 0.0005 1095
1750926645428 0.0005 1096
1750926672094 0.0005 1097
1750926698826 0.0005 1098
1750926725460 0.0005 1099
1750926752095 0.0005 1100
1750926778757 0.0005 1101
1750926805550 0.0005 1102
1750926832204 0.0005 1103
1750926858847 0.0005 1104
1750926885491 0.0005 1105
1750926912275 0.0005 1106
1750926939032 0.0005 1107
1750926965670 0.0005 1108
1750926992271 0.0005 1109
1750927018879 0.0005 1110
1750927045525 0.0005 1111
1750927072291 0.0005 1112
1750927098981 0.0005 1113
1750927125686 0.0005 1114
1750927152419 0.0005 1115
1750927179085 0.0005 1116
1750927205927 0.0005 1117
1750927232644 0.0005 1118
1750927259275 0.0005 1119
1750928660188 0.0005 1120
1750928686859 0.0005 1121
1750928713608 0.0005 1122
1750928740204 0.0005 1123
1750928766760 0.0005 1124
1750928793388 0.0005 1125
1750928819954 0.0005 1126
1750928846601 0.0005 1127
1750928873143 0.0005 1128
1750928899708 0.0005 1129
1750928926321 0.0005 1130
1750928952970 0.0005 1131
1750928979621 0.0005 1132
1750929006193 0.0005 1133
1750929032838 0.0005 1134
1750929059462 0.0005 1135
1750929086148 0.0005 1136
1750929112865 0.0005 1137
1750929139527 0.0005 1138
1750929166097 0.0005 1139
1750929192692 0.0005 1140
1750929219278 0.0005 1141
1750929245887 0.0005 1142
1750929272509 0.0005 1143
1750929299107 0.0005 1144
1750929325921 0.0005 1145
1750929352515 0.0005 1146
1750929379150 0.0005 1147
1750929405787 0.0005 1148
1750929432402 0.0005 1149
1750929458995 0.0005 1150
1750929485542 0.0005 1151
1750929512106 0.0005 1152
1750929538735 0.0005 1153
1750929565324 0.0005 1154
1750929591958 0.0005 1155
1750929618721 0.0005 1156
1750929645310 0.0005 1157
1750929671934 0.0005 1158
1750929698512 0.0005 1159
1750931043264 0.0005 1160
1750931068614 0.0005 1161
1750931093967 0.0005 1162
1750931119309 0.0005 1163
1750931144846 0.0005 1164
1750931170180 0.0005 1165
1750931195528 0.0005 1166
1750931220861 0.0005 1167
1750931246208 0.0005 1168
1750931271655 0.0005 1169
1750931296995 0.0005 1170
1750931322449 0.0005 1171
1750931348185 0.0005 1172
1750931373980 0.0005 1173
1750931399333 0.0005 1174
1750931424749 0.0005 1175
1750931450133 0.0005 1176
1750931475423 0.0005 1177
1750931501129 0.0005 1178
1750931526839 0.0005 1179
1750931552170 0.0005 1180
1750931577504 0.0005 1181
1750931602973 0.0005 1182
1750931628428 0.0005 1183
1750931654084 0.0005 1184
1750931679797 0.0005 1185
1750931705144 0.0005 1186
1750931730500 0.0005 1187
1750931755878 0.0005 1188
1750931781219 0.0005 1189
1750931806941 0.0005 1190
1750931832681 0.0005 1191
1750931858020 0.0005 1192
1750931883418 0.0005 1193
1750931908793 0.0005 1194
1750931934551 0.0005 1195
1750931960367 0.0005 1196
1750931986031 0.0005 1197
1750932011807 0.0005 1198
1750932037166 0.0005 1199
1750933400473 0.0005 1200
1750933426352 0.0005 1201
1750933452052 0.0005 1202
1750933477810 0.0005 1203
1750933503535 0.0005 1204
1750933529271 0.0005 1205
1750933554998 0.0005 1206
1750933580740 0.0005 1207
1750933606535 0.0005 1208
1750933632283 0.0005 1209
1750933658017 0.0005 1210
1750933683716 0.0005 1211
1750933709365 0.0005 1212
1750933735122 0.0005 1213
1750933760844 0.0005 1214
1750933786582 0.0005 1215
1750933812287 0.0005 1216
1750933838002 0.0005 1217
1750933863660 0.0005 1218
1750933889287 0.0005 1219
1750933915108 0.0005 1220
1750933940839 0.0005 1221
1750933966523 0.0005 1222
1750933992270 0.0005 1223
1750934018135 0.0005 1224
1750934043792 0.0005 1225
1750934069562 0.0005 1226
1750934095189 0.0005 1227
1750934120918 0.0005 1228
1750934146596 0.0005 1229
1750934172402 0.0005 1230
1750934198139 0.0005 1231
1750934223797 0.0005 1232
1750934250649 0.0005 1233
1750934276344 0.0005 1234
1750934302001 0.0005 1235
1750934327727 0.0005 1236
1750934353405 0.0005 1237
1750934379221 0.0005 1238
1750934405888 0.0005 1239
1750935918947 0.0005 1240
1750935945650 0.0005 1241
1750935972318 0.0005 1242
1750935999179 0.0005 1243
1750936025814 0.0005 1244
1750936052537 0.0005 1245
1750936079456 0.0005 1246
1750936106134 0.0005 1247
1750936132880 0.0005 1248
1750936159585 0.0005 1249
1750936186222 0.0005 1250
1750936213073 0.0005 1251
1750936239722 0.0005 1252
1750936266491 0.0005 1253
1750936293196 0.0005 1254
1750936319844 0.0005 1255
1750936346619 0.0005 1256
1750936373241 0.0005 1257
1750936399957 0.0005 1258
1750936426854 0.0005 1259
1750936453581 0.0005 1260
1750936480217 0.0005 1261
1750936506892 0.0005 1262
1750936533535 0.0005 1263
1750936560260 0.0005 1264
1750936586951 0.0005 1265
1750936613652 0.0005 1266
1750936640331 0.0005 1267
1750936667082 0.0005 1268
1750936693911 0.0005 1269
1750936720606 0.0005 1270
1750936747299 0.0005 1271
1750936773910 0.0005 1272
1750936800671 0.0005 1273
1750936827347 0.0005 1274
1750936854182 0.0005 1275
1750936880870 0.0005 1276
1750936907631 0.0005 1277
1750936934343 0.0005 1278
1750936960994 0.0005 1279
1750938373969 0.0005 1280
1750938400559 0.0005 1281
1750938427214 0.0005 1282
1750938453889 0.0005 1283
1750938480562 0.0005 1284
1750938507313 0.0005 1285
1750938534014 0.0005 1286
1750938560646 0.0005 1287
1750938587397 0.0005 1288
1750938614216 0.0005 1289
1750938640795 0.0005 1290
1750938667355 0.0005 1291
1750938694107 0.0005 1292
1750938720731 0.0005 1293
1750938747347 0.0005 1294
1750938773989 0.0005 1295
1750938800583 0.0005 1296
1750938827235 0.0005 1297
1750938853886 0.0005 1298
1750938880523 0.0005 1299
1750938907337 0.0005 1300
1750938933939 0.0005 1301
1750938960559 0.0005 1302
1750938987154 0.0005 1303
1750939013784 0.0005 1304
1750939040450 0.0005 1305
1750939067103 0.0005 1306
1750939093745 0.0005 1307
1750939120325 0.0005 1308
1750939147091 0.0005 1309
1750939173793 0.0005 1310
1750939200361 0.0005 1311
1750939226934 0.0005 1312
1750939253602 0.0005 1313
1750939280263 0.0005 1314
1750939306861 0.0005 1315
1750939333524 0.0005 1316
1750939360171 0.0005 1317
1750939386756 0.0005 1318
1750939413485 0.0005 1319
1750940856736 0.0005 1320
1750940883428 0.0005 1321
1750940910189 0.0005 1322
1750940936918 0.0005 1323
1750940963570 0.0005 1324
1750940990370 0.0005 1325
1750941017008 0.0005 1326
1750941043783 0.0005 1327
1750941071309 0.0005 1328
1750941096723 0.0005 1329
1750941122086 0.0005 1330
1750941147447 0.0005 1331
1750941172763 0.0005 1332
1750941198211 0.0005 1333
1750941223573 0.0005 1334
1750941248963 0.0005 1335
1750941274388 0.0005 1336
1750941299796 0.0005 1337
1750941325155 0.0005 1338
1750941350523 0.0005 1339
1750941375907 0.0005 1340
1750941401279 0.0005 1341
1750941426734 0.0005 1342
1750941452039 0.0005 1343
1750941477352 0.0005 1344
1750941502783 0.0005 1345
1750941528086 0.0005 1346
1750941553398 0.0005 1347
1750941578778 0.0005 1348
1750941604154 0.0005 1349
1750941629540 0.0005 1350
1750941654966 0.0005 1351
1750941680321 0.0005 1352
1750941705780 0.0005 1353
1750941731259 0.0005 1354
1750941756811 0.0005 1355
1750941782297 0.0005 1356
1750941807682 0.0005 1357
1750941832996 0.0005 1358
1750941858457 0.0005 1359
1750943210285 0.0005 1360
1750943235629 0.0005 1361
1750943261275 0.0005 1362
1750943287107 0.0005 1363
1750943312954 0.0005 1364
1750943338677 0.0005 1365
1750943364072 0.0005 1366
1750943389757 0.0005 1367
1750943415512 0.0005 1368
1750943441150 0.0005 1369
1750943467055 0.0005 1370
1750943492771 0.0005 1371
1750943518263 0.0005 1372
1750943544011 0.0005 1373
1750943569710 0.0005 1374
1750943595474 0.0005 1375
1750943621210 0.0005 1376
1750943646897 0.0005 1377
1750943672402 0.0005 1378
1750943698135 0.0005 1379
1750943724016 0.0005 1380
1750943749908 0.0005 1381
1750943775597 0.0005 1382
1750943801410 0.0005 1383
1750943827136 0.0005 1384
1750943852884 0.0005 1385
1750943878602 0.0005 1386
1750943904467 0.0005 1387
1750943930177 0.0005 1388
1750943955863 0.0005 1389
1750943981581 0.0005 1390
1750944007269 0.0005 1391
1750944032956 0.0005 1392
1750944058783 0.0005 1393
1750944084461 0.0005 1394
1750944110177 0.0005 1395
1750944135834 0.0005 1396
1750944161612 0.0005 1397
1750944187357 0.0005 1398
1750944213092 0.0005 1399
1750945668061 0.0005 1400
1750945694737 0.0005 1401
1750945720423 0.0005 1402
1750945746193 0.0005 1403
1750945771877 0.0005 1404
1750945797717 0.0005 1405
1750945823472 0.0005 1406
1750945850149 0.0005 1407
1750945875828 0.0005 1408
1750945902487 0.0005 1409
1750945928211 0.0005 1410
1750945953863 0.0005 1411
1750945979541 0.0005 1412
1750946006168 0.0005 1413
1750946031823 0.0005 1414
1750946058516 0.0005 1415
1750946085148 0.0005 1416
1750946110799 0.0005 1417
1750946136491 0.0005 1418
1750946163129 0.0005 1419
1750946188805 0.0005 1420
1750946215469 0.0005 1421
1750946242145 0.0005 1422
1750946268879 0.0005 1423
1750946294560 0.0005 1424
1750946321198 0.0005 1425
1750946346949 0.0005 1426
1750946373611 0.0005 1427
1750946400413 0.0005 1428
1750946427037 0.0005 1429
1750946452684 0.0005 1430
1750946479340 0.0005 1431
1750946504995 0.0005 1432
1750946531620 0.0005 1433
1750946558389 0.0005 1434
1750946585161 0.0005 1435
1750946611951 0.0005 1436
1750946638589 0.0005 1437
1750946664279 0.0005 1438
1750946690975 0.0005 1439
1750948101863 0.0005 1440
1750948128562 0.0005 1441
1750948155203 0.0005 1442
1750948181833 0.0005 1443
1750948208428 0.0005 1444
1750948235182 0.0005 1445
1750948261802 0.0005 1446
1750948288455 0.0005 1447
1750948315185 0.0005 1448
1750948341935 0.0005 1449
1750948368604 0.0005 1450
1750948395304 0.0005 1451
1750948421970 0.0005 1452
1750948448794 0.0005 1453
1750948475534 0.0005 1454
1750948502416 0.0005 1455
1750948529135 0.0005 1456
1750948555883 0.0005 1457
1750948582624 0.0005 1458
1750948609347 0.0005 1459
1750948636053 0.0005 1460
1750948662753 0.0005 1461
1750948689360 0.0005 1462
1750948716142 0.0005 1463
1750948742832 0.0005 1464
1750948769636 0.0005 1465
1750948796362 0.0005 1466
1750948823110 0.0005 1467
1750948849677 0.0005 1468
1750948876285 0.0005 1469
1750948902961 0.0005 1470
1750948929616 0.0005 1471
1750948956232 0.0005 1472
1750948982845 0.0005 1473
1750949009454 0.0005 1474
1750949036084 0.0005 1475
1750949062674 0.0005 1476
1750949089305 0.0005 1477
1750949115936 0.0005 1478
1750949142588 0.0005 1479
1750950543474 0.0005 1480
1750950570145 0.0005 1481
1750950596819 0.0005 1482
1750950623600 0.0005 1483
1750950650281 0.0005 1484
1750950676900 0.0005 1485
1750950703538 0.0005 1486
1750950730243 0.0005 1487
1750950756924 0.0005 1488
1750950783573 0.0005 1489
1750950810317 0.0005 1490
1750950836894 0.0005 1491
1750950863528 0.0005 1492
1750950890382 0.0005 1493
1750950917020 0.0005 1494
1750950943648 0.0005 1495
1750950970276 0.0005 1496
1750950996894 0.0005 1497
1750951023520 0.0005 1498
1750951050153 0.0005 1499
1750951077014 0.0005 1500
1750951103635 0.0005 1501
1750951130295 0.0005 1502
1750951156998 0.0005 1503
1750951183586 0.0005 1504
1750951210270 0.0005 1505
1750951236866 0.0005 1506
1750951263452 0.0005 1507
1750951290137 0.0005 1508
1750951316686 0.0005 1509
1750951343297 0.0005 1510
1750951369939 0.0005 1511
1750951396635 0.0005 1512
1750951423283 0.0005 1513
1750951449915 0.0005 1514
1750951476619 0.0005 1515
1750951503328 0.0005 1516
1750951530094 0.0005 1517
1750951556962 0.0005 1518
1750951583692 0.0005 1519
1750952992242 0.0005 1520
1750953017703 0.0005 1521
1750953043040 0.0005 1522
1750953068352 0.0005 1523
1750953093863 0.0005 1524
1750953119225 0.0005 1525
1750953144607 0.0005 1526
1750953169955 0.0005 1527
1750953195453 0.0005 1528
1750953220966 0.0005 1529
1750953246488 0.0005 1530
1750953272003 0.0005 1531
1750953297336 0.0005 1532
1750953322668 0.0005 1533
1750953348032 0.0005 1534
1750953373583 0.0005 1535
1750953398983 0.0005 1536
1750953424313 0.0005 1537
1750953449652 0.0005 1538
1750953474971 0.0005 1539
1750953500452 0.0005 1540
1750953525875 0.0005 1541
1750953551231 0.0005 1542
1750953576516 0.0005 1543
1750953601901 0.0005 1544
1750953627304 0.0005 1545
1750953652640 0.0005 1546
1750953677992 0.0005 1547
1750953703313 0.0005 1548
1750953728713 0.0005 1549
1750953754241 0.0005 1550
1750953779641 0.0005 1551
1750953804949 0.0005 1552
1750953830364 0.0005 1553
1750953855674 0.0005 1554
1750953881091 0.0005 1555
1750953906410 0.0005 1556
1750953931801 0.0005 1557
1750953957221 0.0005 1558
1750953982574 0.0005 1559
1750955337239 0.0005 1560
1750955363009 0.0005 1561
1750955388696 0.0005 1562
1750955414411 0.0005 1563
1750955440155 0.0005 1564
1750955466001 0.0005 1565
1750955491672 0.0005 1566
1750955517365 0.0005 1567
1750955543124 0.0005 1568
1750955568829 0.0005 1569
1750955594523 0.0005 1570
1750955620358 0.0005 1571
1750955646096 0.0005 1572
1750955671733 0.0005 1573
1750955697461 0.0005 1574
1750955723121 0.0005 1575
1750955748879 0.0005 1576
1750955774583 0.0005 1577
1750955800266 0.0005 1578
1750955825992 0.0005 1579
1750955851677 0.0005 1580
1750955877487 0.0005 1581
1750955903323 0.0005 1582
1750955929141 0.0005 1583
1750955954955 0.0005 1584
1750955980612 0.0005 1585
1750956006291 0.0005 1586
1750956031947 0.0005 1587
1750956057681 0.0005 1588
1750956083430 0.0005 1589
1750956109073 0.0005 1590
1750956134737 0.0005 1591
1750956160414 0.0005 1592
1750956186086 0.0005 1593
1750956211864 0.0005 1594
1750956237507 0.0005 1595
1750956263300 0.0005 1596
1750956288890 0.0005 1597
1750956314638 0.0005 1598
1750956340491 0.0005 1599
1750957674729 0.0005 1600
1750957700563 0.0005 1601
1750957727424 0.0005 1602
1750957753559 0.0005 1603
1750957779196 0.0005 1604
1750957804857 0.0005 1605
1750957831495 0.0005 1606
1750957857190 0.0005 1607
1750957883814 0.0005 1608
1750957910501 0.0005 1609
1750957937140 0.0005 1610
1750957962916 0.0005 1611
1750957989797 0.0005 1612
1750958015557 0.0005 1613
1750958042259 0.0005 1614
1750958068988 0.0005 1615
1750958095611 0.0005 1616
1750958122286 0.0005 1617
1750958148939 0.0005 1618
1750958174823 0.0005 1619
1750958201523 0.0005 1620
1750958228264 0.0005 1621
1750958255051 0.0005 1622
1750958281865 0.0005 1623
1750958308667 0.0005 1624
1750958335356 0.0005 1625
1750958361997 0.0005 1626
1750958388646 0.0005 1627
1750958415329 0.0005 1628
1750958441959 0.0005 1629
1750958468685 0.0005 1630
1750958495361 0.0005 1631
1750958522015 0.0005 1632
1750958548706 0.0005 1633
1750958575440 0.0005 1634
1750958602069 0.0005 1635
1750958628787 0.0005 1636
1750958655466 0.0005 1637
1750958682181 0.0005 1638
1750958708791 0.0005 1639
1750960118614 0.0005 1640
1750960145271 0.0005 1641
1750960172026 0.0005 1642
1750960198744 0.0005 1643
1750960225375 0.0005 1644
1750960252077 0.0005 1645
1750960278708 0.0005 1646
1750960305367 0.0005 1647
1750960332096 0.0005 1648
1750960358948 0.0005 1649
1750960385602 0.0005 1650
1750960412423 0.0005 1651
1750960439032 0.0005 1652
1750960465842 0.0005 1653
1750960492473 0.0005 1654
1750960519211 0.0005 1655
1750960545789 0.0005 1656
1750960572479 0.0005 1657
1750960599148 0.0005 1658
1750960625752 0.0005 1659
1750960652388 0.0005 1660
1750960678966 0.0005 1661
1750960705628 0.0005 1662
1750960732287 0.0005 1663
1750960759071 0.0005 1664
1750960785705 0.0005 1665
1750960812358 0.0005 1666
1750960839056 0.0005 1667
1750960865955 0.0005 1668
1750960892659 0.0005 1669
1750960919273 0.0005 1670
1750960946049 0.0005 1671
1750960972700 0.0005 1672
1750960999263 0.0005 1673
1750961026015 0.0005 1674
1750961052592 0.0005 1675
1750961079267 0.0005 1676
1750961105899 0.0005 1677
1750961132624 0.0005 1678
1750961159382 0.0005 1679
1750962630114 0.0005 1680
1750962656924 0.0005 1681
1750962683480 0.0005 1682
1750962710062 0.0005 1683
1750962736796 0.0005 1684
1750962763490 0.0005 1685
1750962790165 0.0005 1686
1750962816760 0.0005 1687
1750962843420 0.0005 1688
1750962869995 0.0005 1689
1750962896729 0.0005 1690
1750962923392 0.0005 1691
1750962949996 0.0005 1692
1750962976594 0.0005 1693
1750963003252 0.0005 1694
1750963029876 0.0005 1695
1750963056554 0.0005 1696
1750963083229 0.0005 1697
1750963109950 0.0005 1698
1750963136559 0.0005 1699
1750963163114 0.0005 1700
1750963189730 0.0005 1701
1750963216438 0.0005 1702
1750963243134 0.0005 1703
1750963269782 0.0005 1704
1750963296434 0.0005 1705
1750963323110 0.0005 1706
1750963349667 0.0005 1707
1750963376394 0.0005 1708
1750963403040 0.0005 1709
1750963429655 0.0005 1710
1750963456298 0.0005 1711
1750963482949 0.0005 1712
1750963509549 0.0005 1713
1750963536140 0.0005 1714
1750963562722 0.0005 1715
1750963589382 0.0005 1716
1750963615987 0.0005 1717
1750963642623 0.0005 1718
1750963669263 0.0005 1719
1750965090042 0.0005 1720
1750965115374 0.0005 1721
1750965140811 0.0005 1722
1750965166144 0.0005 1723
1750965191466 0.0005 1724
1750965216819 0.0005 1725
1750965242150 0.0005 1726
1750965267432 0.0005 1727
1750965292831 0.0005 1728
1750965318198 0.0005 1729
1750965343539 0.0005 1730
1750965368879 0.0005 1731
1750965394192 0.0005 1732
1750965419506 0.0005 1733
1750965444832 0.0005 1734
1750965470139 0.0005 1735
1750965495436 0.0005 1736
1750965520813 0.0005 1737
1750965546321 0.0005 1738
1750965571696 0.0005 1739
1750965597088 0.0005 1740
1750965622458 0.0005 1741
1750965647854 0.0005 1742
1750965673169 0.0005 1743
1750965698556 0.0005 1744
1750965724021 0.0005 1745
1750965749380 0.0005 1746
1750965774760 0.0005 1747
1750965800260 0.0005 1748
1750965825612 0.0005 1749
1750965851132 0.0005 1750
1750965876525 0.0005 1751
1750965902097 0.0005 1752
1750965927544 0.0005 1753
1750965952890 0.0005 1754
1750965978260 0.0005 1755
1750966004001 0.0005 1756
1750966029419 0.0005 1757
1750966054762 0.0005 1758
1750966080151 0.0005 1759
1750967476720 0.0005 1760
1750967502491 0.0005 1761
1750967528185 0.0005 1762
1750967553914 0.0005 1763
1750967579617 0.0005 1764
1750967605336 0.0005 1765
1750967631056 0.0005 1766
1750967656734 0.0005 1767
1750967682499 0.0005 1768
1750967708263 0.0005 1769
1750967734095 0.0005 1770
1750967759833 0.0005 1771
1750967785571 0.0005 1772
1750967811283 0.0005 1773
1750967837044 0.0005 1774
1750967862850 0.0005 1775
1750967888567 0.0005 1776
1750967914289 0.0005 1777
1750967939961 0.0005 1778
1750967965785 0.0005 1779
1750967991481 0.0005 1780
1750968017178 0.0005 1781
1750968043061 0.0005 1782
1750968068839 0.0005 1783
1750968094571 0.0005 1784
1750968120245 0.0005 1785
1750968145968 0.0005 1786
1750968171678 0.0005 1787
1750968197463 0.0005 1788
1750968223152 0.0005 1789
1750968248860 0.0005 1790
1750968274591 0.0005 1791
1750968300288 0.0005 1792
1750968326021 0.0005 1793
1750968351707 0.0005 1794
1750968377472 0.0005 1795
1750968403169 0.0005 1796
1750968428892 0.0005 1797
1750968454583 0.0005 1798
1750968480335 0.0005 1799
1750969949076 0.0005 1800
1750969974751 0.0005 1801
1750970001402 0.0005 1802
1750970028106 0.0005 1803
1750970054894 0.0005 1804
1750970081553 0.0005 1805
1750970108242 0.0005 1806
1750970133950 0.0005 1807
1750970160663 0.0005 1808
1750970187315 0.0005 1809
1750970214090 0.0005 1810
1750970240855 0.0005 1811
1750970267558 0.0005 1812
1750970294232 0.0005 1813
1750970320920 0.0005 1814
1750970347737 0.0005 1815
1750970374437 0.0005 1816
1750970401040 0.0005 1817
1750970427801 0.0005 1818
1750970454651 0.0005 1819
1750970481401 0.0005 1820
1750970508081 0.0005 1821
1750970534789 0.0005 1822
1750970561675 0.0005 1823
1750970588510 0.0005 1824
1750970615149 0.0005 1825
1750970641965 0.0005 1826
1750970668574 0.0005 1827
1750970695462 0.0005 1828
1750970722233 0.0005 1829
1750970748839 0.0005 1830
1750970775500 0.0005 1831
1750970802174 0.0005 1832
1750970828907 0.0005 1833
1750970855763 0.0005 1834
1750970882607 0.0005 1835
1750970909432 0.0005 1836
1750970936046 0.0005 1837
1750970962790 0.0005 1838
1750970989455 0.0005 1839
1750972435003 0.0005 1840
1750972461783 0.0005 1841
1750972488445 0.0005 1842
1750972515117 0.0005 1843
1750972541762 0.0005 1844
1750972568479 0.0005 1845
1750972595368 0.0005 1846
1750972622036 0.0005 1847
1750972648730 0.0005 1848
1750972675389 0.0005 1849
1750972702109 0.0005 1850
1750972728893 0.0005 1851
1750972755658 0.0005 1852
1750972782354 0.0005 1853
1750972809089 0.0005 1854
1750972835752 0.0005 1855
1750972862396 0.0005 1856
1750972889119 0.0005 1857
1750972915850 0.0005 1858
1750972942573 0.0005 1859
1750972969321 0.0005 1860
1750972996076 0.0005 1861
1750973022886 0.0005 1862
1750973049641 0.0005 1863
1750973076334 0.0005 1864
1750973102958 0.0005 1865
1750973129714 0.0005 1866
1750973156489 0.0005 1867
1750973183118 0.0005 1868
1750973209779 0.0005 1869
1750973236499 0.0005 1870
1750973263202 0.0005 1871
1750973289904 0.0005 1872
1750973316572 0.0005 1873
1750973343250 0.0005 1874
1750973369981 0.0005 1875
1750973396781 0.0005 1876
1750973423461 0.0005 1877
1750973450286 0.0005 1878
1750973477035 0.0005 1879
1750974914998 0.0005 1880
1750974941545 0.0005 1881
1750974968140 0.0005 1882
1750974994746 0.0005 1883
1750975021302 0.0005 1884
1750975048071 0.0005 1885
1750975074885 0.0005 1886
1750975101483 0.0005 1887
1750975128169 0.0005 1888
1750975154822 0.0005 1889
1750975181421 0.0005 1890
1750975208166 0.0005 1891
1750975234792 0.0005 1892
1750975261428 0.0005 1893
1750975288077 0.0005 1894
1750975314897 0.0005 1895
1750975341548 0.0005 1896
1750975368231 0.0005 1897
1750975394819 0.0005 1898
1750975421643 0.0005 1899
1750975448350 0.0005 1900
1750975474971 0.0005 1901
1750975501634 0.0005 1902
1750975528435 0.0005 1903
1750975555067 0.0005 1904
1750975581620 0.0005 1905
1750975608369 0.0005 1906
1750975635145 0.0005 1907
1750975661834 0.0005 1908
1750975688516 0.0005 1909
1750975715324 0.0005 1910
1750975741966 0.0005 1911
1750975768684 0.0005 1912
1750975795259 0.0005 1913
1750975822076 0.0005 1914
1750975849595 0.0005 1915
1750975875016 0.0005 1916
1750975900555 0.0005 1917
1750975926070 0.0005 1918
1750975951573 0.0005 1919
1750977337670 0.0005 1920
1750977363191 0.0005 1921
1750977388679 0.0005 1922
1750977414051 0.0005 1923
1750977439798 0.0005 1924
1750977465684 0.0005 1925
1750977491103 0.0005 1926
1750977516487 0.0005 1927
1750977541868 0.0005 1928
1750977567346 0.0005 1929
1750977593049 0.0005 1930
1750977618797 0.0005 1931
1750977644162 0.0005 1932
1750977669599 0.0005 1933
1750977694963 0.0005 1934
1750977720402 0.0005 1935
1750977746032 0.0005 1936
1750977771911 0.0005 1937
1750977797420 0.0005 1938
1750977822817 0.0005 1939
1750977848396 0.0005 1940
1750977874097 0.0005 1941
1750977900024 0.0005 1942
1750977925798 0.0005 1943
1750977951529 0.0005 1944
1750977977120 0.0005 1945
1750978002879 0.0005 1946
1750978028537 0.0005 1947
1750978054295 0.0005 1948
1750978080025 0.0005 1949
1750978105796 0.0005 1950
1750978131151 0.0005 1951
1750978156985 0.0005 1952
1750978182737 0.0005 1953
1750978208502 0.0005 1954
1750978234230 0.0005 1955
1750978259884 0.0005 1956
1750978285390 0.0005 1957
1750978311217 0.0005 1958
1750978336981 0.0005 1959
1750979738559 0.0005 1960
1750979764368 0.0005 1961
1750979790066 0.0005 1962
1750979815817 0.0005 1963
1750979841542 0.0005 1964
1750979867251 0.0005 1965
1750979892993 0.0005 1966
1750979918840 0.0005 1967
1750979944525 0.0005 1968
1750979970240 0.0005 1969
1750979996046 0.0005 1970
1750980021740 0.0005 1971
1750980047454 0.0005 1972
1750980073223 0.0005 1973
1750980098987 0.0005 1974
1750980124746 0.0005 1975
1750980150613 0.0005 1976
1750980176405 0.0005 1977
1750980202135 0.0005 1978
1750980227846 0.0005 1979
1750980253533 0.0005 1980
1750980279261 0.0005 1981
1750980304924 0.0005 1982
1750980330688 0.0005 1983
1750980356440 0.0005 1984
1750980382260 0.0005 1985
1750980408093 0.0005 1986
1750980433829 0.0005 1987
1750980459506 0.0005 1988
1750980485237 0.0005 1989
1750980510937 0.0005 1990
1750980536621 0.0005 1991
1750980562281 0.0005 1992
1750980587900 0.0005 1993
1750980613583 0.0005 1994
1750980640287 0.0005 1995
1750980666084 0.0005 1996
1750980691755 0.0005 1997
1750980717670 0.0005 1998
1750980743357 0.0005 1999
1750982169087 0.0005 2000
1750982195824 0.0005 2001
1750982222517 0.0005 2002
1750982249162 0.0005 2003
1750982275817 0.0005 2004
1750982302627 0.0005 2005
1750982329303 0.0005 2006
1750982356149 0.0005 2007
1750982382844 0.0005 2008
1750982409497 0.0005 2009
1750982436170 0.0005 2010
1750982462848 0.0005 2011
1750982489464 0.0005 2012
1750982516271 0.0005 2013
1750982543091 0.0005 2014
1750982569735 0.0005 2015
1750982596335 0.0005 2016
1750982623025 0.0005 2017
1750982649669 0.0005 2018
1750982676311 0.0005 2019
1750982702941 0.0005 2020
1750982729640 0.0005 2021
1750982756345 0.0005 2022
1750982783073 0.0005 2023
1750982809757 0.0005 2024
1750982836550 0.0005 2025
1750982863233 0.0005 2026
1750982889980 0.0005 2027
1750982916690 0.0005 2028
1750982943412 0.0005 2029
1750982970243 0.0005 2030
1750982997074 0.0005 2031
1750983023784 0.0005 2032
1750983050472 0.0005 2033
1750983077121 0.0005 2034
1750983103781 0.0005 2035
1750983130441 0.0005 2036
1750983157227 0.0005 2037
1750983183979 0.0005 2038
1750983210758 0.0005 2039
1750984623079 0.0005 2040
1750984649855 0.0005 2041
1750984676523 0.0005 2042
1750984703159 0.0005 2043
1750984729992 0.0005 2044
1750984756741 0.0005 2045
1750984783404 0.0005 2046
1750984810074 0.0005 2047
1750984836925 0.0005 2048
1750984863584 0.0005 2049
1750984890219 0.0005 2050
1750984916852 0.0005 2051
1750984943525 0.0005 2052
1750984970183 0.0005 2053
1750984996785 0.0005 2054
1750985023467 0.0005 2055
1750985050258 0.0005 2056
1750985076930 0.0005 2057
1750985103552 0.0005 2058
1750985130172 0.0005 2059
1750985156766 0.0005 2060
1750985183379 0.0005 2061
1750985210027 0.0005 2062
1750985236710 0.0005 2063
1750985263381 0.0005 2064
1750985290126 0.0005 2065
1750985316876 0.0005 2066
1750985343507 0.0005 2067
1750985370193 0.0005 2068
1750985396848 0.0005 2069
1750985423530 0.0005 2070
1750985450255 0.0005 2071
1750985476927 0.0005 2072
1750985503638 0.0005 2073
1750985530373 0.0005 2074
1750985556995 0.0005 2075
1750985583662 0.0005 2076
1750985610330 0.0005 2077
1750985637032 0.0005 2078
1750985663811 0.0005 2079
1750987089163 0.00025 2080
1750987115879 0.00025 2081
1750987142456 0.00025 2082
1750987170036 0.00025 2083
1750987195424 0.00025 2084
1750987220825 0.00025 2085
1750987246232 0.00025 2086
1750987271576 0.00025 2087
1750987297015 0.00025 2088
1750987322431 0.00025 2089
1750987347830 0.00025 2090
1750987373243 0.00025 2091
1750987398585 0.00025 2092
1750987423925 0.00025 2093
1750987449279 0.00025 2094
1750987474662 0.00025 2095
1750987500059 0.00025 2096
1750987525495 0.00025 2097
1750987550899 0.00025 2098
1750987576324 0.00025 2099
1750987601844 0.00025 2100
1750987627164 0.00025 2101
1750987652544 0.00025 2102
1750987677849 0.00025 2103
1750987703233 0.00025 2104
1750987728645 0.00025 2105
1750987754155 0.00025 2106
1750987779493 0.00025 2107
1750987804819 0.00025 2108
1750987830269 0.00025 2109
1750987855645 0.00025 2110
1750987881010 0.00025 2111
1750987906425 0.00025 2112
1750987931866 0.00025 2113
1750987957191 0.00025 2114
1750987982660 0.00025 2115
1750988007993 0.00025 2116
1750988033392 0.00025 2117
1750988058902 0.00025 2118
1750988084282 0.00025 2119
1750989538726 0.00025 2120
1750989564079 0.00025 2121
1750989589543 0.00025 2122
1750989614975 0.00025 2123
1750989640547 0.00025 2124
1750989666272 0.00025 2125
1750989692022 0.00025 2126
1750989717503 0.00025 2127
1750989742986 0.00025 2128
1750989768424 0.00025 2129
1750989794176 0.00025 2130
1750989819942 0.00025 2131
1750989845636 0.00025 2132
1750989871059 0.00025 2133
1750989896442 0.00025 2134
1750989921855 0.00025 2135
1750989947538 0.00025 2136
1750989973339 0.00025 2137
1750989999053 0.00025 2138
1750990024769 0.00025 2139
1750990050156 0.00025 2140
1750990075932 0.00025 2141
1750990101760 0.00025 2142
1750990127432 0.00025 2143
1750990153168 0.00025 2144
1750990178830 0.00025 2145
1750990204144 0.00025 2146
1750990229782 0.00025 2147
1750990255608 0.00025 2148
1750990281361 0.00025 2149
1750990307092 0.00025 2150
1750990332817 0.00025 2151
1750990358332 0.00025 2152
1750990384188 0.00025 2153
1750990409922 0.00025 2154
1750990435643 0.00025 2155
1750990461348 0.00025 2156
1750990487020 0.00025 2157
1750990512409 0.00025 2158
1750990538131 0.00025 2159
1750991904447 0.00025 2160
1750991930188 0.00025 2161
1750991956006 0.00025 2162
1750991981764 0.00025 2163
1750992007512 0.00025 2164
1750992033352 0.00025 2165
1750992059095 0.00025 2166
1750992084849 0.00025 2167
1750992110573 0.00025 2168
1750992136261 0.00025 2169
1750992161916 0.00025 2170
1750992187732 0.00025 2171
1750992213542 0.00025 2172
1750992239274 0.00025 2173
1750992264997 0.00025 2174
1750992290649 0.00025 2175
1750992316417 0.00025 2176
1750992342185 0.00025 2177
1750992367995 0.00025 2178
1750992393765 0.00025 2179
1750992420501 0.00025 2180
1750992446291 0.00025 2181
1750992472124 0.00025 2182
1750992497951 0.00025 2183
1750992523687 0.00025 2184
1750992549355 0.00025 2185
1750992576025 0.00025 2186
1750992601798 0.00025 2187
1750992628486 0.00025 2188
1750992654175 0.00025 2189
1750992679897 0.00025 2190
1750992705638 0.00025 2191
1750992732321 0.00025 2192
1750992758003 0.00025 2193
1750992784827 0.00025 2194
1750992811519 0.00025 2195
1750992837259 0.00025 2196
1750992862980 0.00025 2197
1750992889827 0.00025 2198
1750992915756 0.00025 2199
1750994308776 0.00025 2200
1750994335539 0.00025 2201
1750994362377 0.00025 2202
1750994389049 0.00025 2203
1750994415720 0.00025 2204
1750994442384 0.00025 2205
1750994469104 0.00025 2206
1750994495718 0.00025 2207
1750994522506 0.00025 2208
1750994549321 0.00025 2209
1750994575988 0.00025 2210
1750994602693 0.00025 2211
1750994629307 0.00025 2212
1750994656008 0.00025 2213
1750994682659 0.00025 2214
1750994709363 0.00025 2215
1750994736111 0.00025 2216
1750994762744 0.00025 2217
1750994789550 0.00025 2218
1750994816314 0.00025 2219
1750994843027 0.00025 2220
1750994869729 0.00025 2221
1750994896351 0.00025 2222
1750994923014 0.00025 2223
1750994949694 0.00025 2224
1750994976411 0.00025 2225
1750995003077 0.00025 2226
1750995029772 0.00025 2227
1750995056521 0.00025 2228
1750995083117 0.00025 2229
1750995109833 0.00025 2230
1750995136486 0.00025 2231
1750995163288 0.00025 2232
1750995190036 0.00025 2233
1750995216662 0.00025 2234
1750995243330 0.00025 2235
1750995270085 0.00025 2236
1750995296855 0.00025 2237
1750995323535 0.00025 2238
1750995350306 0.00025 2239
1750996839136 0.00025 2240
1750996865835 0.00025 2241
1750996892559 0.00025 2242
1750996919168 0.00025 2243
1750996945787 0.00025 2244
1750996972518 0.00025 2245
1750996999213 0.00025 2246
1750997025952 0.00025 2247
1750997052638 0.00025 2248
1750997079257 0.00025 2249
1750997105934 0.00025 2250
1750997132579 0.00025 2251
1750997159311 0.00025 2252
1750997185982 0.00025 2253
1750997212563 0.00025 2254
1750997239249 0.00025 2255
1750997265877 0.00025 2256
1750997292483 0.00025 2257
1750997319126 0.00025 2258
1750997345777 0.00025 2259
1750997372526 0.00025 2260
1750997399209 0.00025 2261
1750997425806 0.00025 2262
1750997452456 0.00025 2263
1750997479120 0.00025 2264
1750997505821 0.00025 2265
1750997532575 0.00025 2266
1750997559195 0.00025 2267
1750997585766 0.00025 2268
1750997612406 0.00025 2269
1750997639100 0.00025 2270
1750997665731 0.00025 2271
1750997692359 0.00025 2272
1750997719064 0.00025 2273
1750997745704 0.00025 2274
1750997772352 0.00025 2275
1750997798954 0.00025 2276
1750997825607 0.00025 2277
1750997852347 0.00025 2278
1750997878973 0.00025 2279
1750999405172 0.00025 2280
1750999430528 0.00025 2281
1750999456181 0.00025 2282
1750999481635 0.00025 2283
1750999507047 0.00025 2284
1750999532550 0.00025 2285
1750999557903 0.00025 2286
1750999583318 0.00025 2287
1750999608854 0.00025 2288
1750999634238 0.00025 2289
1750999659758 0.00025 2290
1750999685301 0.00025 2291
1750999710768 0.00025 2292
1750999736108 0.00025 2293
1750999761591 0.00025 2294
1750999787111 0.00025 2295
1750999812541 0.00025 2296
1750999837942 0.00025 2297
1750999863320 0.00025 2298
1750999888681 0.00025 2299
1750999914099 0.00025 2300
1750999939433 0.00025 2301
1750999964900 0.00025 2302
1750999990318 0.00025 2303
1751000015755 0.00025 2304
1751000041208 0.00025 2305
1751000066598 0.00025 2306
1751000091921 0.00025 2307
1751000117433 0.00025 2308
1751000142790 0.00025 2309
1751000168273 0.00025 2310
1751000193888 0.00025 2311
1751000219260 0.00025 2312
1751000244630 0.00025 2313
1751000270076 0.00025 2314
1751000295450 0.00025 2315
1751000321034 0.00025 2316
1751000346459 0.00025 2317
1751000371851 0.00025 2318
1751000397217 0.00025 2319
1751001859226 0.00025 2320
1751001884945 0.00025 2321
1751001910801 0.00025 2322
1751001936525 0.00025 2323
1751001962287 0.00025 2324
1751001988116 0.00025 2325
1751002013757 0.00025 2326
1751002039501 0.00025 2327
1751002065365 0.00025 2328
1751002091197 0.00025 2329
1751002116926 0.00025 2330
1751002142656 0.00025 2331
1751002168476 0.00025 2332
1751002194127 0.00025 2333
1751002219788 0.00025 2334
1751002245479 0.00025 2335
1751002271184 0.00025 2336
1751002296869 0.00025 2337
1751002322566 0.00025 2338
1751002348257 0.00025 2339
1751002373977 0.00025 2340
1751002399696 0.00025 2341
1751002425388 0.00025 2342
1751002451236 0.00025 2343
1751002476943 0.00025 2344
1751002502682 0.00025 2345
1751002528390 0.00025 2346
1751002554280 0.00025 2347
1751002579945 0.00025 2348
1751002605602 0.00025 2349
1751002631290 0.00025 2350
1751002656979 0.00025 2351
1751002682679 0.00025 2352
1751002708372 0.00025 2353
1751002734087 0.00025 2354
1751002759791 0.00025 2355
1751002785442 0.00025 2356
1751002811176 0.00025 2357
1751002836846 0.00025 2358
1751002862537 0.00025 2359
1751004254887 0.00025 2360
1751004281612 0.00025 2361
1751004308328 0.00025 2362
1751004335036 0.00025 2363
1751004361730 0.00025 2364
1751004388354 0.00025 2365
1751004415029 0.00025 2366
1751004441766 0.00025 2367
1751004468364 0.00025 2368
1751004495036 0.00025 2369
1751004521822 0.00025 2370
1751004548491 0.00025 2371
1751004575249 0.00025 2372
1751004602049 0.00025 2373
1751004628818 0.00025 2374
1751004655539 0.00025 2375
1751004682240 0.00025 2376
1751004708943 0.00025 2377
1751004735593 0.00025 2378
1751004762381 0.00025 2379
1751004789020 0.00025 2380
1751004815640 0.00025 2381
1751004842306 0.00025 2382
1751004868919 0.00025 2383
1751004895650 0.00025 2384
1751004922293 0.00025 2385
1751004949023 0.00025 2386
1751004975885 0.00025 2387
1751005002607 0.00025 2388
1751005029355 0.00025 2389
1751005056083 0.00025 2390
1751005082722 0.00025 2391
1751005109516 0.00025 2392
1751005136198 0.00025 2393
1751005162930 0.00025 2394
1751005189662 0.00025 2395
1751005216281 0.00025 2396
1751005242920 0.00025 2397
1751005269703 0.00025 2398
1751005296376 0.00025 2399
1751006723912 0.00025 2400
1751006750707 0.00025 2401
1751006777516 0.00025 2402
1751006804145 0.00025 2403
1751006830983 0.00025 2404
1751006857856 0.00025 2405
1751006884584 0.00025 2406
1751006911240 0.00025 2407
1751006937887 0.00025 2408
1751006964524 0.00025 2409
1751006991154 0.00025 2410
1751007017832 0.00025 2411
1751007044709 0.00025 2412
1751007071423 0.00025 2413
1751007098269 0.00025 2414
1751007125124 0.00025 2415
1751007151809 0.00025 2416
1751007178524 0.00025 2417
1751007205120 0.00025 2418
1751007231808 0.00025 2419
1751007258562 0.00025 2420
1751007285426 0.00025 2421
1751007312141 0.00025 2422
1751007338869 0.00025 2423
1751007365597 0.00025 2424
1751007392281 0.00025 2425
1751007419029 0.00025 2426
1751007445732 0.00025 2427
1751007472601 0.00025 2428
1751007499359 0.00025 2429
1751007525999 0.00025 2430
1751007552630 0.00025 2431
1751007579215 0.00025 2432
1751007605834 0.00025 2433
1751007632443 0.00025 2434
1751007659100 0.00025 2435
1751007685735 0.00025 2436
1751007712523 0.00025 2437
1751007739107 0.00025 2438
1751007765790 0.00025 2439
1751009259417 0.00025 2440
1751009286054 0.00025 2441
1751009312726 0.00025 2442
1751009339357 0.00025 2443
1751009366053 0.00025 2444
1751009392880 0.00025 2445
1751009419468 0.00025 2446
1751009446325 0.00025 2447
1751009472965 0.00025 2448
1751009499668 0.00025 2449
1751009526266 0.00025 2450
1751009552963 0.00025 2451
1751009579564 0.00025 2452
1751009606357 0.00025 2453
1751009632992 0.00025 2454
1751009659666 0.00025 2455
1751009686221 0.00025 2456
1751009712830 0.00025 2457
1751009739606 0.00025 2458
1751009766348 0.00025 2459
1751009792928 0.00025 2460
1751009819734 0.00025 2461
1751009846315 0.00025 2462
1751009872937 0.00025 2463
1751009899553 0.00025 2464
1751009926162 0.00025 2465
1751009952807 0.00025 2466
1751009979487 0.00025 2467
1751010006180 0.00025 2468
1751010032773 0.00025 2469
1751010059409 0.00025 2470
1751010086030 0.00025 2471
1751010112679 0.00025 2472
1751010139246 0.00025 2473
1751010165923 0.00025 2474
1751010192707 0.00025 2475
1751010219329 0.00025 2476
1751010246029 0.00025 2477
1751010273684 0.00025 2478
1751010299052 0.00025 2479
1751011702015 0.00025 2480
1751011727423 0.00025 2481
1751011752849 0.00025 2482
1751011778258 0.00025 2483
1751011803646 0.00025 2484
1751011829156 0.00025 2485
1751011854478 0.00025 2486
1751011880283 0.00025 2487
1751011905681 0.00025 2488
1751011931056 0.00025 2489
1751011956421 0.00025 2490
1751011981937 0.00025 2491
1751012007341 0.00025 2492
1751012033066 0.00025 2493
1751012058450 0.00025 2494
1751012083884 0.00025 2495
1751012109311 0.00025 2496
1751012134737 0.00025 2497
1751012160143 0.00025 2498
1751012185915 0.00025 2499
1751012211683 0.00025 2500
1751012237221 0.00025 2501
1751012262586 0.00025 2502
1751012287970 0.00025 2503
1751012313327 0.00025 2504
1751012339053 0.00025 2505
1751012364735 0.00025 2506
1751012390203 0.00025 2507
1751012415551 0.00025 2508
1751012440938 0.00025 2509
1751012466384 0.00025 2510
1751012492145 0.00025 2511
1751012517857 0.00025 2512
1751012543169 0.00025 2513
1751012568496 0.00025 2514
1751012593888 0.00025 2515
1751012619590 0.00025 2516
1751012645392 0.00025 2517
1751012671142 0.00025 2518
1751012696857 0.00025 2519
1751014079792 0.00025 2520
1751014105684 0.00025 2521
1751014131459 0.00025 2522
1751014157272 0.00025 2523
1751014183011 0.00025 2524
1751014208816 0.00025 2525
1751014234651 0.00025 2526
1751014260349 0.00025 2527
1751014286056 0.00025 2528
1751014311840 0.00025 2529
1751014337630 0.00025 2530
1751014363305 0.00025 2531
1751014389073 0.00025 2532
1751014414850 0.00025 2533
1751014440759 0.00025 2534
1751014466484 0.00025 2535
1751014492185 0.00025 2536
1751014517908 0.00025 2537
1751014543582 0.00025 2538
1751014569386 0.00025 2539
1751014595092 0.00025 2540
1751014620897 0.00025 2541
1751014646760 0.00025 2542
1751014672627 0.00025 2543
1751014698383 0.00025 2544
1751014724082 0.00025 2545
1751014749909 0.00025 2546
1751014775587 0.00025 2547
1751014801367 0.00025 2548
1751014827117 0.00025 2549
1751014852867 0.00025 2550
1751014878774 0.00025 2551
1751014904582 0.00025 2552
1751014930350 0.00025 2553
1751014956266 0.00025 2554
1751014981991 0.00025 2555
1751015007879 0.00025 2556
1751015033694 0.00025 2557
1751015059546 0.00025 2558
1751015085280 0.00025 2559
1751016569908 0.00025 2560
1751016596557 0.00025 2561
1751016623357 0.00025 2562
1751016649982 0.00025 2563
1751016676626 0.00025 2564
1751016703334 0.00025 2565
1751016730048 0.00025 2566
1751016756771 0.00025 2567
1751016783620 0.00025 2568
1751016810455 0.00025 2569
1751016837112 0.00025 2570
1751016863977 0.00025 2571
1751016890620 0.00025 2572
1751016917304 0.00025 2573
1751016944036 0.00025 2574
1751016970698 0.00025 2575
1751016997481 0.00025 2576
1751017024177 0.00025 2577
1751017050926 0.00025 2578
1751017077626 0.00025 2579
1751017104352 0.00025 2580
1751017131044 0.00025 2581
1751017157769 0.00025 2582
1751017184470 0.00025 2583
1751017211086 0.00025 2584
1751017237945 0.00025 2585
1751017264614 0.00025 2586
1751017291295 0.00025 2587
1751017318157 0.00025 2588
1751017344928 0.00025 2589
1751017371780 0.00025 2590
1751017398467 0.00025 2591
1751017425198 0.00025 2592
1751017451895 0.00025 2593
1751017478740 0.00025 2594
1751017505472 0.00025 2595
1751017532141 0.00025 2596
1751017558882 0.00025 2597
1751017585579 0.00025 2598
1751017612247 0.00025 2599
1751019095652 0.00025 2600
1751019122434 0.00025 2601
1751019149074 0.00025 2602
1751019175679 0.00025 2603
1751019202332 0.00025 2604
1751019229017 0.00025 2605
1751019255659 0.00025 2606
1751019282304 0.00025 2607
1751019309073 0.00025 2608
1751019335743 0.00025 2609
1751019362556 0.00025 2610
1751019389203 0.00025 2611
1751019415919 0.00025 2612
1751019442531 0.00025 2613
1751019469280 0.00025 2614
1751019496148 0.00025 2615
1751019522768 0.00025 2616
1751019549435 0.00025 2617
1751019576182 0.00025 2618
1751019602862 0.00025 2619
1751019629566 0.00025 2620
1751019656227 0.00025 2621
1751019683055 0.00025 2622
1751019709673 0.00025 2623
1751019736263 0.00025 2624
1751019762923 0.00025 2625
1751019789615 0.00025 2626
1751019816311 0.00025 2627
1751019843133 0.00025 2628
1751019869725 0.00025 2629
1751019896511 0.00025 2630
1751019923190 0.00025 2631
1751019949895 0.00025 2632
1751019976600 0.00025 2633
1751020003373 0.00025 2634
1751020030092 0.00025 2635
1751020056807 0.00025 2636
1751020083474 0.00025 2637
1751020110142 0.00025 2638
1751020136893 0.00025 2639
1751021691997 0.00025 2640
1751021718617 0.00025 2641
1751021745357 0.00025 2642
1751021772000 0.00025 2643
1751021798592 0.00025 2644
1751021825243 0.00025 2645
1751021851969 0.00025 2646
1751021878682 0.00025 2647
1751021905417 0.00025 2648
1751021932040 0.00025 2649
1751021958733 0.00025 2650
1751021985417 0.00025 2651
1751022012401 0.00025 2652
1751022037823 0.00025 2653
1751022063191 0.00025 2654
1751022088572 0.00025 2655
1751022113933 0.00025 2656
1751022139368 0.00025 2657
1751022164828 0.00025 2658
1751022190218 0.00025 2659
1751022215847 0.00025 2660
1751022241246 0.00025 2661
1751022266622 0.00025 2662
1751022292053 0.00025 2663
1751022317489 0.00025 2664
1751022342860 0.00025 2665
1751022368310 0.00025 2666
1751022393868 0.00025 2667
1751022419287 0.00025 2668
1751022444594 0.00025 2669
1751022469981 0.00025 2670
1751022495424 0.00025 2671
1751022520972 0.00025 2672
1751022546398 0.00025 2673
1751022571796 0.00025 2674
1751022597195 0.00025 2675
1751022622571 0.00025 2676
1751022648012 0.00025 2677
1751022673594 0.00025 2678
1751022699010 0.00025 2679
1751024192142 0.00025 2680
1751024217844 0.00025 2681
1751024243606 0.00025 2682
1751024269386 0.00025 2683
1751024294753 0.00025 2684
1751024320513 0.00025 2685
1751024346235 0.00025 2686
1751024372043 0.00025 2687
1751024397848 0.00025 2688
1751024423611 0.00025 2689
1751024449018 0.00025 2690
1751024474783 0.00025 2691
1751024500501 0.00025 2692
1751024526257 0.00025 2693
1751024551993 0.00025 2694
1751024577776 0.00025 2695
1751024603208 0.00025 2696
1751024629012 0.00025 2697
1751024654765 0.00025 2698
1751024680503 0.00025 2699
1751024706300 0.00025 2700
1751024732113 0.00025 2701
1751024757497 0.00025 2702
1751024783322 0.00025 2703
1751024809053 0.00025 2704
1751024834767 0.00025 2705
1751024860575 0.00025 2706
1751024886401 0.00025 2707
1751024912192 0.00025 2708
1751024938112 0.00025 2709
1751024963870 0.00025 2710
1751024989632 0.00025 2711
1751025015389 0.00025 2712
1751025041130 0.00025 2713
1751025066886 0.00025 2714
1751025092587 0.00025 2715
1751025118339 0.00025 2716
1751025144183 0.00025 2717
1751025169929 0.00025 2718
1751025195713 0.00025 2719
1751026599554 0.00025 2720
1751026625364 0.00025 2721
1751026651248 0.00025 2722
1751026677016 0.00025 2723
1751026702727 0.00025 2724
1751026728461 0.00025 2725
1751026754160 0.00025 2726
1751026780012 0.00025 2727
1751026806858 0.00025 2728
1751026832724 0.00025 2729
1751026858474 0.00025 2730
1751026884173 0.00025 2731
1751026909873 0.00025 2732
1751026935704 0.00025 2733
1751026962471 0.00025 2734
1751026988247 0.00025 2735
1751027014922 0.00025 2736
1751027040632 0.00025 2737
1751027066502 0.00025 2738
1751027092288 0.00025 2739
1751027119105 0.00025 2740
1751027144911 0.00025 2741
1751027171821 0.00025 2742
1751027197738 0.00025 2743
1751027223562 0.00025 2744
1751027249402 0.00025 2745
1751027276169 0.00025 2746
1751027301865 0.00025 2747
1751027328595 0.00025 2748
1751027354298 0.00025 2749
1751027380090 0.00025 2750
1751027405935 0.00025 2751
1751027432666 0.00025 2752
1751027458447 0.00025 2753
1751027485177 0.00025 2754
1751027510880 0.00025 2755
1751027537669 0.00025 2756
1751027563451 0.00025 2757
1751027590155 0.00025 2758
1751027616022 0.00025 2759
1751029118154 0.00025 2760
1751029144964 0.00025 2761
1751029171781 0.00025 2762
1751029198501 0.00025 2763
1751029225172 0.00025 2764
1751029251931 0.00025 2765
1751029278770 0.00025 2766
1751029305591 0.00025 2767
1751029332294 0.00025 2768
1751029359023 0.00025 2769
1751029385781 0.00025 2770
1751029412460 0.00025 2771
1751029439206 0.00025 2772
1751029465940 0.00025 2773
1751029492718 0.00025 2774
1751029519565 0.00025 2775
1751029546281 0.00025 2776
1751029573079 0.00025 2777
1751029599936 0.00025 2778
1751029626791 0.00025 2779
1751029653547 0.00025 2780
1751029680373 0.00025 2781
1751029707086 0.00025 2782
1751029733924 0.00025 2783
1751029760649 0.00025 2784
1751029787371 0.00025 2785
1751029814015 0.00025 2786
1751029840784 0.00025 2787
1751029867509 0.00025 2788
1751029894203 0.00025 2789
1751029920932 0.00025 2790
1751029947715 0.00025 2791
1751029974641 0.00025 2792
1751030001388 0.00025 2793
1751030028107 0.00025 2794
1751030054825 0.00025 2795
1751030081519 0.00025 2796
1751030108388 0.00025 2797
1751030135190 0.00025 2798
1751030161863 0.00025 2799
1751031654320 0.00025 2800
1751031681013 0.00025 2801
1751031707722 0.00025 2802
1751031734489 0.00025 2803
1751031761216 0.00025 2804
1751031787893 0.00025 2805
1751031814603 0.00025 2806
1751031841336 0.00025 2807
1751031868173 0.00025 2808
1751031894875 0.00025 2809
1751031921597 0.00025 2810
1751031948327 0.00025 2811
1751031975002 0.00025 2812
1751032001717 0.00025 2813
1751032028385 0.00025 2814
1751032055094 0.00025 2815
1751032081855 0.00025 2816
1751032108585 0.00025 2817
1751032135291 0.00025 2818
1751032162101 0.00025 2819
1751032188836 0.00025 2820
1751032215634 0.00025 2821
1751032242364 0.00025 2822
1751032269057 0.00025 2823
1751032295946 0.00025 2824
1751032322683 0.00025 2825
1751032349325 0.00025 2826
1751032376175 0.00025 2827
1751032402917 0.00025 2828
1751032429569 0.00025 2829
1751032456281 0.00025 2830
1751032483175 0.00025 2831
1751032509941 0.00025 2832
1751032536709 0.00025 2833
1751032563584 0.00025 2834
1751032590294 0.00025 2835
1751032617057 0.00025 2836
1751032643754 0.00025 2837
1751032670513 0.00025 2838
1751032697326 0.00025 2839
1751034141472 0.00025 2840
1751034166849 0.00025 2841
1751034192268 0.00025 2842
1751034217697 0.00025 2843
1751034243100 0.00025 2844
1751034268538 0.00025 2845
1751034294064 0.00025 2846
1751034319455 0.00025 2847
1751034344834 0.00025 2848
1751034370226 0.00025 2849
1751034395596 0.00025 2850
1751034420974 0.00025 2851
1751034446395 0.00025 2852
1751034471793 0.00025 2853
1751034497198 0.00025 2854
1751034522540 0.00025 2855
1751034547958 0.00025 2856
