1750862876027 0.001 0
1750862901865 0.001 1
1750862927505 0.001 2
1750862953184 0.001 3
1750862978842 0.001 4
1750863004338 0.001 5
1750863030100 0.001 6
1750863055937 0.001 7
1750863081575 0.001 8
1750863107338 0.001 9
1750863133185 0.001 10
1750863158806 0.001 11
1750863184439 0.001 12
1750863210091 0.001 13
1750863235879 0.001 14
1750863261733 0.001 15
1750863287477 0.001 16
1750863313158 0.001 17
1750863338766 0.001 18
1750863364605 0.001 19
1750863390232 0.001 20
1750863415921 0.001 21
1750863441567 0.001 22
1750863467312 0.001 23
1750863492996 0.001 24
1750863518634 0.001 25
1750863544251 0.001 26
1750863570010 0.001 27
1750863595747 0.001 28
1750863621547 0.001 29
1750863647163 0.001 30
1750863672841 0.001 31
1750863698661 0.001 32
1750863724299 0.001 33
1750863750007 0.001 34
1750863775654 0.001 35
1750863801309 0.001 36
1750863826964 0.001 37
1750863852686 0.001 38
1750863878378 0.001 39
1750865070404 0.001 40
1750865097055 0.001 41
1750865123784 0.001 42
1750865150416 0.001 43
1750865176061 0.001 44
1750865202766 0.001 45
1750865229448 0.001 46
1750865256113 0.001 47
1750865282922 0.001 48
1750865309548 0.001 49
1750865336171 0.001 50
1750865362773 0.001 51
1750865389455 0.001 52
1750865416088 0.001 53
1750865442722 0.001 54
1750865469559 0.001 55
1750865496189 0.001 56
1750865522960 0.001 57
1750865549611 0.001 58
1750865576357 0.001 59
1750865603001 0.001 60
1750865629746 0.001 61
1750865656454 0.001 62
1750865683045 0.001 63
1750865709704 0.001 64
1750865736403 0.001 65
1750865763103 0.001 66
1750865789676 0.001 67
1750865816356 0.001 68
1750865843039 0.001 69
1750865869810 0.001 70
1750865896428 0.001 71
1750865923066 0.001 72
1750865949923 0.001 73
1750865976687 0.001 74
1750866003391 0.001 75
1750866030066 0.001 76
1750866056844 0.001 77
1750866083438 0.001 78
1750866110126 0.001 79
1750867498466 0.001 80
1750867525064 0.001 81
1750867551854 0.001 82
1750867578403 0.001 83
1750867605044 0.001 84
1750867631632 0.001 85
1750867658320 0.001 86
1750867684884 0.001 87
1750867711542 0.001 88
1750867738245 0.001 89
1750867764863 0.001 90
1750867791460 0.001 91
1750867818062 0.001 92
1750867844662 0.001 93
1750867871455 0.001 94
1750867898057 0.001 95
1750867924798 0.001 96
1750867951451 0.001 97
1750867978039 0.001 98
1750868004665 0.001 99
1750868031288 0.001 100
1750868057938 0.001 101
1750868084588 0.001 102
1750868111213 0.001 103
1750868137786 0.001 104
1750868164364 0.001 105
1750868190947 0.001 106
1750868217604 0.001 107
1750868244352 0.001 108
1750868270867 0.001 109
1750868297433 0.001 110
1750868324116 0.001 111
1750868350704 0.001 112
1750868377265 0.001 113
1750868403826 0.001 114
1750868430409 0.001 115
1750868456987 0.001 116
1750868483552 0.001 117
1750868510312 0.001 118
1750868537077 0.001 119
1750869937308 0.001 120
1750869963914 0.001 121
1750869990404 0.001 122
1750870016949 0.001 123
1750870043552 0.001 124
1750870070149 0.001 125
1750870096824 0.001 126
1750870123535 0.001 127
1750870150148 0.001 128
1750870176951 0.001 129
1750870203496 0.001 130
1750870230110 0.001 131
1750870256697 0.001 132
1750870283332 0.001 133
1750870309866 0.001 134
1750870336514 0.001 135
1750870363084 0.001 136
1750870389724 0.001 137
1750870416457 0.001 138
1750870443078 0.001 139
1750870469710 0.001 140
1750870496441 0.001 141
1750870523028 0.0005 142
1750870549822 0.0005 143
1750870576398 0.0005 144
1750870602968 0.0005 145
1750870629608 0.0005 146
1750870656248 0.0005 147
1750870682939 0.0005 148
1750870709571 0.0005 149
1750870736127 0.0005 150
1750870762717 0.0005 151
1750870789270 0.0005 152
1750870815862 0.0005 153
1750870842421 0.0005 154
1750870869140 0.0005 155
1750870895828 0.0005 156
1750870922417 0.0005 157
1750870948972 0.0005 158
1750870975604 0.0005 159
1750872339887 0.001 160
1750872365269 0.001 161
1750872390607 0.001 162
1750872415959 0.001 163
1750872441292 0.001 164
1750872466625 0.001 165
1750872492021 0.001 166
1750872517476 0.001 167
1750872542947 0.001 168
1750872568286 0.001 169
1750872593576 0.001 170
1750872618981 0.001 171
1750872644359 0.001 172
1750872669768 0.001 173
1750872695044 0.001 174
1750872720414 0.001 175
1750872745844 0.001 176
1750872771221 0.001 177
1750872796684 0.001 178
1750872822011 0.001 179
1750872847473 0.001 180
1750872872907 0.001 181
1750872898320 0.001 182
1750872923692 0.001 183
1750872949034 0.001 184
1750872974416 0.001 185
1750872999879 0.001 186
1750873025135 0.001 187
1750873050538 0.001 188
1750873076065 0.001 189
1750873101439 0.001 190
1750873126780 0.001 191
1750873152274 0.001 192
1750873177628 0.001 193
1750873202968 0.001 194
1750873228727 0.001 195
1750873254190 0.001 196
1750873279669 0.001 197
1750873305141 0.001 198
1750873330509 0.001 199
1750874670403 0.001 200
1750874696154 0.001 201
1750874721833 0.001 202
1750874747561 0.001 203
1750874773290 0.001 204
1750874799004 0.001 205
1750874824751 0.001 206
1750874850566 0.001 207
1750874876203 0.001 208
1750874901838 0.001 209
1750874927499 0.001 210
1750874953141 0.001 211
1750874978809 0.001 212
1750875004419 0.001 213
1750875030159 0.001 214
1750875055823 0.001 215
1750875081450 0.001 216
1750875107179 0.001 217
1750875132905 0.001 218
1750875158661 0.001 219
1750875184384 0.001 220
1750875210080 0.0005 221
1750875235792 0.0005 222
1750875261550 0.0005 223
1750875287182 0.0005 224
1750875312772 0.0005 225
1750875338486 0.0005 226
1750875364116 0.0005 227
1750875389808 0.0005 228
1750875415520 0.0005 229
1750875441186 0.0005 230
1750875466989 0.0005 231
1750875492732 0.0005 232
1750875518425 0.0005 233
1750875544205 0.0005 234
1750875569921 0.0005 235
1750875595596 0.0005 236
1750875621255 0.0005 237
1750875646916 0.0005 238
1750875672602 0.0005 239
1750877031008 0.001 240
1750877057862 0.001 241
1750877084570 0.001 242
1750877111200 0.001 243
1750877137806 0.001 244
1750877164448 0.001 245
1750877191231 0.001 246
1750877217955 0.001 247
1750877244617 0.001 248
1750877271418 0.001 249
1750877298022 0.001 250
1750877324716 0.001 251
1750877351488 0.001 252
1750877378214 0.001 253
1750877404899 0.001 254
1750877431595 0.001 255
1750877458361 0.001 256
1750877485163 0.001 257
1750877511922 0.001 258
1750877538799 0.0005 259
1750877565580 0.0005 260
1750877592329 0.0005 261
1750877618970 0.0005 262
1750877645762 0.0005 263
1750877672548 0.0005 264
1750877699180 0.0005 265
1750877725806 0.0005 266
1750877752550 0.0005 267
1750877779218 0.0005 268
1750877805913 0.0005 269
1750877832529 0.0005 270
1750877859121 0.0005 271
1750877885822 0.0005 272
1750877912447 0.0005 273
1750877939242 0.0005 274
1750877965964 0.0005 275
1750877992710 0.0005 276
1750878019388 0.0005 277
1750878046006 0.0005 278
1750878072852 0.00025 279
1750879462149 0.001 280
1750879488922 0.001 281
1750879515570 0.001 282
1750879542171 0.001 283
1750879568815 0.001 284
1750879595446 0.001 285
1750879622151 0.001 286
1750879648846 0.001 287
1750879675529 0.001 288
1750879702216 0.001 289
1750879728814 0.001 290
1750879755383 0.001 291
1750879781981 0.001 292
1750879808578 0.001 293
1750879835201 0.001 294
1750879861797 0.001 295
1750879888501 0.001 296
1750879915298 0.001 297
1750879942114 0.001 298
1750879968709 0.001 299
1750879995264 0.001 300
1750880021807 0.0005 301
1750880048393 0.0005 302
1750880075009 0.0005 303
1750880101615 0.0005 304
1750880128260 0.0005 305
1750880154869 0.0005 306
1750880181449 0.0005 307
1750880208023 0.0005 308
1750880234594 0.0005 309
1750880261379 0.0005 310
1750880288019 0.0005 311
1750880314808 0.0005 312
1750880341505 0.0005 313
1750880368236 0.0005 314
1750880394824 0.0005 315
1750880421440 0.0005 316
1750880448136 0.0005 317
1750880474703 0.0005 318
1750880501337 0.0005 319
1750881904344 0.001 320
1750881930903 0.001 321
1750881957555 0.001 322
1750881984092 0.001 323
1750882010761 0.001 324
1750882037339 0.001 325
1750882063914 0.001 326
1750882090471 0.001 327
1750882117034 0.001 328
1750882143628 0.001 329
1750882170267 0.001 330
1750882196868 0.001 331
1750882223382 0.001 332
1750882250007 0.001 333
1750882276640 0.001 334
1750882303176 0.001 335
1750882329685 0.001 336
1750882356383 0.001 337
1750882383002 0.001 338
1750882409570 0.001 339
1750882436116 0.001 340
1750882462705 0.0005 341
1750882489359 0.0005 342
1750882515963 0.0005 343
1750882542593 0.0005 344
1750882569201 0.0005 345
1750882595858 0.0005 346
1750882622450 0.0005 347
1750882648995 0.0005 348
1750882675597 0.0005 349
1750882702369 0.0005 350
1750882728959 0.0005 351
1750882755654 0.0005 352
1750882782195 0.0005 353
1750882808878 0.0005 354
1750882835454 0.0005 355
1750882862052 0.0005 356
1750882888599 0.0005 357
1750882915286 0.0005 358
1750882941896 0.0005 359
1750884277533 0.001 360
1750884302959 0.001 361
1750884328298 0.001 362
1750884353672 0.001 363
1750884379092 0.001 364
1750884404367 0.001 365
1750884429676 0.001 366
1750884455075 0.001 367
1750884480387 0.001 368
1750884505698 0.001 369
1750884531031 0.001 370
1750884556378 0.001 371
1750884581664 0.001 372
1750884606987 0.001 373
1750884632375 0.001 374
1750884658173 0.001 375
1750884683492 0.001 376
1750884708821 0.001 377
1750884734110 0.001 378
1750884759488 0.001 379
1750884784858 0.001 380
1750884810501 0.001 381
1750884835975 0.001 382
1750884861449 0.001 383
1750884886847 0.001 384
1750884912235 0.001 385
1750884937509 0.001 386
1750884963175 0.0005 387
1750884988763 0.0005 388
1750885014112 0.0005 389
1750885039491 0.0005 390
1750885064899 0.0005 391
1750885090210 0.0005 392
1750885116029 0.0005 393
1750885141770 0.0005 394
1750885167115 0.0005 395
1750885192445 0.0005 396
1750885217776 0.0005 397
1750885243105 0.0005 398
1750885268699 0.00025 399
1750886629489 0.001 400
1750886655101 0.001 401
1750886680760 0.001 402
1750886706416 0.001 403
1750886732184 0.001 404
1750886757844 0.001 405
1750886783667 0.001 406
1750886809276 0.001 407
1750886835150 0.001 408
1750886860887 0.001 409
1750886886556 0.001 410
1750886912192 0.0005 411
1750886937837 0.0005 412
1750886963544 0.0005 413
1750886989222 0.0005 414
1750887014958 0.0005 415
1750887040681 0.0005 416
1750887066299 0.0005 417
1750887091984 0.0005 418
1750887117561 0.0005 419
1750887143248 0.0005 420
1750887169015 0.0005 421
1750887194737 0.0005 422
1750887220365 0.0005 423
1750887246174 0.0005 424
1750887271924 0.0005 425
1750887297606 0.0005 426
1750887323267 0.0005 427
1750887348969 0.0005 428
1750887374607 0.0005 429
1750887400317 0.0005 430
1750887425982 0.0005 431
1750887451708 0.0005 432
1750887477298 0.0005 433
1750887503145 0.0005 434
1750887528890 0.0005 435
1750887554540 0.0005 436
1750887580166 0.0005 437
1750887605876 0.0005 438
1750887631486 0.00025 439
1750889030494 0.001 440
1750889057114 0.001 441
1750889083725 0.001 442
1750889110519 0.001 443
1750889137153 0.001 444
1750889163778 0.001 445
1750889190481 0.001 446
1750889217058 0.001 447
1750889243686 0.001 448
1750889270289 0.001 449
1750889296927 0.001 450
1750889323523 0.001 451
1750889350159 0.001 452
1750889376806 0.001 453
1750889403431 0.001 454
1750889430256 0.001 455
1750889456896 0.001 456
1750889483549 0.001 457
1750889510194 0.001 458
1750889536818 0.001 459
1750889563390 0.001 460
1750889590000 0.001 461
1750889616644 0.001 462
1750889643259 0.001 463
1750889669838 0.001 464
1750889696447 0.001 465
1750889723263 0.001 466
1750889749837 0.001 467
1750889776486 0.001 468
1750889803236 0.0005 469
1750889829903 0.0005 470
1750889856641 0.0005 471
1750889883377 0.0005 472
1750889910095 0.0005 473
1750889936641 0.0005 474
1750889963238 0.0005 475
1750889989898 0.0005 476
1750890016559 0.0005 477
1750890043148 0.0005 478
1750890069781 0.0005 479
1750891481360 0.001 480
1750891508128 0.001 481
1750891534698 0.001 482
1750891561256 0.001 483
1750891587799 0.001 484
1750891614494 0.001 485
1750891641126 0.001 486
1750891667745 0.001 487
1750891694398 0.001 488
1750891721170 0.001 489
1750891747742 0.001 490
1750891774388 0.001 491
1750891801003 0.001 492
1750891827646 0.001 493
1750891854373 0.001 494
1750891880956 0.001 495
1750891907612 0.001 496
1750891934246 0.001 497
1750891960843 0.0005 498
1750891987492 0.0005 499
1750892014110 0.0005 500
1750892040824 0.0005 501
1750892067485 0.0005 502
1750892094220 0.0005 503
1750892120938 0.0005 504
1750892147547 0.0005 505
1750892174297 0.0005 506
1750892200853 0.0005 507
1750892227573 0.0005 508
1750892254336 0.0005 509
1750892280952 0.0005 510
1750892307590 0.0005 511
1750892334384 0.0005 512
1750892360998 0.0005 513
1750892387603 0.0005 514
1750892414265 0.0005 515
1750892441080 0.00025 516
1750892467718 0.00025 517
1750892494423 0.00025 518
1750892520996 0.00025 519
1750893923230 0.001 520
1750893949712 0.001 521
1750893976284 0.001 522
1750894002904 0.001 523
1750894029452 0.001 524
1750894056045 0.001 525
1750894082647 0.001 526
1750894109187 0.001 527
1750894135900 0.001 528
1750894162478 0.001 529
1750894189072 0.001 530
1750894215654 0.001 531
1750894242214 0.001 532
1750894268823 0.001 533
1750894295385 0.001 534
1750894322086 0.001 535
1750894348886 0.001 536
1750894374190 0.001 537
1750894399524 0.001 538
1750894424816 0.001 539
1750894450153 0.001 540
1750894475602 0.0005 541
1750894501070 0.0005 542
1750894526524 0.0005 543
1750894551963 0.0005 544
1750894577325 0.0005 545
1750894602848 0.0005 546
1750894628353 0.0005 547
1750894653715 0.0005 548
1750894679055 0.0005 549
1750894704371 0.0005 550
1750894729802 0.0005 551
1750894755152 0.0005 552
1750894780509 0.0005 553
1750894805844 0.0005 554
1750894831224 0.0005 555
1750894856601 0.0005 556
1750894881932 0.0005 557
1750894907262 0.0005 558
1750894932617 0.0005 559
1750896264985 0.001 560
1750896290431 0.001 561
1750896315860 0.001 562
1750896341227 0.001 563
1750896366611 0.001 564
1750896391941 0.001 565
1750896417731 0.001 566
1750896443469 0.001 567
1750896468846 0.001 568
1750896494234 0.001 569
1750896519601 0.001 570
1750896545065 0.001 571
1750896570781 0.001 572
1750896596497 0.001 573
1750896622011 0.001 574
1750896647456 0.001 575
1750896672828 0.001 576
1750896698313 0.001 577
1750896724061 0.001 578
1750896749834 0.001 579
1750896775310 0.001 580
1750896800727 0.001 581
1750896826487 0.001 582
1750896852278 0.001 583
1750896878045 0.0005 584
1750896903932 0.0005 585
1750896929685 0.0005 586
1750896955020 0.0005 587
1750896980882 0.0005 588
1750897006595 0.0005 589
1750897032314 0.0005 590
1750897058028 0.0005 591
1750897083921 0.0005 592
1750897109285 0.0005 593
1750897135034 0.0005 594
1750897160763 0.0005 595
1750897186662 0.0005 596
1750897212414 0.0005 597
1750897238218 0.0005 598
1750897264042 0.0005 599
1750898610729 0.001 600
1750898636406 0.001 601
1750898662164 0.001 602
1750898687920 0.001 603
1750898713757 0.001 604
1750898739414 0.001 605
1750898765108 0.001 606
1750898790970 0.001 607
1750898816708 0.001 608
1750898842393 0.001 609
1750898868085 0.001 610
1750898893862 0.001 611
1750898919654 0.001 612
1750898945393 0.001 613
1750898971163 0.001 614
1750898996881 0.001 615
1750899022770 0.0005 616
1750899048389 0.0005 617
1750899074201 0.0005 618
1750899099946 0.0005 619
1750899125568 0.0005 620
1750899152323 0.0005 621
1750899178215 0.0005 622
1750899203860 0.0005 623
1750899229705 0.00025 624
1750899255485 0.00025 625
1750899281180 0.00025 626
1750899307822 0.00025 627
1750899333459 0.00025 628
1750899359550 0.00025 629
1750899385252 0.00025 630
1750899411045 0.00025 631
1750899436865 0.00025 632
1750899463538 0.00025 633
1750899489384 0.00025 634
1750899516053 0.00025 635
1750899542799 0.00025 636
1750899568629 0.00025 637
1750899594493 0.000125 638
1750899621165 0.000125 639
1750901012326 0.001 640
1750901039016 0.001 641
1750901065709 0.001 642
1750901092464 0.001 643
1750901119142 0.001 644
1750901145821 0.001 645
1750901172594 0.001 646
1750901199332 0.001 647
1750901226114 0.001 648
1750901252830 0.001 649
1750901279496 0.001 650
1750901306135 0.001 651
1750901332778 0.001 652
1750901359481 0.001 653
1750901386193 0.001 654
1750901412932 0.001 655
1750901439625 0.0005 656
1750901466222 0.0005 657
1750901492841 0.0005 658
1750901519532 0.0005 659
1750901546321 0.0005 660
1750901572926 0.0005 661
1750901599562 0.0005 662
1750901626308 0.0005 663
1750901653084 0.0005 664
1750901679790 0.0005 665
1750901706464 0.0005 666
1750901733118 0.0005 667
1750901759793 0.0005 668
1750901786418 0.0005 669
1750901813026 0.0005 670
1750901839816 0.0005 671
1750901866466 0.0005 672
1750901893079 0.0005 673
1750901919798 0.0005 674
1750901946387 0.0005 675
1750901973024 0.0005 676
1750901999739 0.00025 677
1750902026375 0.00025 678
1750902053021 0.00025 679
1750903486333 0.001 680
1750903512964 0.001 681
1750903539600 0.001 682
1750903566306 0.001 683
1750903592908 0.001 684
1750903619514 0.001 685
1750903646110 0.001 686
1750903672784 0.001 687
1750903699547 0.001 688
1750903726276 0.001 689
1750903753065 0.001 690
1750903779791 0.001 691
1750903806458 0.001 692
1750903833111 0.001 693
1750903859741 0.001 694
1750903886516 0.0005 695
1750903913269 0.0005 696
1750903939984 0.0005 697
1750903966595 0.0005 698
1750903993215 0.0005 699
1750904019833 0.0005 700
1750904046617 0.0005 701
1750904073236 0.0005 702
1750904099843 0.0005 703
1750904126456 0.0005 704
1750904153127 0.00025 705
1750904179725 0.00025 706
1750904206409 0.00025 707
1750904232993 0.00025 708
1750904259566 0.00025 709
1750904286234 0.00025 710
1750904313043 0.00025 711
1750904339839 0.00025 712
1750904366517 0.00025 713
1750904393276 0.00025 714
1750904419932 0.00025 715
1750904446727 0.00025 716
1750904473417 0.000125 717
1750904500138 0.000125 718
1750904526732 0.000125 719
1750905947315 0.001 720
1750905974857 0.001 721
1750906000209 0.001 722
1750906025600 0.001 723
1750906050950 0.001 724
1750906076487 0.001 725
1750906101997 0.001 726
1750906127379 0.001 727
1750906152852 0.001 728
1750906178163 0.001 729
1750906203693 0.001 730
1750906229122 0.001 731
1750906254426 0.001 732
1750906279812 0.0005 733
1750906305253 0.0005 734
1750906330539 0.0005 735
1750906355845 0.0005 736
1750906381305 0.0005 737
1750906406675 0.0005 738
1750906432117 0.0005 739
1750906457441 0.0005 740
1750906482936 0.0005 741
1750906508295 0.0005 742
1750906533607 0.0005 743
1750906558915 0.0005 744
1750906584272 0.0005 745
1750906609607 0.0005 746
1750906635034 0.00025 747
1750906660520 0.00025 748
1750906685885 0.00025 749
1750906711215 0.00025 750
1750906736677 0.00025 751
1750906762047 0.00025 752
1750906787462 0.00025 753
1750906812867 0.00025 754
1750906838298 0.00025 755
1750906863695 0.00025 756
1750906889100 0.00025 757
1750906914485 0.00025 758
1750906939825 0.00025 759
1750908288480 0.001 760
1750908313868 0.001 761
1750908339689 0.001 762
1750908365459 0.001 763
1750908390905 0.001 764
1750908416365 0.001 765
1750908441873 0.001 766
1750908467236 0.001 767
1750908493001 0.001 768
1750908518676 0.001 769
1750908544014 0.001 770
1750908569345 0.0005 771
1750908594957 0.0005 772
1750908620750 0.0005 773
1750908646480 0.0005 774
1750908672262 0.0005 775
1750908697699 0.0005 776
1750908723166 0.0005 777
1750908748961 0.0005 778
1750908774734 0.0005 779
1750908800508 0.0005 780
1750908826182 0.0005 781
1750908851814 0.0005 782
1750908877132 0.0005 783
1750908902842 0.0005 784
1750908928685 0.0005 785
1750908954443 0.0005 786
1750908980242 0.0005 787
1750909005921 0.0005 788
1750909031236 0.0005 789
1750909056933 0.0005 790
1750909082606 0.0005 791
1750909108249 0.0005 792
1750909134081 0.0005 793
1750909159824 0.0005 794
1750909185553 0.00025 795
1750909211237 0.00025 796
1750909236914 0.00025 797
1750909262649 0.00025 798
1750909288431 0.00025 799
1750910653708 0.001 800
1750910679536 0.001 801
1750910705207 0.001 802
1750910731032 0.001 803
1750910757694 0.001 804
1750910783425 0.001 805
1750910809241 0.001 806
1750910834997 0.001 807
1750910860740 0.001 808
1750910886356 0.001 809
1750910913088 0.001 810
1750910938881 0.001 811
1750910964671 0.001 812
1750910990423 0.001 813
1750911016102 0.001 814
1750911041788 0.001 815
1750911068459 0.001 816
1750911094099 0.001 817
1750911120798 0.0005 818
1750911146444 0.0005 819
1750911172094 0.0005 820
1750911197837 0.0005 821
1750911224591 0.0005 822
1750911250352 0.0005 823
1750911277029 0.0005 824
1750911303684 0.0005 825
1750911329343 0.0005 826
1750911355024 0.00025 827
1750911381690 0.00025 828
1750911407428 0.00025 829
1750911434061 0.00025 830
1750911460683 0.00025 831
1750911487456 0.00025 832
1750911513175 0.00025 833
1750911539991 0.00025 834
1750911565843 0.00025 835
1750911592586 0.00025 836
1750911619271 0.00025 837
1750911645957 0.00025 838
1750911672221 0.00025 839
1750913062514 0.001 840
1750913089266 0.001 841
1750913115901 0.001 842
1750913142548 0.001 843
1750913169307 0.001 844
1750913195969 0.001 845
1750913222690 0.001 846
1750913249548 0.001 847
1750913276206 0.001 848
1750913302876 0.001 849
1750913329655 0.0005 850
1750913356343 0.0005 851
1750913382984 0.0005 852
1750913409674 0.0005 853
1750913436464 0.0005 854
1750913463047 0.0005 855
1750913489717 0.0005 856
1750913516411 0.0005 857
1750913543171 0.0005 858
1750913569839 0.0005 859
1750913596535 0.0005 860
1750913623296 0.0005 861
1750913650023 0.0005 862
1750913676669 0.0005 863
1750913703371 0.0005 864
1750913730146 0.0005 865
1750913756850 0.0005 866
1750913783517 0.0005 867
1750913810152 0.0005 868
1750913836932 0.0005 869
1750913863526 0.0005 870
1750913890242 0.0005 871
1750913916813 0.0005 872
1750913943471 0.00025 873
1750913970103 0.00025 874
1750913996766 0.00025 875
1750914023376 0.00025 876
1750914050004 0.00025 877
1750914076736 0.00025 878
1750914103551 0.00025 879
1750915518070 0.001 880
1750915544778 0.001 881
1750915571410 0.001 882
1750915598055 0.001 883
1750915624660 0.001 884
1750915651333 0.001 885
1750915677998 0.001 886
1750915704794 0.001 887
1750915731472 0.001 888
1750915758179 0.001 889
1750915784727 0.001 890
1750915811494 0.0005 891
1750915838169 0.0005 892
1750915864846 0.0005 893
1750915891432 0.0005 894
1750915918119 0.0005 895
1750915944677 0.0005 896
1750915971364 0.0005 897
1750915997964 0.0005 898
1750916024575 0.0005 899
1750916051314 0.0005 900
1750916077908 0.0005 901
1750916104525 0.0005 902
1750916131114 0.00025 903
1750916157749 0.00025 904
1750916184381 0.00025 905
1750916210986 0.00025 906
1750916237620 0.00025 907
1750916264219 0.00025 908
1750916290977 0.00025 909
1750916317717 0.00025 910
1750916344397 0.00025 911
1750916371146 0.00025 912
1750916397762 0.00025 913
1750916424557 0.00025 914
1750916451295 0.00025 915
1750916478038 0.000125 916
1750916504643 0.000125 917
1750916531295 0.000125 918
1750916558022 0.000125 919
1750917961373 0.001 920
1750917986833 0.001 921
1750918012186 0.001 922
1750918037604 0.001 923
1750918063064 0.001 924
1750918088462 0.001 925
1750918113903 0.001 926
1750918139456 0.001 927
1750918164841 0.001 928
1750918190280 0.001 929
1750918215739 0.001 930
1750918241088 0.001 931
1750918266564 0.001 932
1750918291929 0.001 933
1750918317409 0.001 934
1750918342726 0.0005 935
1750918368140 0.0005 936
1750918393491 0.0005 937
1750918418873 0.0005 938
1750918444207 0.0005 939
1750918469728 0.0005 940
1750918495201 0.0005 941
1750918520591 0.0005 942
1750918545936 0.0005 943
1750918571274 0.0005 944
1750918596579 0.0005 945
1750918621986 0.0005 946
1750918647330 0.0005 947
1750918672758 0.0005 948
1750918698132 0.00025 949
1750918723499 0.00025 950
1750918748823 0.00025 951
1750918774140 0.00025 952
1750918799573 0.00025 953
1750918824951 0.00025 954
1750918850432 0.00025 955
1750918875863 0.00025 956
1750918901304 0.00025 957
1750918926687 0.00025 958
1750918952147 0.00025 959
1750920285592 0.001 960
1750920311322 0.001 961
1750920336655 0.001 962
1750920362355 0.001 963
1750920388192 0.001 964
1750920413954 0.001 965
1750920439706 0.001 966
1750920465436 0.001 967
1750920491184 0.001 968
1750920517050 0.001 969
1750920542756 0.001 970
1750920568475 0.001 971
1750920594238 0.001 972
1750920620085 0.0005 973
1750920645871 0.0005 974
1750920671700 0.0005 975
1750920697488 0.0005 976
1750920723360 0.0005 977
1750920749244 0.0005 978
1750920774974 0.0005 979
1750920800697 0.0005 980
1750920826350 0.0005 981
1750920852006 0.0005 982
1750920877768 0.0005 983
1750920903484 0.0005 984
1750920929291 0.0005 985
1750920955047 0.0005 986
1750920980807 0.00025 987
1750921006660 0.00025 988
1750921032411 0.00025 989
1750921058147 0.00025 990
1750921083862 0.00025 991
1750921109641 0.00025 992
1750921135439 0.00025 993
1750921161151 0.00025 994
1750921186868 0.00025 995
1750921212771 0.00025 996
1750921238552 0.00025 997
1750921264211 0.00025 998
1750921289866 0.00025 999
1750922656130 0.001 1000
1750922681888 0.001 1001
1750922707466 0.001 1002
1750922733160 0.001 1003
1750922759000 0.001 1004
1750922784650 0.001 1005
1750922810489 0.001 1006
1750922836128 0.001 1007
1750922862786 0.001 1008
1750922888518 0.001 1009
1750922914257 0.001 1010
1750922939943 0.001 1011
1750922965637 0.001 1012
1750922991285 0.001 1013
1750923018089 0.001 1014
1750923043713 0.001 1015
1750923069600 0.001 1016
1750923095287 0.001 1017
1750923120972 0.001 1018
1750923146676 0.0005 1019
1750923173514 0.0005 1020
1750923199331 0.0005 1021
1750923226041 0.0005 1022
1750923252736 0.0005 1023
1750923278422 0.0005 1024
1750923304142 0.0005 1025
1750923330788 0.0005 1026
1750923356462 0.0005 1027
1750923383259 0.0005 1028
1750923409974 0.0005 1029
1750923436619 0.0005 1030
1750923462412 0.0005 1031
1750923489164 0.0005 1032
1750923514960 0.0005 1033
1750923541627 0.00025 1034
1750923568391 0.00025 1035
1750923595055 0.00025 1036
1750923621833 0.00025 1037
1750923648518 0.00025 1038
1750923675268 0.00025 1039
1750925065795 0.001 1040
1750925092643 0.001 1041
1750925119361 0.001 1042
1750925146132 0.001 1043
1750925172965 0.001 1044
1750925199619 0.001 1045
1750925226290 0.001 1046
1750925252910 0.001 1047
1750925279628 0.001 1048
1750925306315 0.001 1049
1750925333050 0.001 1050
1750925359745 0.001 1051
1750925386453 0.001 1052
1750925413059 0.001 1053
1750925439713 0.001 1054
1750925466400 0.001 1055
1750925493147 0.001 1056
1750925519791 0.0005 1057
1750925546485 0.0005 1058
1750925573130 0.0005 1059
1750925599798 0.0005 1060
1750925626456 0.0005 1061
1750925653220 0.0005 1062
1750925679820 0.0005 1063
1750925706499 0.0005 1064
1750925733234 0.0005 1065
1750925760077 0.0005 1066
1750925786837 0.0005 1067
1750925813618 0.0005 1068
1750925840299 0.0005 1069
1750925866988 0.0005 1070
1750925893686 0.0005 1071
1750925920428 0.0005 1072
1750925947204 0.0005 1073
1750925973891 0.0005 1074
1750926000530 0.0005 1075
1750926027175 0.0005 1076
1750926054030 0.0005 1077
1750926080651 0.0005 1078
1750926107306 0.0005 1079
1750927504496 0.0005 1080
1750927531248 0.0005 1081
1750927557865 0.0005 1082
1750927584500 0.0005 1083
1750927611220 0.0005 1084
1750927637888 0.0005 1085
1750927664478 0.0005 1086
1750927691065 0.0005 1087
1750927717964 0.0005 1088
1750927744606 0.0005 1089
1750927771281 0.0005 1090
1750927798010 0.0005 1091
1750927824676 0.0005 1092
1750927851474 0.0005 1093
1750927878119 0.0005 1094
1750927904763 0.0005 1095
1750927931404 0.0005 1096
1750927958280 0.0005 1097
1750927984895 0.0005 1098
1750928011593 0.0005 1099
1750928038445 0.00025 1100
1750928065179 0.00025 1101
1750928091806 0.00025 1102
1750928118678 0.00025 1103
1750928145286 0.00025 1104
1750928172126 0.00025 1105
1750928198828 0.00025 1106
1750928225446 0.00025 1107
1750928252133 0.00025 1108
1750928278848 0.00025 1109
1750928305554 0.00025 1110
1750928332259 0.00025 1111
1750928358993 0.00025 1112
1750928385672 0.00025 1113
1750928412430 0.000125 1114
1750928439163 0.000125 1115
1750928465771 0.000125 1116
1750928492400 0.000125 1117
1750928519015 0.000125 1118
1750928545780 0.000125 1119
1750929944919 0.0005 1120
1750929970248 0.0005 1121
1750929995698 0.0005 1122
1750930021004 0.0005 1123
1750930046394 0.0005 1124
1750930071804 0.0005 1125
1750930097342 0.0005 1126
1750930122808 0.0005 1127
1750930148171 0.0005 1128
1750930173481 0.00025 1129
1750930198939 0.00025 1130
1750930224288 0.00025 1131
1750930249667 0.00025 1132
1750930275081 0.00025 1133
1750930300490 0.00025 1134
1750930325897 0.00025 1135
1750930351381 0.00025 1136
1750930376949 0.00025 1137
1750930402304 0.00025 1138
1750930427789 0.00025 1139
1750930453120 0.00025 1140
1750930478472 0.00025 1141
1750930503834 0.000125 1142
1750930529285 0.000125 1143
1750930554661 0.000125 1144
1750930580016 0.000125 1145
1750930605458 0.000125 1146
1750930630903 0.000125 1147
1750930656380 6.25e-05 1148
1750930681809 6.25e-05 1149
1750930707343 6.25e-05 1150
1750930732789 6.25e-05 1151
1750930758192 6.25e-05 1152
1750930783655 6.25e-05 1153
1750930808977 6.25e-05 1154
1750930834459 3.125e-05 1155
1750930859849 3.125e-05 1156
1750930885308 3.125e-05 1157
1750930910698 3.125e-05 1158
1750930936110 3.125e-05 1159
1750932272020 0.0005 1160
1750932297747 0.0005 1161
1750932323468 0.0005 1162
1750932349289 0.0005 1163
1750932375137 0.0005 1164
1750932400950 0.0005 1165
1750932426352 0.0005 1166
1750932452117 0.0005 1167
1750932477961 0.0005 1168
1750932503652 0.0005 1169
1750932529497 0.00025 1170
1750932555208 0.00025 1171
1750932580912 0.00025 1172
1750932606608 0.00025 1173
1750932632249 0.00025 1174
1750932657909 0.00025 1175
1750932683797 0.00025 1176
1750932709492 0.00025 1177
1750932735353 0.00025 1178
1750932761075 0.00025 1179
1750932786708 0.00025 1180
1750932812523 0.00025 1181
1750932838429 0.00025 1182
1750932864171 0.00025 1183
1750932889932 0.000125 1184
1750932915657 0.000125 1185
1750932941436 0.000125 1186
1750932967237 0.000125 1187
1750932992994 0.000125 1188
1750933018668 0.000125 1189
1750933044397 0.000125 1190
1750933070119 0.000125 1191
1750933095796 0.000125 1192
1750933121393 0.000125 1193
1750933147153 0.000125 1194
1750933172861 6.25e-05 1195
1750933198626 6.25e-05 1196
1750933224404 6.25e-05 1197
1750933250102 6.25e-05 1198
1750933275854 6.25e-05 1199
1750934644185 0.0005 1200
1750934670920 0.0005 1201
1750934697727 0.0005 1202
1750934724493 0.0005 1203
1750934751219 0.0005 1204
1750934777998 0.0005 1205
1750934803672 0.0005 1206
1750934830485 0.0005 1207
1750934857131 0.0005 1208
1750934884014 0.00025 1209
1750934910762 0.00025 1210
1750934937428 0.00025 1211
1750934963165 0.00025 1212
1750934989924 0.00025 1213
1750935016566 0.00025 1214
1750935043325 0.00025 1215
1750935070035 0.00025 1216
1750935096884 0.00025 1217
1750935123525 0.00025 1218
1750935150279 0.00025 1219
1750935176947 0.00025 1220
1750935203769 0.00025 1221
1750935230595 0.00025 1222
1750935257290 0.00025 1223
1750935284005 0.000125 1224
1750935310677 0.000125 1225
1750935337332 0.000125 1226
1750935364022 0.000125 1227
1750935390872 0.000125 1228
1750935417501 0.000125 1229
1750935444198 0.000125 1230
1750935470905 0.000125 1231
1750935497711 0.000125 1232
1750935524350 6.25e-05 1233
1750935551039 6.25e-05 1234
1750935577763 6.25e-05 1235
1750935604476 6.25e-05 1236
1750935631119 6.25e-05 1237
1750935657770 6.25e-05 1238
1750935684467 6.25e-05 1239
1750937200870 0.0005 1240
1750937227520 0.0005 1241
1750937254253 0.0005 1242
1750937281015 0.0005 1243
1750937307634 0.0005 1244
1750937334331 0.0005 1245
1750937361010 0.0005 1246
1750937387751 0.0005 1247
1750937414518 0.0005 1248
1750937441214 0.0005 1249
1750937467863 0.0005 1250
1750937494601 0.00025 1251
1750937521257 0.00025 1252
1750937547927 0.00025 1253
1750937574568 0.00025 1254
1750937601207 0.00025 1255
1750937627945 0.00025 1256
1750937654729 0.00025 1257
1750937681430 0.00025 1258
1750937708238 0.00025 1259
1750937734885 0.00025 1260
1750937761607 0.00025 1261
1750937788324 0.00025 1262
1750937814982 0.00025 1263
1750937841767 0.00025 1264
1750937868523 0.00025 1265
1750937895193 0.00025 1266
1750937921914 0.00025 1267
1750937948610 0.00025 1268
1750937975312 0.00025 1269
1750938002037 0.00025 1270
1750938028676 0.00025 1271
1750938055493 0.00025 1272
1750938082128 0.00025 1273
1750938108949 0.00025 1274
1750938135697 0.00025 1275
1750938162575 0.000125 1276
1750938189371 0.000125 1277
1750938216070 0.000125 1278
1750938242774 0.000125 1279
1750939664157 0.0005 1280
1750939690858 0.0005 1281
1750939717714 0.0005 1282
1750939744398 0.0005 1283
1750939771176 0.0005 1284
1750939797877 0.0005 1285
1750939824577 0.0005 1286
1750939851297 0.0005 1287
1750939878090 0.0005 1288
1750939904769 0.0005 1289
1750939931645 0.0005 1290
1750939958334 0.0005 1291
1750939984940 0.0005 1292
1750940011581 0.0005 1293
1750940038189 0.0005 1294
1750940064851 0.0005 1295
1750940091628 0.0005 1296
1750940118190 0.0005 1297
1750940144971 0.0005 1298
1750940171612 0.00025 1299
1750940198329 0.00025 1300
1750940224915 0.00025 1301
1750940251584 0.00025 1302
1750940278192 0.00025 1303
1750940304889 0.00025 1304
1750940331545 0.00025 1305
1750940358343 0.00025 1306
1750940384984 0.00025 1307
1750940411645 0.00025 1308
1750940438247 0.00025 1309
1750940464889 0.00025 1310
1750940491553 0.00025 1311
1750940518303 0.00025 1312
1750940544986 0.00025 1313
1750940571739 0.00025 1314
1750940598469 0.00025 1315
1750940625066 0.00025 1316
1750940651687 0.00025 1317
1750940678294 0.00025 1318
1750940705037 0.00025 1319
1750942093791 0.0005 1320
1750942119159 0.0005 1321
1750942144497 0.0005 1322
1750942170069 0.0005 1323
1750942195529 0.0005 1324
1750942220940 0.0005 1325
1750942246319 0.0005 1326
1750942271703 0.0005 1327
1750942297129 0.0005 1328
1750942322631 0.0005 1329
1750942348163 0.0005 1330
1750942373547 0.00025 1331
1750942399025 0.00025 1332
1750942424496 0.00025 1333
1750942449922 0.00025 1334
1750942475282 0.00025 1335
1750942500676 0.00025 1336
1750942526181 0.00025 1337
1750942551566 0.00025 1338
1750942576882 0.00025 1339
1750942602461 0.00025 1340
1750942627894 0.00025 1341
1750942653577 0.000125 1342
1750942678888 0.000125 1343
1750942704234 0.000125 1344
1750942729700 0.000125 1345
1750942755102 0.000125 1346
1750942780599 0.000125 1347
1750942806273 0.000125 1348
1750942831781 0.000125 1349
1750942857188 0.000125 1350
1750942882609 0.000125 1351
1750942908085 0.000125 1352
1750942933470 0.000125 1353
1750942959181 0.000125 1354
1750942984555 0.000125 1355
1750943009947 0.000125 1356
1750943035303 0.000125 1357
1750943060604 0.000125 1358
1750943086026 0.000125 1359
1750944448313 0.0005 1360
1750944474089 0.0005 1361
1750944499829 0.0005 1362
1750944525493 0.0005 1363
1750944551218 0.0005 1364
1750944576883 0.0005 1365
1750944602576 0.0005 1366
1750944628259 0.0005 1367
1750944653945 0.0005 1368
1750944679712 0.0005 1369
1750944705523 0.0005 1370
1750944731151 0.0005 1371
1750944756941 0.0005 1372
1750944782614 0.0005 1373
1750944808274 0.0005 1374
1750944834087 0.0005 1375
1750944859774 0.0005 1376
1750944885457 0.00025 1377
1750944911149 0.00025 1378
1750944936901 0.00025 1379
1750944962774 0.00025 1380
1750944988484 0.00025 1381
1750945014377 0.00025 1382
1750945040068 0.00025 1383
1750945065807 0.00025 1384
1750945091524 0.00025 1385
1750945117224 0.00025 1386
1750945143156 0.00025 1387
1750945168857 0.000125 1388
1750945194743 0.000125 1389
1750945220399 0.000125 1390
1750945246058 0.000125 1391
1750945271905 0.000125 1392
1750945297615 0.000125 1393
1750945323379 0.000125 1394
1750945349058 0.000125 1395
1750945374790 0.000125 1396
1750945400527 0.000125 1397
1750945426368 0.000125 1398
1750945452046 6.25e-05 1399
1750946930387 0.0005 1400
1750946957091 0.0005 1401
1750946983890 0.0005 1402
1750947010544 0.0005 1403
1750947037373 0.0005 1404
1750947063988 0.0005 1405
1750947090644 0.0005 1406
1750947117369 0.0005 1407
1750947144119 0.0005 1408
1750947170809 0.0005 1409
1750947197681 0.0005 1410
1750947224316 0.0005 1411
1750947251165 0.0005 1412
1750947277872 0.0005 1413
1750947304595 0.0005 1414
1750947331282 0.00025 1415
1750947357938 0.00025 1416
1750947384757 0.00025 1417
1750947411467 0.00025 1418
1750947438112 0.00025 1419
1750947464925 0.00025 1420
1750947491686 0.00025 1421
1750947518412 0.00025 1422
1750947545132 0.00025 1423
1750947572005 0.00025 1424
1750947598777 0.00025 1425
1750947625490 0.00025 1426
1750947652192 0.00025 1427
1750947678908 0.00025 1428
1750947705622 0.00025 1429
1750947732454 0.00025 1430
1750947759281 0.00025 1431
1750947786160 0.00025 1432
1750947812933 0.00025 1433
1750947839667 0.00025 1434
1750947866249 0.000125 1435
1750947892942 0.000125 1436
1750947919776 0.000125 1437
1750947946430 0.000125 1438
1750947973134 0.000125 1439
1750949369037 0.0005 1440
1750949395744 0.0005 1441
1750949422357 0.0005 1442
1750949449101 0.0005 1443
1750949475911 0.0005 1444
1750949502554 0.0005 1445
1750949529396 0.0005 1446
1750949556237 0.0005 1447
1750949582932 0.0005 1448
1750949609547 0.0005 1449
1750949636281 0.0005 1450
1750949662938 0.0005 1451
1750949689677 0.0005 1452
1750949716460 0.0005 1453
1750949743092 0.0005 1454
1750949769861 0.0005 1455
1750949796600 0.0005 1456
1750949823476 0.0005 1457
1750949850186 0.0005 1458
1750949876847 0.0005 1459
1750949903515 0.00025 1460
1750949930183 0.00025 1461
1750949956917 0.00025 1462
1750949983589 0.00025 1463
1750950010498 0.00025 1464
1750950037120 0.00025 1465
1750950063813 0.00025 1466
1750950090696 0.00025 1467
1750950117436 0.00025 1468
1750950144175 0.00025 1469
1750950170854 0.00025 1470
1750950197634 0.00025 1471
1750950224329 0.00025 1472
1750950251037 0.00025 1473
1750950277697 0.00025 1474
1750950304509 0.00025 1475
1750950331275 0.00025 1476
1750950358107 0.00025 1477
1750950384785 0.00025 1478
1750950411466 0.00025 1479
1750951834598 0.0005 1480
1750951861227 0.0005 1481
1750951888118 0.0005 1482
1750951914840 0.0005 1483
1750951941432 0.0005 1484
1750951968179 0.0005 1485
1750951994782 0.0005 1486
1750952021612 0.0005 1487
1750952048275 0.0005 1488
1750952074890 0.0005 1489
1750952101524 0.0005 1490
1750952128153 0.0005 1491
1750952154727 0.0005 1492
1750952181442 0.0005 1493
1750952208177 0.0005 1494
1750952234797 0.0005 1495
1750952261452 0.0005 1496
1750952288147 0.00025 1497
1750952314797 0.00025 1498
1750952341408 0.00025 1499
1750952368075 0.00025 1500
1750952394722 0.00025 1501
1750952421514 0.00025 1502
1750952448142 0.00025 1503
1750952474973 0.00025 1504
1750952501630 0.00025 1505
1750952528314 0.00025 1506
1750952555124 0.00025 1507
1750952581922 0.00025 1508
1750952608573 0.00025 1509
1750952635320 0.00025 1510
1750952661959 0.000125 1511
1750952689549 0.000125 1512
1750952714978 0.000125 1513
1750952740428 0.000125 1514
1750952765943 0.000125 1515
1750952791302 0.000125 1516
1750952816696 0.000125 1517
1750952842095 0.000125 1518
1750952867580 0.000125 1519
1750954217416 0.0005 1520
1750954242874 0.0005 1521
1750954268401 0.0005 1522
1750954294143 0.0005 1523
1750954319488 0.0005 1524
1750954344838 0.0005 1525
1750954370163 0.0005 1526
1750954395444 0.0005 1527
1750954420910 0.0005 1528
1750954446642 0.0005 1529
1750954472112 0.0005 1530
1750954497468 0.0005 1531
1750954522821 0.0005 1532
1750954548246 0.0005 1533
1750954573664 0.0005 1534
1750954599415 0.0005 1535
1750954624777 0.0005 1536
1750954650152 0.0005 1537
1750954675493 0.0005 1538
1750954700781 0.0005 1539
1750954726104 0.0005 1540
1750954751748 0.0005 1541
1750954777615 0.0005 1542
1750954803010 0.0005 1543
1750954828383 0.00025 1544
1750954853851 0.00025 1545
1750954879227 0.00025 1546
1750954905084 0.00025 1547
1750954930874 0.00025 1548
1750954956229 0.00025 1549
1750954981772 0.00025 1550
1750955007263 0.00025 1551
1750955032671 0.00025 1552
1750955058462 0.00025 1553
1750955084138 0.00025 1554
1750955109502 0.000125 1555
1750955134852 0.000125 1556
1750955160583 0.000125 1557
1750955186315 0.000125 1558
1750955212236 0.000125 1559
1750956558960 0.0005 1560
1750956584685 0.0005 1561
1750956610349 0.0005 1562
1750956636040 0.0005 1563
1750956661661 0.0005 1564
1750956687355 0.0005 1565
1750956713187 0.0005 1566
1750956738922 0.0005 1567
1750956764680 0.0005 1568
1750956790339 0.0005 1569
1750956816110 0.0005 1570
1750956841828 0.0005 1571
1750956867664 0.0005 1572
1750956893499 0.0005 1573
1750956919172 0.0005 1574
1750956944911 0.0005 1575
1750956970678 0.0005 1576
1750956996336 0.0005 1577
1750957022021 0.0005 1578
1750957047696 0.0005 1579
1750957073367 0.0005 1580
1750957099148 0.0005 1581
1750957125067 0.0005 1582
1750957150684 0.00025 1583
1750957176514 0.00025 1584
1750957202352 0.00025 1585
1750957228079 0.00025 1586
1750957253805 0.00025 1587
1750957279474 0.00025 1588
1750957305271 0.00025 1589
1750957330997 0.00025 1590
1750957356668 0.00025 1591
1750957382264 0.00025 1592
1750957408125 0.00025 1593
1750957433839 0.00025 1594
1750957459602 0.00025 1595
1750957486314 0.00025 1596
1750957511978 0.00025 1597
1750957537847 0.00025 1598
1750957563673 0.00025 1599
1750958948892 0.0005 1600
1750958975542 0.0005 1601
1750959002269 0.0005 1602
1750959028956 0.0005 1603
1750959055670 0.0005 1604
1750959082381 0.0005 1605
1750959109096 0.0005 1606
1750959135871 0.0005 1607
1750959162544 0.0005 1608
1750959189158 0.0005 1609
1750959215811 0.0005 1610
1750959242579 0.0005 1611
1750959269213 0.0005 1612
1750959295983 0.0005 1613
1750959322633 0.00025 1614
1750959349359 0.00025 1615
1750959376097 0.00025 1616
1750959402754 0.00025 1617
1750959429397 0.00025 1618
1750959456104 0.00025 1619
1750959482855 0.00025 1620
1750959509700 0.00025 1621
1750959536394 0.00025 1622
1750959563073 0.00025 1623
1750959589851 0.000125 1624
1750959616479 0.000125 1625
1750959643313 0.000125 1626
1750959669926 0.000125 1627
1750959696599 0.000125 1628
1750959723384 0.000125 1629
1750959749994 0.000125 1630
1750959776656 0.000125 1631
1750959803300 0.000125 1632
1750959830011 0.000125 1633
1750959856749 0.000125 1634
1750959883406 0.000125 1635
1750959910114 6.25e-05 1636
1750959936723 6.25e-05 1637
1750959963410 6.25e-05 1638
1750959990135 6.25e-05 1639
1750961401209 0.0005 1640
1750961427866 0.0005 1641
1750961454604 0.0005 1642
1750961481232 0.0005 1643
1750961507882 0.0005 1644
1750961534496 0.0005 1645
1750961561125 0.0005 1646
1750961587869 0.0005 1647
1750961614555 0.0005 1648
1750961641167 0.0005 1649
1750961667832 0.0005 1650
1750961694642 0.0005 1651
1750961721314 0.0005 1652
1750961747911 0.00025 1653
1750961774580 0.00025 1654
1750961801217 0.00025 1655
1750961827815 0.00025 1656
1750961854488 0.00025 1657
1750961881064 0.00025 1658
1750961907795 0.00025 1659
1750961934482 0.00025 1660
1750961961231 0.00025 1661
1750961987827 0.00025 1662
1750962014491 0.00025 1663
1750962041052 0.00025 1664
1750962067788 0.00025 1665
1750962094457 0.00025 1666
1750962121035 0.00025 1667
1750962147818 0.00025 1668
1750962174386 0.00025 1669
1750962201011 0.00025 1670
1750962227607 0.00025 1671
1750962254262 0.000125 1672
1750962280812 0.000125 1673
1750962307524 0.000125 1674
1750962334217 0.000125 1675
1750962361086 0.000125 1676
1750962387664 0.000125 1677
1750962414336 0.000125 1678
1750962440974 0.000125 1679
1750963919847 0.0005 1680
1750963946512 0.0005 1681
1750963973095 0.0005 1682
1750963999713 0.0005 1683
1750964026359 0.0005 1684
1750964052910 0.0005 1685
1750964079550 0.0005 1686
1750964106196 0.0005 1687
1750964132833 0.0005 1688
1750964159481 0.0005 1689
1750964186109 0.0005 1690
1750964212703 0.0005 1691
1750964239382 0.0005 1692
1750964266042 0.0005 1693
1750964292638 0.0005 1694
1750964320214 0.0005 1695
1750964345714 0.0005 1696
1750964371062 0.0005 1697
1750964396522 0.0005 1698
1750964421992 0.0005 1699
1750964447338 0.0005 1700
1750964472705 0.0005 1701
1750964498059 0.0005 1702
1750964523512 0.0005 1703
1750964548838 0.0005 1704
1750964574254 0.00025 1705
1750964599703 0.00025 1706
1750964625123 0.00025 1707
1750964650678 0.00025 1708
1750964676040 0.00025 1709
1750964701541 0.00025 1710
1750964727124 0.00025 1711
1750964752667 0.00025 1712
1750964778072 0.00025 1713
1750964803436 0.00025 1714
1750964828806 0.00025 1715
1750964854250 0.00025 1716
1750964879745 0.00025 1717
1750964905150 0.00025 1718
1750964930554 0.00025 1719
1750966314793 0.0005 1720
1750966340510 0.0005 1721
1750966366379 0.0005 1722
1750966392114 0.0005 1723
1750966417863 0.0005 1724
1750966443204 0.0005 1725
1750966468902 0.0005 1726
1750966494643 0.0005 1727
1750966520515 0.0005 1728
1750966546294 0.0005 1729
1750966572180 0.0005 1730
1750966597637 0.0005 1731
1750966623333 0.0005 1732
1750966649104 0.0005 1733
1750966674803 0.0005 1734
1750966700540 0.0005 1735
1750966726320 0.00025 1736
1750966751823 0.00025 1737
1750966777458 0.00025 1738
1750966803200 0.00025 1739
1750966829013 0.00025 1740
1750966854766 0.00025 1741
1750966880477 0.00025 1742
1750966905790 0.00025 1743
1750966931430 0.00025 1744
1750966957134 0.00025 1745
1750966982784 0.00025 1746
1750967008503 0.00025 1747
1750967034208 0.00025 1748
1750967059861 0.00025 1749
1750967085632 0.00025 1750
1750967111453 0.00025 1751
1750967137119 0.00025 1752
1750967162828 0.00025 1753
1750967188488 0.00025 1754
1750967214240 0.00025 1755
1750967239939 0.00025 1756
1750967265715 0.00025 1757
1750967291391 0.00025 1758
1750967317078 0.000125 1759
1750968718876 0.0005 1760
1750968744744 0.0005 1761
1750968770469 0.0005 1762
1750968796176 0.0005 1763
1750968821922 0.0005 1764
1750968847628 0.0005 1765
1750968873294 0.0005 1766
1750968899001 0.0005 1767
1750968924638 0.0005 1768
1750968951045 0.0005 1769
1750968976854 0.0005 1770
1750969002591 0.0005 1771
1750969028362 0.0005 1772
1750969054095 0.0005 1773
1750969079891 0.0005 1774
1750969106615 0.0005 1775
1750969132382 0.0005 1776
1750969158104 0.0005 1777
1750969183989 0.00025 1778
1750969209702 0.00025 1779
1750969235419 0.00025 1780
1750969262158 0.00025 1781
1750969287908 0.00025 1782
1750969314590 0.00025 1783
1750969340356 0.00025 1784
1750969366060 0.00025 1785
1750969391745 0.00025 1786
1750969418343 0.00025 1787
1750969444176 0.00025 1788
1750969470957 0.00025 1789
1750969496621 0.00025 1790
1750969522339 0.00025 1791
1750969548030 0.00025 1792
1750969574783 0.000125 1793
1750969600463 0.000125 1794
1750969627114 0.000125 1795
1750969652944 0.000125 1796
1750969679350 0.000125 1797
1750969705051 0.000125 1798
1750969731775 0.000125 1799
1750971229362 0.0005 1800
1750971256090 0.0005 1801
1750971282797 0.0005 1802
1750971309567 0.0005 1803
1750971336269 0.0005 1804
1750971362972 0.0005 1805
1750971389642 0.0005 1806
1750971416241 0.0005 1807
1750971442945 0.0005 1808
1750971469625 0.0005 1809
1750971496512 0.0005 1810
1750971523184 0.0005 1811
1750971549833 0.0005 1812
1750971576543 0.0005 1813
1750971603261 0.0005 1814
1750971630023 0.00025 1815
1750971656753 0.00025 1816
1750971683487 0.00025 1817
1750971710158 0.00025 1818
1750971737027 0.00025 1819
1750971763754 0.00025 1820
1750971790550 0.00025 1821
1750971817206 0.00025 1822
1750971843878 0.00025 1823
1750971870650 0.00025 1824
1750971897526 0.00025 1825
1750971924215 0.00025 1826
1750971950826 0.00025 1827
1750971977456 0.00025 1828
1750972004216 0.000125 1829
1750972030965 0.000125 1830
1750972057703 0.000125 1831
1750972084410 0.000125 1832
1750972111017 0.000125 1833
1750972137824 0.000125 1834
1750972164474 0.000125 1835
1750972191139 6.25e-05 1836
1750972217911 6.25e-05 1837
1750972244738 6.25e-05 1838
1750972271408 6.25e-05 1839
1750973721321 0.0005 1840
1750973747985 0.0005 1841
1750973774774 0.0005 1842
1750973801531 0.0005 1843
1750973828265 0.0005 1844
1750973854836 0.0005 1845
1750973881545 0.0005 1846
1750973908214 0.0005 1847
1750973934999 0.0005 1848
1750973961708 0.0005 1849
1750973988452 0.0005 1850
1750974015135 0.0005 1851
1750974041819 0.0005 1852
1750974068495 0.0005 1853
1750974095313 0.0005 1854
1750974121949 0.0005 1855
1750974148579 0.0005 1856
1750974175196 0.0005 1857
1750974201921 0.0005 1858
1750974228818 0.0005 1859
1750974255416 0.00025 1860
1750974282255 0.00025 1861
1750974308936 0.00025 1862
1750974335629 0.00025 1863
1750974362369 0.00025 1864
1750974389030 0.00025 1865
1750974415762 0.00025 1866
1750974442625 0.00025 1867
1750974469405 0.00025 1868
1750974496049 0.00025 1869
1750974522611 0.00025 1870
1750974549478 0.00025 1871
1750974576192 0.00025 1872
1750974602879 0.00025 1873
1750974629506 0.000125 1874
1750974656377 0.000125 1875
1750974683091 0.000125 1876
1750974709744 0.000125 1877
1750974736360 0.000125 1878
1750974763151 0.000125 1879
1750976186862 0.0005 1880
1750976212249 0.0005 1881
1750976237614 0.0005 1882
1750976262942 0.0005 1883
1750976288490 0.0005 1884
1750976313937 0.0005 1885
1750976339499 0.0005 1886
1750976364860 0.0005 1887
1750976390303 0.0005 1888
1750976415631 0.0005 1889
1750976441128 0.0005 1890
1750976466685 0.00025 1891
1750976492105 0.00025 1892
1750976517524 0.00025 1893
1750976543000 0.00025 1894
1750976568514 0.00025 1895
1750976593869 0.00025 1896
1750976619217 0.00025 1897
1750976644613 0.00025 1898
1750976670004 0.00025 1899
1750976695525 0.00025 1900
1750976720992 0.00025 1901
1750976746391 0.00025 1902
1750976771819 0.000125 1903
1750976797264 0.000125 1904
1750976822694 0.000125 1905
1750976848049 0.000125 1906
1750976873483 0.000125 1907
1750976898868 0.000125 1908
1750976924233 6.25e-05 1909
1750976949609 6.25e-05 1910
1750976974958 6.25e-05 1911
1750977000336 6.25e-05 1912
1750977025835 6.25e-05 1913
1750977051220 6.25e-05 1914
1750977076645 6.25e-05 1915
1750977102013 6.25e-05 1916
1750977127373 6.25e-05 1917
1750977152794 6.25e-05 1918
1750977178281 6.25e-05 1919
1750978572225 0.0005 1920
1750978597923 0.0005 1921
1750978623645 0.0005 1922
1750978649325 0.0005 1923
1750978675043 0.0005 1924
1750978700799 0.0005 1925
1750978726467 0.0005 1926
1750978752310 0.0005 1927
1750978778061 0.0005 1928
1750978803931 0.00025 1929
1750978829742 0.00025 1930
1750978855518 0.00025 1931
1750978881311 0.00025 1932
1750978906998 0.00025 1933
1750978932736 0.00025 1934
1750978958510 0.00025 1935
1750978984250 0.00025 1936
1750979009976 0.00025 1937
1750979035708 0.00025 1938
1750979061503 0.00025 1939
1750979087292 0.00025 1940
1750979113178 0.00025 1941
1750979138866 0.00025 1942
1750979164777 0.00025 1943
1750979190563 0.000125 1944
1750979216305 0.000125 1945
1750979242028 0.000125 1946
1750979267771 0.000125 1947
1750979293477 0.000125 1948
1750979319201 0.000125 1949
1750979344854 0.000125 1950
1750979370757 0.000125 1951
1750979396479 0.000125 1952
1750979422217 0.000125 1953
1750979448067 0.000125 1954
1750979473840 0.000125 1955
1750979499630 0.000125 1956
1750979525433 0.000125 1957
1750979551174 0.000125 1958
1750979576959 0.000125 1959
1750980982295 0.0005 1960
1750981007953 0.0005 1961
1750981034610 0.0005 1962
1750981060286 0.0005 1963
1750981087161 0.0005 1964
1750981114001 0.0005 1965
1750981140680 0.0005 1966
1750981167352 0.0005 1967
1750981194106 0.0005 1968
1750981219960 0.0005 1969
1750981246814 0.0005 1970
1750981273463 0.0005 1971
1750981300178 0.0005 1972
1750981326984 0.0005 1973
1750981353793 0.0005 1974
1750981380508 0.0005 1975
1750981407234 0.0005 1976
1750981433990 0.0005 1977
1750981460761 0.0005 1978
1750981487543 0.0005 1979
1750981514175 0.00025 1980
1750981540998 0.00025 1981
1750981567744 0.00025 1982
1750981594408 0.00025 1983
1750981621083 0.00025 1984
1750981647782 0.00025 1985
1750981674536 0.00025 1986
1750981701273 0.00025 1987
1750981728100 0.00025 1988
1750981754820 0.00025 1989
1750981781538 0.00025 1990
1750981808211 0.00025 1991
1750981835141 0.00025 1992
1750981861827 0.00025 1993
1750981888587 0.00025 1994
1750981915389 0.00025 1995
1750981942060 0.000125 1996
1750981968819 0.000125 1997
1750981995509 0.000125 1998
1750982022404 0.000125 1999
1750983450175 0.0005 2000
1750983476798 0.0005 2001
1750983503465 0.0005 2002
1750983530140 0.0005 2003
1750983556765 0.0005 2004
1750983583551 0.0005 2005
1750983610184 0.0005 2006
1750983636894 0.0005 2007
1750983663616 0.0005 2008
1750983690347 0.0005 2009
1750983717022 0.0005 2010
1750983743660 0.0005 2011
1750983770429 0.0005 2012
1750983797097 0.0005 2013
1750983823750 0.0005 2014
1750983850623 0.0005 2015
1750983877474 0.0005 2016
1750983904124 0.0005 2017
1750983930813 0.0005 2018
1750983957522 0.0005 2019
1750983984230 0.0005 2020
1750984010929 0.0005 2021
1750984037651 0.0005 2022
1750984064314 0.00025 2023
1750984091145 0.00025 2024
1750984117843 0.00025 2025
1750984144533 0.00025 2026
1750984171348 0.00025 2027
1750984198030 0.00025 2028
1750984224717 0.00025 2029
1750984251492 0.00025 2030
1750984278138 0.00025 2031
1750984304716 0.00025 2032
1750984331375 0.00025 2033
1750984358102 0.00025 2034
1750984384771 0.00025 2035
1750984411467 0.00025 2036
1750984438240 0.00025 2037
1750984464881 0.00025 2038
1750984491564 0.00025 2039
1750985914922 0.0005 2040
1750985941702 0.0005 2041
1750985968330 0.0005 2042
1750985995040 0.0005 2043
1750986021655 0.0005 2044
1750986048290 0.0005 2045
1750986074990 0.0005 2046
1750986101692 0.0005 2047
1750986128350 0.0005 2048
1750986155207 0.0005 2049
1750986181967 0.0005 2050
1750986208614 0.0005 2051
1750986235294 0.0005 2052
1750986261967 0.0005 2053
1750986288591 0.0005 2054
1750986315237 0.00025 2055
1750986341909 0.00025 2056
1750986368549 0.00025 2057
1750986395228 0.00025 2058
1750986421926 0.00025 2059
1750986448579 0.00025 2060
1750986475215 0.00025 2061
1750986501958 0.00025 2062
1750986528743 0.00025 2063
1750986555363 0.00025 2064
1750986582020 0.00025 2065
1750986608691 0.000125 2066
1750986635435 0.000125 2067
1750986662054 0.000125 2068
1750986688735 0.000125 2069
1750986715454 0.000125 2070
1750986742176 0.000125 2071
1750986769002 0.000125 2072
1750986795781 0.000125 2073
1750986822599 0.000125 2074
1750986849398 0.000125 2075
1750986876136 0.000125 2076
1750986902732 6.25e-05 2077
1750986929407 6.25e-05 2078
1750986956112 6.25e-05 2079
1750988284472 0.00025 2080
1750988309833 0.00025 2081
1750988335279 0.00025 2082
1750988360813 0.00025 2083
1750988386130 0.00025 2084
1750988411481 0.00025 2085
1750988436947 0.00025 2086
1750988462245 0.00025 2087
1750988487586 0.00025 2088
1750988513148 0.00025 2089
1750988538459 0.00025 2090
1750988563761 0.00025 2091
1750988589205 0.00025 2092
1750988614586 0.00025 2093
1750988639908 0.00025 2094
1750988665231 0.00025 2095
1750988690599 0.00025 2096
1750988715994 0.00025 2097
1750988741501 0.00025 2098
1750988766845 0.00025 2099
1750988792178 0.00025 2100
1750988817592 0.00025 2101
1750988842962 0.00025 2102
1750988868340 0.00025 2103
1750988893682 0.00025 2104
1750988919210 0.00025 2105
1750988944530 0.000125 2106
1750988969935 0.000125 2107
1750988995342 0.000125 2108
1750989020794 0.000125 2109
1750989046270 0.000125 2110
1750989071676 0.000125 2111
1750989097045 0.000125 2112
1750989122516 0.000125 2113
1750989147914 0.000125 2114
1750989173360 0.000125 2115
1750989198732 0.000125 2116
1750989224079 0.000125 2117
1750989249568 0.000125 2118
1750989274962 0.000125 2119
1750990773039 0.00025 2120
1750990798852 0.00025 2121
1750990824709 0.00025 2122
1750990850571 0.00025 2123
1750990876306 0.00025 2124
1750990902090 0.00025 2125
1750990927827 0.00025 2126
1750990953504 0.00025 2127
1750990979263 0.00025 2128
1750991004994 0.00025 2129
1750991030670 0.00025 2130
1750991056439 0.00025 2131
1750991082183 0.000125 2132
1750991107853 0.000125 2133
1750991133581 0.000125 2134
1750991159300 0.000125 2135
1750991184970 0.000125 2136
1750991210691 0.000125 2137
1750991236590 0.000125 2138
1750991262342 0.000125 2139
1750991288128 0.000125 2140
1750991313967 0.000125 2141
1750991339749 0.000125 2142
1750991365579 0.000125 2143
1750991391464 0.000125 2144
1750991417262 0.000125 2145
1750991443016 0.000125 2146
1750991468776 0.000125 2147
1750991494538 0.000125 2148
1750991520269 0.000125 2149
1750991545997 0.000125 2150
1750991571753 6.25e-05 2151
1750991597426 6.25e-05 2152
1750991623130 6.25e-05 2153
1750991648861 6.25e-05 2154
1750991674639 6.25e-05 2155
1750991700356 6.25e-05 2156
1750991726109 3.125e-05 2157
1750991751755 3.125e-05 2158
1750991777515 3.125e-05 2159
1750993120067 0.00025 2160
1750993146844 0.00025 2161
1750993173557 0.00025 2162
1750993200430 0.00025 2163
1750993227259 0.00025 2164
1750993253942 0.00025 2165
1750993280759 0.00025 2166
1750993307572 0.00025 2167
1750993334277 0.00025 2168
1750993360953 0.00025 2169
1750993387697 0.00025 2170
1750993414415 0.00025 2171
1750993441192 0.00025 2172
1750993467998 0.00025 2173
1750993494626 0.00025 2174
1750993521342 0.00025 2175
1750993548079 0.00025 2176
1750993574779 0.00025 2177
1750993601497 0.00025 2178
1750993628254 0.00025 2179
1750993654866 0.00025 2180
1750993681680 0.00025 2181
1750993708306 0.00025 2182
1750993734988 0.00025 2183
1750993761735 0.000125 2184
1750993788404 0.000125 2185
1750993815260 0.000125 2186
1750993841912 0.000125 2187
1750993868563 0.000125 2188
1750993895210 0.000125 2189
1750993921870 0.000125 2190
1750993948591 0.000125 2191
1750993975296 0.000125 2192
1750994002147 0.000125 2193
1750994028909 0.000125 2194
1750994055596 0.000125 2195
1750994082338 0.000125 2196
1750994109111 0.000125 2197
1750994135755 0.000125 2198
1750994162476 0.000125 2199
1750995592701 0.00025 2200
1750995619363 0.00025 2201
1750995646030 0.00025 2202
1750995672627 0.00025 2203
1750995699264 0.00025 2204
1750995725899 0.00025 2205
1750995752584 0.00025 2206
1750995779253 0.00025 2207
1750995805964 0.00025 2208
1750995832695 0.00025 2209
1750995859348 0.00025 2210
1750995885951 0.00025 2211
1750995912623 0.00025 2212
1750995939364 0.00025 2213
1750995965997 0.00025 2214
1750995992628 0.00025 2215
1750996019230 0.00025 2216
1750996045941 0.00025 2217
1750996072754 0.00025 2218
1750996099555 0.00025 2219
1750996126166 0.00025 2220
1750996152794 0.00025 2221
1750996179548 0.00025 2222
1750996206165 0.00025 2223
1750996232772 0.00025 2224
1750996259458 0.00025 2225
1750996286159 0.00025 2226
1750996312863 0.00025 2227
1750996339511 0.00025 2228
1750996366126 0.00025 2229
1750996392777 0.000125 2230
1750996419562 0.000125 2231
1750996446333 0.000125 2232
1750996473071 0.000125 2233
1750996499747 0.000125 2234
1750996526445 0.000125 2235
1750996553137 0.000125 2236
1750996579767 0.000125 2237
1750996606424 0.000125 2238
1750996633258 0.000125 2239
1750998111077 0.00025 2240
1750998137769 0.00025 2241
1750998164424 0.00025 2242
1750998191197 0.00025 2243
1750998217783 0.00025 2244
1750998244357 0.00025 2245
1750998270977 0.00025 2246
1750998297696 0.00025 2247
1750998324551 0.00025 2248
1750998351307 0.00025 2249
1750998377925 0.00025 2250
1750998404683 0.00025 2251
1750998431266 0.00025 2252
1750998457832 0.00025 2253
1750998484433 0.00025 2254
1750998511156 0.00025 2255
1750998537985 0.000125 2256
1750998564644 0.000125 2257
1750998591385 0.000125 2258
1750998617993 0.000125 2259
1750998644588 0.000125 2260
1750998671427 0.000125 2261
1750998698166 0.000125 2262
1750998724867 0.000125 2263
1750998751432 0.000125 2264
1750998778110 0.000125 2265
1750998804759 0.000125 2266
1750998831560 0.000125 2267
1750998858155 0.000125 2268
1750998884792 0.000125 2269
1750998912506 6.25e-05 2270
1750998937837 6.25e-05 2271
1750998963190 6.25e-05 2272
1750998988589 6.25e-05 2273
1750999013983 6.25e-05 2274
1750999039376 6.25e-05 2275
1750999064707 6.25e-05 2276
1750999090092 6.25e-05 2277
1750999115640 6.25e-05 2278
1750999140957 6.25e-05 2279
1751000632721 0.00025 2280
1751000658395 0.00025 2281
1751000683807 0.00025 2282
1751000709299 0.00025 2283
1751000734674 0.00025 2284
1751000760071 0.00025 2285
1751000785496 0.00025 2286
1751000811198 0.00025 2287
1751000836585 0.00025 2288
1751000861958 0.00025 2289
1751000887574 0.00025 2290
1751000912947 0.00025 2291
1751000938358 0.00025 2292
1751000964067 0.00025 2293
1751000989458 0.00025 2294
1751001014929 0.00025 2295
1751001040399 0.00025 2296
1751001065899 0.00025 2297
1751001091302 0.00025 2298
1751001117132 0.00025 2299
1751001142912 0.000125 2300
1751001168441 0.000125 2301
1751001193917 0.000125 2302
1751001219407 0.000125 2303
1751001244911 0.000125 2304
1751001270698 0.000125 2305
1751001296408 0.000125 2306
1751001321874 0.000125 2307
1751001347393 0.000125 2308
1751001372899 0.000125 2309
1751001398822 0.000125 2310
1751001424555 0.000125 2311
1751001450337 0.000125 2312
1751001476057 0.000125 2313
1751001501482 6.25e-05 2314
1751001527191 6.25e-05 2315
1751001552959 6.25e-05 2316
1751001578710 6.25e-05 2317
1751001604442 6.25e-05 2318
1751001630175 6.25e-05 2319
1751003098562 0.00025 2320
1751003124336 0.00025 2321
1751003150095 0.00025 2322
1751003175784 0.00025 2323
1751003201500 0.00025 2324
1751003227401 0.00025 2325
1751003253190 0.00025 2326
1751003278901 0.00025 2327
1751003304700 0.00025 2328
1751003330483 0.00025 2329
1751003356213 0.00025 2330
1751003381909 0.00025 2331
1751003407665 0.00025 2332
1751003433508 0.00025 2333
1751003459252 0.00025 2334
1751003485151 0.00025 2335
1751003510910 0.00025 2336
1751003536660 0.00025 2337
1751003562355 0.00025 2338
1751003588092 0.00025 2339
1751003613915 0.00025 2340
1751003639638 0.00025 2341
1751003665403 0.00025 2342
1751003692056 0.00025 2343
1751003717822 0.00025 2344
1751003743600 0.000125 2345
1751003769411 0.000125 2346
1751003795155 0.000125 2347
1751003820828 0.000125 2348
1751003847646 0.000125 2349
1751003873312 0.000125 2350
1751003899065 0.000125 2351
1751003924810 0.000125 2352
1751003950698 0.000125 2353
1751003976490 0.000125 2354
1751004003281 0.000125 2355
1751004028908 0.000125 2356
1751004055698 0.000125 2357
1751004082338 6.25e-05 2358
1751004108171 6.25e-05 2359
1751005536156 0.00025 2360
1751005562991 0.00025 2361
1751005589622 0.00025 2362
1751005616286 0.00025 2363
1751005642926 0.00025 2364
1751005669666 0.00025 2365
1751005696299 0.00025 2366
1751005722964 0.00025 2367
1751005749692 0.00025 2368
1751005776609 0.00025 2369
1751005803272 0.00025 2370
1751005829934 0.00025 2371
1751005856738 0.00025 2372
1751005883467 0.00025 2373
1751005910236 0.000125 2374
1751005936855 0.000125 2375
1751005963538 0.000125 2376
1751005990218 0.000125 2377
1751006016856 0.000125 2378
1751006043574 0.000125 2379
1751006070229 0.000125 2380
1751006096960 0.000125 2381
1751006123652 0.000125 2382
1751006150250 0.000125 2383
1751006176985 0.000125 2384
1751006203670 0.000125 2385
1751006230325 0.000125 2386
1751006257142 0.000125 2387
1751006283915 0.000125 2388
1751006310603 0.000125 2389
1751006337275 0.000125 2390
1751006363962 0.000125 2391
1751006390590 0.000125 2392
1751006417330 0.000125 2393
1751006444016 0.000125 2394
1751006470747 0.000125 2395
1751006497424 6.25e-05 2396
1751006524086 6.25e-05 2397
1751006550750 6.25e-05 2398
1751006577446 6.25e-05 2399
1751008011180 0.00025 2400
1751008037925 0.00025 2401
1751008064548 0.00025 2402
1751008091195 0.00025 2403
1751008117820 0.00025 2404
1751008144535 0.00025 2405
1751008171301 0.00025 2406
1751008197941 0.00025 2407
1751008224771 0.00025 2408
1751008251483 0.00025 2409
1751008278129 0.00025 2410
1751008304758 0.00025 2411
1751008331394 0.00025 2412
1751008358095 0.00025 2413
1751008384851 0.00025 2414
1751008411477 0.00025 2415
1751008438134 0.00025 2416
1751008465005 0.000125 2417
1751008491607 0.000125 2418
1751008518237 0.000125 2419
1751008544950 0.000125 2420
1751008571605 0.000125 2421
1751008598201 0.000125 2422
1751008624799 0.000125 2423
1751008651457 0.000125 2424
1751008678111 0.000125 2425
1751008704739 0.000125 2426
1751008731435 0.000125 2427
1751008758139 0.000125 2428
1751008784815 0.000125 2429
1751008811527 0.000125 2430
1751008838378 0.000125 2431
1751008865024 0.000125 2432
1751008891740 0.000125 2433
1751008918279 0.000125 2434
1751008945076 0.000125 2435
1751008971889 6.25e-05 2436
1751008998541 6.25e-05 2437
1751009025121 6.25e-05 2438
1751009051691 6.25e-05 2439
1751010482101 0.00025 2440
1751010507520 0.00025 2441
1751010532981 0.00025 2442
1751010558419 0.00025 2443
1751010583827 0.00025 2444
1751010609384 0.00025 2445
1751010634750 0.00025 2446
1751010660148 0.00025 2447
1751010685495 0.00025 2448
1751010710866 0.00025 2449
1751010736242 0.00025 2450
1751010761676 0.00025 2451
1751010787056 0.00025 2452
1751010812572 0.00025 2453
1751010837994 0.00025 2454
1751010863431 0.00025 2455
1751010888837 0.00025 2456
1751010914190 0.00025 2457
1751010939619 0.000125 2458
1751010965125 0.000125 2459
1751010990620 0.000125 2460
1751011016015 0.000125 2461
1751011041351 0.000125 2462
1751011066817 0.000125 2463
1751011092267 0.000125 2464
1751011117675 0.000125 2465
1751011143006 0.000125 2466
1751011168524 0.000125 2467
1751011193974 0.000125 2468
1751011219401 0.000125 2469
1751011244683 0.000125 2470
1751011270197 0.000125 2471
1751011295526 0.000125 2472
1751011320900 0.000125 2473
1751011346299 0.000125 2474
1751011371675 0.000125 2475
1751011397178 0.000125 2476
1751011422538 0.000125 2477
1751011447978 0.000125 2478
1751011473367 0.000125 2479
1751012932172 0.00025 2480
1751012958012 0.00025 2481
1751012983773 0.00025 2482
1751013009634 0.00025 2483
1751013035398 0.00025 2484
1751013061100 0.00025 2485
1751013086985 0.00025 2486
1751013112756 0.00025 2487
1751013138463 0.00025 2488
1751013164172 0.00025 2489
1751013189885 0.00025 2490
1751013215614 0.00025 2491
1751013241342 0.00025 2492
1751013267265 0.00025 2493
1751013293006 0.000125 2494
1751013318859 0.000125 2495
1751013344623 0.000125 2496
1751013370510 0.000125 2497
1751013396301 0.000125 2498
1751013422130 0.000125 2499
1751013447870 0.000125 2500
1751013473679 0.000125 2501
1751013499490 0.000125 2502
1751013525240 6.25e-05 2503
1751013550965 6.25e-05 2504
1751013576756 6.25e-05 2505
1751013602576 6.25e-05 2506
1751013628264 6.25e-05 2507
1751013653983 6.25e-05 2508
1751013679884 3.125e-05 2509
1751013705623 3.125e-05 2510
1751013731325 3.125e-05 2511
1751013757087 3.125e-05 2512
1751013782813 3.125e-05 2513
1751013808694 3.125e-05 2514
1751013834569 3.125e-05 2515
1751013860366 1.5625e-05 2516
1751013886048 1.5625e-05 2517
1751013911744 1.5625e-05 2518
1751013937525 1.5625e-05 2519
1751015324488 0.00025 2520
1751015350332 0.00025 2521
1751015376089 0.00025 2522
1751015401847 0.00025 2523
1751015427541 0.00025 2524
1751015454256 0.00025 2525
1751015480132 0.00025 2526
1751015506749 0.00025 2527
1751015532379 0.00025 2528
1751015558059 0.00025 2529
1751015583899 0.00025 2530
1751015610571 0.00025 2531
1751015636393 0.000125 2532
1751015663092 0.000125 2533
1751015689811 0.000125 2534
1751015715586 0.000125 2535
1751015741243 0.000125 2536
1751015768055 0.000125 2537
1751015793881 0.000125 2538
1751015820643 0.000125 2539
1751015847351 0.000125 2540
1751015874099 0.000125 2541
1751015899821 0.000125 2542
1751015926545 0.000125 2543
1751015952245 0.000125 2544
1751015978869 0.000125 2545
1751016005524 0.000125 2546
1751016032251 6.25e-05 2547
1751016058996 6.25e-05 2548
1751016085833 6.25e-05 2549
1751016112534 6.25e-05 2550
1751016139154 6.25e-05 2551
1751016165906 6.25e-05 2552
1751016192644 6.25e-05 2553
1751016219323 3.125e-05 2554
1751016246039 3.125e-05 2555
1751016272752 3.125e-05 2556
1751016299421 3.125e-05 2557
1751016326181 3.125e-05 2558
1751016352890 3.125e-05 2559
1751017851681 0.00025 2560
1751017878353 0.00025 2561
1751017905091 0.00025 2562
1751017931823 0.00025 2563
1751017958566 0.00025 2564
1751017985242 0.00025 2565
1751018012012 0.00025 2566
1751018038691 0.00025 2567
1751018065327 0.00025 2568
1751018091952 0.00025 2569
1751018118732 0.00025 2570
1751018145381 0.00025 2571
1751018172079 0.00025 2572
1751018198798 0.000125 2573
1751018225521 0.000125 2574
1751018252270 0.000125 2575
1751018279080 0.000125 2576
1751018305705 0.000125 2577
1751018332385 0.000125 2578
1751018359205 0.000125 2579
1751018385925 0.000125 2580
1751018412600 0.000125 2581
1751018439252 0.000125 2582
1751018466047 0.000125 2583
1751018492732 6.25e-05 2584
1751018519410 6.25e-05 2585
1751018546146 6.25e-05 2586
1751018572893 6.25e-05 2587
1751018599614 6.25e-05 2588
1751018626327 6.25e-05 2589
1751018653051 6.25e-05 2590
1751018679763 6.25e-05 2591
1751018706340 6.25e-05 2592
1751018733024 6.25e-05 2593
1751018759702 6.25e-05 2594
1751018786427 6.25e-05 2595
1751018813224 6.25e-05 2596
1751018839938 3.125e-05 2597
1751018866795 3.125e-05 2598
1751018893511 3.125e-05 2599
1751020387250 0.00025 2600
1751020414058 0.00025 2601
1751020440756 0.00025 2602
1751020467461 0.00025 2603
1751020494208 0.00025 2604
1751020520930 0.00025 2605
1751020547628 0.00025 2606
1751020574253 0.00025 2607
1751020601057 0.00025 2608
1751020627856 0.00025 2609
1751020654539 0.00025 2610
1751020681168 0.00025 2611
1751020707818 0.00025 2612
1751020734551 0.000125 2613
1751020761374 0.000125 2614
1751020788063 0.000125 2615
1751020814712 0.000125 2616
1751020841565 0.000125 2617
1751020868164 0.000125 2618
1751020894828 0.000125 2619
1751020921542 0.000125 2620
1751020948181 0.000125 2621
1751020975049 0.000125 2622
1751021001684 0.000125 2623
1751021028402 0.000125 2624
1751021055156 0.000125 2625
1751021081787 0.000125 2626
1751021108429 6.25e-05 2627
1751021135104 6.25e-05 2628
1751021161815 6.25e-05 2629
1751021188569 6.25e-05 2630
1751021215169 6.25e-05 2631
1751021241818 6.25e-05 2632
1751021268494 6.25e-05 2633
1751021295136 6.25e-05 2634
1751021321834 3.125e-05 2635
1751021348449 3.125e-05 2636
1751021375121 3.125e-05 2637
1751021401850 3.125e-05 2638
1751021428676 3.125e-05 2639
1751022934359 0.00025 2640
1751022959967 0.00025 2641
1751022985549 0.00025 2642
1751023011076 0.00025 2643
1751023036431 0.00025 2644
1751023061908 0.00025 2645
1751023087288 0.00025 2646
1751023112752 0.00025 2647
1751023138267 0.00025 2648
1751023163736 0.00025 2649
1751023189122 0.00025 2650
1751023214533 0.00025 2651
1751023239981 0.00025 2652
1751023265414 0.00025 2653
1751023290830 0.00025 2654
1751023316263 0.00025 2655
1751023341630 0.000125 2656
1751023367030 0.000125 2657
1751023392591 0.000125 2658
1751023418001 0.000125 2659
1751023443459 0.000125 2660
1751023468981 0.000125 2661
1751023494349 0.000125 2662
1751023519771 0.000125 2663
1751023545382 0.000125 2664
1751023570830 0.000125 2665
1751023596277 0.000125 2666
1751023621692 0.000125 2667
1751023647116 0.000125 2668
1751023672494 0.000125 2669
1751023697867 0.000125 2670
1751023723460 0.000125 2671
1751023748899 0.000125 2672
1751023774332 0.000125 2673
1751023799799 0.000125 2674
1751023825282 0.000125 2675
1751023850834 6.25e-05 2676
1751023876383 6.25e-05 2677
1751023901875 6.25e-05 2678
1751023927469 6.25e-05 2679
1751025431273 0.00025 2680
1751025457078 0.00025 2681
1751025482916 0.00025 2682
1751025508699 0.00025 2683
1751025534440 0.00025 2684
1751025560172 0.00025 2685
1751025585985 0.00025 2686
1751025611778 0.00025 2687
1751025637485 0.00025 2688
1751025663319 0.00025 2689
1751025689048 0.00025 2690
1751025714729 0.00025 2691
1751025740429 0.000125 2692
1751025766187 0.000125 2693
1751025792019 0.000125 2694
1751025817803 0.000125 2695
1751025843585 0.000125 2696
1751025869508 0.000125 2697
1751025895305 0.000125 2698
1751025920963 0.000125 2699
1751025946733 0.000125 2700
1751025972485 0.000125 2701
1751025998291 0.000125 2702
1751026024043 0.000125 2703
1751026049988 0.000125 2704
1751026075780 0.000125 2705
1751026101563 0.000125 2706
1751026127365 0.000125 2707
1751026153236 0.000125 2708
1751026179025 0.000125 2709
1751026204832 0.000125 2710
1751026230543 0.000125 2711
1751026256285 0.000125 2712
1751026282023 6.25e-05 2713
1751026307844 6.25e-05 2714
1751026333586 6.25e-05 2715
1751026359280 6.25e-05 2716
1751026385035 6.25e-05 2717
1751026410859 6.25e-05 2718
1751026436673 3.125e-05 2719
1751027856724 0.00025 2720
1751027883418 0.00025 2721
1751027910197 0.00025 2722
1751027937120 0.00025 2723
1751027963918 0.00025 2724
1751027990624 0.00025 2725
1751028017337 0.00025 2726
1751028044186 0.00025 2727
1751028070995 0.00025 2728
1751028097844 0.00025 2729
1751028124565 0.00025 2730
1751028151347 0.000125 2731
1751028178090 0.000125 2732
1751028204910 0.000125 2733
1751028231694 0.000125 2734
1751028258414 0.000125 2735
1751028285122 0.000125 2736
1751028311865 0.000125 2737
1751028338572 0.000125 2738
1751028365245 0.000125 2739
1751028392037 0.000125 2740
1751028418755 0.000125 2741
1751028445627 0.000125 2742
1751028472548 0.000125 2743
1751028499311 0.000125 2744
1751028526024 0.000125 2745
1751028552878 0.000125 2746
1751028579680 6.25e-05 2747
1751028606422 6.25e-05 2748
1751028633121 6.25e-05 2749
1751028659994 6.25e-05 2750
1751028686668 6.25e-05 2751
1751028713449 6.25e-05 2752
1751028740205 3.125e-05 2753
1751028766980 3.125e-05 2754
1751028793686 3.125e-05 2755
1751028820512 3.125e-05 2756
1751028847274 3.125e-05 2757
1751028873975 3.125e-05 2758
1751028900701 3.125e-05 2759
1751030386068 0.00025 2760
1751030412830 0.00025 2761
1751030439530 0.00025 2762
1751030466215 0.00025 2763
1751030492958 0.00025 2764
1751030519664 0.00025 2765
1751030546328 0.00025 2766
1751030573175 0.00025 2767
1751030599799 0.00025 2768
1751030626594 0.00025 2769
1751030653531 0.00025 2770
1751030680273 0.000125 2771
1751030707070 0.000125 2772
1751030733785 0.000125 2773
1751030760603 0.000125 2774
1751030787351 0.000125 2775
1751030814058 0.000125 2776
1751030840786 0.000125 2777
1751030867547 0.000125 2778
1751030894246 0.000125 2779
1751030920950 0.000125 2780
1751030947864 0.000125 2781
1751030974525 0.000125 2782
1751031001242 0.000125 2783
1751031027870 0.000125 2784
1751031054732 0.000125 2785
1751031081501 0.000125 2786
1751031108210 0.000125 2787
1751031134957 0.000125 2788
1751031161630 0.000125 2789
1751031188415 0.000125 2790
1751031215268 0.000125 2791
1751031242115 0.000125 2792
1751031268833 0.000125 2793
1751031295602 0.000125 2794
1751031322339 0.000125 2795
1751031349116 6.25e-05 2796
1751031375918 6.25e-05 2797
1751031402714 6.25e-05 2798
1751031429423 6.25e-05 2799
1751032948583 0.00025 2800
1751032975442 0.00025 2801
1751033002179 0.00025 2802
1751033028914 0.00025 2803
1751033055543 0.00025 2804
1751033082236 0.00025 2805
1751033108912 0.00025 2806
1751033135633 0.00025 2807
1751033162432 0.00025 2808
1751033189343 0.00025 2809
1751033216037 0.00025 2810
1751033242776 0.00025 2811
1751033269428 0.00025 2812
1751033296157 0.00025 2813
1751033322784 0.00025 2814
1751033349428 0.00025 2815
1751033376062 0.00025 2816
1751033402762 0.00025 2817
1751033429568 0.00025 2818
1751033456199 0.00025 2819
1751033482960 0.00025 2820
1751033509876 0.00025 2821
1751033536677 0.00025 2822
1751033563557 0.00025 2823
1751033590466 0.00025 2824
1751033617203 0.000125 2825
1751033644019 0.000125 2826
1751033670673 0.000125 2827
1751033697333 0.000125 2828
1751033724168 0.000125 2829
1751033751013 0.000125 2830
1751033778615 0.000125 2831
1751033804075 0.000125 2832
1751033829537 6.25e-05 2833
1751033855114 6.25e-05 2834
1751033880567 6.25e-05 2835
1751033905932 6.25e-05 2836
1751033931414 6.25e-05 2837
1751033956767 6.25e-05 2838
1751033982082 6.25e-05 2839
