1751912510238 0.4452 0
1751915564753 0.4876 1
1751918630474 0.5032 2
1751921710290 0.5068 3
1751924790196 0.5188 4
1751927855832 0.522 5
1751930915626 0.527 6
1751933982021 0.527 7
1751937051704 0.531 8
1751940136216 0.5312 9
1751943231749 0.5368 10
1751946307175 0.5326 11
1751949382764 0.5376 12
1751952467283 0.5424 13
1751955564396 0.5442 14
1751958663667 0.5374 15
1751961750908 0.5474 16
1751964828039 0.5476 17
1751967900657 0.5518 18
1751970974686 0.5518 19
1751974075920 0.5522 20
1751977174141 0.5432 21
1751980259939 0.5488 22
1751983334475 0.551 23
1751986408564 0.5568 24
1751989483530 0.5532 25
1751992574780 0.5516 26
1751995674690 0.551 27
1751998759405 0.5538 28
1752001833477 0.553 29
1752004920948 0.5536 30
1752007998620 0.5564 31
1752011089971 0.5526 32
1752014189724 0.555 33
1752017277550 0.557 34
1752020351712 0.5502 35
1752023426716 0.5514 36
1752026501012 0.5528 37
1752029591112 0.5536 38
1752032690765 0.5554 39
1752035790208 0.5504 40
1752038865567 0.5532 41
1752041939220 0.557 42
1752045014096 0.5592 43
1752048101822 0.5576 44
1752051202336 0.5596 45
1752054311470 0.555 46
1752057410505 0.5578 47
1752060488059 0.561 48
1752063564370 0.5592 49
1752066668130 0.5522 50
1752069772693 0.5572 51
1752072872815 0.56 52
1752075952999 0.5592 53
1752079031718 0.5582 54
