1751838698329 0.2428 0
1751840969969 0.3346 1
1751843295470 0.37 2
1751845614824 0.3914 3
1751847836248 0.3956 4
1751850086167 0.3994 5
1751852404719 0.419 6
1751854731165 0.4224 7
1751856967275 0.4276 8
1751859200582 0.4304 9
1751861570686 0.4344 10
1751863929565 0.4406 11
1751866258327 0.4406 12
1751868501589 0.4438 13
1751870777129 0.4476 14
1751873130376 0.4502 15
1751875492878 0.45 16
1751877769641 0.4484 17
1751880016684 0.4532 18
1751882283018 0.4548 19
1751884630382 0.452 20
1751886982640 0.457 21
1751889342508 0.4558 22
1751891671274 0.4532 23
1751893921208 0.4572 24
1751896207485 0.4596 25
1751898686384 0.4564 26
1751901050671 0.4558 27
1751903302298 0.4646 28
1751905557272 0.4618 29
1751907847152 0.4668 30
