1747888900759 1.776535451412201 0
1747889428049 1.6666372418403625 1
1747889962165 1.618220865726471 2
1747890498167 1.5575942397117615 3
1747891038594 1.5307012796401978 4
1747891581075 1.5044620037078857 5
1747892127952 1.4811285138130188 6
1747892677867 1.4614233374595642 7
1747893227020 1.4529240131378174 8
1747893776480 1.441219687461853 9
1747894336279 1.4255810379981995 10
1747894887649 1.4279512166976929 11
1747895439679 1.409100592136383 12
1747895992197 1.3872137665748596 13
1747896545409 1.426906168460846 14
1747897098756 1.3949890732765198 15
1747897652309 1.3802804350852966 16
1747898205349 1.3937743306159973 17
1747898759996 1.4046702980995178 18
1747899312559 1.4083185195922852 19
1747899866359 1.4157920479774475 20
1747900419219 1.372795820236206 21
1747900971186 1.3968697786331177 22
1747901519872 1.419444501399994 23
1747902074638 1.4222272634506226 24
1747902733419 1.3882699012756348 25
1747903409165 1.407386839389801 26
1747904086012 1.4061717987060547 27
1747904778498 1.4230400919914246 28
1747905456468 1.4067195653915405 29
1747906134707 1.4364108443260193 30
1747906811038 1.418111801147461 31
1747907487056 1.4314383268356323 32
1747908163905 1.4288886785507202 33
1747908838568 1.429075300693512 34
1747909491515 1.4388070702552795 35
1747910165222 1.4257736206054688 36
1747910838325 1.4305009841918945 37
1747911512364 1.4260163307189941 38
1747912185137 1.425808072090149 39
1747912860607 1.4255399107933044 40
1747913519716 1.4221027493476868 41
1747914118517 1.4347854852676392 42
1747914715643 1.419155776500702 43
1747915313068 1.425026535987854 44
1747915909976 1.4318391680717468 45
1747916527274 1.4195841550827026 46
1747917124303 1.4260204434394836 47
1747917719595 1.423538863658905 48
1747918317577 1.4165846705436707 49
1747918918236 1.419880747795105 50
1747919519709 1.4185113310813904 51
1747920121199 1.41945880651474 52
1747920733819 1.4238686561584473 53
1747921334292 1.4195666313171387 54
1747921933852 1.4133602976799011 55
1747922549881 1.4136458039283752 56
1747923148630 1.4144154787063599 57
1747923746993 1.4128236174583435 58
1747924342947 1.4132754802703857 59
1747924939699 1.413589596748352 60
1747925542274 1.4124627113342285 61
1747926165398 1.4122397899627686 62
1747926784524 1.4108176827430725 63
1747927380638 1.4116185903549194 64
1747927978236 1.4117431044578552 65
1747928575461 1.4115169644355774 66
1747929172736 1.4100086688995361 67
1747929765378 1.4101985692977905 68
1747930359318 1.4093446135520935 69
1747930953991 1.4095830917358398 70
1747931545682 1.4086582660675049 71
1747932138235 1.4086161255836487 72
1747932729264 1.4073300957679749 73
1747933324642 1.4069234728813171 74
1747933920752 1.4067257046699524 75
1747934519536 1.4070932269096375 76
1747935112313 1.4065784215927124 77
1747935711004 1.4061883687973022 78
1747936314756 1.4055980443954468 79
1747936915828 1.4051551222801208 80
1747937518775 1.4051662683486938 81
1747938142253 1.4052070379257202 82
1747938751061 1.4053779244422913 83
1747939354055 1.4048434495925903 84
1747939959897 1.404693603515625 85
1747940567426 1.40455824136734 86
1747941167715 1.4046459197998047 87
1747941759417 1.4045860767364502 88
1747942358461 1.404779076576233 89
1747942959411 1.404571533203125 90
1747943558864 1.4044556617736816 91
1747944159980 1.404494822025299 92
1747944760132 1.4043437242507935 93
1747945359738 1.4043078422546387 94
1747945972575 1.4043115973472595 95
1747946567921 1.404242753982544 96
1747947164496 1.403926432132721 97
1747947761722 1.4040163159370422 98
1747948359885 1.4039885997772217 99
1747948957027 1.4038217663764954 100
1747949554238 1.4038840532302856 101
1747950149561 1.403901994228363 102
1747950745100 1.4034833908081055 103
1747951340423 1.4035440683364868 104
1747951936325 1.4034136533737183 105
1747952531083 1.4033358693122864 106
1747953127045 1.4033654928207397 107
1747953725127 1.4033087491989136 108
1747954314665 1.4026423692703247 109
1747954902136 1.4027530550956726 110
1747955492606 1.402531921863556 111
1747956081624 1.402786672115326 112
1747956671374 1.4026949405670166 113
1747957268118 1.4027613401412964 114
1747957868604 1.4026039838790894 115
1747958470349 1.402655005455017 116
1747959072636 1.402568280696869 117
1747959673328 1.4026346802711487 118
1747960267779 1.4025754928588867 119
1747960857994 1.4025760889053345 120
1747961449104 1.4025284051895142 121
1747962039453 1.402539610862732 122
1747962630360 1.4025092720985413 123
1747963222608 1.4024589657783508 124
1747963815807 1.4025035500526428 125
1747964412774 1.402539312839508 126
1747965012021 1.4025027751922607 127
1747965609305 1.4025250673294067 128
1747966208028 1.4025120735168457 129
1747966805343 1.4025302529335022 130
1747967403035 1.4025823473930359 131
1747968001860 1.4025413990020752 132
1747968599660 1.4026246666908264 133
1747969197453 1.4025845527648926 134
1747969797405 1.4026541709899902 135
1747970395045 1.4026612639427185 136
1747970991494 1.402666449546814 137
1747971587236 1.4026070833206177 138
1747972185241 1.4026176929473877 139
1747972781748 1.4026257991790771 140
