1747304818271 0.1038 0
1747305078404 0.1108 1
1747305308221 0.108 2
1747305537591 0.108 3
1747305767936 0.128 4
1747305998159 0.1428 5
1747306228705 0.1588 6
1747306459630 0.1686 7
1747306701912 0.1946 8
1747306950562 0.2174 9
1747307246882 0.2334 10
1747307496605 0.2466 11
1747307746071 0.2576 12
1747307995168 0.2696 13
1747308244515 0.2768 14
1747308494370 0.2854 15
1747308773359 0.2944 16
1747309083288 0.3004 17
1747309393439 0.309 18
1747309704554 0.3168 19
1747310016108 0.3208 20
1747310328203 0.3208 21
1747310639670 0.3244 22
1747310951274 0.326 23
1747311263316 0.3294 24
1747311574546 0.3304 25
1747311884909 0.3332 26
1747312196647 0.3308 27
1747312507268 0.334 28
1747312818581 0.3366 29
1747313129002 0.3362 30
1747313440395 0.3374 31
1747313750885 0.3376 32
1747314062291 0.3382 33
1747314372709 0.3396 34
1747314683698 0.3424 35
1747314994559 0.3462 36
1747315305526 0.3414 37
1747315616221 0.3446 38
1747315927597 0.345 39
1747316239221 0.3474 40
1747316550284 0.3466 41
1747316861397 0.3452 42
1747317172497 0.35 43
1747317483163 0.3484 44
1747317794333 0.348 45
1747318105535 0.3482 46
1747318417288 0.348 47
1747318729255 0.3496 48
1747319041295 0.3468 49
1747319354926 0.3534 50
1747319669338 0.3506 51
1747319983129 0.3524 52
1747320297431 0.3534 53
1747320610495 0.3546 54
1747320923866 0.3538 55
1747321236825 0.3534 56
1747321550219 0.354 57
1747321862654 0.3544 58
1747322175837 0.3528 59
1747322488517 0.3516 60
1747322801019 0.355 61
1747323113106 0.3532 62
1747323425660 0.3558 63
1747323737723 0.359 64
1747324051312 0.3582 65
1747324364053 0.3546 66
1747324675912 0.3574 67
1747324989271 0.3556 68
1747325302845 0.3564 69
1747325616830 0.3566 70
1747325929332 0.3572 71
1747326241533 0.3548 72
1747326553167 0.3556 73
1747326865698 0.3566 74
1747327178705 0.359 75
1747327491138 0.359 76
1747327804655 0.3586 77
1747328118102 0.361 78
1747328432378 0.3588 79
1747328746247 0.3594 80
1747329060609 0.3596 81
1747329374489 0.3614 82
1747329689142 0.3608 83
1747330003323 0.363 84
1747330317358 0.361 85
1747330631999 0.3614 86
1747330947071 0.3628 87
1747331261853 0.3634 88
1747331577141 0.36 89
1747331891972 0.3612 90
1747332207194 0.3632 91
1747332522746 0.3646 92
1747332839143 0.3662 93
1747333155005 0.365 94
1747333470044 0.3648 95
1747333786061 0.3632 96
1747334104393 0.3646 97
1747334422915 0.3648 98
1747334740372 0.3648 99
1747335057945 0.364 100
1747335375852 0.367 101
1747335694400 0.3666 102
1747336012177 0.3652 103
1747336330120 0.3654 104
1747336647920 0.3658 105
1747336965932 0.3632 106
1747337284481 0.3656 107
1747337602536 0.366 108
1747337921051 0.3654 109
1747338239877 0.3644 110
1747338558921 0.3612 111
1747338878216 0.3632 112
1747339196972 0.3662 113
1747339516549 0.3664 114
1747339836019 0.3642 115
1747340155576 0.3646 116
1747340476945 0.3648 117
