1747887549360 0.116 0
1747887633576 0.1966 19
1747887717787 0.2198 38
1747888094424 0.1268 40
1747888178043 0.2294 59
1747888262497 0.2258 78
1747888643641 0.1332 80
1747888729373 0.2336 99
1747888814456 0.2388 118
1747889199497 0.148 120
1747889285194 0.247 139
1747889371168 0.2542 158
1747889758971 0.163 160
1747889845928 0.2512 179
1747889932916 0.2528 198
1747890320685 0.1648 200
1747890407380 0.2524 219
1747890493323 0.2642 238
1747890882809 0.1616 240
1747890969781 0.2554 259
1747891056842 0.254 278
1747891449253 0.1624 280
1747891536195 0.263 299
1747891622979 0.268 318
1747892015068 0.1692 320
1747892101996 0.2684 339
1747892189725 0.2628 358
1747892580095 0.172 360
1747892667850 0.2698 379
1747892754958 0.2732 398
1747893147405 0.1836 400
