1747301372641 2.144942977211692 0
1747301377268 2.142944487658414 1
1747301381629 2.1412092555652964 2
1747301385971 2.1395772370425137 3
1747301390206 2.137963815168901 4
1747301394821 2.1366437565196645 5
1747301399170 2.1352178183468906 6
1747301403545 2.1340280012650923 7
1747301408049 2.132881771434437 8
1747301412305 2.1318632906133477 9
1747301416598 2.130907665599476 10
1747301420825 2.1299654787236992 11
1747301425389 2.1291524280201304 12
1747301429650 2.1280635703693735 13
1747301433948 2.1272706551985308 14
1747301438472 2.1265431967648594 15
1747301442740 2.1257678161967886 16
1747301447097 2.1249805363741787 17
1747301451343 2.124255960637873 18
1747301456127 2.123602173545144 19
1747301460384 2.1229153979908335 20
1747301464649 2.1225075721740723 21
1747301469110 2.121764226393266 22
1747301473407 2.120964830571955 23
1747301477728 2.1203987164930864 24
1747301482312 2.1197847453030674 25
1747301486639 2.119117996909402 26
1747301490903 2.118701392954046 27
1747301495244 2.118149909106168 28
1747301499780 2.1174587553197686 29
1747301504123 2.1169375723058526 30
1747301508383 2.116225307637995 31
1747301512921 2.115842429074374 32
1747301517220 2.1152635270898994 33
1747301521490 2.114582733674483 34
1747301525812 2.1140535094521264 35
1747301530320 2.113614624196833 36
1747301534647 2.1130492903969507 37
1747301539103 2.112544623288241 38
1747301543423 2.1119805466045034 39
1747302069452 2.149209499359131 40
1747302073695 2.1453506513075395 41
1747302077937 2.1421701474623247 42
1747302082180 2.1395117369565098 43
1747302086470 2.1369659250432793 44
1747302090742 2.1346687403592197 45
1747302095047 2.1325943903489546 46
1747302099354 2.1306039853529497 47
1747302103632 2.12882679158991 48
1747302107934 2.127095872705633 49
1747302112165 2.125778653404929 50
1747302116430 2.124204158782959 51
1747302120616 2.1228140700947153 52
1747302124882 2.1216286312450063 53
1747302129151 2.1202784451571377 54
1747302133440 2.1193156242370605 55
1747302137697 2.118301283229481 56
1747302141954 2.117119724100286 57
1747302146286 2.1161551475524902 58
1747302150761 2.1152984445745293 59
1747302155033 2.1143314188176934 60
1747302159282 2.1132326776331123 61
1747302163543 2.112321875312112 62
1747302167821 2.111556898463856 63
1747302172051 2.110689336603338 64
1747302176325 2.110057657415217 65
1747302180528 2.1095731908624824 66
1747302184700 2.1084107485684482 67
1747302188880 2.1076569773934106 68
1747302193116 2.106744181026112 69
1747302197374 2.1060269312425093 70
1747302201599 2.105229442769831 71
1747302205892 2.104619784788652 72
1747302210120 2.103760307485407 73
1747302214394 2.103076848116788 74
1747302218601 2.102463050322099 75
1747302222839 2.101691571148959 76
1747302227056 2.1010861613533716 77
1747302231452 2.1003096970644863 78
1747302236042 2.099742217497392 79
1747302765412 2.1069091016596015 80
1747302769594 2.1046774820847944 81
1747302773803 2.103065404024991 82
1747302778035 2.1017116850072686 83
1747302782263 2.1001373421062124 84
1747302786496 2.099152369932695 85
1747302790649 2.098087852651423 86
1747302794875 2.0970013575120405 87
1747302799080 2.095893318002874 88
1747302803285 2.0950571190227163 89
1747302807473 2.0940983945673164 90
1747302811680 2.093150659040971 91
1747302815945 2.092438134280118 92
1747302820495 2.091503446752375 93
1747302824475 2.090894720771096 94
1747302829023 2.09031588380987 95
1747302832926 2.089693958109075 96
1747302837501 2.088869419964877 97
1747302841709 2.0880951664664527 98
1747302846124 2.0873959281227807 99
1747302850338 2.086740883913907 100
1747302854587 2.086105455051769 101
1747302858803 2.085495645349676 102
1747302863005 2.084885597229004 103
1747302867203 2.084371718493375 104
1747302871390 2.083913629705256 105
1747302875677 2.0831070813265713 106
1747302879925 2.082610607147217 107
1747302884188 2.082027782093395 108
1747302888435 2.0814662629907783 109
1747302892627 2.080976789647883 110
1747302896874 2.0804891803047876 111
1747302901059 2.0802311680533667 112
1747302905265 2.0799448056654497 113
1747302909452 2.079434113069014 114
1747302913667 2.078915335915305 115
1747302917920 2.0782858458432285 116
1747302922105 2.0779777656901968 117
1747302926596 2.0775017088109795 118
1747302930818 2.07717641917142 119
1747303464443 2.0800890272313897 120
1747303468842 2.0792569897391577 121
1747303473092 2.0786150152033027 122
1747303477467 2.077803048220548 123
1747303481788 2.077268297022039 124
1747303486144 2.076826485720548 125
1747303490474 2.0764881914312188 126
1747303494821 2.076014757156372 127
1747303499167 2.0756287574768066 128
1747303503524 2.0751454613425513 129
1747303507782 2.0749520388516514 130
1747303512000 2.074767156080766 131
1747303516293 2.074267040599476 132
1747303520619 2.07375751842152 133
1747303524963 2.073870983990756 134
1747303529320 2.073291713541204 135
1747303533639 2.0729526823217217 136
1747303538011 2.0727181217887183 137
1747303542358 2.0724209438670766 138
1747303547223 2.0719576098702173 139
1747303551552 2.0717070536179976 140
1747303555882 2.071379878304221 141
1747303560218 2.0711380785161797 142
1747303564572 2.070898923006925 143
1747303568922 2.070548556067727 144
1747303573278 2.0703628930178555 145
1747303577614 2.0701387362046675 146
1747303581643 2.069788325916637 147
1747303586301 2.0696542913263496 148
1747303590363 2.0693148266185415 149
1747303595055 2.0691954656080767 150
1747303599103 2.0691217075694692 151
1747303603773 2.0686433098532935 152
1747303607833 2.068336920304732 153
1747303612476 2.068299878727306 154
1747303616527 2.0680088346654717 155
1747303621226 2.067692908373746 156
1747303625224 2.067461620677601 157
1747303629965 2.067363370548595 158
1747303634211 2.067102323878895 159
1747304171522 2.072062709114768 160
1747304175856 2.0713895017450508 161
1747304180077 2.0708555524999444 162
1747304184310 2.070394060828469 163
1747304188835 2.0700563300739634 164
1747304192736 2.0695688291029497 165
1747304197295 2.069364005869085 166
1747304201198 2.069359215823087 167
1747304205728 2.0689474669369785 168
1747304209944 2.0684740760109643 169
1747304214151 2.068167296322909 170
1747304218364 2.0678985985842617 171
1747304222573 2.0676718191667036 172
1747304226763 2.0674384507265957 173
1747304230994 2.067258206280795 174
1747304235195 2.06694956259294 175
1747304239420 2.066767519170588 176
1747304243639 2.066587729887529 177
1747304247862 2.06641470302235 178
1747304252271 2.0661766962571577 179
1747304256481 2.0657310485839844 180
1747304260695 2.0654447078704834 181
1747304264905 2.065287698398937 182
1747304269128 2.065133116462014 183
1747304273351 2.0648488131436435 184
1747304277588 2.064687056974931 185
1747304281810 2.0645120577378706 186
1747304286036 2.064469424161044 187
1747304290254 2.064212062142112 188
