1747301022434 2.140839034860784 0
1747301026927 2.1391054066744717 1
1747301031180 2.137421586296775 2
1747301035427 2.135802832516757 3
1747301039700 2.1343662305311724 4
1747301044231 2.133025971325961 5
1747301048450 2.131930177861994 6
1747301052738 2.1305785829370674 7
1747301057215 2.1296683008020576 8
1747301061454 2.128516045483676 9
1747301065758 2.127468694340099 10
1747301069957 2.1266021728515625 11
1747301074541 2.1257511485706675 12
1747301078852 2.1248404762961646 13
1747301083095 2.124015201221813 14
1747301087278 2.1231765530326148 15
1747301091691 2.1223735375837847 16
1747301095886 2.121637474406849 17
1747301100042 2.1208811673251065 18
1747301104660 2.1202937472950327 19
1747301108851 2.1195137934251265 20
1747301113086 2.118801138617776 21
1747301117491 2.1181693510575728 22
1747301121688 2.1179680824279785 23
1747301125855 2.1169955080205742 24
1747301130037 2.116266510703347 25
1747301134502 2.115685137835416 26
1747301138679 2.1151665340770376 27
1747301142905 2.114537542516535 28
1747301147349 2.1139809651808306 29
1747301151545 2.1135278831828725 30
1747301155766 2.112926483154297 31
1747301159991 2.1121072335676714 32
1747301164432 2.111627773805098 33
1747301168630 2.1111293489282783 34
1747301172822 2.1105394796891646 35
1747301177248 2.1100025177001953 36
1747301181430 2.1094154011119497 37
1747301185842 2.108774878761985 38
1747301190313 2.1083521192724053 39
1747301723122 2.1388773051175205 40
1747301727252 2.1370056108994917 41
1747301731408 2.1353422945195977 42
1747301735620 2.1341463435779917 43
1747301739787 2.1327792297710073 44
1747301744005 2.131485852328214 45
1747301748246 2.130241025577892 46
1747301752473 2.1291231242093174 47
1747301756693 2.1281593062660913 48
1747301760841 2.1272248138080943 49
1747301765065 2.126254276795821 50
1747301769245 2.125341545451771 51
1747301773470 2.124564929441972 52
1747301777660 2.1237740516662598 53
1747301781864 2.122936422174627 54
1747301786086 2.122273163361983 55
1747301790266 2.1214316974986684 56
1747301794494 2.120547554709695 57
1747301798674 2.1198920986869116 58
1747301803133 2.11917122927579 59
1747301807432 2.118570566177368 60
1747301811668 2.1177674640308726 61
1747301815958 2.117042671550404 62
1747301820146 2.116645097732544 63
1747301824321 2.1159615950150923 64
1747301828460 2.1151974201202393 65
1747301832629 2.1147789738394995 66
1747301836843 2.114044362848455 67
1747301841055 2.113458828492598 68
1747301845364 2.112831484187733 69
1747301849660 2.1122234517877754 70
1747301853908 2.11170972477306 71
1747301858101 2.111300230026245 72
1747301862300 2.11058293689381 73
1747301866508 2.1099366491491143 74
1747301870670 2.109456864270297 75
1747301874950 2.109009200876409 76
1747301879203 2.1083590984344482 77
1747301883701 2.1078753254630347 78
1747301887997 2.1074612790888008 79
1747302419277 2.0966555205258457 80
1747302423497 2.0955524227835913 81
1747302427710 2.0945925279097124 82
1747302431910 2.0940294482491235 83
1747302436168 2.093621405688199 84
1747302440419 2.092667579650879 85
1747302444682 2.0919896255839956 86
1747302448918 2.091061982241544 87
1747302453176 2.090472784909335 88
1747302457406 2.0897285721518775 89
1747302461629 2.089074199849909 90
1747302465894 2.0885746479034424 91
1747302470110 2.087854580445723 92
1747302474402 2.087185122750022 93
1747302478642 2.0866288488561455 94
1747302482894 2.0860383944077925 95
1747302487113 2.0856398452411997 96
1747302491311 2.0851505236192183 97
1747302495616 2.0846236402338203 98
1747302500399 2.0838255015286533 99
1747302504673 2.0834794477982954 100
1747302508623 2.083450295708396 101
1747302513141 2.082322445782748 102
1747302517089 2.0818228288130327 103
1747302521617 2.0816299481825395 104
1747302525610 2.0811910412528296 105
1747302530156 2.0804507732391357 106
1747302534069 2.0799822373823686 107
1747302538570 2.0796113230965356 108
1747302542461 2.0790517113425513 109
1747302546988 2.0784929882396352 110
1747302550899 2.0781701694835317 111
1747302555487 2.077633944424716 112
1747302559389 2.0772402503273706 113
1747302563930 2.07672136480158 114
1747302567933 2.0765517191453413 115
1747302572475 2.0759559978138316 116
1747302576462 2.075781388716264 117
1747302581207 2.075731971047141 118
1747302585513 2.075111150741577 119
1747303114953 2.0770467844876377 120
1747303119220 2.0760543563149194 121
1747303123507 2.0755323713476006 122
1747303127754 2.0748299902135674 123
1747303131975 2.074558062986894 124
1747303136280 2.074186260049993 125
1747303140602 2.0736168081110176 126
1747303144890 2.0732166333632036 127
1747303149099 2.072818300940774 128
1747303153350 2.0722224062139336 129
1747303157595 2.0720498995347456 130
1747303161804 2.0717163519425825 131
1747303166106 2.071167469024658 132
1747303170422 2.0707397027449175 133
1747303174681 2.0704802599820225 134
1747303178979 2.070143396204168 135
1747303183240 2.0697207884355024 136
1747303187523 2.069413835352117 137
1747303191742 2.0691095265475186 138
1747303196264 2.0688392249020664 139
1747303200542 2.068736574866555 140
1747303204853 2.0683447230945933 141
1747303209125 2.067934513092041 142
1747303213369 2.0676385055888784 143
1747303217624 2.067386735569347 144
1747303221847 2.067055268721147 145
1747303226144 2.066933501850475 146
1747303230428 2.066685199737549 147
1747303234715 2.0663340958681973 148
1747303239017 2.065954186699607 149
1747303243297 2.065806757320057 150
1747303247637 2.065551671114835 151
1747303251868 2.065820737318559 152
1747303256189 2.0652396462180396 153
1747303260525 2.064831430261785 154
1747303264827 2.0645129680633545 155
1747303269089 2.0642537637190386 156
1747303273355 2.06411058252508 157
1747303277866 2.063914255662398 158
1747303282147 2.063684008338235 159
1747303819576 2.069487983530218 160
1747303823911 2.0685830116271973 161
1747303828274 2.0682701847769995 162
1747303832633 2.067922071977095 163
1747303836992 2.0673875591971655 164
1747303841321 2.0669390721754595 165
1747303845667 2.066502744501287 166
1747303850014 2.066299243406816 167
1747303854317 2.065894538705999 168
1747303858628 2.06562555919994 169
1747303862902 2.065114649859342 170
1747303867192 2.064872611652721 171
1747303871427 2.064669435674494 172
1747303875735 2.0642681338570337 173
1747303880048 2.064464070580222 174
1747303884386 2.0640086260708896 175
1747303888696 2.064027179371227 176
1747303892941 2.063503720543601 177
1747303897273 2.0633852915330366 178
1747303901761 2.0628900961442427 179
1747303906042 2.062592701478438 180
1747303910335 2.062463500282981 181
1747303914652 2.0620434284210205 182
1747303918968 2.062022339213978 183
1747303923302 2.0617411786859687 184
1747303927639 2.0615512024272573 185
1747303931899 2.0612438808787954 186
1747303936238 2.0610710924321953 187
1747303940532 2.0608398047360508 188
1747303944833 2.0609524466774682 189
1747303949171 2.0605238567699087 190
1747303953450 2.0602355653589424 191
1747303957820 2.060421011664651 192
1747303962111 2.0602690306576816 193
1747303966475 2.059981519525701 194
1747303970768 2.0595102310180664 195
1747303975004 2.0594376867467705 196
1747303979215 2.059248382394964 197
1747303983667 2.058997717770663 198
1747303987903 2.05894550410184 199
