1747301372641 3e-05 0
1747301377268 3e-05 1
1747301381629 3e-05 2
1747301385971 3e-05 3
1747301390206 3e-05 4
1747301394821 3e-05 5
1747301399170 3e-05 6
1747301403545 3e-05 7
1747301408049 3e-05 8
1747301412305 3e-05 9
1747301416598 3e-05 10
1747301420825 3e-05 11
1747301425389 3e-05 12
1747301429650 3e-05 13
1747301433948 3e-05 14
1747301438472 3e-05 15
1747301442740 3e-05 16
1747301447097 3e-05 17
1747301451343 3e-05 18
1747301456127 3e-05 19
1747301460384 3e-05 20
1747301464649 3e-05 21
1747301469110 3e-05 22
1747301473407 3e-05 23
1747301477728 3e-05 24
1747301482312 3e-05 25
1747301486639 3e-05 26
1747301490903 3e-05 27
1747301495244 3e-05 28
1747301499780 3e-05 29
1747301504123 3e-05 30
1747301508383 3e-05 31
1747301512921 3e-05 32
1747301517220 3e-05 33
1747301521490 3e-05 34
1747301525812 3e-05 35
1747301530320 3e-05 36
1747301534647 3e-05 37
1747301539103 3e-05 38
1747301543423 3e-05 39
1747302069452 3e-05 40
1747302073695 3e-05 41
1747302077937 3e-05 42
1747302082180 3e-05 43
1747302086470 3e-05 44
1747302090742 3e-05 45
1747302095047 3e-05 46
1747302099354 3e-05 47
1747302103632 3e-05 48
1747302107934 3e-05 49
1747302112165 3e-05 50
1747302116430 3e-05 51
1747302120616 3e-05 52
1747302124882 3e-05 53
1747302129151 3e-05 54
1747302133440 3e-05 55
1747302137697 3e-05 56
1747302141954 3e-05 57
1747302146286 3e-05 58
1747302150761 3e-05 59
1747302155033 3e-05 60
1747302159282 3e-05 61
1747302163543 3e-05 62
1747302167821 3e-05 63
1747302172051 3e-05 64
1747302176325 3e-05 65
1747302180528 3e-05 66
1747302184700 3e-05 67
1747302188880 3e-05 68
1747302193116 3e-05 69
1747302197374 3e-05 70
1747302201599 3e-05 71
1747302205892 3e-05 72
1747302210120 3e-05 73
1747302214394 3e-05 74
1747302218601 3e-05 75
1747302222839 3e-05 76
1747302227056 3e-05 77
1747302231452 3e-05 78
1747302236042 3e-05 79
1747302765412 3e-05 80
1747302769594 3e-05 81
1747302773803 3e-05 82
1747302778035 3e-05 83
1747302782263 3e-05 84
1747302786496 3e-05 85
1747302790649 3e-05 86
1747302794875 3e-05 87
1747302799080 3e-05 88
1747302803285 3e-05 89
1747302807473 3e-05 90
1747302811680 3e-05 91
1747302815945 3e-05 92
1747302820495 3e-05 93
1747302824475 3e-05 94
1747302829023 3e-05 95
1747302832926 3e-05 96
1747302837501 3e-05 97
1747302841709 3e-05 98
1747302846124 3e-05 99
1747302850338 3e-05 100
1747302854587 3e-05 101
1747302858803 3e-05 102
1747302863005 3e-05 103
1747302867203 3e-05 104
1747302871390 3e-05 105
1747302875677 3e-05 106
1747302879925 3e-05 107
1747302884188 3e-05 108
1747302888435 3e-05 109
1747302892627 3e-05 110
1747302896874 3e-05 111
1747302901059 3e-05 112
1747302905265 3e-05 113
1747302909452 3e-05 114
1747302913667 3e-05 115
1747302917920 3e-05 116
1747302922105 3e-05 117
1747302926596 3e-05 118
1747302930818 3e-05 119
1747303464443 3e-05 120
1747303468842 3e-05 121
1747303473092 3e-05 122
1747303477467 3e-05 123
1747303481788 3e-05 124
1747303486144 3e-05 125
1747303490474 3e-05 126
1747303494821 3e-05 127
1747303499167 3e-05 128
1747303503524 3e-05 129
1747303507782 3e-05 130
1747303512000 3e-05 131
1747303516293 3e-05 132
1747303520619 3e-05 133
1747303524963 3e-05 134
1747303529320 3e-05 135
1747303533639 3e-05 136
1747303538011 3e-05 137
1747303542358 3e-05 138
1747303547223 3e-05 139
1747303551552 3e-05 140
1747303555882 3e-05 141
1747303560218 3e-05 142
1747303564572 3e-05 143
1747303568922 3e-05 144
1747303573278 3e-05 145
1747303577614 3e-05 146
1747303581643 3e-05 147
1747303586301 3e-05 148
1747303590363 3e-05 149
1747303595055 3e-05 150
1747303599103 3e-05 151
1747303603773 3e-05 152
1747303607833 3e-05 153
1747303612476 3e-05 154
1747303616527 3e-05 155
1747303621226 3e-05 156
1747303625224 3e-05 157
1747303629965 3e-05 158
1747303634211 3e-05 159
1747304171522 3e-05 160
1747304175856 3e-05 161
1747304180077 3e-05 162
1747304184310 3e-05 163
1747304188835 3e-05 164
1747304192736 3e-05 165
1747304197295 3e-05 166
1747304201198 3e-05 167
1747304205728 3e-05 168
1747304209944 3e-05 169
1747304214151 3e-05 170
1747304218364 3e-05 171
1747304222573 3e-05 172
1747304226763 3e-05 173
1747304230994 3e-05 174
1747304235195 3e-05 175
1747304239420 3e-05 176
1747304243639 3e-05 177
1747304247862 3e-05 178
1747304252271 3e-05 179
1747304256481 3e-05 180
1747304260695 3e-05 181
1747304264905 3e-05 182
1747304269128 3e-05 183
1747304273351 3e-05 184
1747304277588 3e-05 185
1747304281810 3e-05 186
1747304286036 3e-05 187
1747304290254 3e-05 188
