1749093481932 0.104 0
1749093960311 0.1818 1
1749094428566 0.2252 2
1749094905569 0.2676 3
1749095386137 0.2858 4
1749095868722 0.2856 5
1749096355300 0.288 6
1749096845747 0.2744 7
1749097335669 0.2886 8
1749097826426 0.2946 9
1749098317846 0.2938 10
1749098809244 0.2958 11
1749099301591 0.2954 12
1749099788298 0.2992 13
1749100277696 0.2982 14
1749100775237 0.303 15
1749101274267 0.3064 16
1749101769557 0.3112 17
1749102265711 0.312 18
1749102762252 0.3168 19
1749103258483 0.3194 20
1749103749486 0.3198 21
1749104245041 0.3198 22
1749104742459 0.321 23
1749105239820 0.3204 24
1749105736120 0.3226 25
1749106232896 0.322 26
1749106733896 0.3252 27
1749107231744 0.3298 28
1749107720712 0.3278 29
1749108211724 0.3302 30
1749108709817 0.3344 31
1749109210244 0.339 32
1749109710710 0.3402 33
1749110205575 0.3396 34
1749110696651 0.3416 35
1749111189983 0.3432 36
1749111686030 0.3418 37
1749112185985 0.3434 38
1749112681747 0.3454 39
1749113171174 0.3444 40
1749113659799 0.3492 41
1749114150978 0.3516 42
1749114643222 0.3498 43
1749115140212 0.353 44
1749115637100 0.3544 45
1749116132555 0.3528 46
1749116625659 0.3536 47
1749117115894 0.3514 48
1749117609843 0.3604 49
1749118103745 0.3598 50
1749118597315 0.3592 51
1749119087275 0.366 52
1749119577159 0.3494 53
1749120063309 0.3684 54
1749120554701 0.359 55
1749121046637 0.3566 56
1749121540258 0.3748 57
1749122032655 0.3712 58
1749122524672 0.3564 59
1749123020445 0.3736 60
1749123515452 0.3742 61
1749124011485 0.358 62
1749124502742 0.3662 63
1749124994406 0.3772 64
1749125488252 0.367 65
1749125988073 0.365 66
1749126488863 0.3782 67
1749126987618 0.3734 68
1749127484382 0.361 69
1749127980057 0.3808 70
1749128477716 0.3776 71
1749128977017 0.3688 72
1749129469723 0.3812 73
1749129968490 0.3732 74
1749130467502 0.3778 75
1749130969582 0.3854 76
1749131469515 0.3796 77
1749131967060 0.3886 78
1749132459872 0.3826 79
1749132953909 0.3812 80
1749133442371 0.39 81
1749133931812 0.3714 82
1749134421260 0.3824 83
1749134912576 0.3606 84
1749135398915 0.3624 85
1749135889560 0.365 86
1749136378519 0.3726 87
1749136877425 0.376 88
1749137371612 0.3798 89
1749137864503 0.387 90
1749138354913 0.3856 91
1749138845901 0.3866 92
1749139342143 0.3894 93
1749139839838 0.3896 94
1749140336535 0.3898 95
1749140830714 0.3916 96
1749141326085 0.3912 97
1749141825808 0.3938 98
1749142323512 0.3942 99
1749142817552 0.3918 100
1749143306002 0.3932 101
1749143792585 0.3946 102
1749144284161 0.3954 103
1749144777718 0.392 104
1749145272490 0.394 105
1749145769032 0.3974 106
1749146262364 0.3986 107
1749146749908 0.398 108
1749147237176 0.3968 109
1749147727114 0.3952 110
1749148218763 0.3962 111
1749148833269 0.3962 112
1749149543084 0.3982 113
1749150250387 0.3976 114
1749150964255 0.4006 115
1749151679744 0.4006 116
1749152394505 0.4006 117
1749153080283 0.401 118
1749153696045 0.401 119
1749154303822 0.4002 120
1749154911608 0.3994 121
1749155517289 0.4044 122
1749156123676 0.4036 123
1749156729649 0.4044 124
1749157337025 0.4052 125
1749157943247 0.4028 126
1749158549221 0.4016 127
1749159154063 0.403 128
1749159761924 0.403 129
1749160370385 0.403 130
1749160977520 0.404 131
1749161579956 0.4062 132
1749162213519 0.4058 133
1749162845927 0.4052 134
1749163476818 0.4054 135
1749164107055 0.4048 136
1749164736324 0.4076 137
1749165366508 0.4072 138
1749165996374 0.408 139
1749166624135 0.4068 140
1749167251064 0.4092 141
1749167878575 0.4102 142
1749168505391 0.4098 143
1749169133542 0.411 144
1749169761168 0.41 145
1749170388707 0.409 146
1749171016463 0.4096 147
1749171643841 0.4108 148
1749172272047 0.412 149
1749172900838 0.412 150
1749173529723 0.411 151
1749174159048 0.4106 152
1749174786572 0.411 153
1749175415122 0.411 154
1749176043031 0.4136 155
1749176671002 0.4136 156
1749177298120 0.4144 157
1749177926788 0.4128 158
1749178555657 0.4132 159
1749179182997 0.4136 160
1749179810989 0.4138 161
