1749095849405 0.104 0
1749095866890 0.1384 1
1749095883828 0.1376 2
1749095902683 0.1254 3
1749095921903 0.1946 4
1749095939727 0.1172 5
1749095959181 0.1542 6
1749095978456 0.1422 7
1749095997524 0.1338 8
1749096016984 0.1434 9
1749096036378 0.1532 10
1749096056154 0.1634 11
1749096075596 0.2002 12
1749096095032 0.2152 13
1749096113288 0.2134 14
1749096133041 0.2122 15
1749096151612 0.1758 16
1749096172805 0.1796 17
1749096193987 0.1848 18
1749096214082 0.1952 19
1749096233525 0.2088 20
1749096253397 0.2184 21
1749096274549 0.1998 22
1749096295508 0.1988 23
1749096316664 0.2072 24
1749096336802 0.2098 25
1749096356564 0.2046 26
1749096376314 0.1998 27
1749096396605 0.2042 28
1749096416535 0.2144 29
1749096436607 0.2236 30
1749096456481 0.2186 31
1749096476702 0.208 32
1749096497649 0.2134 33
1749096518497 0.2202 34
1749096538312 0.2124 35
1749096558311 0.2044 36
1749096578038 0.2032 37
1749096597804 0.2044 38
1749096618004 0.203 39
1749096637855 0.2112 40
1749096657680 0.2154 41
1749096677733 0.2172 42
1749096697529 0.228 43
1749096717466 0.206 44
1749096737637 0.2276 45
1749096757642 0.145 46
1749096777619 0.1074 47
1749096797583 0.1432 48
1749096817430 0.1344 49
1749096837298 0.1206 50
1749096857451 0.121 51
1749096877444 0.1396 52
1749096897342 0.146 53
1749096917215 0.1156 54
1749096937792 0.1098 55
1749096957936 0.1462 56
1749096977843 0.166 57
1749096997833 0.1066 58
1749097018386 0.1076 59
1749097038743 0.1572 60
1749097058736 0.1834 61
1749097078667 0.1054 62
1749097098815 0.1536 63
1749097119541 0.1564 64
1749097139435 0.1068 65
1749097160054 0.1074 66
1749097180826 0.1548 67
1749097200814 0.1054 68
1749097221362 0.1122 69
1749097242824 0.1328 70
1749097262846 0.1046 71
1749097283223 0.1428 72
1749097303364 0.105 73
1749097323221 0.109 74
1749097343825 0.13 75
1749097363698 0.135 76
1749097384374 0.1374 77
1749097405692 0.242 78
1749097425555 0.137 79
1749097445398 0.1276 80
1749097466728 0.13 81
1749097487244 0.2266 82
1749097507091 0.144 83
1749097527003 0.1288 84
1749097547981 0.1278 85
1749097569079 0.148 86
1749097589034 0.2344 87
1749097609383 0.136 88
1749097630527 0.2122 89
1749097650788 0.1464 90
1749097670750 0.156 91
1749097692066 0.1394 92
1749097712427 0.1006 93
1749097732382 0.1368 94
1749097753011 0.144 95
1749097774168 0.0982 96
1749097794029 0.1364 97
1749097814620 0.1738 98
1749097835667 0.1718 99
1749097855548 0.2064 100
1749097875595 0.1398 101
1749097896219 0.094 102
1749097916193 0.1238 103
1749097936369 0.0944 104
1749097956354 0.1302 105
1749097976754 0.1302 106
1749097997067 0.0934 107
1749098017317 0.1216 108
1749098037225 0.0934 109
1749098057228 0.1314 110
1749098077843 0.1192 111
1749098098098 0.0934 112
1749098118459 0.1196 113
1749098138680 0.1166 114
1749098158854 0.0928 115
1749098178804 0.1396 116
1749098199452 0.117 117
1749098219739 0.0976 118
1749098239978 0.1658 119
1749098260562 0.1172 120
1749098280759 0.1702 121
1749098301235 0.1068 122
1749098321254 0.143 123
1749098341446 0.1414 124
1749098362004 0.1852 125
1749098382874 0.2556 126
1749098402867 0.2578 127
1749098422916 0.186 128
1749098444039 0.1536 129
1749098464235 0.1762 130
1749098484750 0.2806 131
1749098504959 0.262 132
1749098525027 0.1914 133
1749098546265 0.1562 134
1749098566391 0.1732 135
1749098586714 0.2826 136
1749098606856 0.254 137
1749098626738 0.1892 138
1749098648095 0.1518 139
1749098668184 0.1684 140
1749098688617 0.2792 141
1749098708612 0.2514 142
1749098728762 0.1882 143
1749098749335 0.1514 144
1749098769409 0.1738 145
1749098789883 0.2764 146
1749098810572 0.2716 147
1749098830778 0.1744 148
1749098851557 0.1518 149
1749098871895 0.1956 150
1749098892494 0.2722 151
1749098912980 0.1904 152
1749098933904 0.158 153
1749098954109 0.185 154
1749098974898 0.2686 155
1749098994943 0.2184 156
1749099015684 0.1628 157
1749099036058 0.1798 158
1749099057057 0.2606 159
1749099077419 0.198 160
1749099098319 0.1636 161
1749099118985 0.1796 162
1749099139756 0.2554 163
1749099160054 0.1858 164
1749099180924 0.169 165
1749099201640 0.1872 166
1749099222202 0.2522 167
1749099242348 0.18 168
1749099262866 0.171 169
1749099283443 0.2472 170
1749099303866 0.1908 171
1749099324669 0.1582 172
1749099345002 0.1834 173
1749099365822 0.213 174
1749099386319 0.1606 175
1749099406668 0.1776 176
1749099427609 0.1984 177
1749099448259 0.172 178
1749099468722 0.1764 179
1749099489626 0.2108 180
1749099510306 0.174 181
1749099530814 0.176 182
1749099551421 0.1966 183
1749099572343 0.1696 184
1749099592716 0.1776 185
1749099613341 0.1974 186
1749099634371 0.1696 187
1749099655167 0.1956 188
1749099676705 0.1758 189
1749099697537 0.1734 190
1749099718510 0.189 191
1749099739603 0.1672 192
1749099760092 0.2264 193
1749099781885 0.1716 194
1749099802526 0.1752 195
1749099823423 0.176 196
1749099844528 0.1682 197
1749099865140 0.241 198
1749099886085 0.1486 199
1749099906653 0.2462 200
1749099927934 0.1488 201
1749099948451 0.2504 202
1749099968755 0.1434 203
1749099989323 0.25 204
1749100010036 0.1442 205
1749100030952 0.2462 206
1749100051319 0.1362 207
1749100071612 0.2426 208
1749100092345 0.1668 209
1749100112923 0.1714 210
1749100133725 0.1944 211
1749100155100 0.1398 212
1749100175453 0.2334 213
1749100195773 0.1318 214
1749100216240 0.2566 215
1749100236830 0.1444 216
1749100257256 0.2998 217
1749100277544 0.21 218
1749100297896 0.2202 219
1749100318407 0.2876 220
1749100339046 0.2716 221
1749100359677 0.214 222
1749100380011 0.2594 223
1749100401793 0.2864 224
1749100422260 0.2392 225
1749100442838 0.214 226
1749100463293 0.2658 227
1749100485080 0.2804 228
1749100505839 0.2282 229
1749100526548 0.2164 230
1749100546974 0.281 231
1749100568507 0.2814 232
1749100589410 0.2236 233
1749100610226 0.2278 234
1749100631004 0.2652 235
1749100652363 0.2388 236
1749100673203 0.2232 237
1749100693956 0.2446 238
1749100714774 0.2494 239
1749100735724 0.2202 240
1749100756344 0.2308 241
1749100777056 0.2412 242
1749100797603 0.2282 243
1749100818661 0.2222 244
1749100839318 0.2422 245
1749100860186 0.2318 246
1749100881078 0.2222 247
1749100901780 0.2374 248
1749100922899 0.2476 249
1749100943688 0.222 250
1749100964287 0.2376 251
1749100985066 0.2636 252
1749101006460 0.221 253
1749101027089 0.2256 254
1749101047955 0.2528 255
1749101069159 0.2282 256
1749101090172 0.2278 257
1749101110865 0.2562 258
1749101132108 0.2226 259
1749101152820 0.2344 260
1749101173714 0.2438 261
1749101194869 0.2288 262
1749101215590 0.2328 263
1749101236810 0.2396 264
1749101257762 0.23 265
1749101278838 0.2262 266
1749101299791 0.2488 267
1749101321332 0.2362 268
1749101342358 0.234 269
1749101363867 0.2274 270
1749101384776 0.2322 271
1749101405662 0.242 272
1749101426795 0.2264 273
1749101448228 0.232 274
1749101469249 0.2254 275
1749101490281 0.228 276
1749101511389 0.2214 277
1749101532432 0.234 278
1749101553887 0.2324 279
1749101575013 0.2304 280
1749101596218 0.2242 281
1749101617409 0.2416 282
1749101638771 0.218 283
1749101659721 0.2468 284
1749101681170 0.2204 285
1749101702256 0.2328 286
1749101723302 0.2346 287
1749101744573 0.2122 288
1749101765267 0.2466 289
1749101786384 0.2112 290
1749101807081 0.2388 291
1749101828856 0.2126 292
1749101849776 0.2108 293
1749101870859 0.251 294
1749101892825 0.2092 295
1749101913509 0.2634 296
1749101934597 0.2026 297
1749101955250 0.275 298
1749101976091 0.1908 299
1749101996709 0.3512 300
1749102017107 0.313 301
1749102037954 0.3096 302
1749102058917 0.3338 303
1749102080340 0.3384 304
1749102101117 0.3234 305
1749102121709 0.314 306
1749102142463 0.33 307
1749102164310 0.3358 308
1749102185220 0.3238 309
1749102205872 0.3228 310
1749102226494 0.3322 311
1749102247207 0.3342 312
1749102268112 0.3254 313
1749102288991 0.3266 314
1749102309355 0.3296 315
1749102330291 0.3282 316
1749102351411 0.3236 317
1749102371999 0.3278 318
1749102392746 0.3338 319
1749102413945 0.3278 320
1749102434757 0.3276 321
1749102455633 0.3276 322
1749102476408 0.326 323
1749102497617 0.328 324
1749102518555 0.3994 325
1749102539179 0.404 326
1749102560026 0.4022 327
1749102580725 0.4022 328
1749102601492 0.4018 329
1749102622125 0.4012 330
1749102642552 0.4006 331
1749102663899 0.4024 332
1749102684940 0.4032 333
1749102705656 0.4026 334
1749102726049 0.402 335
1749102746673 0.4014 336
1749102767054 0.4016 337
1749102787531 0.4026 338
1749102808538 0.4014 339
1749102828920 0.3998 340
1749102849456 0.3986 341
1749102870349 0.401 342
1749102891011 0.403 343
1749102912122 0.4002 344
1749102932861 0.399 345
1749102953433 0.3994 346
1749102973864 0.3984 347
1749102994652 0.3996 348
1749103015249 0.4028 349
1749103035931 0.4024 350
1749103056624 0.402 351
1749103077330 0.3996 352
1749103097978 0.3994 353
1749103118542 0.4 354
1749103139523 0.4004 355
1749103160228 0.4008 356
1749103181100 0.3992 357
1749103202385 0.3994 358
1749103222690 0.3994 359
1749103243691 0.3994 360
1749103264760 0.398 361
1749103285144 0.435 362
1749103305456 0.435 363
1749103326303 0.4352 364
1749103347142 0.4352 365
1749103367735 0.4352 366
1749103388580 0.435 367
1749103409455 0.4352 368
1749103430240 0.4358 369
1749103451276 0.435 370
1749103471152 0.4354 371
1749103491662 0.4348 372
1749103511840 0.4512 373
1749103532031 0.4508 374
1749103552578 0.451 375
1749103572830 0.4512 376
1749103594071 0.4508 377
1749103614025 0.4514 378
1749103635809 0.4516 379
1749103655592 0.4506 380
1749103676113 0.4508 381
1749103696534 0.451 382
1749103716668 0.4514 383
1749103737991 0.4508 384
1749103758470 0.4512 385
1749103778310 0.4506 386
1749103798977 0.451 387
1749103819164 0.4506 388
1749103839139 0.4504 389
1749103859209 0.451 390
1749103879345 0.4518 391
1749103899280 0.4534 392
1749103918595 0.4542 393
1749103938818 0.4534 394
1749103959404 0.4538 395
1749103980022 0.4542 396
1749103999248 0.4554 397
1749104019129 0.4518 398
1749104039741 0.4518 399
1749104059973 0.452 400
1749104080141 0.4514 401
1749104099695 0.4516 402
1749104120163 0.4514 403
1749104139653 0.4506 404
1749104158522 0.4504 405
1749104178482 0.4506 406
1749104198853 0.4506 407
1749104216863 0.451 408
1749104235938 0.4502 409
1749104254766 0.4506 410
1749104273222 0.449 411
1749104291519 0.4498 412
1749104311643 0.4504 413
1749104331043 0.4502 414
1749104351914 0.4498 415
1749104370376 0.449 416
1749104387995 0.4494 417
1749104404901 0.4494 418
1749104421144 0.4496 419
1749104439049 0.4498 420
1749104456922 0.4504 421
1749104476214 0.4508 422
1749104492482 0.4496 423
1749104510604 0.45 424
1749104529066 0.4494 425
1749104545520 0.4504 426
1749104564613 0.45 427
1749104582429 0.45 428
1749104600236 0.4498 429
1749104616438 0.4502 430
1749104636680 0.4504 431
1749104655355 0.4504 432
1749104675546 0.4508 433
1749104695023 0.4492 434
1749104715858 0.4496 435
1749104735294 0.45 436
1749104752902 0.45 437
1749104773187 0.4504 438
1749104789365 0.4496 439
1749104806871 0.4496 440
1749104825034 0.4496 441
1749104840893 0.4498 442
1749104857437 0.4494 443
1749104875737 0.4494 444
1749104892549 0.4496 445
1749104910116 0.4498 446
1749104925991 0.4498 447
1749104945106 0.4498 448
1749104962249 0.45 449
1749104981565 0.4506 450
1749104999495 0.4496 451
1749105017411 0.4498 452
1749105036308 0.449 453
1749105055035 0.45 454
1749105071734 0.4498 455
1749105088357 0.45 456
1749105106936 0.4506 457
1749105125849 0.4502 458
1749105145534 0.4502 459
1749105164232 0.4494 460
1749105180599 0.4496 461
1749105196828 0.4498 462
1749105213860 0.4498 463
1749105232045 0.4496 464
1749105249507 0.45 465
1749105266471 0.4502 466
1749105284509 0.4504 467
1749105300416 0.4506 468
1749105316453 0.4496 469
1749105335737 0.45 470
1749105353333 0.4496 471
1749105373160 0.4496 472
1749105390985 0.4498 473
1749105410851 0.4506 474
1749105429319 0.4498 475
1749105446982 0.4498 476
1749105467012 0.4504 477
1749105486372 0.4508 478
1749105505324 0.4496 479
1749105522885 0.45 480
1749105540847 0.45 481
1749105558558 0.4502 482
1749105574478 0.4496 483
1749105592202 0.4498 484
1749105611782 0.45 485
1749105628062 0.4502 486
1749105646478 0.45 487
1749105663000 0.4496 488
1749105680827 0.4496 489
1749105696704 0.4496 490
1749105713027 0.4498 491
1749105729443 0.4504 492
1749105747111 0.4494 493
1749105764208 0.4498 494
1749105783286 0.4496 495
1749105802792 0.4494 496
1749105820125 0.4502 497
1749105837947 0.4502 498
1749105856977 0.4502 499
1749105877473 0.4496 500
1749105895465 0.4498 501
1749105911692 0.45 502
1749105931595 0.4506 503
1749105947718 0.4502 504
1749105964408 0.45 505
1749105982690 0.45 506
1749106000361 0.4498 507
1749106016600 0.45 508
1749106036342 0.4502 509
1749106055496 0.45 510
1749106071455 0.4494 511
1749106090909 0.45 512
1749106108804 0.4504 513
1749106128220 0.4506 514
1749106148754 0.4496 515
1749106164803 0.4504 516
1749106182678 0.4496 517
1749106200009 0.45 518
1749106218186 0.45 519
1749106235128 0.4496 520
1749106252564 0.4508 521
1749106269224 0.4504 522
1749106285953 0.45 523
1749106303954 0.4502 524
1749106322970 0.4502 525
1749106341232 0.4498 526
1749106358371 0.4502 527
1749106374300 0.45 528
1749106394118 0.45 529
1749106410712 0.4502 530
1749106428973 0.4498 531
1749106446271 0.4502 532
1749106464178 0.4506 533
1749106482402 0.4498 534
1749106502019 0.4504 535
1749106518349 0.45 536
1749106535201 0.4502 537
1749106553977 0.4504 538
1749106571458 0.45 539
1749106588211 0.4502 540
1749106607826 0.45 541
1749106625141 0.4502 542
1749106643105 0.4502 543
1749106659111 0.4496 544
1749106675967 0.45 545
1749106693829 0.4494 546
1749106713033 0.4494 547
1749106733200 0.4498 548
1749106755493 0.45 549
1749106773134 0.4492 550
1749106789673 0.4488 551
1749106808027 0.4492 552
1749106826904 0.4492 553
1749106845414 0.449 554
1749106863787 0.449 555
1749106882231 0.45 556
1749106898875 0.45 557
1749106918347 0.4502 558
1749106937826 0.45 559
1749106957516 0.4494 560
1749106975816 0.45 561
1749106993934 0.4502 562
1749107012041 0.4504 563
1749107029555 0.45 564
1749107046756 0.4506 565
1749107066123 0.45 566
1749107085150 0.45 567
1749107105501 0.45 568
1749107125409 0.45 569
1749107143746 0.4498 570
1749107161403 0.45 571
1749107181175 0.4504 572
1749107199424 0.45 573
1749107215975 0.4504 574
1749107234319 0.4506 575
1749107252131 0.4496 576
1749107269371 0.4492 577
1749107288358 0.4496 578
1749107305177 0.4502 579
1749107322672 0.4498 580
1749107340872 0.4502 581
1749107357372 0.4498 582
1749107374330 0.4502 583
1749107390827 0.4502 584
1749107407655 0.4502 585
1749107426567 0.4488 586
1749107443504 0.4508 587
1749107463215 0.4498 588
1749107480693 0.4492 589
1749107496637 0.4502 590
1749107514790 0.4494 591
1749107532713 0.4492 592
1749107548916 0.4498 593
1749107565404 0.4496 594
1749107584082 0.4494 595
1749107601736 0.4494 596
1749107619668 0.4496 597
1749107637179 0.4498 598
1749107655765 0.4506 599
1749107673491 0.45 600
1749107692952 0.4498 601
1749107710933 0.45 602
1749107729180 0.4504 603
1749107748158 0.4498 604
1749107766099 0.4506 605
1749107783405 0.4498 606
1749107801493 0.4494 607
1749107819098 0.45 608
1749107837375 0.4502 609
1749107853615 0.45 610
1749107872188 0.4498 611
1749107889222 0.4506 612
1749107907623 0.4504 613
1749107925843 0.4498 614
1749107941936 0.45 615
1749107960220 0.4504 616
1749107977259 0.4498 617
1749107997825 0.4498 618
1749108016495 0.4506 619
1749108032576 0.4498 620
1749108050309 0.4498 621
1749108069308 0.45 622
1749108089353 0.45 623
1749108107058 0.4498 624
1749108125466 0.4502 625
1749108142719 0.4502 626
1749108159803 0.4506 627
1749108179335 0.4504 628
1749108199045 0.451 629
1749108216712 0.4508 630
1749108236044 0.4504 631
1749108252669 0.4502 632
1749108272386 0.4498 633
1749108292163 0.4506 634
1749108312536 0.4498 635
1749108329233 0.4498 636
1749108348621 0.4496 637
1749108364884 0.4496 638
1749108384725 0.4498 639
1749108400697 0.4504 640
1749108419496 0.4494 641
1749108436209 0.45 642
1749108452452 0.4502 643
1749108469259 0.4506 644
1749108486876 0.45 645
1749108505209 0.4502 646
1749108524935 0.45 647
1749108541646 0.4496 648
1749108559776 0.4496 649
1749108578809 0.4496 650
1749108595711 0.4496 651
1749108613088 0.4504 652
1749108633488 0.45 653
1749108651445 0.4496 654
1749108670745 0.45 655
1749108689950 0.4498 656
1749108706943 0.45 657
1749108728295 0.45 658
1749108744369 0.45 659
1749108762946 0.4494 660
1749108779487 0.4496 661
1749108796154 0.4498 662
1749108813745 0.4496 663
1749108833498 0.4498 664
1749108851756 0.4496 665
1749108870465 0.4498 666
1749108888412 0.4494 667
1749108907000 0.45 668
1749108926107 0.45 669
1749108945098 0.4504 670
1749108963948 0.4504 671
1749108982910 0.4502 672
1749109000067 0.4502 673
1749109017156 0.45 674
1749109037287 0.4488 675
1749109057350 0.4498 676
1749109076185 0.4488 677
1749109092578 0.449 678
1749109109371 0.45 679
1749109128607 0.4506 680
1749109146075 0.4496 681
1749109164605 0.4504 682
1749109181859 0.4496 683
1749109198724 0.45 684
1749109215558 0.4498 685
1749109235320 0.45 686
1749109253102 0.4498 687
1749109273498 0.4498 688
1749109292202 0.4512 689
1749109311081 0.4496 690
1749109328800 0.4494 691
1749109345679 0.4494 692
1749109365621 0.45 693
1749109382712 0.4496 694
1749109402344 0.4498 695
1749109421405 0.45 696
1749109437796 0.45 697
1749109455832 0.45 698
1749109474353 0.4498 699
1749109491374 0.4498 700
1749109508443 0.449 701
1749109526410 0.4498 702
1749109542717 0.4494 703
1749109562672 0.4496 704
1749109581456 0.4492 705
1749109602928 0.4492 706
1749109621697 0.4492 707
1749109639125 0.4498 708
1749109655604 0.45 709
1749109673579 0.4506 710
1749109691190 0.4502 711
1749109709909 0.4502 712
1749109729189 0.4498 713
1749109748839 0.4502 714
1749109767343 0.4496 715
1749109784302 0.4496 716
1749109803890 0.4498 717
1749109822396 0.4496 718
1749109841588 0.4502 719
1749109861745 0.4502 720
1749109878818 0.4496 721
1749109895645 0.4494 722
1749109914575 0.4498 723
1749109931925 0.4492 724
1749109951212 0.45 725
1749109970124 0.45 726
1749109988776 0.4498 727
1749110007309 0.4496 728
1749110023919 0.4492 729
1749110042718 0.4492 730
1749110060081 0.4498 731
1749110079314 0.4496 732
1749110095903 0.4494 733
1749110115295 0.4502 734
1749110135125 0.4502 735
1749110151651 0.45 736
1749110170765 0.4502 737
1749110187361 0.4496 738
1749110206440 0.4504 739
1749110225965 0.4504 740
1749110244476 0.4496 741
1749110262043 0.4502 742
1749110280024 0.4502 743
1749110298147 0.45 744
1749110316766 0.4494 745
1749110337850 0.45 746
1749110355122 0.45 747
1749110372891 0.4504 748
1749110392682 0.4508 749
1749110409724 0.4504 750
1749110427710 0.4498 751
1749110444882 0.45 752
1749110464211 0.4494 753
1749110482863 0.4498 754
1749110500786 0.4492 755
1749110517006 0.4506 756
1749110534125 0.4496 757
1749110550765 0.4498 758
1749110572747 0.4498 759
1749110591212 0.45 760
1749110611078 0.45 761
1749110629945 0.4502 762
1749110649862 0.4506 763
1749110667839 0.4494 764
1749110684146 0.4506 765
1749110702158 0.451 766
1749110718637 0.4508 767
1749110740283 0.4498 768
1749110759094 0.4498 769
1749110776276 0.4508 770
1749110794803 0.4506 771
1749110813945 0.4506 772
1749110833712 0.4508 773
1749110854084 0.45 774
1749110871590 0.45 775
1749110888936 0.4504 776
1749110909940 0.4508 777
1749110926209 0.4504 778
1749110944865 0.4498 779
1749110963315 0.4508 780
1749110983687 0.4498 781
1749111001245 0.4502 782
1749111020092 0.4492 783
1749111038475 0.4502 784
1749111056635 0.4506 785
1749111074600 0.4496 786
1749111093340 0.45 787
1749111110960 0.4504 788
1749111128558 0.4498 789
1749111145370 0.4504 790
1749111162954 0.4502 791
1749111182143 0.4504 792
1749111199934 0.45 793
1749111217170 0.4498 794
1749111235165 0.4498 795
1749111253193 0.4496 796
1749111271050 0.4502 797
1749111291126 0.4496 798
1749111307370 0.4506 799
1749111324575 0.4502 800
1749111345497 0.4498 801
1749111364792 0.4504 802
1749111382496 0.4498 803
1749111401725 0.45 804
1749111420286 0.4496 805
1749111439409 0.4504 806
1749111459196 0.4502 807
1749111475456 0.4506 808
1749111494806 0.4502 809
1749111515442 0.4502 810
1749111533006 0.4502 811
1749111551776 0.45 812
1749111569163 0.4504 813
1749111587378 0.45 814
1749111606111 0.4492 815
1749111623028 0.4496 816
1749111642341 0.4498 817
1749111660616 0.4496 818
1749111678661 0.45 819
1749111695811 0.4502 820
1749111712942 0.45 821
1749111733284 0.4498 822
1749111750567 0.4502 823
1749111768499 0.4498 824
1749111787118 0.4502 825
1749111805011 0.4498 826
1749111821968 0.4504 827
1749111839657 0.4504 828
1749111856712 0.45 829
1749111874445 0.4498 830
1749111891798 0.4498 831
1749111908846 0.4502 832
1749111927539 0.4502 833
1749111947185 0.4494 834
1749111963437 0.4504 835
1749111980770 0.4502 836
1749112000270 0.4504 837
1749112019246 0.4494 838
1749112038292 0.4494 839
1749112054683 0.4498 840
1749112071617 0.45 841
1749112093268 0.4502 842
1749112111694 0.4508 843
1749112132867 0.4508 844
1749112152516 0.4508 845
1749112173392 0.4496 846
1749112190716 0.45 847
1749112206903 0.45 848
1749112223247 0.4496 849
1749112241146 0.45 850
1749112257217 0.4496 851
1749112273924 0.4498 852
1749112291976 0.4504 853
1749112309368 0.4498 854
1749112326935 0.45 855
1749112344539 0.4496 856
1749112364279 0.4508 857
1749112384218 0.4508 858
1749112401375 0.4504 859
1749112417610 0.4504 860
1749112436610 0.45 861
1749112453418 0.4504 862
1749112473901 0.4492 863
1749112489817 0.4502 864
1749112509682 0.4506 865
1749112526287 0.45 866
1749112542915 0.4504 867
1749112561826 0.4502 868
1749112579354 0.4502 869
1749112598365 0.4498 870
1749112615923 0.4496 871
1749112635258 0.4496 872
1749112651971 0.4508 873
1749112667953 0.4502 874
1749112687196 0.4504 875
1749112707163 0.4498 876
1749112725002 0.4506 877
1749112746230 0.4504 878
1749112766908 0.45 879
1749112783557 0.4504 880
1749112801137 0.4506 881
1749112819281 0.4496 882
1749112835426 0.4502 883
1749112854777 0.4502 884
1749112874003 0.45 885
1749112892123 0.4502 886
1749112909493 0.4492 887
1749112927796 0.4498 888
1749112947532 0.4498 889
1749112965190 0.45 890
1749112983332 0.4498 891
1749113001761 0.4494 892
1749113020360 0.4502 893
1749113038877 0.4502 894
1749113055464 0.45 895
1749113075018 0.4506 896
1749113092166 0.4506 897
1749113109895 0.4504 898
1749113129634 0.4502 899
1749113146769 0.4502 900
1749113165549 0.45 901
1749113184179 0.4504 902
1749113202059 0.4492 903
1749113218798 0.4504 904
1749113237128 0.4504 905
1749113253410 0.4508 906
1749113271365 0.45 907
1749113290356 0.4496 908
1749113310841 0.4498 909
1749113328887 0.4504 910
1749113345480 0.4494 911
1749113362459 0.4504 912
1749113380086 0.4494 913
1749113398837 0.4504 914
1749113415491 0.4502 915
1749113434570 0.4498 916
1749113450764 0.4502 917
1749113467905 0.45 918
1749113486508 0.45 919
1749113505630 0.4494 920
1749113523438 0.45 921
1749113542830 0.4494 922
1749113561642 0.4504 923
1749113579844 0.4504 924
1749113599769 0.4498 925
1749113617564 0.4504 926
1749113635022 0.4496 927
1749113651937 0.4498 928
1749113669099 0.4498 929
1749113686275 0.4498 930
1749113705225 0.4498 931
1749113722825 0.45 932
1749113739947 0.45 933
1749113758641 0.45 934
1749113776284 0.4496 935
1749113795269 0.4492 936
1749113811430 0.4498 937
1749113829940 0.4502 938
1749113849136 0.45 939
1749113867560 0.4496 940
1749113886437 0.45 941
1749113905745 0.4508 942
1749113925076 0.4494 943
1749113943968 0.4502 944
1749113964277 0.4504 945
1749113983489 0.4504 946
1749114001505 0.4498 947
1749114021791 0.4498 948
1749114039965 0.4496 949
1749114057387 0.45 950
1749114076285 0.4496 951
1749114094252 0.4504 952
1749114111906 0.4508 953
1749114130014 0.4506 954
1749114146400 0.4502 955
1749114162821 0.4502 956
1749114182411 0.45 957
1749114198949 0.4506 958
1749114216409 0.4496 959
1749114235308 0.4502 960
1749114251956 0.4498 961
1749114268919 0.4506 962
1749114285652 0.451 963
1749114302538 0.45 964
1749114319431 0.4502 965
1749114336075 0.4508 966
1749114356592 0.4504 967
1749114375042 0.4502 968
1749114395276 0.45 969
1749114412397 0.4496 970
1749114429168 0.4504 971
1749114447980 0.4504 972
1749114466182 0.4504 973
1749114486117 0.4506 974
1749114506929 0.45 975
1749114525513 0.4502 976
1749114545652 0.45 977
1749114564844 0.45 978
1749114583432 0.4502 979
1749114603153 0.4506 980
1749114624497 0.4502 981
1749114644479 0.45 982
1749114662864 0.4504 983
1749114679153 0.4496 984
1749114696856 0.4504 985
1749114715006 0.45 986
1749114732802 0.4504 987
1749114751291 0.4496 988
1749114769446 0.4502 989
1749114787843 0.4496 990
1749114804965 0.4504 991
1749114821905 0.4494 992
1749114843454 0.4502 993
1749114859739 0.4502 994
1749114877468 0.4502 995
1749114896117 0.45 996
1749114914575 0.4498 997
1749114931934 0.4498 998
1749114948296 0.45 999
