1747304577173 2.227308576757258 0
1747304579486 2.0825460607355293 1
1747304582004 1.9861658161336726 2
1747304584309 1.9264570366252551 3
1747304586617 1.8873636505820535 4
1747304589106 1.851694724776528 5
1747304591424 1.820652192289179 6
1747304593736 1.7915445891293613 7
1747304596042 1.7657787691463123 8
1747304598523 1.7479450594295154 9
1747304600840 1.725672808560458 10
1747304603160 1.7106773853302002 11
1747304605651 1.690032341263511 12
1747304607974 1.6777922782030972 13
1747304610297 1.6701071695847944 14
1747304612803 1.652735016562722 15
1747304615133 1.6362474073063245 16
1747304617467 1.6225567730990322 17
1747304619975 1.6137501326474277 18
1747304622312 1.6077162569219416 19
1747304624653 1.5965625697916204 20
1747304626987 1.5873769304969094 21
1747304629510 1.580992666157809 22
1747304631841 1.5696351311423562 23
1747304634182 1.562476927583868 24
1747304636689 1.5770731947638772 25
1747304639014 1.5654961195859043 26
1747304641341 1.5488584366711704 27
1747304643859 1.5433506748893044 28
1747304646191 1.5478821451013738 29
1747304648522 1.5340726267207752 30
1747304650850 1.529043284329501 31
1747304653368 1.5206573659723455 32
1747304655704 1.518125761638988 33
1747304658035 1.5124920714985242 34
1747304660550 1.519308632070368 35
1747304662893 1.5127507014708086 36
1747304665233 1.5035263083197854 37
1747304667747 1.497744159264998 38
1747304670080 1.4841316938400269 39
1747304672415 1.4802480394190007 40
1747304674931 1.4763826023448596 41
1747304677272 1.4733437299728394 42
1747304679615 1.46903366392309 43
1747304681951 1.4713719974864612 44
1747304684453 1.473812623457475 45
1747304686789 1.4641503203998913 46
1747304689131 1.460812590338967 47
1747304691643 1.4581974094564265 48
1747304693981 1.457754980434071 49
1747304696323 1.4534944079139016 50
1747304698855 1.456635442647067 51
1747304701209 1.4537276354703037 52
1747304703559 1.4522010196339001 53
1747304705906 1.4526568434455178 54
1747304708431 1.4498974735086614 55
1747304710778 1.4445015083659778 56
1747304713122 1.4454843672839077 57
1747304715652 1.4340350736271252 58
1747304717997 1.4300465475429187 59
1747304720358 1.428506536917253 60
1747304722889 1.426888411695307 61
1747304725248 1.4237261902202258 62
1747304727602 1.427497473630038 63
1747304729950 1.4258952032436023 64
1747304732477 1.4265820546583696 65
1747304734840 1.4241016994823108 66
1747304737189 1.424584453756159 67
1747304739716 1.4149008664217861 68
1747304742059 1.4119739749214866 69
1747304744409 1.4121676900170066 70
1747304746939 1.4115146398544312 71
1747304749277 1.4107166095213457 72
1747304751634 1.4101579514416782 73
1747304754150 1.4109863584691829 74
1747304756506 1.4096959287470037 75
1747304758854 1.4092579863288186 76
1747304761215 1.4101564233953303 77
1747304763735 1.4101398966529153 78
1747304766084 1.4074587388472124 79
1747304768434 1.4073877117850564 80
1747304770960 1.4070860689336604 81
1747304773312 1.4054590572010388 82
1747304775659 1.4057588252154263 83
1747304778192 1.4048626856370405 84
1747304780539 1.4046391682191328 85
1747304782895 1.4032835201783613 86
1747304785253 1.40353816205805 87
1747304787786 1.4014694148843938 88
1747304790137 1.4023369659077038 89
1747304798315 1.4012319933284412 90
1747304806668 1.4016875245354392 91
1747304815717 1.400364561514421 92
1747304825580 1.3988385092128406 93
1747304834433 1.39965511452068 94
1747304843498 1.3993472077629783 95
1747304851424 1.4000891988927668 96
1747304858592 1.3989601243625989 97
1747304865408 1.3973697749051182 98
1747304870040 1.39237350767309 99
1747304874031 1.3920524662191218 100
1747304879079 1.3920065598054365 101
1747304882926 1.3922688527540727 102
1747304885974 1.392819577997381 103
1747304889292 1.3910407586531206 104
1747304892145 1.391448367725719 105
1747304895038 1.3918481414968318 106
1747304898182 1.3911733410575173 107
1747304900551 1.390614704652266 108
1747304902917 1.3900797150351785 109
1747304905490 1.3906254226511174 110
1747304908198 1.3900917009873823 111
1747304910635 1.3896943872625178 112
1747304912991 1.3896934552626177 113
1747304915520 1.38940569487485 114
1747304917885 1.3879710110751065 115
1747304920240 1.3886198022148826 116
1747304922783 1.3868337978016247 117
1747304925141 1.3862628503279253 118
1747304927487 1.385539705103094 119
1747304929847 1.3861532536419956 120
1747304932397 1.386017452586781 121
1747304934749 1.3854705962267788 122
1747304937102 1.3862884478135542 123
1747304939635 1.3854032429781826 124
1747304941994 1.3848490606654773 125
1747304944359 1.3856248963962903 126
1747304946899 1.384721420027993 127
1747304949257 1.3835027109492908 128
1747304951621 1.3841971158981323 129
1747304953975 1.384075251492587 130
1747304956514 1.3830723329023882 131
1747304958880 1.3837332942269065 132
1747304961240 1.3845634026960894 133
1747304963788 1.3828327764164319 134
1747304966156 1.3832832791588523 135
1747304968522 1.3825935992327603 136
1747304971068 1.3829796422611584 137
1747304973428 1.3833599524064497 138
1747304975791 1.3827884522351352 139
1747304978321 1.3827223886143079 140
1747304980688 1.382535999471491 141
1747304983063 1.383128978989341 142
1747304985455 1.3823195045644587 143
1747304988021 1.3826090422543613 144
1747304990399 1.3821807666258379 145
1747304992786 1.3821694634177468 146
1747304995348 1.3818912722847678 147
1747304997746 1.382188851183111 148
1747305000135 1.382449290969155 149
1747305002702 1.3823587569323452 150
1747305005094 1.382324056191878 151
1747305007501 1.3819541064175693 152
1747305009894 1.382212227041071 153
1747305012477 1.382696975361217 154
1747305014879 1.3822686780582776 155
1747305017288 1.3820797421715476 156
1747305019874 1.3825164491480046 157
1747305022265 1.382130200212652 158
1747305024669 1.3826906139200383 159
1747305027243 1.3823081905191594 160
1747305029648 1.3821894255551426 161
1747305032052 1.3820917931470005 162
1747305034439 1.3825365196574817 163
1747305037010 1.38222290169109 164
1747305039385 1.3823064132170244 165
1747305041752 1.3821314356543801 166
1747305044323 1.3820711699399082 167
1747305046720 1.3827956589785488 168
1747305049114 1.3825085704976863 169
1747305051686 1.382339824329723 170
1747305054089 1.3822430047121914 171
1747305056488 1.3817443739284168 172
1747305059064 1.3823616829785434 173
1747305061478 1.3821903683922507 174
1747305063871 1.3827573711221868 175
1747305066257 1.382326147773049 176
1747305068820 1.3825580857016824 177
1747305071194 1.382232828573747 178
1747305073580 1.3821168054233899 179
1747305076160 1.3828451091592961 180
1747305078564 1.3824648965488782 181
1747305080957 1.3818640925667502 182
1747305083520 1.3818394921042703 183
1747305085893 1.382137114351446 184
1747305088282 1.3818671053106135 185
1747305090655 1.382292541590604 186
1747305093213 1.3820488994771785 187
1747305095610 1.3822961178692905 188
1747305098009 1.3823937611146406 189
1747305100583 1.3818580887534402 190
1747305102954 1.3822236169468274 191
1747305105360 1.382321921261874 192
1747305107916 1.3823631460016423 193
1747305110297 1.381722005930814 194
1747305112679 1.3820512294769287 195
1747305115057 1.382414785298434 196
1747305117618 1.3822261528535322 197
1747305119998 1.3818512613123113 198
1747305122369 1.3826884573156184 199
1747305124925 1.3820828632874922 200
1747305127297 1.3820810209621082 201
1747305129663 1.3820587288249622 202
1747305132224 1.3819106383757158 203
1747305134596 1.3819785768335515 204
1747305136988 1.382001432505521 205
1747305139530 1.3819215189326892 206
1747305141913 1.3820508501746438 207
1747305144286 1.3826174627650867 208
1747305146659 1.3820123130624944 209
1747305149207 1.3824464624578303 210
1747305151578 1.38172616741874 211
1747305153948 1.3825653249567205 212
1747305156497 1.382501407103105 213
1747305158869 1.3821465535597368 214
1747305161246 1.3818148591301658 215
1747305163801 1.3825282075188376 216
1747305166161 1.3822952834042637 217
1747305168535 1.3823010271245784 218
1747305170920 1.3823170987042515 219
1747305173481 1.382510174404491 220
1747305175852 1.382278474894437 221
1747305178230 1.3820436759428545 222
1747305180774 1.3820286880839954 223
1747305183144 1.381824179129167 224
1747305185516 1.3824673132462935 225
1747305188074 1.382354031909596 226
1747305190444 1.3823475187475032 227
1747305192820 1.3824827129190618 228
1747305195199 1.3824923471970991 229
1747305197750 1.3822934519160877 230
1747305200131 1.3826050758361816 231
1747305202506 1.3824345415288752 232
1747305205055 1.382535620169206 233
1747305207429 1.3817398439754138 234
1747305209800 1.3818311149423772 235
1747305212356 1.3824095617641101 236
1747305214723 1.3817622336474331 237
1747305217093 1.3823556033047764 238
1747305219643 1.3821202408183704 239
1747305222036 1.3824160857634111 240
1747305224410 1.382444435899908 241
1747305226787 1.3822907317768445 242
1747305229336 1.3819124048406428 243
1747305231702 1.3816795890981501 244
1747305234095 1.382192925973372 245
1747305236680 1.3824952407316728 246
1747305239079 1.3818840763785623 247
1747305241470 1.3821983662518589 248
1747305244033 1.3821110400286587 249
1747305246441 1.3825319463556462 250
1747305248846 1.3821281736547297 251
1747305251249 1.3821571198376743 252
1747305253832 1.382282170382413 253
1747305256232 1.3818432742899114 254
1747305258631 1.3817588741129094 255
1747305261209 1.3822617314078591 256
1747305263617 1.3821983337402344 257
1747305266019 1.3823261802846736 258
1747305268600 1.382282723080028 259
1747305271018 1.3822188485752454 260
1747305273429 1.3824580257589167 261
1747305275830 1.3818667801943691 262
1747305278417 1.3825439323078503 263
1747305280814 1.382880774411288 264
1747305283199 1.3818990208885886 265
1747305285792 1.381975152275779 266
1747305288206 1.3825202855196865 267
1747305290622 1.3825273513793945 268
1747305293207 1.3818718194961548 269
1747305295617 1.382038170641119 270
1747305298029 1.3823281960053877 271
1747305300597 1.3821970549496738 272
1747305303004 1.382152492349798 273
1747305305420 1.382018273526972 274
1747305307844 1.381799112666737 275
1747305310427 1.3822570714083584 276
1747305312833 1.382452368736267 277
1747305315245 1.3824643763628872 278
1747305317829 1.382348429072987 279
1747305320229 1.3820159110155972 280
1747305322615 1.382146412676031 281
1747305325198 1.3819963606921108 282
1747305327605 1.3822097128087825 283
1747305330019 1.3823489384217695 284
1747305332437 1.3824392665516247 285
1747305335017 1.3819737759503452 286
1747305337436 1.3824796676635742 287
1747305339853 1.382199384949424 288
1747305342441 1.382011966271834 289
1747305344867 1.3821509859778665 290
1747305347269 1.3825247396122327 291
1747305349877 1.382201910018921 292
1747305352279 1.3819835511120884 293
1747305354686 1.3822310946204446 294
1747305357096 1.382330666888844 295
1747305359693 1.3823747418143533 296
1747305362107 1.3821067484942349 297
1747305364512 1.3825949863954023 298
1747305367117 1.3818072297356345 299
1747305369531 1.3820074146444148 300
1747305371951 1.382477337663824 301
1747305374548 1.3824835148724643 302
1747305376960 1.3829191706397317 303
1747305379366 1.3820530392906882 304
1747305381931 1.3820639740337024 305
1747305384336 1.3825689445842395 306
1747305386746 1.382277705452659 307
1747305389157 1.382017731666565 308
1747305391740 1.381851770661094 309
1747305394148 1.3820984255183826 310
1747305396540 1.3820304437117144 311
1747305399116 1.3823363780975342 312
1747305401512 1.3822494745254517 313
1747305403908 1.3817629922520032 314
1747305406511 1.3824465383182873 315
1747305408929 1.3826959458264438 316
1747305411346 1.3825093941255049 317
1747305413760 1.3825028809634121 318
1747305416365 1.3820833617990667 319
1747305418784 1.3819045587019487 320
1747305421201 1.3825794783505527 321
1747305423795 1.3826765688982876 322
1747305426203 1.3820715384049849 323
1747305428635 1.3824240619486028 324
1747305431227 1.3824191743677312 325
1747305433639 1.3817364519292659 326
1747305436049 1.381908741864291 327
1747305438449 1.3821362257003784 328
1747305441027 1.3821659088134766 329
1747305443419 1.3822839585217563 330
1747305445824 1.3822771094062112 331
1747305448400 1.3824062564156272 332
1747305450810 1.3820335865020752 333
1747305453221 1.3819803216240623 334
1747305455818 1.3819622126492588 335
1747305458222 1.3820145997134121 336
1747305460624 1.3822872963818638 337
1747305463190 1.3822817260568792 338
1747305465616 1.3819398880004883 339
1747305468026 1.3824318322268399 340
1747305470441 1.3819612481377341 341
1747305473015 1.3823060339147395 342
1747305475426 1.3824557065963745 343
1747305477818 1.382211685180664 344
1747305480393 1.3826831145720049 345
1747305482791 1.3817698847163806 346
1747305485192 1.3821125572377986 347
1747305487784 1.3823489926078103 348
1747305490194 1.382273869080977 349
1747305492599 1.382811893116344 350
1747305495009 1.3819253227927468 351
1747305497602 1.3821829557418823 352
1747305500017 1.382380117069591 353
1747305502432 1.3820497014305808 354
1747305505021 1.3820218281312422 355
1747305507437 1.3823967630212957 356
1747305509856 1.3819824890656904 357
1747305512457 1.3822617530822754 358
1747305514869 1.3822646032680164 359
1747305517282 1.3821965889497236 360
1747305519682 1.3821950934150002 361
1747305522262 1.3824072751131924 362
1747305524662 1.3819407007910989 363
1747305527052 1.3821052312850952 364
1747305529617 1.3824844793839888 365
1747305532003 1.3821608911861072 366
1747305534403 1.3821987889029763 367
1747305536998 1.3820395252921365 368
1747305539388 1.3821755647659302 369
1747305541771 1.381882374936884 370
1747305544341 1.3821419260718606 371
1747305546737 1.3824373158541592 372
1747305549125 1.3824772834777832 373
1747305551504 1.3821701136502353 374
1747305554068 1.381858153776689 375
1747305556469 1.3819619633934714 376
1747305558855 1.3822999759153887 377
1747305561423 1.3822318748994307 378
1747305563815 1.3823108673095703 379
1747305566228 1.3822605609893799 380
1747305568827 1.382479039105502 381
1747305571216 1.3821599266745828 382
1747305573610 1.381628394126892 383
1747305576036 1.382445920597423 384
1747305578595 1.3828573335300793 385
1747305580989 1.3817080476067283 386
1747305583379 1.382336139678955 387
1747305585960 1.3824747258966619 388
1747305588342 1.3824454979463057 389
1747305590735 1.3824502554806797 390
1747305593302 1.3821020343086936 391
1747305595714 1.3824862133372913 392
1747305598119 1.382160566069863 393
1747305600501 1.3817548101598567 394
1747305603059 1.3818672678687356 395
1747305605481 1.38205133784901 396
1747305607890 1.3824998573823408 397
1747305610484 1.3820329687812112 398
1747305612894 1.3822815851731733 399
1747305615299 1.3821244673295454 400
1747305617890 1.382700334895741 401
1747305620315 1.3824951323595913 402
1747305622721 1.3826120441610164 403
1747305625311 1.382116599516435 404
1747305627731 1.3823576081882825 405
1747305630153 1.3824533982710405 406
1747305632573 1.3819458809765903 407
1747305635180 1.382524685426192 408
1747305637597 1.3820386149666526 409
1747305640002 1.382577191699635 410
1747305642576 1.3822271498766812 411
1747305644988 1.3823597214438699 412
1747305647412 1.3824263269251043 413
1747305650010 1.381598862734708 414
1747305652434 1.3821979002519087 415
1747305654859 1.38199152729728 416
1747305657287 1.382130427794023 417
1747305659906 1.3818198984319514 418
1747305662329 1.382326440377669 419
1747305664750 1.3825615427710793 420
1747305667348 1.3818689042871648 421
1747305669763 1.3823939236727627 422
1747305672189 1.3824453895742244 423
1747305674799 1.3817843957380815 424
1747305677233 1.3824824203144421 425
1747305679665 1.3821730722080579 426
1747305682078 1.382015965201638 427
1747305684676 1.382361032746055 428
1747305687099 1.3820229335264727 429
1747305689521 1.3820021477612583 430
1747305692114 1.3824683752926914 431
1747305694534 1.3821776455098933 432
1747305696941 1.3818237564780496 433
1747305699524 1.3818661516362971 434
1747305701907 1.382051858035001 435
1747305704308 1.382219910621643 436
1747305706883 1.3827518658204512 437
1747305709281 1.3820495171980425 438
1747305711678 1.3822523788972334 439
1747305714085 1.3819269808855923 440
1747305716675 1.3815922737121582 441
1747305719066 1.38244797966697 442
1747305721464 1.3822656111283735 443
1747305724043 1.3820778998461636 444
1747305726472 1.3824613311073997 445
1747305728878 1.3819052414460615 446
1747305731604 1.3820545673370361 447
1747305734005 1.382175163789229 448
1747305736433 1.3821354562586003 449
1747305738855 1.3823928291147405 450
1747305741422 1.3826611258766868 451
1747305743822 1.3820219473405317 452
1747305746222 1.3824361237612637 453
1747305748790 1.3823426636782559 454
1747305751178 1.3819043853066184 455
1747305753569 1.3823895129290493 456
1747305756177 1.3821161118420688 457
1747305758585 1.3820712891491977 458
1747305760976 1.3820513811978428 459
1747305763374 1.3821526874195447 460
1747305765953 1.3821062716570767 461
1747305768357 1.3820375420830466 462
1747305770745 1.3820605711503462 463
1747305773307 1.382024418223988 464
1747305775732 1.381842775778337 465
1747305778156 1.3821763016960837 466
1747305780767 1.382346673445268 467
1747305783178 1.3819217573512683 468
1747305785584 1.382364652373574 469
1747305788147 1.3821872689507224 470
1747305790542 1.3820220015265725 471
1747305792938 1.382181460207159 472
1747305795351 1.3822340315038508 473
1747305797945 1.382289539683949 474
1747305800354 1.382284630428661 475
1747305802743 1.382637468251315 476
1747305805333 1.3820847164500842 477
1747305807766 1.3821946816010908 478
1747305810184 1.3829036300832576 479
1747305812788 1.382365421815352 480
1747305815214 1.3824380852959373 481
1747305817656 1.382483103058555 482
1747305820071 1.3819834427400068 483
1747305822676 1.3819948868318037 484
1747305825090 1.3821704279292713 485
1747305827519 1.3821814276955344 486
1747305830121 1.3821277184919878 487
1747305832523 1.3822418993169612 488
1747305834941 1.3819334615360608 489
1747305837550 1.3823569796302102 490
1747305839983 1.3824099844152278 491
1747305842427 1.3822875239632346 492
1747305844845 1.3822446519678289 493
1747305847447 1.3823039206591519 494
1747305849882 1.3820727196606724 495
1747305852302 1.3823989738117566 496
1747305854904 1.3819700479507446 497
1747305857329 1.3822172229940242 498
1747305859755 1.3828491731123491 499
1747305862325 1.3821699944409458 500
1747305864738 1.3823714581402866 501
1747305867167 1.3821729529987683 502
1747305869759 1.382127956910567 503
1747305872182 1.3821906068108298 504
1747305874600 1.3824502554806797 505
1747305877032 1.381914420561357 506
1747305879627 1.381867441264066 507
1747305882026 1.3820542855696245 508
1747305884448 1.3823594071648337 509
1747305887045 1.3820659572427922 510
1747305889468 1.3819809501821345 511
1747305891874 1.382288846102628 512
1747305894462 1.3818951520052822 513
1747305896887 1.3825833580710671 514
1747305899325 1.3824940811504016 515
1747305901754 1.382061167196794 516
1747305904350 1.38242815841328 517
1747305906780 1.3824620680375532 518
1747305909209 1.3825365846807307 519
1747305911813 1.3821576291864568 520
1747305914237 1.3821170980280095 521
1747305916672 1.3819732124155217 522
1747305919285 1.3824295564131304 523
1747305921698 1.3823139342394741 524
1747305924104 1.3820727846839211 525
1747305926514 1.3822166486219927 526
1747305929090 1.3824921412901445 527
1747305931487 1.3818691752173684 528
1747305933891 1.3822900707071477 529
1747305936481 1.3817750865762883 530
1747305938887 1.3824030052531848 531
1747305941289 1.3822396776892922 532
1747305943865 1.38197030804374 533
1747305946269 1.3819011016325518 534
1747305948672 1.3822001327167859 535
1747305951244 1.382349588654258 536
1747305953656 1.3818839680064807 537
1747305956063 1.382451285015453 538
1747305958477 1.3826688094572588 539
1747305961043 1.3821693550456653 540
1747305963448 1.382378805767406 541
1747305965860 1.3819305463270708 542
1747305968451 1.3826495625756003 543
1747305970873 1.381633465940302 544
1747305973291 1.3816423416137695 545
1747305975887 1.3816540349613537 546
1747305978290 1.3819930770180442 547
1747305980688 1.381849917498502 548
1747305983086 1.3826165199279785 549
1747305985682 1.3819036050276323 550
1747305988080 1.3821329420263118 551
1747305990466 1.382337288423018 552
1747305993042 1.3821475830945102 553
1747305995463 1.3823257684707642 554
1747305997883 1.3826160647652366 555
1747306000467 1.3821181600744075 556
1747306002873 1.3823810815811157 557
1747306005294 1.3823438124223189 558
1747306007700 1.3817792589014226 559
1747306010285 1.3819416544654153 560
1747306012684 1.3822369250384243 561
1747306015090 1.3817637183449485 562
1747306017664 1.382099444215948 563
1747306020060 1.3821383281187578 564
1747306022468 1.3822931809858843 565
1747306025058 1.3825563083995471 566
1747306027465 1.3823124820535833 567
1747306029866 1.3817426508123225 568
1747306032437 1.3821995149959216 569
1747306034848 1.382342902096835 570
1747306037242 1.382918899709528 571
1747306039640 1.382577365094965 572
1747306042211 1.3823635361411355 573
1747306044625 1.3816116939891467 574
1747306047053 1.3820168321782893 575
1747306049639 1.3824877630580554 576
1747306052049 1.3821205767718228 577
1747306054472 1.3821549740704624 578
1747306057079 1.3817877661098132 579
1747306059500 1.3823622356761585 580
1747306061900 1.3820838169618086 581
1747306064310 1.3821853832765059 582
1747306066912 1.382294925776395 583
1747306069309 1.3825367472388528 584
1747306071719 1.3820493546399204 585
1747306074296 1.3819188746539028 586
1747306076694 1.3824690038507634 587
1747306079089 1.3824560858986594 588
1747306081669 1.3824288628318093 589
1747306084080 1.3821788376027888 590
1747306086501 1.3826541900634766 591
1747306088900 1.382354898886247 592
1747306091482 1.3821876590902156 593
1747306093882 1.3826769265261563 594
1747306096307 1.3821129690517078 595
1747306098889 1.382112448865717 596
1747306101291 1.382415153763511 597
1747306103696 1.3822521404786543 598
1747306106278 1.382322538982738 599
1747306108687 1.38225303996693 600
1747306111092 1.3824034387415105 601
1747306113667 1.3823900331150403 602
1747306116094 1.3822402195496992 603
1747306118495 1.3824085864153774 604
1747306120899 1.3820116411555896 605
1747306123479 1.382007046179338 606
1747306125898 1.3825491991910068 607
1747306128299 1.382245659828186 608
1747306130899 1.3826299905776978 609
1747306133316 1.38213388486342 610
1747306135731 1.382324381308122 611
1747306138312 1.381684509190646 612
1747306140710 1.3817166631872004 613
1747306143127 1.3829083876176314 614
1747306145700 1.381941719488664 615
1747306148283 1.381752848625183 616
1747306150684 1.382466359571977 617
1747306153073 1.3817511580207131 618
1747306155672 1.3822865702889182 619
1747306158068 1.3820967024022883 620
1747306160469 1.3827428817749023 621
1747306163046 1.3819822506471113 622
1747306165469 1.381834951314059 623
1747306167889 1.382139498537237 624
1747306170294 1.3818104700608687 625
1747306172875 1.3821185068650679 626
1747306175296 1.3819296143271707 627
1747306177720 1.3824042190204968 628
1747306180323 1.3822953375903042 629
1747306182730 1.38210083137859 630
1747306185154 1.381933483210477 631
1747306187776 1.382269718430259 632
1747306190196 1.3826523477380925 633
1747306192614 1.3824317021803423 634
1747306195205 1.382651220668446 635
1747306197639 1.3824925422668457 636
1747306200068 1.3822482174093074 637
1747306202491 1.3824251998554578 638
1747306205092 1.3822940154509111 639
1747306207508 1.382083535194397 640
1747306209927 1.3828934972936457 641
1747306212525 1.3820939605886287 642
1747306214939 1.3819465528834949 643
1747306217362 1.3817848725752397 644
1747306219953 1.381949327208779 645
1747306222367 1.3819756724617698 646
1747306224782 1.3820400021292947 647
1747306227195 1.3822136900641702 648
1747306229781 1.3817099983041936 649
1747306232184 1.3829445297067815 650
1747306234597 1.3825393915176392 651
1747306237199 1.3821398561651057 652
1747306239616 1.3822098536924883 653
1747306242046 1.3819943991574375 654
1747306244659 1.3820772496136753 655
1747306247079 1.3820860602638938 656
1747306249483 1.3823194395412097 657
1747306251879 1.3820177641781894 658
1747306254471 1.3826002207669346 659
1747306256890 1.3819817738099531 660
1747306259308 1.3816300413825295 661
1747306261910 1.382328987121582 662
1747306264343 1.3821129582144998 663
1747306266769 1.3817281939766624 664
1747306269341 1.381971836090088 665
1747306271749 1.3830878301100298 666
1747306274157 1.3824842951514504 667
1747306276753 1.3819894357161089 668
1747306279167 1.3818655447526411 669
1747306281577 1.3818472732197156 670
1747306283983 1.382518855008212 671
1747306286584 1.3821164803071455 672
1747306288999 1.3821415359323674 673
1747306291407 1.3822893771258267 674
1747306293994 1.381676738912409 675
1747306296404 1.3821686072783037 676
1747306298821 1.3824672590602527 677
1747306301411 1.3824431571093472 678
1747306303809 1.3822197155518965 679
1747306306235 1.3819506059993396 680
1747306308643 1.3823040940544822 681
1747306311233 1.3819996985522183 682
1747306313637 1.3819066611203281 683
1747306316066 1.3821575533259998 684
1747306318667 1.382609020579945 685
1747306321083 1.381990215995095 686
1747306323488 1.3817506161603061 687
1747306326101 1.3821864995089443 688
1747306328527 1.3819452415813098 689
1747306330931 1.3819989399476484 690
1747306333328 1.382449139248241 691
1747306335928 1.3824531490152532 692
1747306338352 1.3824877738952637 693
1747306340779 1.3820759057998657 694
1747306343372 1.3823364973068237 695
1747306345805 1.3821995258331299 696
1747306348233 1.3820061141794378 697
1747306350838 1.3821825005791404 698
1747306353253 1.3825759345834905 699
1747306355676 1.3826910582455723 700
1747306358282 1.382235050201416 701
1747306360691 1.3824168226935647 702
1747306363101 1.3823782747442073 703
1747306365526 1.3816742463545366 704
1747306368134 1.3816988684914329 705
1747306370545 1.3819174766540527 706
1747306372961 1.3820259137587114 707
1747306375565 1.3822208859703757 708
1747306378001 1.382404240694913 709
1747306380425 1.3825442357496782 710
1747306383025 1.3828071464191785 711
1747306385463 1.382207902995023 712
1747306387902 1.3818041628057307 713
1747306390308 1.3822348009456287 714
1747306392894 1.3821020451459018 715
1747306395300 1.3821598508141257 716
1747306397712 1.3820901025425305 717
1747306400295 1.382371718233282 718
1747306402696 1.3824797110124067 719
1747306405108 1.382098913192749 720
1747306407719 1.382147572257302 721
1747306410147 1.3819789778102527 722
1747306412570 1.3825537291440098 723
1747306414999 1.3815680959007957 724
1747306417595 1.3817775141109119 725
1747306420007 1.3819547566500576 726
1747306422417 1.3816982399333606 727
1747306424998 1.3826707384803079 728
1747306427436 1.3821035081690007 729
1747306429844 1.3821109208193691 730
1747306432426 1.382385492324829 731
1747306434849 1.3815767114812678 732
1747306437280 1.3822819536382502 733
1747306439877 1.3823319673538208 734
1747306442301 1.3822538310831243 735
1747306444714 1.3822317340157249 736
1747306447151 1.3818144473162564 737
1747306449749 1.382036718455228 738
1747306452160 1.3820430690591985 739
1747306454571 1.3823962861841375 740
1747306457182 1.3822674534537576 741
1747306459606 1.3821906501596624 742
1747306462017 1.3818960406563499 743
1747306464613 1.3820164312015881 744
1747306467044 1.3819028030742297 745
1747306469450 1.382201530716636 746
1747306471857 1.38197782906619 747
1747306474441 1.3823368332602761 748
1747306476862 1.3821096203543923 749
1747306479287 1.3820850524035366 750
1747306481884 1.3822744651274248 751
1747306484310 1.3823572613976218 752
1747306486751 1.382365497675809 753
1747306489379 1.3816749399358577 754
1747306491801 1.3821937821128152 755
1747306494221 1.382272796197371 756
1747306496660 1.382096377286044 757
1747306499262 1.3820859844034368 758
1747306501682 1.3821032047271729 759
1747306504094 1.382141720164906 760
1747306506707 1.3820437626405195 761
1747306509140 1.3823102821003308 762
1747306511568 1.3820969624952837 763
1747306514166 1.3822086399251765 764
1747306516584 1.3820619258013638 765
1747306519005 1.3821883093227039 766
1747306521600 1.3821296258406206 767
1747306524012 1.3826315077868374 768
1747306526434 1.3821583986282349 769
1747306528842 1.3823936202309348 770
1747306531427 1.3821373636072332 771
1747306533831 1.3822285803881558 772
1747306536233 1.3817044713280418 773
1747306538804 1.3821845162998547 774
1747306541220 1.381941318511963 775
1747306543617 1.382301005450162 776
1747306546219 1.382117217237299 777
1747306548617 1.3817015236074275 778
1747306551023 1.38183453950015 779
1747306553436 1.3822618397799404 780
1747306556026 1.3815648339011453 781
1747306558428 1.382561672817577 782
1747306560835 1.3817873217842795 783
1747306563414 1.3817183863032947 784
1747306565819 1.3823094259608875 785
1747306568237 1.3822052912278608 786
1747306570829 1.3815981258045544 787
1747306573240 1.3821890462528577 788
1747306575650 1.3824281367388638 789
1747306578059 1.3817590908570723 790
1747306580644 1.3823427178642966 791
1747306583051 1.382203145460649 792
1747306585466 1.3817486112768 793
1747306588055 1.382128899747675 794
1747306590465 1.3820458325472744 795
1747306592883 1.3824558799917048 796
1747306595470 1.381967847997492 797
1747306597877 1.3821578459306196 798
1747306600277 1.381904428655451 799
1747306602857 1.3818901668895374 800
1747306605273 1.3823984427885576 801
1747306607679 1.3821051662618464 802
1747306610092 1.382307236844843 803
1747306612675 1.3823804421858354 804
1747306615078 1.3822693716395984 805
1747306617484 1.3817279663952915 806
1747306620073 1.3819815895774148 807
1747306622473 1.38242646780881 808
1747306624877 1.3823637853969226 809
1747306627457 1.382204901088368 810
1747306629871 1.3821223432367498 811
1747306632281 1.382530927658081 812
1747306634691 1.3821134242144497 813
1747306637280 1.381947940046137 814
1747306639686 1.3823327151211826 815
1747306642089 1.3819558512080798 816
1747306644681 1.3822949691252275 817
1747306647107 1.3821748386729846 818
1747306649520 1.3819451332092285 819
1747306652115 1.3821652694181963 820
1747306654528 1.381909435445612 821
1747306656968 1.3821859251369129 822
1747306659395 1.3819078315388074 823
1747306661984 1.3822763941504739 824
1747306664412 1.3819627436724575 825
1747306666845 1.3820095279000022 826
1747306669447 1.3821715983477505 827
1747306671878 1.3825272971933538 828
1747306674304 1.3819794438102029 829
1747306676922 1.38170325756073 830
1747306679348 1.3821239037947222 831
1747306681781 1.3819104433059692 832
1747306684384 1.3817710009488193 833
1747306686809 1.3821526874195447 834
1747306689241 1.3826899528503418 835
1747306691665 1.3818156177347356 836
1747306694262 1.382120966911316 837
1747306696704 1.382480187849565 838
1747306699153 1.3831058090383357 839
1747306701757 1.3817080042578957 840
1747306704178 1.3821005604483865 841
1747306706611 1.3818239298733799 842
1747306709230 1.3822601708498867 843
1747306711669 1.3816679824482312 844
1747306714114 1.382074150172147 845
1747306716552 1.3818186629902234 846
1747306719156 1.382402311671864 847
1747306721586 1.3821655078367754 848
1747306724019 1.3825941736047918 849
1747306726630 1.3825611417943782 850
1747306729050 1.3814481821927158 851
1747306731461 1.382490494034507 852
1747306734055 1.3823324767026035 853
1747306736491 1.3823028802871704 854
1747306738937 1.382075624032454 855
1747306741369 1.38197170604359 856
1747306743977 1.3817477984861894 857
1747306746414 1.3819288448853926 858
1747306748847 1.3816585432399402 859
1747306751465 1.3817272619767622 860
1747306753897 1.3822376836429944 861
1747306756331 1.382279937917536 862
1747306758939 1.3824123035777698 863
1747306761382 1.3822146329012783 864
1747306763826 1.3819554393941706 865
1747306766446 1.3822501681067727 866
1747306768891 1.3826548077843406 867
1747306771316 1.3817994811318137 868
1747306773753 1.3818856369365344 869
1747306776369 1.3821034756573765 870
1747306778805 1.3820686448704114 871
1747306781237 1.3822674317793413 872
1747306783835 1.3819520581852307 873
1747306786283 1.3821525682102551 874
1747306788718 1.3828665668314153 875
1747306791317 1.3822151964361018 876
1747306793742 1.3818866122852673 877
1747306796174 1.3825612284920432 878
1747306798623 1.381859150799838 879
1747306801245 1.3822597373615613 880
1747306803683 1.381826097315008 881
1747306806114 1.3820871656591243 882
1747306808719 1.3820762525905261 883
1747306811127 1.3820541446859187 884
1747306813546 1.3826153711839155 885
1747306816161 1.3822326118295842 886
1747306818605 1.382188081741333 887
1747306821036 1.382074930451133 888
1747306823474 1.3821991682052612 889
1747306826080 1.3819581270217896 890
1747306828520 1.3825737779790706 891
1747306830952 1.382316535169428 892
1747306833570 1.382562984119762 893
1747306836018 1.382428689436479 894
1747306838449 1.3820289265025745 895
1747306841050 1.382305849682201 896
1747306843449 1.3818041628057307 897
1747306845876 1.382719094103033 898
1747306848486 1.3824074918573552 899
1747306850919 1.3819169781424783 900
1747306853348 1.382225968620994 901
1747306855781 1.3817464655095881 902
1747306858404 1.382038333199241 903
1747306860838 1.3824618512933904 904
1747306863257 1.3825836290012707 905
1747306865861 1.3818897008895874 906
1747306868297 1.382355343211781 907
1747306870742 1.3822085857391357 908
1747306873361 1.3820399045944214 909
1747306875792 1.3824496485970237 910
1747306878224 1.3824056603691794 911
1747306880657 1.3816388303583318 912
1747306883264 1.3825594403527 913
1747306885671 1.38224336234006 914
1747306888085 1.3819511153481223 915
1747306890683 1.3821026953783901 916
1747306893094 1.3822454864328557 917
1747306895528 1.3822549256411465 918
1747306898140 1.3826269128105857 919
1747306900575 1.3819952986457131 920
1747306903006 1.3824620788747615 921
1747306905418 1.3827833370728926 922
1747306908038 1.3823926015333696 923
1747306910481 1.3827925378626043 924
1747306912920 1.3822670199654319 925
1747306915525 1.3821517120708118 926
1747306917967 1.3822035789489746 927
1747306920386 1.3820621642199429 928
1747306922985 1.382761467586864 929
1747306925409 1.3823018182407727 930
1747306927830 1.3825826319781216 931
1747306930436 1.3819490346041592 932
1747306932885 1.382292541590604 933
1747306935321 1.3817964033647017 934
1747306937757 1.3826624263416638 935
1747306940373 1.382267258384011 936
1747306942800 1.3818470998243852 937
1747306945219 1.3819569566033103 938
1747306947838 1.3822245814583518 939
1747306950272 1.3819240114905618 940
1747306952701 1.381715471094305 941
1747306955323 1.3820081840861926 942
1747306957750 1.38223182071339 943
1747306960183 1.3820791677995161 944
1747306962607 1.3818003914572976 945
1747306965207 1.3822752020575784 946
1747306967644 1.382200143553994 947
1747306970062 1.382374340837652 948
1747306972653 1.3823231892152266 949
1747306975060 1.3819107575850054 950
1747306977493 1.3826354308561846 951
1747306980118 1.3820557919415561 952
1747306982561 1.3827828927473589 953
1747306984985 1.3820016600868918 954
1747306987409 1.3819976394826716 955
1747306990010 1.382323059168729 956
1747306992444 1.3821057731455022 957
1747306994857 1.382223909551447 958
1747306997464 1.3820733482187444 959
1747306999899 1.3828267726031216 960
1747307002324 1.3827338868921453 961
1747307004928 1.382014198736711 962
1747307007358 1.38225857778029 963
1747307009796 1.382310390472412 964
1747307012398 1.3820040334354748 965
1747307014841 1.381718028675426 966
1747307017277 1.3821239037947222 967
1747307019710 1.3818687092174182 968
1747307022324 1.3824363296682185 969
1747307024766 1.3825528404929421 970
1747307027211 1.3827027624303645 971
1747307029837 1.3817521875554866 972
1747307032276 1.3823876272548328 973
1747307034703 1.3826986659656872 974
1747307037328 1.3822730346159502 975
1747307039759 1.3824482397599653 976
1747307042203 1.3817761052738537 977
1747307044630 1.382454146038402 978
1747307047240 1.3821584419770674 979
1747307049654 1.3827635158192029 980
1747307052069 1.3828165422786365 981
1747307054670 1.3819941065528176 982
1747307057105 1.382143573327498 983
1747307059556 1.3822455622933127 984
1747307062160 1.3823198188434949 985
1747307064598 1.3815857388756492 986
1747307067037 1.3819353688846936 987
1747307069472 1.3822150989012285 988
1747307072085 1.3818160403858533 989
1747307074526 1.3820577318018132 990
1747307076957 1.3821877891367131 991
1747307079552 1.382572271607139 992
1747307081968 1.3822028203444048 993
1747307084379 1.3819725730202415 994
1747307093834 1.3818952278657393 995
1747307103329 1.3824963569641113 996
1747307113237 1.382053873755715 997
1747307123687 1.3826658508994363 998
1747307131815 1.3822660662911155 999
