1747304580463 2.3079521656036377 0
1747305349249 2.3037952184677124 1
1747306062317 2.2958641052246094 2
1747306779209 2.285815477371216 3
1747307535062 2.2733166217803955 4
1747308261470 2.258766770362854 5
1747308995239 2.2418212890625 6
1747309732738 2.2215319871902466 7
1747310473815 2.2004562616348267 8
1747311213599 2.1809579133987427 9
1747311955143 2.164644241333008 10
1747312697398 2.153589963912964 11
1747313440747 2.1440675258636475 12
1747314186008 2.1363903284072876 13
1747314933972 2.131747007369995 14
1747315677283 2.1271666288375854 15
1747316422977 2.122597575187683 16
1747317168959 2.118146777153015 17
1747317916937 2.113652467727661 18
1747318662180 2.109221935272217 19
1747319410082 2.1050381660461426 20
1747320156814 2.1011922359466553 21
1747320898246 2.0975348949432373 22
1747321644611 2.094127058982849 23
1747322388495 2.0909247398376465 24
1747323134254 2.0874955654144287 25
1747323878877 2.084524154663086 26
1747324624786 2.081691861152649 27
1747325372182 2.078566312789917 28
1747326120701 2.0748984813690186 29
1747326871403 2.072367548942566 30
1747327623468 2.069815993309021 31
1747328374470 2.0673420429229736 32
1747329123586 2.0646270513534546 33
1747329871082 2.061767578125 34
1747330615820 2.058583378791809 35
1747331357288 2.055460810661316 36
1747332104545 2.0519310235977173 37
1747332846410 2.04677951335907 38
1747333602654 2.041487455368042 39
1747334359321 2.0349005460739136 40
1747335111641 2.02740478515625 41
1747335862791 2.0191383361816406 42
1747336613245 2.011888027191162 43
1747337368766 2.0074856281280518 44
1747338114071 2.0056011080741882 45
1747338855845 2.0042558908462524 46
1747339598961 2.003331422805786 47
1747340338772 2.0027500987052917 48
