1749095855964 2.3038377978584985 0
1749095872952 2.273930376226252 1
1749095891442 2.2480807954614814 2
1749095910523 2.2237832979722456 3
1749095928643 2.192396033893932 4
1749095948069 2.173174359581687 5
1749095967359 2.1512293382124468 6
1749095986435 2.133191715587269 7
1749096005936 2.116172595457597 8
1749096025349 2.1003143787384033 9
1749096044790 2.0856883959336714 10
1749096064224 2.0721002492037686 11
1749096083627 2.0595543601296167 12
1749096102127 2.047498356212269 13
1749096121667 2.0355124256827613 14
1749096140422 2.023663108999079 15
1749096161669 2.0130227262323555 16
1749096182542 2.0040024410594595 17
1749096203008 1.995506460016424 18
1749096222473 1.9872178922999988 19
1749096242345 1.9801331758499146 20
1749096263161 1.9736075076189907 21
1749096284375 1.9672105529091575 22
1749096305559 1.9612200585278599 23
1749096325684 1.9551781307567249 24
1749096345424 1.9493996555154973 25
1749096365203 1.9436235319484363 26
1749096385159 1.937425895170732 27
1749096405461 1.93191274729642 28
1749096425353 1.9263902794231067 29
1749096445257 1.9214837551116943 30
1749096465337 1.916615605354309 31
1749096486512 1.9121254682540894 32
1749096507064 1.9073773405768655 33
1749096527150 1.9034143469550393 34
1749096547017 1.8987190181558782 35
1749096566932 1.8940789049321956 36
1749096586673 1.8897591070695356 37
1749096606451 1.8850081833926113 38
1749096626635 1.8802228840914639 39
1749096646507 1.875778848474676 40
1749096666565 1.8711031783710828 41
1749096686339 1.8663923848759045 42
1749096706213 1.8617531277916648 43
1749096726336 1.8564446297558872 44
1749096746070 1.8527470176870173 45
1749096766072 1.8524109558625654 46
1749096786306 1.8492866862903943 47
1749096806235 1.8394815705039285 48
1749096826094 1.8411816358566284 49
1749096846179 1.8298205137252808 50
1749096866264 1.8313714049079202 51
1749096886127 1.8210843042893843 52
1749096906016 1.822668649933555 53
1749096926555 1.8128575411709873 54
1749096946645 1.8132692141966387 55
1749096966596 1.8047721494327893 56
1749096986531 1.8052402192896062 57
1749097006730 1.7956720157103105 58
1749097027434 1.7971130284396084 59
1749097047429 1.7864314859563655 60
1749097067411 1.7873262817209417 61
1749097087533 1.779272577979348 62
1749097108178 1.7757635875181719 63
1749097128131 1.7721716382286765 64
1749097148707 1.7655277794057673 65
1749097169345 1.7643300836736506 66
1749097189270 1.7618108879436145 67
1749097210123 1.7521755478598855 68
1749097231228 1.7515167106281628 69
1749097251542 1.7492380792444402 70
1749097271920 1.739719564264471 71
1749097292117 1.7370356212962756 72
1749097312043 1.7350854548540982 73
1749097332595 1.728794054551558 74
1749097352464 1.7252388217232444 75
1749097373108 1.7205388437617908 76
1749097394460 1.719891613179987 77
1749097414354 1.7166042652997104 78
1749097434174 1.71558369289745 79
1749097455504 1.712742339481007 80
1749097475959 1.7108716531233354 81
1749097495880 1.708221197128296 82
1749097515740 1.7066046649759465 83
1749097536722 1.7038892615925183 84
1749097557628 1.7027308724143289 85
1749097577779 1.6990998549894853 86
1749097597708 1.6973868716846814 87
1749097619253 1.6943764903328635 88
1749097639407 1.69265924800526 89
1749097659463 1.6904061924327503 90
1749097680835 1.6882237521084873 91
1749097701159 1.688688267361034 92
1749097721093 1.6854344823143699 93
1749097741448 1.6809477806091309 94
1749097762863 1.679420297796076 95
1749097782815 1.6776430715214123 96
1749097803076 1.674231767654419 97
1749097824446 1.672210238196633 98
1749097844336 1.6699919483878396 99
1749097864372 1.6681682738390835 100
1749097884934 1.6675868359479038 101
1749097904862 1.666077353737571 102
1749097925036 1.664452780376781 103
1749097945020 1.660059549591758 104
1749097965414 1.6567568562247537 105
1749097985791 1.6577460765838623 106
1749098005705 1.6596005721525713 107
1749098025962 1.6587627259167759 108
1749098045872 1.6502721201289783 109
1749098066502 1.6492916779084639 110
1749098086714 1.6554970416155728 111
1749098106762 1.6489000428806653 112
1749098127035 1.6423170458186755 113
1749098147552 1.6483182581988247 114
1749098167537 1.6395209377462214 115
1749098188108 1.6400476802479138 116
1749098208374 1.6423298662359065 117
1749098228633 1.632999138398604 118
1749098248885 1.6358027024702593 119
1749098269424 1.6319436701861294 120
1749098289870 1.6288486610759387 121
1749098309915 1.6295681108127942 122
1749098330130 1.625721649690108 123
1749098350358 1.6253389011729846 124
1749098371534 1.6255497607317837 125
1749098391518 1.622163479978388 126
1749098411573 1.6226444894617253 127
1749098432381 1.62188120321794 128
1749098452912 1.6197370182384143 129
1749098473297 1.62040161002766 130
1749098493615 1.618001471866261 131
1749098513638 1.617239854552529 132
1749098534687 1.6173974058844827 133
1749098555120 1.6153265671296553 134
1749098575438 1.6154386780478738 135
1749098595575 1.613704334605824 136
1749098615483 1.6127014051784168 137
1749098636840 1.6126982082020154 138
1749098656942 1.611001361500133 139
1749098677250 1.6114140098745173 140
1749098697432 1.6092070449482312 141
1749098717268 1.6084523417732932 142
1749098738184 1.6079366207122803 143
1749098758170 1.6062274304303257 144
1749098778442 1.6065116253766147 145
1749098798803 1.6043775406750767 146
1749098819450 1.6041267893531106 147
1749098840090 1.6029911149631848 148
1749098860624 1.6024058081886985 149
1749098881143 1.6011618267406116 150
1749098901389 1.600004716352983 151
1749098922673 1.5996513149955056 152
1749098942912 1.5981880751523105 153
1749098963361 1.5979461019689387 154
1749098983730 1.5961768302050503 155
1749099004398 1.5959437868811868 156
1749099024735 1.5948775681582363 157
1749099045651 1.5938479683615945 158
1749099065952 1.59310921755704 159
1749099086939 1.5925796248696067 160
1749099107393 1.5912300239909778 161
1749099128273 1.590702468698675 162
1749099148671 1.589143384586681 163
1749099169567 1.5887335430492053 164
1749099189982 1.5876829407431863 165
1749099210889 1.586704134941101 166
1749099231094 1.5859336527911099 167
1749099251593 1.5847671140323987 168
1749099271877 1.584285475990989 169
1749099292473 1.5830785794691606 170
1749099313329 1.5826205123554578 171
1749099333749 1.5814188285307451 172
1749099354526 1.5802105773578992 173
1749099375026 1.579657717184587 174
1749099395352 1.5787045197053389 175
1749099415920 1.577845887704329 176
1749099436841 1.577257427302274 177
1749099457333 1.5756186138499866 178
1749099477940 1.5750652660023083 179
1749099498907 1.5741025317798962 180
1749099519381 1.5731449018825183 181
1749099540087 1.5722692229531028 182
1749099560662 1.5713656598871404 183
1749099581397 1.5704519640315662 184
1749099601971 1.5695790702646428 185
1749099622834 1.5691361969167537 186
1749099643753 1.5678716789592395 187
1749099664842 1.5672699971632524 188
1749099686013 1.5657967545769431 189
1749099706819 1.5654071135954424 190
1749099728193 1.5642324144190007 191
1749099748686 1.563178842717951 192
1749099770314 1.5622754855589434 193
1749099791012 1.5613291371952405 194
1749099811989 1.560502908446572 195
1749099832700 1.5598189180547541 196
1749099853653 1.5590106682343916 197
1749099874624 1.5582042065533726 198
1749099895184 1.5572192560542713 199
1749099916313 1.5565828626806086 200
1749099937042 1.5559863285584883 201
1749099957327 1.5551791732961482 202
1749099977844 1.553834243254228 203
1749099998449 1.55305523222143 204
1749100019160 1.5523921901529485 205
1749100039849 1.551283066922968 206
1749100060214 1.5500139648264104 207
1749100080882 1.5494291457262905 208
1749100101470 1.5483676845377141 209
1749100122339 1.5469708225943826 210
1749100143604 1.5466363646767356 211
1749100164000 1.5463766293092207 212
1749100184372 1.5453018708662554 213
1749100204698 1.5446615760976619 214
1749100225128 1.5444088957526467 215
1749100245461 1.544161861593073 216
1749100265676 1.5440046245401555 217
1749100286466 1.5412818843668157 218
1749100306994 1.542505600235679 219
1749100327516 1.5403951839967207 220
1749100348184 1.5407067970796064 221
1749100368566 1.5397866530851885 222
1749100390207 1.5397905761545354 223
1749100410717 1.5387945825403386 224
1749100431403 1.5390128655867144 225
1749100451772 1.5378954844041304 226
1749100473529 1.537831100550565 227
1749100494209 1.5375426899303088 228
1749100515004 1.5365650111978704 229
1749100535490 1.5366922291842373 230
1749100556972 1.5359560467980125 231
1749100577878 1.5356555310162632 232
1749100598603 1.5347968339920044 233
1749100619364 1.5348510200327092 234
1749100640861 1.5341032526709817 235
1749100661703 1.5338727019049905 236
1749100682331 1.5333754257722334 237
1749100703274 1.5332007083025845 238
1749100724214 1.5324768478220159 239
1749100744900 1.531867265701294 240
1749100765639 1.531919782811945 241
1749100786162 1.5314052430066196 242
1749100806802 1.5309702916578813 243
1749100827818 1.5302212129939685 244
1749100848654 1.530005465854298 245
1749100869488 1.529413797638633 246
1749100890285 1.5293319333683362 247
1749100911390 1.5293080589988015 248
1749100932240 1.528490348295732 249
1749100952805 1.52799823067405 250
1749100973573 1.5276633934541182 251
1749100994912 1.5275427970019253 252
1749101015601 1.5269432934847744 253
1749101036431 1.5263120261105625 254
1749101057521 1.5261650085449219 255
1749101078348 1.5255459221926602 256
1749101099296 1.5252299959009343 257
1749101120460 1.5248157544569536 258
1749101141274 1.5242379687049172 259
1749101162184 1.5240510485389016 260
1749101183346 1.5236410877921365 261
1749101204027 1.5231130448254673 262
1749101225170 1.5224319913170554 263
1749101246175 1.5221265987916426 264
1749101266971 1.5218865221196956 265
1749101288076 1.5212430953979492 266
1749101309742 1.5210198272358288 267
1749101330694 1.5203599279577082 268
1749101352085 1.5203267335891724 269
1749101373104 1.5194805752147327 270
1749101394149 1.5196351679888638 271
1749101415069 1.5186222466555508 272
1749101436203 1.5186262022365222 273
1749101457637 1.5178792585026135 274
1749101478678 1.5176004279743542 275
1749101499674 1.5172137455506758 276
1749101520758 1.5166430798443882 277
1749101542202 1.5161885673349553 278
1749101563343 1.515598470514471 279
1749101584481 1.5152622894807295 280
1749101605646 1.5155054872686213 281
1749101627144 1.5142958055843005 282
1749101647981 1.5142119039188733 283
1749101669372 1.513633825562217 284
1749101690415 1.5133443528955632 285
1749101711666 1.5129119049419055 286
1749101733005 1.5125577016310259 287
1749101753724 1.512020848014138 288
1749101774846 1.5112806450236926 289
1749101795551 1.511491905559193 290
1749101817220 1.5107585300098767 291
1749101838094 1.5100066228346392 292
1749101859055 1.5102831233631482 293
1749101880836 1.5092356313358655 294
1749101901811 1.5091662406921387 295
1749101922943 1.5089460611343384 296
1749101943631 1.5085330334576694 297
1749101964471 1.5079917474226519 298
1749101985091 1.5081387649882922 299
1749102005516 1.5070715384049849 300
1749102026349 1.506916414607655 301
1749102046966 1.5068001530387185 302
1749102068756 1.5064672990278765 303
1749102089535 1.5062590837478638 304
1749102110150 1.505931550806219 305
1749102130760 1.5060376687483354 306
1749102152332 1.5052901831540195 307
1749102173538 1.505507317456332 308
1749102194259 1.5050056414170698 309
1749102214905 1.5047821781852029 310
1749102235656 1.504602475599809 311
1749102256421 1.504558433185924 312
1749102277355 1.5043308626521716 313
1749102297837 1.504149783741344 314
1749102318574 1.504351561719721 315
1749102339536 1.5036952278830789 316
1749102360378 1.503287835554643 317
1749102381076 1.5030883225527676 318
1749102402183 1.502628283067183 319
1749102423197 1.5027610605413264 320
1749102443984 1.502213261344216 321
1749102464868 1.5021156614476985 322
1749102485640 1.5017518238587813 323
1749102506886 1.5018113309686834 324
1749102527549 1.5013009960001165 325
1749102548389 1.5015080516988581 326
1749102569093 1.5011577822945334 327
1749102589953 1.5011621171777898 328
1749102610485 1.5008970824154941 329
1749102630935 1.5010461590506814 330
1749102652223 1.501354986971075 331
1749102673115 1.500566916032271 332
1749102694149 1.500673304904591 333
1749102714454 1.5006313974207097 334
1749102735064 1.5005608580329202 335
1749102755485 1.5002710927616467 336
1749102775874 1.5002638426694004 337
1749102796955 1.500204411419955 338
1749102817352 1.4997082406824285 339
1749102837932 1.499947959726507 340
1749102858687 1.499754006212408 341
1749102879381 1.4997719959779219 342
1749102900225 1.4997906576503406 343
1749102920861 1.499671990221197 344
1749102941889 1.499392726204612 345
1749102962266 1.4994610873135654 346
1749102983100 1.4991806637157092 347
1749103003689 1.4989628791809082 348
1749103024320 1.4990745782852173 349
1749103045009 1.4991268136284568 350
1749103065814 1.498625636100769 351
1749103086344 1.4987047693946145 352
1749103106837 1.4986347176811912 353
1749103127806 1.4984985373236916 354
1749103148550 1.4981798041950574 355
1749103169336 1.4983445297588 356
1749103190386 1.4977856115861372 357
1749103210740 1.498073393648321 358
1749103231938 1.4980232390490444 359
1749103252960 1.4977279034527866 360
1749103273417 1.4974291974847966 361
1749103293841 1.4972512180154973 362
1749103314673 1.4977156140587546 363
1749103335394 1.4973922100934116 364
1749103356039 1.497808575630188 365
1749103376819 1.4973022070798008 366
1749103397801 1.4973184845664285 367
1749103418670 1.497360966422341 368
1749103439625 1.4969416856765747 369
1749103459521 1.4975103248249402 370
1749103480002 1.4969926855780862 371
1749103500137 1.4969855438579212 372
1749103520015 1.497172236442566 373
1749103540609 1.4967308369549839 374
1749103561122 1.4973176826130261 375
1749103581948 1.4965713024139404 376
1749103602257 1.4968180656433105 377
1749103624046 1.4968389706178145 378
1749103643653 1.4968153455040671 379
1749103664423 1.49649931084026 380
1749103684789 1.4963595325296575 381
1749103704823 1.4964557777751575 382
1749103726235 1.496600703759627 383
1749103746765 1.4970180879939685 384
1749103766584 1.4966355670582165 385
1749103787350 1.4965467019514604 386
1749103807537 1.4967105280269275 387
1749103827442 1.496029875495217 388
1749103847627 1.4965195872566917 389
1749103867691 1.4962592233311047 390
1749103887351 1.4961129210212014 391
1749103906855 1.4967588836496526 392
1749103927082 1.4967100837013938 393
1749103947698 1.496275002306158 394
1749103968320 1.4965014349330554 395
1749103987651 1.4962098598480225 396
1749104007360 1.4964707006107678 397
1749104028031 1.4961400790648027 398
1749104048236 1.4964591589840976 399
1749104068467 1.4962939023971558 400
1749104087961 1.4964067394083196 401
1749104108423 1.496318437836387 402
1749104127885 1.4968792741948909 403
1749104146836 1.496309226209467 404
1749104166675 1.4962683807719837 405
1749104186983 1.4964009089903398 406
1749104205072 1.4960111596367576 407
1749104224255 1.4968091574582187 408
1749104243061 1.4964075738733464 409
1749104261540 1.496002890846946 410
1749104279793 1.4964671785181218 411
1749104299999 1.4965891729701648 412
1749104319029 1.496490846980702 413
1749104339822 1.495993516661904 414
1749104358724 1.4965923591093584 415
1749104376337 1.495940002528104 416
1749104392904 1.4963353113694624 417
1749104409413 1.4961399056694724 418
1749104427373 1.4964539462869817 419
1749104445273 1.4963535937395962 420
1749104464455 1.4962378631938587 421
1749104480742 1.49648409540003 422
1749104498906 1.49641967903484 423
1749104517009 1.4964495572176846 424
1749104533763 1.4961764270609075 425
1749104552501 1.4959649497812444 426
1749104570355 1.496232271194458 427
1749104588151 1.4962377114729448 428
1749104604740 1.4964932094920764 429
1749104624969 1.4963289824399082 430
1749104643694 1.4963243983008645 431
1749104663856 1.4965800155292859 432
1749104682988 1.4962573593313044 433
1749104704154 1.4958419691432605 434
1749104723654 1.496215972033414 435
1749104741119 1.4961914691058071 436
1749104761429 1.4964553659612483 437
1749104777309 1.4960384152152322 438
1749104794838 1.496175007386641 439
1749104813264 1.4963465495543047 440
1749104829164 1.4965500831604004 441
1749104845738 1.4965920881791548 442
1749104864024 1.4969142350283535 443
1749104880466 1.496218822219155 444
1749104898064 1.496351805600253 445
1749104914223 1.4963843497363003 446
1749104933413 1.4966138059442693 447
1749104950523 1.496290141885931 448
1749104969828 1.4963162378831343 449
1749104987751 1.4963515238328413 450
1749105005694 1.496316053650596 451
1749105024648 1.4966321641748601 452
1749105042938 1.496426679871299 453
1749105059953 1.4962006265466863 454
1749105076559 1.4962251294742932 455
1749105095204 1.496281157840382 456
1749105114157 1.496283303607594 457
1749105133779 1.4964145638725974 458
1749105152550 1.4961029074408791 459
1749105168851 1.4966671900315718 460
1749105184914 1.4967154372822156 461
1749105202099 1.496286934072321 462
1749105220294 1.4962549101222644 463
1749105237679 1.4962655089118264 464
1749105254763 1.4963307705792515 465
1749105272689 1.496201591058211 466
1749105288623 1.495606617494063 467
1749105304743 1.4962866306304932 468
1749105323996 1.4964535994963213 469
1749105341593 1.4963997494090686 470
1749105361375 1.4963472973216663 471
1749105379200 1.4963239323009143 472
1749105398967 1.4961771314794368 473
1749105417517 1.4962341026826338 474
1749105435189 1.4961832436648281 475
1749105455137 1.4962379715659402 476
1749105474481 1.4958979758349331 477
1749105493454 1.4964110092683272 478
1749105510988 1.4961319403214888 479
1749105528968 1.4963717569004407 480
1749105546668 1.4966830015182495 481
1749105562693 1.4960162531245838 482
1749105580332 1.4962992559779773 483
1749105599979 1.4963250918821855 484
1749105616303 1.4968906424262307 485
1749105634693 1.496300838210366 486
1749105651160 1.4963925101540305 487
1749105668854 1.4965133341875942 488
1749105684955 1.496231285008517 489
1749105700863 1.496441288427873 490
1749105717580 1.4964101964777166 491
1749105735303 1.4959421808069402 492
1749105752370 1.4963211904872546 493
1749105771489 1.4963131059299817 494
1749105791059 1.4960859580473467 495
1749105808334 1.4962345361709595 496
1749105826181 1.4964656938206067 497
1749105845143 1.4960369088433005 498
1749105865264 1.496297218582847 499
1749105883252 1.4967514709992842 500
1749105899960 1.4966565695675937 501
1749105919660 1.496256329796531 502
1749105935913 1.496690815145319 503
1749105952253 1.4961078817194158 504
1749105970910 1.4963613098317927 505
1749105988546 1.4961302822286433 506
1749106004852 1.4960853403264827 507
1749106024534 1.4962968067689375 508
1749106043636 1.4962364543568005 509
1749106059620 1.4965956536206333 510
1749106079028 1.496320204301314 511
1749106096972 1.496085058559071 512
1749106116295 1.4965321800925515 513
1749106136805 1.4962122223593972 514
1749106152898 1.496634689244357 515
1749106170857 1.4965508851138027 516
1749106188148 1.4963215697895398 517
1749106206308 1.4963863546198064 518
1749106223267 1.4966191053390503 519
1749106240676 1.4966637112877585 520
1749106257391 1.4964407899162986 521
1749106273789 1.4961132569746538 522
1749106292203 1.4963623718781904 523
1749106311203 1.4966835217042402 524
1749106329428 1.4966402378949253 525
1749106346476 1.4961754517121748 526
1749106362521 1.4962072372436523 527
1749106382309 1.4966029795733364 528
1749106398854 1.49640568819913 529
1749106417177 1.4958543885837903 530
1749106434446 1.4960215308449485 531
1749106452356 1.4963205510919744 532
1749106470634 1.4960832487453113 533
1749106489839 1.4962913448160344 534
1749106506564 1.4963141246275469 535
1749106523423 1.496251333843578 536
1749106542253 1.4961423765529285 537
1749106559620 1.4960151260549372 538
1749106576403 1.4963692318309436 539
1749106596022 1.495907794345509 540
1749106612988 1.4964154958724976 541
1749106630906 1.496508154002103 542
1749106647244 1.4962614557959817 543
1749106664095 1.496139179576527 544
1749106682028 1.496229735287753 545
1749106701246 1.4962290742180564 546
1749106721331 1.496428738940846 547
1749106743745 1.496083064512773 548
1749106761181 1.4962530786340886 549
1749106777889 1.4960920268839055 550
1749106796318 1.4961828210137107 551
1749106815057 1.4960697997700085 552
1749106833586 1.4961729591543025 553
1749106851907 1.4959473068063909 554
1749106870460 1.4964042685248635 555
1749106886761 1.4962029998952693 556
1749106906528 1.496437744660811 557
1749106925664 1.4961984916166826 558
1749106945714 1.4961834820834072 559
1749106963982 1.4964045502922751 560
1749106982102 1.496629238128662 561
1749107000207 1.496147871017456 562
1749107017701 1.4964187903837725 563
1749107034866 1.4963480992750688 564
1749107054253 1.4963478716936978 565
1749107073370 1.4961857470599087 566
1749107093581 1.4963304237885908 567
1749107113194 1.4961152076721191 568
1749107131919 1.4964116920124402 569
1749107149283 1.496020490472967 570
1749107169295 1.4960867708379573 571
1749107187646 1.4961330132050947 572
1749107203789 1.4962685866789385 573
1749107222473 1.4965483708815142 574
1749107239864 1.4963268691843206 575
1749107257487 1.4964841387488625 576
1749107276260 1.4961299679496072 577
1749107293408 1.496268261562694 578
1749107310853 1.4964416894045742 579
1749107328987 1.4959709969433872 580
1749107345208 1.4963803724809126 581
1749107362513 1.4962823065844448 582
1749107379003 1.4966676343571057 583
1749107395788 1.4960728775371204 584
1749107414687 1.496287313374606 585
1749107431699 1.496349107135426 586
1749107451338 1.496274937282909 587
1749107468567 1.4964133067564531 588
1749107484819 1.4964257695458152 589
1749107502937 1.4963442195545544 590
1749107520849 1.496668436310508 591
1749107537044 1.4965305111624978 592
1749107553602 1.4962385242635554 593
1749107572289 1.4963255578821355 594
1749107589765 1.4963763302022761 595
1749107607817 1.4958857189525256 596
1749107624999 1.496278394352306 597
1749107643876 1.4965399612079968 598
1749107661635 1.4964988340031018 599
1749107681019 1.4958821643482556 600
1749107699055 1.4962496324019 601
1749107717232 1.496089686046947 602
1749107736274 1.4964982271194458 603
1749107754268 1.496155944737521 604
1749107771579 1.4964986606077715 605
1749107789686 1.496339050206271 606
1749107807196 1.496280160817233 607
1749107825431 1.4962287057529797 608
1749107841732 1.4963738268071956 609
1749107860304 1.49636756290089 610
1749107877286 1.4965278018604626 611
1749107895729 1.4965168887918645 612
1749107913943 1.4960586699572476 613
1749107930003 1.4962706999345259 614
1749107948250 1.4962458935650913 615
1749107965344 1.4965227517214688 616
1749107985621 1.4965714432976462 617
1749108004523 1.496071999723261 618
1749108020660 1.4963078932328657 619
1749108038304 1.49621890891682 620
1749108057409 1.4964167096398093 621
1749108077384 1.4963860295035623 622
1749108094951 1.4964165037328547 623
1749108113563 1.4958902597427368 624
1749108130646 1.4966279485008933 625
1749108147845 1.4962551593780518 626
1749108167360 1.4960438771681352 627
1749108187037 1.496529990976507 628
1749108204681 1.4961352673443882 629
1749108224168 1.4967388673262163 630
1749108240606 1.4966112158515237 631
1749108260541 1.4964707439596003 632
1749108280160 1.4966436191038652 633
1749108300611 1.496140555901961 634
1749108317286 1.496265942400152 635
1749108336685 1.4960897727446123 636
1749108352980 1.496198459105058 637
1749108372557 1.4960800951177424 638
1749108388893 1.4966256510127673 639
1749108407444 1.4960950829766013 640
1749108423874 1.4965092919089578 641
1749108440403 1.4961059852079912 642
1749108457260 1.4971209114248103 643
1749108474957 1.4962491447275335 644
1749108493224 1.4956961870193481 645
1749108513038 1.496481028470126 646
1749108529721 1.4963463436473499 647
1749108547784 1.4967071684924038 648
1749108566765 1.4963030056519941 649
1749108583750 1.4962944009087302 650
1749108601441 1.4958707636052913 651
1749108621559 1.4961984699422664 652
1749108639437 1.4962130134755915 653
1749108658779 1.496571269902316 654
1749108677869 1.496123346415433 655
1749108695084 1.4966750144958496 656
1749108716431 1.4961379874836316 657
1749108732455 1.4959300322966143 658
1749108750908 1.4969543110240588 659
1749108767495 1.4964550191705877 660
1749108784269 1.496204224499789 661
1749108801860 1.4960090572183782 662
1749108821783 1.496459039774808 663
1749108839975 1.4963909712704746 664
1749108858664 1.4964578910307451 665
1749108876554 1.4960878112099387 666
1749108894955 1.4960694421421399 667
1749108914134 1.49616586078297 668
1749108933225 1.495906569740989 669
1749108952033 1.4963799606670032 670
1749108970690 1.4961915883150967 671
1749108988114 1.4958069649609653 672
1749109005204 1.4962074539878152 673
1749109025346 1.4965252767909656 674
1749109045191 1.496295311234214 675
1749109064116 1.4964464794505725 676
1749109080563 1.4965328953482888 677
1749109097315 1.4961448149247603 678
1749109116564 1.4960090897300027 679
1749109134153 1.4963864413174717 680
1749109152625 1.4960225495425137 681
1749109169837 1.4966183792461047 682
1749109186780 1.4960809837688098 683
1749109203520 1.4963966716419568 684
1749109222949 1.4961732734333386 685
1749109240938 1.496344967321916 686
1749109261593 1.4962808869101785 687
1749109280236 1.496317289092324 688
1749109299151 1.4962122657082297 689
1749109316844 1.4966311238028787 690
1749109333773 1.4962665059349753 691
1749109353562 1.4964935237711126 692
1749109370617 1.4960351640527898 693
1749109390245 1.4964142712679775 694
1749109409333 1.4966760765422473 695
1749109425826 1.496439055962996 696
1749109443735 1.4964059482921253 697
1749109462246 1.4960881363261829 698
1749109479190 1.4965942881324075 699
1749109496363 1.4964322610334917 700
1749109514187 1.4969232407483188 701
1749109530666 1.4960715879093518 702
1749109550714 1.496314829046076 703
1749109569273 1.4962174025448887 704
1749109590843 1.4970140890641646 705
1749109609528 1.4963208762082187 706
1749109627085 1.496660362590443 707
1749109643518 1.4973515705628828 708
1749109661547 1.496513236652721 709
1749109679117 1.4965182976289229 710
1749109697812 1.496056242422624 711
1749109717233 1.4964687824249268 712
1749109736790 1.4962722171436658 713
1749109755218 1.496486858888106 714
1749109772308 1.4966728470542214 715
1749109791757 1.4959438063881614 716
1749109810279 1.4965083382346414 717
1749109829572 1.4962290308692239 718
1749109849733 1.496507850560275 719
1749109866765 1.4961791797117754 720
1749109883588 1.4962577603080056 721
1749109902606 1.4964017001065342 722
1749109919555 1.4963248643008145 723
1749109939120 1.4961563023653897 724
1749109957988 1.49646672335538 725
1749109976685 1.4962576627731323 726
1749109995367 1.4967584284869107 727
1749110011880 1.4964681972156872 728
1749110030716 1.4964510961012407 729
1749110048073 1.4963957288048484 730
1749110067275 1.4959843158721924 731
1749110083861 1.4964197548952969 732
1749110103269 1.4965336431156506 733
1749110123118 1.4965310421856968 734
1749110139658 1.4964132850820369 735
1749110158814 1.4959584474563599 736
1749110175365 1.4961287325078791 737
1749110194307 1.4964965148405596 738
1749110213973 1.4960848851637407 739
1749110232377 1.4966676885431462 740
1749110249932 1.4962099465456875 741
1749110268011 1.496331344951283 742
1749110285980 1.496361862529408 743
1749110304729 1.4964001828973943 744
1749110325695 1.4958516250957141 745
1749110343075 1.496179223060608 746
1749110360722 1.4961701848290183 747
1749110380681 1.4963815970854326 748
1749110397628 1.4959573095495051 749
1749110415490 1.4963788227601484 750
1749110432899 1.496693806214766 751
1749110452053 1.4966049844568425 752
1749110470816 1.4962822090495715 753
1749110488640 1.496013879776001 754
1749110505014 1.4963639432733709 755
1749110521973 1.4961276596242732 756
1749110538559 1.4967054020274768 757
1749110560531 1.4962986490943215 758
1749110578967 1.4962696703997524 759
1749110598858 1.4963226318359375 760
1749110617492 1.4962812337008389 761
1749110637760 1.496410153128884 762
1749110655644 1.496505390514027 763
1749110672040 1.4960366920991377 764
1749110689952 1.4959537441080266 765
1749110706393 1.496558059345592 766
1749110728083 1.4963166822086682 767
1749110746873 1.4962124716151843 768
1749110764090 1.496583873575384 769
1749110782678 1.4958171302622014 770
1749110801840 1.4964111718264492 771
1749110821149 1.4959840015931563 772
1749110841992 1.4962832710959695 773
1749110859471 1.496047247539867 774
1749110876832 1.4964299635453657 775
1749110897739 1.496403770013289 776
1749110914160 1.496094530278986 777
1749110932808 1.4961703257127241 778
1749110951267 1.4962178793820469 779
1749110971477 1.4961597377603704 780
1749110989133 1.4965669025074353 781
1749111007829 1.4958960684863003 782
1749111026361 1.4964176633141257 783
1749111044319 1.4962658990513196 784
1749111062443 1.4963787360624834 785
1749111081179 1.4958610534667969 786
1749111098814 1.4965398853475398 787
1749111116542 1.4962897192348132 788
1749111133210 1.4962363026358865 789
1749111150770 1.4959591735493054 790
1749111170005 1.4962057091973044 791
1749111187746 1.4963927702470259 792
1749111204986 1.4964926134456287 793
1749111223180 1.4966192787343806 794
1749111241183 1.4965601292523472 795
1749111258961 1.4965250275351785 796
1749111279050 1.4966145320372148 797
1749111295329 1.4963827458294956 798
1749111312541 1.4965271733023904 799
1749111333331 1.49613187529824 800
1749111352545 1.4963753873651677 801
1749111370252 1.4963905161077327 802
1749111389917 1.496105898510326 803
1749111408204 1.496658119288358 804
1749111427668 1.4964268207550049 805
1749111447152 1.4961746497587725 806
1749111463419 1.4967636411840266 807
1749111482487 1.4962427507747302 808
1749111503281 1.4964750463312322 809
1749111520716 1.49626333063299 810
1749111539462 1.495966369455511 811
1749111556992 1.4963755282488735 812
1749111575079 1.496252558448098 813
1749111593859 1.4961613416671753 814
1749111610729 1.4965473413467407 815
1749111630108 1.4958926981145686 816
1749111648394 1.4963514046235518 817
1749111666487 1.4962304722179065 818
1749111683654 1.4961926720359109 819
1749111700844 1.4959084879268298 820
1749111721144 1.4968410405245693 821
1749111738528 1.4960945627906106 822
1749111756689 1.4961956414309414 823
1749111775227 1.4962690635160967 824
1749111793096 1.4960431944240222 825
1749111810045 1.4961937340823086 826
1749111827712 1.4961736310612073 827
1749111844826 1.4963680939240889 828
1749111862535 1.496468728238886 829
1749111879969 1.4962846799330278 830
1749111897083 1.496485005725514 831
1749111915631 1.496411995454268 832
1749111935319 1.4959479787132957 833
1749111951577 1.496479413726113 834
1749111968773 1.4965102455832742 835
1749111988382 1.4962642409584739 836
1749112007239 1.496055006980896 837
1749112026043 1.4964776580983943 838
1749112042710 1.4963074163957075 839
1749112059697 1.4963934855027632 840
1749112081362 1.496461348100142 841
1749112099676 1.4964204809882424 842
1749112121020 1.4958881031383167 843
1749112140653 1.496570717204701 844
1749112161444 1.4959680817343972 845
1749112178739 1.4964274276386609 846
1749112195095 1.4966224973851985 847
1749112211282 1.4959734895012595 848
1749112229217 1.4963023445822976 849
1749112245342 1.4964655854485251 850
1749112262153 1.4967781522057273 851
1749112280197 1.4959425275976008 852
1749112297550 1.496108271858909 853
1749112315129 1.4964011257345027 854
1749112332686 1.4962501309134744 855
1749112352309 1.4961970394307917 856
1749112371872 1.4963983514092185 857
1749112389460 1.496233799240806 858
1749112405786 1.4960785887458108 859
1749112424408 1.4958050792867488 860
1749112441602 1.4961493882265957 861
1749112462146 1.4965635212984951 862
1749112478054 1.4969588193026455 863
1749112497905 1.4963998577811501 864
1749112514417 1.4965513077649204 865
1749112531091 1.4958746758374302 866
1749112550006 1.4963349212299695 867
1749112567538 1.496031793681058 868
1749112586518 1.496496558189392 869
1749112604106 1.496261553330855 870
1749112623460 1.496244029565291 871
1749112640176 1.4962651946327903 872
1749112656153 1.4963782917369495 873
1749112675319 1.4962568391453137 874
1749112694973 1.496489860794761 875
1749112713163 1.4961671829223633 876
1749112734318 1.4961531487378208 877
1749112754981 1.4962388277053833 878
1749112771693 1.4963666200637817 879
1749112789302 1.4962479851462624 880
1749112807298 1.4963761459697376 881
1749112823484 1.496228662404147 882
1749112842825 1.496069452979348 883
1749112861971 1.496329589323564 884
1749112880185 1.4963469288565896 885
1749112897682 1.496162934736772 886
1749112916030 1.4963668151335283 887
1749112935574 1.4965181133963845 888
1749112953289 1.4963603886691006 889
1749112971240 1.4963802207599988 890
1749112989889 1.4968568303368308 891
1749113008562 1.4961381175301292 892
1749113027116 1.4961775758049705 893
1749113043602 1.4963681806217541 894
1749113063219 1.496380697597157 895
1749113080352 1.4966739199378274 896
1749113097972 1.496064912189137 897
1749113117092 1.4964943365617231 898
1749113134682 1.4959860714999111 899
1749113153398 1.496259418400851 900
1749113172123 1.4963260130448774 901
1749113190151 1.4966145753860474 902
1749113206892 1.4963633797385476 903
1749113225163 1.4968548254533247 904
1749113241509 1.4960866624658757 905
1749113259558 1.4962945634668523 906
1749113278343 1.4966095144098455 907
1749113298910 1.4965375878594138 908
1749113317396 1.4960605556314641 909
1749113333606 1.4962320652875034 910
1749113350511 1.496646144173362 911
1749113368037 1.496407855640758 912
1749113386870 1.496453415263783 913
1749113403491 1.4959347356449475 914
1749113422509 1.4961579171094028 915
1749113438783 1.4965090101415461 916
1749113455927 1.4963388442993164 917
1749113474604 1.4962064786390825 918
1749113493709 1.4961450099945068 919
1749113511573 1.4959948821501299 920
1749113530859 1.496230342171409 921
1749113549813 1.4959532130848279 922
1749113567814 1.496451031077992 923
1749113587840 1.496322826905684 924
1749113605711 1.4966905117034912 925
1749113623173 1.4965184060010044 926
1749113640170 1.4963082400235264 927
1749113657695 1.4965319416739724 928
1749113674417 1.4961615258997136 929
1749113693407 1.4962987466291948 930
1749113710956 1.496483856981451 931
1749113728067 1.4963578635996038 932
1749113746746 1.496147545901212 933
1749113764197 1.4960922869769009 934
1749113783302 1.4963757666674526 935
1749113799462 1.496099667115645 936
1749113818046 1.4965177340940996 937
1749113837311 1.4963393969969316 938
1749113855504 1.496165232224898 939
1749113874538 1.4960410811684348 940
1749113894186 1.496461640704762 941
1749113913257 1.4966244264082476 942
1749113932038 1.4961265108802102 943
1749113952375 1.4965667724609375 944
1749113971494 1.4966971657492898 945
1749113989655 1.4964730631221423 946
1749114009815 1.496455506844954 947
1749114028015 1.4961128559979526 948
1749114045508 1.4966433481736616 949
1749114064195 1.4963324611837214 950
1749114082227 1.4963939515027134 951
1749114099884 1.4962739619341763 952
1749114118085 1.4962632114237004 953
1749114134393 1.496384013782848 954
1749114150957 1.4961879036643289 955
1749114170381 1.4963310956954956 956
1749114186834 1.4964311014522205 957
1749114204171 1.4960120807994495 958
1749114223235 1.496490012515675 959
1749114239942 1.4962699521671643 960
1749114256795 1.4961681040850552 961
1749114273523 1.4960611083290793 962
1749114290333 1.496268705888228 963
1749114307384 1.4961615584113381 964
1749114324037 1.4962034875696355 965
1749114344517 1.4963193481618708 966
1749114362997 1.496016177264127 967
1749114383251 1.4958784580230713 968
1749114400124 1.4961218508807095 969
1749114417050 1.4963844689455899 970
1749114435836 1.496420058337125 971
1749114454032 1.4960641427473589 972
1749114474012 1.4962096539410679 973
1749114494667 1.4963716702027754 974
1749114513390 1.4964687824249268 975
1749114533344 1.4962714477018877 976
1749114552714 1.496335419741544 977
1749114571292 1.49593186378479 978
1749114591111 1.496157256039706 979
1749114612215 1.4960818507454612 980
1749114632375 1.4962247068231755 981
1749114650717 1.4961843382228504 982
1749114667083 1.4960352724248713 983
1749114684770 1.4964102073149248 984
1749114702904 1.4961809245022861 985
1749114720688 1.4962609030983665 986
1749114739216 1.495914264158769 987
1749114757319 1.4959862990812822 988
1749114775716 1.49628454988653 989
1749114792872 1.4966337247328325 990
1749114809633 1.4965402213009922 991
1749114831360 1.4963168772784146 992
1749114847706 1.496241114356301 993
1749114865356 1.4962474216114392 994
1749114884072 1.496504393490878 995
1749114902543 1.4965447729284114 996
1749114919840 1.4966056780381636 997
1749114936189 1.4964409199627964 998
1749114953351 1.4965452714399858 999
