1751910511201 785.2783813476562 0
1751913590904 5088.12255859375 1
1751916414148 9392.05078125 2
1751919252722 13696.0322265625 3
1751922096762 18000.0234375 4
1751924930399 22304.017578125 5
1751927753685 26608.013671875 6
1751930575051 30912.01171875 7
1751933401732 35216.01171875 8
1751936247886 39520.0078125 9
1751939104653 43824.0078125 10
1751941943701 48128.00390625 11
1751944779698 52432.00390625 12
1751947617628 56736.00390625 13
1751950471954 61040.0078125 14
1751953331467 65344.00390625 15
1751956181868 69648.0078125 16
1751959023873 73952.0 17
1751961860493 78256.0078125 18
1751964700144 82560.0 19
1751967562583 86864.0 20
1751970420587 91168.0 21
1751973266729 95472.0 22
1751976103061 99776.0 23
1751978941093 104080.0 24
1751981777911 108384.0 25
1751984629473 112688.0 26
1751987487701 116992.0 27
1751990335246 121296.0 28
1751993170421 125600.0 29
1751996013047 129904.0 30
1751998846702 134208.0 31
1752001698835 138512.0 32
1752004556574 142816.0 33
1752007406345 147120.0 34
1752010241425 151424.0 35
1752013073639 155728.0 36
1752015906334 160032.0 37
1752018755401 164336.0 38
1752021613134 168640.0 39
1752024468410 172944.0 40
1752027305597 177248.0 41
1752030141516 181552.0 42
1752032976834 185856.0 43
1752035827689 190160.0 44
1752038687202 194464.0 45
1752041537112 198768.0 46
1752044374491 203072.0 47
1752047210576 207376.0 48
1752050047201 211680.0 49
1752052909464 215984.0 50
1752055787322 220288.0 51
1752058651639 224592.0 52
1752061486658 228896.0 53
1752064324296 233200.0 54
1752067161901 237504.0 55
1752070017969 241808.0 56
1752072886088 246112.0 57
1752075743840 250416.0 58
1752078589431 254720.0 59
1752081455433 259024.0 60
