1749097191336 2.302081823348999 0
1749097240258 2.161052942276001 19
1749097289427 2.0584832429885864 38
1749097408326 2.437201142311096 40
1749097459237 2.0133674144744873 59
1749097509652 1.9866584539413452 78
1749097630877 2.6302155256271362 80
1749097682160 1.988473653793335 99
1749097733228 1.9743409156799316 118
1749097857086 2.0516542196273804 120
1749097908709 1.9215555787086487 139
1749097959965 1.8978861570358276 158
1749098082508 2.2180862426757812 160
1749098134762 1.9142430424690247 179
1749098186365 1.8938310742378235 198
1749098309004 2.26940655708313 200
1749098360735 1.8954238295555115 219
1749098412301 1.8842553496360779 238
1749098535969 2.2904319763183594 240
1749098587467 1.8792862296104431 259
1749098639480 1.8657731413841248 278
1749098762604 2.4619057178497314 280
1749098814653 1.8856499791145325 299
1749098866754 1.8716316223144531 318
1749098990456 2.545391082763672 320
1749099042657 1.894220769405365 339
1749099094356 1.8798131346702576 358
1749099218277 2.5072237253189087 360
1749099270088 1.8840907216072083 379
1749099322279 1.8709362745285034 398
1749099445870 2.5193870067596436 400
1749099497761 1.8828163146972656 419
1749099550112 1.8678833842277527 438
1749099676805 2.4636348485946655 440
1749099730025 1.8716521263122559 459
1749099783012 1.8573293685913086 478
1749099908861 2.5002790689468384 480
1749099960101 1.8787408471107483 499
1749100015168 1.8610631227493286 518
1749100204642 2.5818365812301636 520
1749100282735 1.8901005387306213 539
1749100360684 1.867236852645874 558
1749100545820 2.7656171321868896 560
1749100621555 1.902286171913147 579
1749100698105 1.878444790840149 598
1749100883056 2.8165359497070312 600
1749100959586 1.9049964547157288 619
1749101036562 1.880257487297058 638
1749101222011 2.989210367202759 640
1749101298363 1.9045846462249756 659
1749101375470 1.8837185502052307 678
1749101560752 3.0232380628585815 680
1749101636559 1.9108441472053528 699
1749101713666 1.887603223323822 718
1749101898869 3.004070281982422 720
1749101976392 1.9052301049232483 739
1749102053334 1.8857766389846802 758
1749102238807 2.325654983520508 760
1749102316488 1.8592753410339355 779
1749102393835 1.8435368537902832 798
1749102579308 3.3458096981048584 800
1749102656159 1.9153308868408203 819
1749102734005 1.8958531022071838 838
1749102918281 2.004239559173584 840
1749102994132 1.7853349447250366 859
1749103070541 1.7722967863082886 878
1749103253984 3.531982660293579 880
1749103331344 1.9115647077560425 899
1749103408677 1.8940694332122803 918
1749103593945 2.1309924125671387 920
1749103670758 1.7699005007743835 939
1749103748309 1.7470027208328247 958
1749103931132 3.858238458633423 960
1749104008430 1.9209123253822327 979
1749104085342 1.9016104340553284 998
1749104270015 2.0013946294784546 1000
1749104346163 1.7598183751106262 1019
1749104421815 1.7398736476898193 1038
1749104604633 3.848912000656128 1040
1749104682225 1.9184637069702148 1059
1749104759715 1.8898513913154602 1078
1749104940492 1.9935892224311829 1080
1749105014342 1.7529723644256592 1099
1749105089272 1.7308896780014038 1118
1749105228122 3.272420644760132 1120
1749105282382 1.8869152069091797 1139
1749105336543 1.8525956273078918 1158
1749105466187 2.160578489303589 1160
1749105520269 1.7593039274215698 1179
1749105573995 1.7416452765464783 1198
1749105702833 3.576183557510376 1200
1749105757510 1.8935838341712952 1219
1749105811415 1.8568279147148132 1238
1749105941209 2.1384177207946777 1240
1749105995386 1.7531960606575012 1259
1749106049569 1.7359013557434082 1278
1749106177092 3.366814374923706 1280
1749106230506 1.885133445262909 1299
1749106283349 1.8463823795318604 1318
1749106410804 2.0973761081695557 1320
1749106463569 1.7484883666038513 1339
1749106516616 1.7306329607963562 1358
1749106642777 3.5313632488250732 1360
1749106695949 1.8926554322242737 1379
1749106748465 1.8516260385513306 1398
1749106875451 2.089611768722534 1400
1749106929043 1.7387184500694275 1419
1749106983412 1.713527500629425 1438
1749107113242 3.3942086696624756 1440
1749107166951 1.8848881125450134 1459
1749107221147 1.8436498641967773 1478
1749107351783 2.059343934059143 1480
1749107406307 1.7365527749061584 1499
1749107461095 1.7177072167396545 1518
1749107590110 3.2468801736831665 1520
1749107643966 1.8699357509613037 1539
1749107697854 1.8198024034500122 1558
1749107828375 2.082571029663086 1560
1749107882483 1.7363001108169556 1579
1749107937219 1.7056763172149658 1598
1749108065582 2.8569281101226807 1600
1749108119477 1.867539644241333 1619
1749108173564 1.8262455463409424 1638
1749108304758 2.129929542541504 1640
1749108359358 1.7457242012023926 1659
1749108413684 1.7164723873138428 1678
1749108542097 2.9558316469192505 1680
1749108596194 1.8594911694526672 1699
1749108650463 1.812173068523407 1718
1749108782306 2.0696433782577515 1720
1749108838357 1.7209213376045227 1739
1749108894173 1.6904059648513794 1758
1749109025872 2.4958484172821045 1760
1749109081337 1.760984480381012 1779
1749109136738 1.7220939993858337 1798
1749109269115 2.3147841691970825 1800
1749109329524 1.7310850620269775 1819
1749109402565 1.7132566571235657 1838
1749109580873 2.4232065677642822 1840
1749109656683 1.7291245460510254 1859
1749109732449 1.7042937278747559 1878
1749109912390 2.168522000312805 1880
1749109987081 1.7089003324508667 1899
1749110062870 1.6904339790344238 1918
1749110243549 2.4226436614990234 1920
1749110319613 1.7148780226707458 1939
1749110394997 1.68706613779068 1958
1749110573720 2.2598665952682495 1960
1749110649683 1.697393774986267 1979
1749110725274 1.6672446131706238 1998
1749110905147 2.127357244491577 2000
1749110981204 1.69392728805542 2019
1749111057084 1.66287362575531 2038
1749111236839 2.0952218770980835 2040
1749111312054 1.6889044642448425 2059
1749111387585 1.6584502458572388 2078
1749111566587 2.072176933288574 2080
1749111641845 1.6836923360824585 2099
1749111717654 1.6570385098457336 2118
1749111897224 2.1896787881851196 2120
1749111973055 1.6825352311134338 2139
1749112049459 1.6613097190856934 2158
1749112229271 2.140752673149109 2160
1749112305290 1.6869979500770569 2179
1749112381387 1.6631984114646912 2198
1749112561285 2.183744192123413 2200
1749112637879 1.679846465587616 2219
1749112713692 1.6552419066429138 2238
1749112893606 2.183520555496216 2240
1749112969403 1.707131266593933 2259
1749113045401 1.6800855994224548 2278
1749113225754 2.457085967063904 2280
1749113301029 1.741200864315033 2299
1749113377431 1.7099382281303406 2318
1749113557482 2.184033751487732 2320
1749113632605 1.6907615065574646 2339
1749113708506 1.675210952758789 2358
1749113891165 2.7258678674697876 2360
1749113967258 1.77219957113266 2379
1749114043852 1.7308420538902283 2398
1749114226374 2.252980947494507 2400
1749114301760 1.7006725668907166 2419
1749114377790 1.678391695022583 2438
1749114560045 2.1302547454833984 2440
1749114636321 1.680891752243042 2459
1749114711665 1.6619279384613037 2478
1749114891324 2.236964702606201 2480
1749114966525 1.7028843760490417 2499
1749115042329 1.6830024719238281 2518
1749115224305 2.044140577316284 2520
1749115300501 1.6607192754745483 2539
1749115377232 1.6475598812103271 2558
1749115557634 2.275651216506958 2560
1749115633450 1.69730544090271 2579
1749115710311 1.6806592345237732 2598
1749115893558 2.666322946548462 2600
1749115969226 1.7693975567817688 2619
1749116045259 1.7227847576141357 2638
1749116228084 2.2897034883499146 2640
1749116303983 1.6742472648620605 2659
1749116380736 1.657643437385559 2678
1749116563994 3.2491146326065063 2680
1749116640191 1.8229619264602661 2699
1749116717148 1.7790042161941528 2718
1749116900338 2.1868650913238525 2720
1749116976391 1.6761245131492615 2739
1749117052925 1.6634629368782043 2758
1749117234229 2.702396035194397 2760
1749117309694 1.7538924813270569 2779
1749117385882 1.7121981978416443 2798
1749117567293 2.1097031831741333 2800
1749117643679 1.6783356666564941 2819
1749117719728 1.6545761823654175 2838
1749117900495 2.4598289728164673 2840
1749117976782 1.7084448337554932 2859
1749118053292 1.6804269552230835 2878
1749118233833 1.7648541927337646 2880
1749118309514 1.6299060583114624 2899
1749118385914 1.6149811744689941 2918
1749118566977 1.8493782877922058 2920
1749118643370 1.6245776414871216 2939
1749118718790 1.616813600063324 2958
1749118898743 1.7228934168815613 2960
1749118975025 1.6106036901474 2979
1749119050555 1.606226623058319 2998
1749119231680 1.7363561987876892 3000
1749119308002 1.6178693175315857 3019
1749119383474 1.6025041937828064 3038
1749119562870 1.6973899006843567 3040
1749119638811 1.605283260345459 3059
1749119714653 1.6000627875328064 3078
1749119893238 1.7049420475959778 3080
1749119968307 1.6161612272262573 3099
1749120044066 1.599498689174652 3118
1749120223321 1.7159538269042969 3120
1749120298651 1.6027060747146606 3139
1749120374872 1.5936201214790344 3158
1749120554255 1.704896330833435 3160
1749120629724 1.6114999651908875 3179
1749120705855 1.595749318599701 3198
1749120885056 1.702975571155548 3200
1749120960447 1.5947914123535156 3219
1749121036210 1.589529573917389 3238
1749121215688 1.6954589486122131 3240
1749121291259 1.6030350923538208 3259
1749121367312 1.586670994758606 3278
1749121546302 1.6932923197746277 3280
1749121622251 1.5909451842308044 3299
1749121697667 1.5839666724205017 3318
1749121876971 1.6957268118858337 3320
1749121952862 1.5899598002433777 3339
1749122028219 1.581576645374298 3358
1749122206972 1.7124775052070618 3360
1749122282643 1.5949044823646545 3379
1749122357589 1.5786844491958618 3398
1749122536779 1.7305219769477844 3400
1749122612248 1.5970950722694397 3419
1749122687216 1.5778095722198486 3438
1749122865964 1.7684106230735779 3440
1749122941930 1.5901373624801636 3459
1749123017826 1.5769833326339722 3478
1749123196260 1.7663341164588928 3480
1749123271951 1.5905598998069763 3499
1749123347062 1.5760301351547241 3518
1749123525895 1.7551214694976807 3520
1749123601940 1.588567316532135 3539
1749123677144 1.5752360820770264 3558
1749123855473 1.7432801723480225 3560
1749123931356 1.5874817967414856 3579
1749124006775 1.5726186037063599 3598
1749124185410 1.7076303958892822 3600
1749124260927 1.5776095390319824 3619
1749124336464 1.5705991387367249 3638
1749124515026 1.7053168416023254 3640
1749124590412 1.5837571024894714 3659
1749124666260 1.5710282921791077 3678
1749124844744 1.751355528831482 3680
1749124919686 1.5809971690177917 3699
1749124995211 1.5696698427200317 3718
1749125173027 1.7009501457214355 3720
1749125248722 1.5852987170219421 3739
1749125324445 1.5660624504089355 3758
1749125502003 1.7421451807022095 3760
1749125577798 1.5792189240455627 3779
1749125653767 1.567631483078003 3798
1749125832122 1.77059406042099 3800
1749125907091 1.5804309248924255 3819
1749125982661 1.5666998028755188 3838
1749126160904 1.719128966331482 3840
1749126235903 1.5671614408493042 3859
1749126312213 1.5632843971252441 3878
1749126491610 1.6755809783935547 3880
1749126566947 1.5656071305274963 3899
1749126642916 1.5623209476470947 3918
1749126822166 1.7433848977088928 3920
1749126897593 1.5705723762512207 3939
1749126973541 1.5611050724983215 3958
1749127152229 1.7388783693313599 3960
1749127227324 1.5723356008529663 3979
1749127303263 1.5608832240104675 3998
1749127481573 1.7116297483444214 4000
1749127557323 1.5706397891044617 4019
1749127632662 1.5551106929779053 4038
1749127811527 1.6969071626663208 4040
1749127887313 1.5661413073539734 4059
1749127962541 1.5546767115592957 4078
1749128141509 1.7241113781929016 4080
1749128217419 1.5724301934242249 4099
1749128293232 1.5533217191696167 4118
1749128472187 1.7320886850357056 4120
1749128548009 1.5644065141677856 4139
1749128623347 1.5543758273124695 4158
1749128803069 1.7043088674545288 4160
1749128878445 1.5732119679450989 4179
1749128954444 1.5525453090667725 4198
1749129133379 1.760465145111084 4200
1749129208580 1.5639009475708008 4219
1749129284244 1.5537787675857544 4238
1749129462554 1.7061094641685486 4240
1749129537574 1.571601390838623 4259
1749129613366 1.550479531288147 4278
1749129791544 1.776490330696106 4280
1749129867457 1.5690898299217224 4299
1749129943296 1.5517732501029968 4318
1749130120933 1.6974018812179565 4320
1749130196523 1.5631996393203735 4339
1749130271708 1.5482338666915894 4358
1749130450546 1.707124948501587 4360
1749130526218 1.553090751171112 4379
1749130601214 1.5465615391731262 4398
1749130779586 1.6942434310913086 4400
1749130855236 1.5651426315307617 4419
1749130930217 1.5456138849258423 4438
1749131108726 1.7000609636306763 4440
1749131183676 1.5545195937156677 4459
1749131259390 1.545454204082489 4478
1749131437827 1.716360092163086 4480
1749131512908 1.5533843636512756 4499
1749131588705 1.5443737506866455 4518
1749131767435 1.7596702575683594 4520
1749131842213 1.5660037398338318 4539
1749131917260 1.545691192150116 4558
1749132094562 1.879463255405426 4560
1749132169469 1.557407259941101 4579
1749132244845 1.550269067287445 4598
1749132422534 1.7938655018806458 4600
1749132497412 1.5560514330863953 4619
1749132573162 1.5475516319274902 4638
1749132750353 1.9139262437820435 4640
1749132825534 1.5580873489379883 4659
1749132900148 1.5501646995544434 4678
1749133077961 1.7227461338043213 4680
1749133153437 1.5528244376182556 4699
1749133228896 1.5444149374961853 4718
1749133406094 1.8996104001998901 4720
1749133481222 1.5543384552001953 4739
1749133556754 1.5479943752288818 4758
1749133733855 1.8370245695114136 4760
1749133809133 1.5540767312049866 4779
1749133883834 1.5478832125663757 4798
1749134061452 1.6371272206306458 4800
1749134136791 1.5476157069206238 4819
1749134211544 1.5415271520614624 4838
1749134389225 1.587573766708374 4840
1749134464070 1.5401530265808105 4859
1749134539754 1.5365621447563171 4878
1749134717627 1.630915343761444 4880
1749134792547 1.543857991695404 4899
1749134867977 1.5358213186264038 4918
1749135045986 1.6294787526130676 4920
1749135121016 1.5414708256721497 4939
1749135196284 1.5337563753128052 4958
1749135374099 1.626261591911316 4960
1749135448776 1.5392103791236877 4979
1749135524219 1.532941222190857 4998
1749135702294 1.635791301727295 5000
1749135777098 1.5368754267692566 5019
1749135852205 1.531346619129181 5038
1749136030055 1.6373637318611145 5040
1749136104756 1.5376361012458801 5059
1749136180172 1.5306254625320435 5078
1749136358136 1.6388240456581116 5080
1749136432558 1.5355186462402344 5099
1749136507838 1.5296005010604858 5118
1749136685451 1.6401395797729492 5120
1749136760167 1.5352738499641418 5139
1749136835885 1.5290077328681946 5158
1749137013465 1.641740083694458 5160
1749137088073 1.5354059934616089 5179
1749137163612 1.528458833694458 5198
1749137341836 1.6338390707969666 5200
1749137416727 1.5348330736160278 5219
1749137492220 1.5274184942245483 5238
1749137670495 1.6456384658813477 5240
1749137745324 1.5278725028038025 5259
1749137820804 1.5264828205108643 5278
1749137999020 1.6510308384895325 5280
1749138073837 1.5264005064964294 5299
1749138149133 1.5237047672271729 5318
1749138327241 1.6525013446807861 5320
1749138401930 1.525202989578247 5339
1749138477076 1.522957980632782 5358
1749138655233 1.6494243144989014 5360
1749138730828 1.5248251557350159 5379
1749138805572 1.5221698880195618 5398
1749138983933 1.6564159989356995 5400
1749139059193 1.5241366624832153 5419
1749139133807 1.5238652229309082 5438
1749139312742 1.6440905332565308 5440
1749139387092 1.5232784748077393 5459
1749139462334 1.5206125378608704 5478
1749139640812 1.6597825288772583 5480
1749139715343 1.5228379964828491 5499
1749139790675 1.5200875997543335 5518
1749139970833 1.6539864540100098 5520
1749140046408 1.5220215320587158 5539
1749140121467 1.5218850374221802 5558
1749140302166 1.6528651118278503 5560
1749140376889 1.521711826324463 5579
1749140452215 1.518818974494934 5598
1749140630880 1.6584466695785522 5600
1749140706250 1.5211817622184753 5619
1749140781053 1.5183178186416626 5638
1749140962016 1.6593811511993408 5640
1749141037398 1.5209029912948608 5659
1749141112279 1.5177364349365234 5678
1749141291430 1.6646326184272766 5680
1749141366890 1.5202504992485046 5699
1749141441953 1.5172700881958008 5718
1749141621859 1.6582318544387817 5720
1749141696540 1.5198690295219421 5739
1749141771873 1.5167298316955566 5758
1749141951008 1.6557268500328064 5760
1749142026211 1.5182926654815674 5779
1749142100980 1.517442762851715 5798
1749142280151 1.6502112746238708 5800
1749142355225 1.5177764296531677 5819
1749142429788 1.5152628421783447 5838
1749142609600 1.6656097173690796 5840
1749142684546 1.518381416797638 5859
1749142759931 1.5154154300689697 5878
1749142938756 1.6610016822814941 5880
1749143013697 1.518596351146698 5899
1749143088204 1.515091359615326 5918
1749143266773 1.65481436252594 5920
1749143341919 1.5162266492843628 5939
1749143416439 1.5138728618621826 5958
1749143595721 1.6613510847091675 5960
1749143670315 1.516347587108612 5979
1749143745678 1.5133863687515259 5998
1749143924176 1.6620243191719055 6000
1749143999223 1.516482174396515 6019
1749144073927 1.5133588910102844 6038
1749144254025 1.6628530621528625 6040
1749144328639 1.516545832157135 6059
1749144403675 1.5159557461738586 6078
1749144582755 1.6596064567565918 6080
1749144657283 1.5149182081222534 6099
1749144732546 1.513957679271698 6118
1749144911461 1.6595162749290466 6120
1749144986727 1.5140459537506104 6139
1749145061190 1.51344895362854 6158
1749145241636 1.6656182408332825 6160
1749145316187 1.515234649181366 6179
1749145391492 1.511777639389038 6198
1749145570145 1.659294307231903 6200
1749145644725 1.5140480995178223 6219
1749145719999 1.511204719543457 6238
1749145898613 1.6575127840042114 6240
1749145973682 1.5144554376602173 6259
1749146048327 1.5107313990592957 6278
1749146226990 1.6684488654136658 6280
1749146302037 1.5143816471099854 6299
1749146376938 1.5106534361839294 6318
1749146556846 1.6603578329086304 6320
1749146631544 1.5142958760261536 6339
1749146706880 1.5101511478424072 6358
1749146885414 1.6636382937431335 6360
1749146959983 1.512492060661316 6379
1749147035443 1.5099344849586487 6398
1749147215199 1.6622587442398071 6400
1749147290702 1.5132856369018555 6419
1749147365705 1.5095125436782837 6438
1749147545043 1.6622799038887024 6440
1749147620400 1.512345016002655 6459
1749147695194 1.5092437863349915 6478
1749147874280 1.6560819149017334 6480
1749147949819 1.511747121810913 6499
1749148024684 1.5088772177696228 6518
1749148204339 1.6694114208221436 6520
1749148279766 1.5128233432769775 6539
1749148354654 1.5087496638298035 6558
1749148534389 1.6585638523101807 6560
1749148610136 1.511498510837555 6579
1749148685057 1.508321225643158 6598
1749148866218 1.6762721538543701 6600
1749148941375 1.512362778186798 6619
1749149017681 1.508338451385498 6638
1749149199509 1.6786828637123108 6640
1749149275857 1.5128499269485474 6659
1749149351614 1.508631408214569 6678
1749149533130 1.6606150269508362 6680
1749149609562 1.5107378363609314 6699
1749149685197 1.5077348947525024 6718
1749149866742 1.6710460782051086 6720
1749149942979 1.5114790201187134 6739
1749150018491 1.5076002478599548 6758
1749150201635 1.670406460762024 6760
1749150277182 1.5109201669692993 6779
1749150353658 1.5072550773620605 6798
1749150534962 1.6680476069450378 6800
1749150610925 1.5114142894744873 6819
1749150687386 1.5073505640029907 6838
1749150868849 1.6698312759399414 6840
1749150945113 1.511046290397644 6859
1749151020646 1.5067874193191528 6878
1749151202240 1.6593677997589111 6880
1749151278940 1.5074312686920166 6899
1749151354753 1.5091166496276855 6918
1749151536777 1.6705344319343567 6920
1749151613411 1.5102910995483398 6939
1749151689367 1.5058293342590332 6958
1749151870771 1.6708154678344727 6960
1749151947163 1.5102713704109192 6979
1749152022914 1.5062780976295471 6998
1749152204693 1.654429316520691 7000
1749152281146 1.5073761940002441 7019
1749152357117 1.5052047371864319 7038
1749152538392 1.673981249332428 7040
1749152614904 1.5088794231414795 7059
1749152690865 1.5050033330917358 7078
1749152872957 1.6685967445373535 7080
1749152949249 1.5087509155273438 7099
1749153025100 1.507872760295868 7118
1749153206911 1.6701433062553406 7120
1749153282781 1.5094666481018066 7139
1749153358609 1.505131185054779 7158
1749153541557 1.6731120944023132 7160
1749153617385 1.5087199211120605 7179
1749153693903 1.5048104524612427 7198
1749153874651 1.667315125465393 7200
1749153950373 1.5073819756507874 7219
1749154026698 1.5041158199310303 7238
1749154207271 1.6905354857444763 7240
1749154283477 1.5086960196495056 7259
1749154359945 1.5045047402381897 7278
1749154542026 1.6811391711235046 7280
1749154618478 1.5080423951148987 7299
1749154694352 1.5040745735168457 7318
1749154877501 1.6735780835151672 7320
1749154953475 1.5072093605995178 7339
1749155029949 1.5036029815673828 7358
1749155212012 1.67349112033844 7360
1749155287932 1.5077736973762512 7379
1749155363476 1.5035673379898071 7398
1749155546093 1.6779739260673523 7400
1749155621666 1.5069224834442139 7419
1749155697540 1.5030628442764282 7438
1749155878209 1.6698110103607178 7440
1749155953913 1.5067540407180786 7459
1749156030187 1.502312421798706 7478
1749156212737 1.6811395287513733 7480
1749156288813 1.5064820647239685 7499
1749156364455 1.5022361278533936 7518
1749156545516 1.6676464080810547 7520
1749156621645 1.5052778720855713 7539
1749156697084 1.5015398263931274 7558
1749156877788 1.6750708222389221 7560
1749156954008 1.5064116716384888 7579
1749157029420 1.5019538402557373 7598
1749157209953 1.653494954109192 7600
1749157286046 1.5018391013145447 7619
1749157361277 1.5011871457099915 7638
1749157542163 1.6773064136505127 7640
1749157617651 1.5051172375679016 7659
1749157691013 1.5007372498512268 7678
1749157869394 1.665951430797577 7680
1749157944809 1.5036835670471191 7699
1749158019923 1.5004324913024902 7718
1749158199353 1.6911948323249817 7720
1749158274726 1.5042263865470886 7739
1749158349474 1.5007624626159668 7758
1749158528546 1.652681589126587 7760
1749158604089 1.5007563829421997 7779
1749158678911 1.499949336051941 7798
1749158857627 1.6820287704467773 7800
1749158932927 1.5043557286262512 7819
1749159007501 1.5000624656677246 7838
1749159185940 1.6482834219932556 7840
1749159261459 1.501648485660553 7859
1749159336353 1.4996856451034546 7878
1749159515131 1.6692695617675781 7880
1749159590533 1.5043167471885681 7899
1749159665939 1.499912679195404 7918
1749159846506 1.6592457294464111 7920
1749159922128 1.499469518661499 7939
1749159997552 1.499039113521576 7958
1749160176660 1.6685933470726013 7960
1749160251868 1.5030948519706726 7979
1749160327780 1.4985440373420715 7998
1749160507721 1.6846192479133606 8000
1749160583248 1.5031418800354004 8019
1749160658243 1.4989983439445496 8038
1749160837747 1.6535756587982178 8040
1749160912920 1.4991816878318787 8059
1749160988765 1.4981915354728699 8078
1749161168514 1.6752119660377502 8080
1749161243825 1.5014994740486145 8099
1749161319684 1.4979267120361328 8118
1749161499295 1.6599305868148804 8120
1749161574147 1.5033078789710999 8139
1749161649639 1.4977437853813171 8158
1749161829178 1.6645583510398865 8160
1749161903990 1.5027087330818176 8179
1749161979299 1.4976904392242432 8198
1749162159269 1.6623785495758057 8200
1749162234223 1.4978647828102112 8219
1749162309606 1.4971446990966797 8238
1749162488337 1.6906203627586365 8240
1749162563858 1.5019127130508423 8259
1749162638784 1.4971814155578613 8278
1749162818291 1.6483044028282166 8280
1749162893904 1.4978834986686707 8299
1749162968861 1.4986714124679565 8318
1749163147877 1.6721162796020508 8320
1749163223450 1.4994339346885681 8339
1749163298173 1.4960581064224243 8358
1749163477340 1.6648380756378174 8360
1749163552201 1.4982841610908508 8379
1749163627426 1.495776355266571 8398
1749163806320 1.6920833587646484 8400
1749163881237 1.500463843345642 8419
1749163956692 1.4963094592094421 8438
1749164136311 1.658227026462555 8440
1749164211237 1.4965122938156128 8459
1749164286627 1.4955414533615112 8478
1749164465805 1.6754201650619507 8480
1749164540720 1.496846079826355 8499
1749164615717 1.495922565460205 8518
1749164794876 1.6707311868667603 8520
1749164870425 1.5003207325935364 8539
1749164945112 1.4948025345802307 8558
1749165124356 1.6759027242660522 8560
1749165199923 1.4995272755622864 8579
1749165274713 1.4946022629737854 8598
1749165453941 1.6752322912216187 8600
1749165529258 1.4961734414100647 8619
1749165604284 1.493856966495514 8638
1749165783036 1.6647965908050537 8640
1749165858523 1.494181215763092 8659
1749165933498 1.4938127398490906 8678
1749166112890 1.6813352704048157 8680
1749166187977 1.4959318041801453 8699
1749166263583 1.4933703541755676 8718
1749166443145 1.6665359139442444 8720
1749166518056 1.4936809539794922 8739
1749166593493 1.4932266473770142 8758
1749166772612 1.6745947003364563 8760
1749166847518 1.4946688413619995 8779
1749166922964 1.494285523891449 8798
1749167102352 1.6795525550842285 8800
1749167177332 1.49617201089859 8819
1749167253072 1.4925545454025269 8838
1749167433110 1.6790851354599 8840
1749167507832 1.4954960942268372 8859
1749167583248 1.4937551617622375 8878
1749167762687 1.6785237789154053 8880
1749167837821 1.4967343211174011 8899
1749167913493 1.4918603897094727 8918
1749168093089 1.669820249080658 8920
1749168168220 1.492562472820282 8939
1749168243445 1.491465985774994 8958
1749168423204 1.6795842051506042 8960
1749168498693 1.4930409789085388 8979
1749168573688 1.4943228960037231 8998
1749168754721 1.7055703401565552 9000
1749168829775 1.4953728318214417 9019
1749168905379 1.491206169128418 9038
1749169084744 1.670081377029419 9040
1749169160248 1.4913918375968933 9059
1749169235366 1.4908004403114319 9078
1749169415302 1.6650182008743286 9080
1749169491120 1.4912729859352112 9099
1749169566187 1.4933573007583618 9118
1749169745748 1.7030258774757385 9120
1749169821346 1.4941906332969666 9139
1749169896388 1.4922665357589722 9158
1749170076702 1.681620717048645 9160
1749170152462 1.4905672073364258 9179
1749170227496 1.489845097064972 9198
1749170407199 1.6711275577545166 9200
1749170482947 1.4901630282402039 9219
1749170557839 1.4925075769424438 9238
1749170739675 1.7207835912704468 9240
1749170814764 1.4923545122146606 9259
1749170889684 1.4931986331939697 9278
1749171068873 1.6836256384849548 9280
1749171144685 1.48992258310318 9299
1749171219909 1.4915910959243774 9318
1749171401217 1.671027660369873 9320
1749171477240 1.492917776107788 9339
1749171552411 1.4918458461761475 9358
1749171732679 1.7375562191009521 9360
1749171807803 1.491036295890808 9379
1749171883825 1.488231599330902 9398
1749172064282 1.6748296022415161 9400
1749172139286 1.4891442656517029 9419
1749172215050 1.4881771802902222 9438
1749172395404 1.6935004591941833 9440
1749172470628 1.491479218006134 9459
1749172546224 1.4899956583976746 9478
1749172725931 1.718392789363861 9480
1749172800737 1.4929918050765991 9499
1749172876291 1.4868549704551697 9518
1749173055995 1.6608198881149292 9520
1749173130876 1.501656174659729 9539
1749173206608 1.4925909042358398 9558
1749173387758 1.6842998266220093 9560
1749173462677 1.489958107471466 9579
1749173538155 1.486708641052246 9598
1749173717083 1.71494722366333 9600
1749173791942 1.4919143319129944 9619
1749173867444 1.486101746559143 9638
1749174047179 1.6651610136032104 9640
1749174122108 1.4877744317054749 9659
1749174196809 1.4896310567855835 9678
1749174376586 1.7177318334579468 9680
1749174452038 1.4905880689620972 9699
1749174526990 1.48532634973526 9718
1749174706363 1.7088793516159058 9720
1749174781849 1.4910545349121094 9739
1749174856966 1.484798014163971 9758
1749175036864 1.6713882684707642 9760
1749175112395 1.485964834690094 9779
1749175187326 1.4881060719490051 9798
1749175367103 1.7035996913909912 9800
1749175442169 1.490599811077118 9819
1749175517782 1.484058678150177 9838
1749175697126 1.7104347944259644 9840
1749175771994 1.4903377294540405 9859
1749175847791 1.4887557625770569 9878
1749176026997 1.6769074201583862 9880
1749176101833 1.5049623250961304 9899
1749176177366 1.4869400262832642 9918
1749176357605 1.6746057271957397 9920
1749176432297 1.5056820511817932 9939
1749176507928 1.4861419796943665 9958
1749176689146 1.6905514597892761 9960
1749176764800 1.4875314235687256 9979
1749176839810 1.4860906600952148 9998
1749177019352 1.7069095969200134 10000
1749177094934 1.4861046075820923 10019
1749177169831 1.4829980731010437 10038
1749177349329 1.701140284538269 10040
1749177424179 1.4874396920204163 10059
1749177499704 1.485015094280243 10078
1749177678913 1.674219787120819 10080
1749177753734 1.4951272010803223 10099
1749177829244 1.486162781715393 10118
1749178009325 1.6807828545570374 10120
1749178084180 1.481934905052185 10139
1749178159499 1.4816550612449646 10158
1749178337937 1.7223780155181885 10160
1749178412847 1.4846355319023132 10179
1749178487267 1.4808131456375122 10198
1749178666551 1.6827734112739563 10200
1749178741703 1.4826778769493103 10219
1749178816353 1.483802616596222 10238
1749178996326 1.6872971653938293 10240
1749179071490 1.4816974997520447 10259
1749179146027 1.4824903011322021 10278
1749179326659 1.6838023662567139 10280
1749179401539 1.48281991481781 10299
1749179476155 1.481700837612152 10318
1749179654913 1.7397977113723755 10320
1749179730083 1.485393762588501 10339
1749179804607 1.4785276651382446 10358
1749179982663 1.7149699330329895 10360
1749180057788 1.4862483143806458 10379
1749180132153 1.4833579063415527 10398
1749180310671 1.7043088674545288 10400
1749180385144 1.4860303401947021 10419
1749180460322 1.4812556505203247 10438
1749180639069 1.6851518154144287 10440
1749180713514 1.4815523028373718 10459
1749180788699 1.4803165793418884 10478
1749180968241 1.689159870147705 10480
1749181042596 1.5061625242233276 10499
1749181117742 1.4798997044563293 10518
1749181296252 1.7247520089149475 10520
1749181370861 1.484475314617157 10539
1749181445205 1.4813647866249084 10558
1749181623926 1.7267227172851562 10560
1749181698981 1.4807477593421936 10579
1749181773252 1.4778191447257996 10598
1749181952860 1.7578539848327637 10600
1749182027846 1.483380377292633 10619
1749182102030 1.4756942987442017 10638
1749182281296 1.7499158382415771 10640
1749182355440 1.4833544492721558 10659
1749182429557 1.4801823496818542 10678
1749182609203 1.6944166421890259 10680
1749182683369 1.4806029796600342 10699
1749182757446 1.4774357676506042 10718
1749182936626 1.7082760334014893 10720
1749183010977 1.4789941906929016 10739
1749183085177 1.4767568707466125 10758
1749183262967 1.709254801273346 10760
1749183337972 1.4832314848899841 10779
1749183412009 1.4785341024398804 10798
