1749097298670 2.157933235168457 0
1749097348099 2.0238863229751587 19
1749097397428 1.9683342576026917 38
1749097517996 1.9823282361030579 40
1749097568686 1.9455227255821228 59
1749097619686 1.9302703142166138 78
1749097743554 1.959893524646759 80
1749097794890 1.9457338452339172 99
1749097845855 1.908962368965149 118
1749097968425 1.953310787677765 120
1749098019940 1.9062281847000122 139
1749098071327 1.887405812740326 158
1749098195021 1.910674273967743 160
1749098246314 1.8815335631370544 179
1749098297717 1.8667505383491516 198
1749098421102 1.8869633674621582 200
1749098472771 1.8715410828590393 219
1749098524464 1.8446203470230103 238
1749098648265 1.8724349737167358 240
1749098699920 1.8562613129615784 259
1749098751263 1.8368398547172546 278
1749098875693 1.8776788115501404 280
1749098927392 1.8456704020500183 299
1749098979175 1.8339364528656006 318
1749099103616 1.87616366147995 320
1749099155028 1.8360230326652527 339
1749099207003 1.8261603713035583 358
1749099331621 1.8624749779701233 360
1749099383267 1.8309155702590942 379
1749099434567 1.8150700330734253 398
1749099559973 1.8548594117164612 400
1749099612790 1.824729323387146 419
1749099665353 1.8077530264854431 438
1749099792636 1.8404186367988586 440
1749099845451 1.8180806040763855 459
1749099897511 1.800180733203888 478
1749100029877 1.8266172409057617 480
1749100110432 1.8097683787345886 499
1749100188057 1.792245626449585 518
1749100375136 1.8145816326141357 520
1749100452416 1.804426670074463 539
1749100529276 1.7869499921798706 558
1749100712524 1.8000062108039856 560
1749100789655 1.7979392409324646 579
1749100866580 1.7835102677345276 598
1749101050978 1.789343237876892 600
1749101128005 1.7957274913787842 619
1749101205518 1.772970974445343 638
1749101390441 1.7815845608711243 640
1749101467390 1.7921278476715088 659
1749101544286 1.7721316814422607 678
1749101728828 1.776390790939331 680
1749101805152 1.7791476249694824 699
1749101882341 1.7678563594818115 718
1749102068526 1.7854254841804504 720
1749102145771 1.7866766452789307 739
1749102223029 1.7668307423591614 758
1749102408571 1.7721091508865356 760
1749102485592 1.7660285234451294 779
1749102562943 1.7480120062828064 798
1749102748710 1.7768005728721619 800
1749102825218 1.7744954228401184 819
1749102901897 1.7577082514762878 838
1749103083729 1.7712863683700562 840
1749103161115 1.7610995173454285 859
1749103237621 1.7436136603355408 878
1749103423473 1.7606597542762756 880
1749103500384 1.7665669322013855 899
1749103577592 1.7552843689918518 918
1749103761018 1.7780452370643616 920
1749103837586 1.7543070316314697 939
1749103914646 1.7323148846626282 958
1749104100399 1.7467637658119202 960
1749104177448 1.7657389640808105 979
1749104253572 1.7514347434043884 998
1749104434478 1.7735901474952698 1000
1749104511734 1.749129593372345 1019
1749104588892 1.725762665271759 1038
1749104774297 1.739747166633606 1040
1749104851213 1.762774109840393 1059
1749104925188 1.745175302028656 1078
1749105101760 1.7639055252075195 1080
1749105161821 1.7523995637893677 1099
1749105216224 1.7242363095283508 1118
1749105347382 1.7320216298103333 1120
1749105400631 1.757318913936615 1139
1749105454390 1.7454875707626343 1158
1749105582987 1.763285219669342 1160
1749105637132 1.7316378951072693 1179
1749105691224 1.7124353051185608 1198
1749105821973 1.7309146523475647 1200
1749105875889 1.7540598511695862 1219
1749105929429 1.7418331503868103 1238
1749106058590 1.7642310857772827 1240
1749106112192 1.7282425165176392 1259
1749106165477 1.712152123451233 1278
1749106293984 1.7298505902290344 1280
1749106346216 1.748574674129486 1299
1749106399088 1.7253138422966003 1318
1749106525625 1.7668558359146118 1320
1749106578603 1.7331591844558716 1339
1749106631265 1.706741988658905 1358
1749106759112 1.7382997870445251 1360
1749106811744 1.7431908249855042 1379
1749106863989 1.7093905210494995 1398
1749106992419 1.7646594047546387 1400
1749107047184 1.7159897685050964 1419
1749107101476 1.6990047097206116 1438
1749107231718 1.7287538647651672 1440
1749107285556 1.7327731251716614 1459
1749107339746 1.7119166254997253 1478
1749107470154 1.750433325767517 1480
1749107524451 1.7091766595840454 1499
1749107578382 1.6829189658164978 1518
1749107708749 1.7142008543014526 1520
1749107762660 1.7293436527252197 1539
1749107816577 1.7108099460601807 1558
1749107946147 1.7448419332504272 1560
1749108000089 1.7105962038040161 1579
1749108053772 1.69435054063797 1598
1749108184333 1.7120790481567383 1600
1749108238629 1.7117927074432373 1619
1749108292784 1.6960074305534363 1638
1749108422723 1.7308418154716492 1640
1749108476931 1.700905978679657 1659
1749108530649 1.6723609566688538 1678
1749108660710 1.706375002861023 1680
1749108714912 1.7002687454223633 1699
1749108770185 1.6857861876487732 1718
1749108903189 1.7336251735687256 1720
1749108958318 1.698365330696106 1739
1749109013812 1.6743226647377014 1758
1749109145977 1.7183979153633118 1760
1749109201172 1.7063275575637817 1779
1749109256887 1.6763911843299866 1798
1749109414658 1.712015688419342 1800
1749109489457 1.7005582451820374 1819
1749109564751 1.6778141260147095 1838
1749109744881 1.7228147387504578 1840
1749109820039 1.7003421783447266 1859
1749109896115 1.673113226890564 1878
1749110075417 1.7082220315933228 1880
1749110151099 1.6792864799499512 1899
1749110227265 1.6602391004562378 1918
1749110407257 1.7255225777626038 1920
1749110482662 1.6822128295898438 1939
1749110557511 1.6586122512817383 1958
1749110737483 1.7112272381782532 1960
1749110813367 1.6936798691749573 1979
1749110888883 1.6732778549194336 1998
1749111068893 1.7187891006469727 2000
1749111144652 1.6788386106491089 2019
1749111220529 1.6557713747024536 2038
1749111399815 1.7151216268539429 2040
1749111474882 1.6775510907173157 2059
1749111550463 1.6613886952400208 2078
1749111729774 1.7118664979934692 2080
1749111804822 1.6692708134651184 2099
1749111880990 1.6511825919151306 2118
1749112061777 1.7091590762138367 2120
1749112137183 1.685055434703827 2139
1749112213088 1.6604564785957336 2158
1749112393731 1.7035858631134033 2160
1749112468951 1.6631030440330505 2179
1749112545022 1.6449210047721863 2198
1749112726042 1.6970958709716797 2200
1749112802031 1.6795162558555603 2219
1749112877882 1.6542550921440125 2238
1749113057959 1.692076861858368 2240
1749113133155 1.656026840209961 2259
1749113209480 1.640410840511322 2278
1749113390110 1.6725696325302124 2280
1749113465591 1.6749917268753052 2299
1749113541157 1.6525545716285706 2318
1749113723660 1.6765937209129333 2320
1749113799025 1.6575666666030884 2339
1749113874983 1.6338032484054565 2358
1749114058811 1.6726636290550232 2360
1749114134086 1.6679911613464355 2379
1749114209894 1.6439449191093445 2398
1749114391932 1.670686423778534 2400
1749114468023 1.673721432685852 2419
1749114543826 1.6477397680282593 2438
1749114724320 1.6693680882453918 2440
1749114799663 1.6710962057113647 2459
1749114874932 1.6492228507995605 2478
1749115056650 1.6746779680252075 2480
1749115132341 1.6648755073547363 2499
1749115208071 1.6346098184585571 2518
1749115389673 1.6777581572532654 2520
1749115465048 1.6678953766822815 2539
1749115541247 1.6454550623893738 2558
1749115725314 1.6730819940567017 2560
1749115800938 1.6476407647132874 2579
1749115877114 1.6285972595214844 2598
1749116060309 1.6650354266166687 2600
1749116135544 1.6402955651283264 2619
1749116211841 1.625361979007721 2638
1749116395294 1.6719180941581726 2640
1749116471541 1.6395962834358215 2659
1749116547681 1.6234164834022522 2678
1749116731603 1.6561259627342224 2680
1749116807538 1.6608766913414001 2699
1749116883895 1.6360875964164734 2718
1749117065637 1.6654338240623474 2720
1749117141533 1.6440879702568054 2739
1749117217877 1.6228076815605164 2758
1749117398843 1.658050000667572 2760
1749117475134 1.657742440700531 2779
1749117551068 1.6283527612686157 2798
1749117732229 1.6736049056053162 2800
1749117808687 1.633598804473877 2819
1749117883970 1.6197933554649353 2838
1749118066119 1.6628575921058655 2840
1749118141618 1.6490175127983093 2859
1749118217432 1.6224913597106934 2878
1749118398265 1.6405996084213257 2880
1749118474351 1.6196868419647217 2899
1749118550539 1.613959014415741 2918
1749118731134 1.629993498325348 2920
1749118806873 1.6164894104003906 2939
1749118882441 1.6079714894294739 2958
1749119062780 1.632109820842743 2960
1749119139309 1.6149184703826904 2979
1749119215330 1.6065331101417542 2998
1749119395677 1.62347012758255 3000
1749119471527 1.6129112243652344 3019
1749119546614 1.6039637923240662 3038
1749119726879 1.6218293905258179 3040
1749119801618 1.6089600920677185 3059
1749119877022 1.6002545356750488 3078
1749120056316 1.6140791177749634 3080
1749120131289 1.608972191810608 3099
1749120207059 1.598376214504242 3118
1749120387122 1.6101047992706299 3120
1749120462238 1.6077420711517334 3139
1749120537950 1.5964424014091492 3158
1749120718074 1.6057892441749573 3160
1749120793260 1.6034063696861267 3179
1749120868807 1.5933234691619873 3198
1749121048446 1.6015482544898987 3200
1749121123617 1.604309320449829 3219
1749121199398 1.5914157629013062 3238
1749121379572 1.5965375304222107 3240
1749121455159 1.6000694632530212 3259
1749121530070 1.586849331855774 3278
1749121709950 1.5938577055931091 3280
1749121785704 1.6001836061477661 3299
1749121860685 1.585310459136963 3318
1749122040439 1.5895810723304749 3320
1749122115904 1.5982744097709656 3339
1749122190755 1.5818107724189758 3358
1749122369742 1.5869565606117249 3360
1749122445432 1.596402883529663 3379
1749122520553 1.5793200731277466 3398
1749122699452 1.5850337743759155 3400
1749122774819 1.5887849926948547 3419
1749122850331 1.5772826671600342 3438
1749123029429 1.5844738483428955 3440
1749123105079 1.5909722447395325 3459
1749123180616 1.5752170085906982 3478
1749123359247 1.582534670829773 3480
1749123434785 1.5872634053230286 3499
1749123509713 1.5735704898834229 3518
1749123689289 1.5828763246536255 3520
1749123764619 1.5894420146942139 3539
1749123839355 1.5729658007621765 3558
1749124018988 1.580029845237732 3560
1749124094553 1.5825777649879456 3579
1749124169278 1.5748109817504883 3598
1749124348615 1.5796962976455688 3600
1749124423400 1.5813992619514465 3619
1749124498768 1.573634147644043 3638
1749124678468 1.5787749886512756 3640
1749124753109 1.5865826606750488 3659
1749124828544 1.5683744549751282 3678
1749125006751 1.5771227478981018 3680
1749125082103 1.5775334239006042 3699
1749125157434 1.5703754425048828 3718
1749125336051 1.5760332942008972 3720
1749125411480 1.5839030146598816 3739
1749125486434 1.568396270275116 3758
1749125665939 1.5735174417495728 3760
1749125740664 1.576080858707428 3779
1749125815891 1.5648369193077087 3798
1749125994799 1.5725976824760437 3800
1749126069522 1.5719966888427734 3819
1749126144726 1.5657063722610474 3838
1749126323842 1.5718284249305725 3840
1749126399524 1.5735098123550415 3859
1749126475382 1.5669305920600891 3878
1749126655148 1.5688381791114807 3880
1749126730390 1.575973093509674 3899
1749126805892 1.5607943534851074 3918
1749126985739 1.5672867894172668 3920
1749127060424 1.5697673559188843 3939
1749127135930 1.5602768659591675 3958
1749127314937 1.567291259765625 3960
1749127390518 1.573180913925171 3979
1749127465374 1.5589962601661682 3998
1749127644822 1.565523624420166 4000
1749127720329 1.571850597858429 4019
1749127795318 1.5617226958274841 4038
1749127974753 1.5655107498168945 4040
1749128050496 1.5687300562858582 4059
1749128125351 1.5571852922439575 4078
1749128305381 1.5612239837646484 4080
1749128380750 1.5629352927207947 4099
1749128455957 1.5560221672058105 4118
1749128635606 1.5622596740722656 4120
1749128711171 1.5695250630378723 4139
1749128786641 1.55497145652771 4158
1749128966683 1.5599719882011414 4160
1749129041534 1.5655363202095032 4179
1749129117153 1.5523781776428223 4198
1749129296439 1.5607195496559143 4200
1749129370967 1.5654380917549133 4219
1749129446336 1.5515171885490417 4238
1749129624899 1.5597169399261475 4240
1749129700430 1.5707114934921265 4259
1749129775287 1.5491719245910645 4278
1749129954892 1.559406340122223 4280
1749130029984 1.566946268081665 4299
1749130104783 1.5502591133117676 4318
1749130283877 1.5598342418670654 4320
1749130359348 1.5700921416282654 4339
1749130434318 1.548826813697815 4358
1749130613363 1.5565046072006226 4360
1749130688507 1.569352388381958 4379
1749130763418 1.5492318868637085 4398
1749130942387 1.5553612112998962 4400
1749131017918 1.5644251704216003 4419
1749131092444 1.5458788871765137 4438
1749131271606 1.5541823506355286 4440
1749131346403 1.5662168264389038 4459
1749131421597 1.5455535650253296 4478
1749131600869 1.5541918873786926 4480
1749131675714 1.5560103058815002 4499
1749131751201 1.54811030626297 4518
1749131928760 1.5529826879501343 4520
1749132003591 1.5563453435897827 4539
1749132078446 1.5487138032913208 4558
1749132257010 1.5561864376068115 4560
1749132331495 1.5630260109901428 4579
1749132406376 1.543511986732483 4598
1749132584679 1.5529807209968567 4600
1749132659677 1.5550153255462646 4619
1749132734892 1.5492061972618103 4638
1749132912353 1.559078872203827 4640
1749132987402 1.564472496509552 4659
1749133062385 1.545454204082489 4678
1749133240486 1.5528814196586609 4680
1749133315566 1.5529456734657288 4699
1749133390517 1.5466697216033936 4718
1749133568307 1.5558122992515564 4720
1749133643336 1.5623270273208618 4739
1749133717670 1.5436526536941528 4758
1749133895990 1.5523620247840881 4760
1749133971046 1.554893970489502 4779
1749134045291 1.5448465943336487 4798
1749134223759 1.5435479879379272 4800
1749134298096 1.5431065559387207 4819
1749134373107 1.5400219559669495 4838
1749134551900 1.5422598719596863 4840
1749134626505 1.541870892047882 4859
1749134701499 1.5364726781845093 4878
1749134880124 1.5407937169075012 4880
1749134954633 1.5448567271232605 4899
1749135029557 1.5356003046035767 4918
1749135208383 1.5400634407997131 4920
1749135282757 1.5382273197174072 4939
1749135357718 1.5345183610916138 4958
1749135536399 1.5448305010795593 4960
1749135610808 1.5371938943862915 4979
1749135685829 1.5340995788574219 4998
1749135864270 1.546197235584259 5000
1749135938595 1.534407615661621 5019
1749136013640 1.5326891541481018 5038
1749136192595 1.5422343611717224 5040
1749136266858 1.5342422127723694 5059
1749136341765 1.532349705696106 5078
1749136520167 1.5432963967323303 5080
1749136594375 1.531905472278595 5099
1749136669093 1.5311838388442993 5118
1749136848182 1.5437694191932678 5120
1749136922391 1.531057894229889 5139
1749136997069 1.5301361083984375 5158
1749137176025 1.5438848733901978 5160
1749137250438 1.530515730381012 5179
1749137325296 1.5295682549476624 5198
1749137504534 1.54304838180542 5200
1749137578942 1.5294591784477234 5219
1749137653883 1.5285440683364868 5238
1749137833209 1.5446828603744507 5240
1749137907567 1.5292701721191406 5259
1749137982354 1.5274658203125 5278
1749138161484 1.5442315340042114 5280
1749138235746 1.528883457183838 5299
1749138310655 1.5267484188079834 5318
1749138489426 1.543109655380249 5320
1749138564265 1.527927577495575 5339
1749138638349 1.5259862542152405 5358
1749138817917 1.5424737334251404 5360
1749138892887 1.5272029638290405 5379
1749138967067 1.525260865688324 5398
1749139146079 1.5426235795021057 5400
1749139219970 1.526667058467865 5419
1749139294366 1.5244230031967163 5438
1749139474676 1.5409952402114868 5440
1749139548973 1.5262315273284912 5459
1749139623952 1.5238685011863708 5478
1749139803033 1.5426416993141174 5480
1749139877436 1.5264334678649902 5499
1749139952528 1.5230085253715515 5518
1749140133873 1.5412353873252869 5520
1749140209038 1.5257846117019653 5539
1749140283506 1.5222983360290527 5558
1749140464584 1.5412654876708984 5560
1749140538948 1.525379240512848 5579
1749140613603 1.5216010212898254 5598
1749140793441 1.542017936706543 5600
1749140868772 1.52553129196167 5619
1749140943392 1.5210493206977844 5638
1749141124690 1.5415040254592896 5640
1749141199902 1.5250865817070007 5659
1749141274136 1.5204855799674988 5678
1749141455243 1.5391061305999756 5680
1749141529586 1.523417353630066 5699
1749141604349 1.51985764503479 5718
1749141784433 1.5394583940505981 5720
1749141859476 1.5227771401405334 5739
1749141933926 1.5192386507987976 5758
1749142113329 1.5414265990257263 5760
1749142188467 1.523209273815155 5779
1749142262639 1.5188301801681519 5798
1749142442043 1.539903461933136 5800
1749142517065 1.5225424766540527 5819
1749142591375 1.5184420943260193 5838
1749142772502 1.5376303791999817 5840
1749142846711 1.5213006734848022 5859
1749142921479 1.5178425312042236 5878
1749143100830 1.5379194617271423 5880
1749143175500 1.5211827754974365 5899
1749143249776 1.5173351764678955 5918
1749143429004 1.5395367741584778 5920
1749143503884 1.5212510824203491 5939
1749143578043 1.5168947577476501 5958
1749143758039 1.54023939371109 5960
1749143832204 1.521292805671692 5979
1749143906863 1.5166240334510803 5998
1749144086516 1.5364116430282593 6000
1749144161575 1.5192198753356934 6019
1749144235905 1.5161429643630981 6038
1749144416266 1.5370672941207886 6040
1749144490567 1.519710659980774 6059
1749144565532 1.5157934427261353 6078
1749144745093 1.5382549166679382 6080
1749144819480 1.5193285942077637 6099
1749144894401 1.5154536366462708 6118
1749145073752 1.5375027060508728 6120
1749145148459 1.518582284450531 6139
1749145222781 1.515093445777893 6158
1749145404183 1.5372102856636047 6160
1749145478615 1.5182451605796814 6179
1749145553493 1.5146416425704956 6198
1749145732606 1.5375560522079468 6200
1749145806838 1.5186734795570374 6219
1749145881510 1.5143555402755737 6238
1749146060859 1.5366826057434082 6240
1749146135900 1.5176751017570496 6259
1749146210133 1.5139834880828857 6278
1749146389528 1.5367183685302734 6280
1749146464505 1.5169087648391724 6299
1749146538752 1.5135875940322876 6318
1749146719427 1.5365366339683533 6320
1749146793773 1.5171870589256287 6339
1749146868619 1.5134862065315247 6358
1749147048155 1.5368183255195618 6360
1749147122821 1.5168709754943848 6379
1749147198124 1.5132077932357788 6398
1749147378415 1.537428379058838 6400
1749147453717 1.5167378187179565 6419
1749147528119 1.5127869248390198 6438
1749147707814 1.5370339751243591 6440
1749147782822 1.5162089467048645 6459
1749147857423 1.5125023126602173 6478
1749148037401 1.5363744497299194 6480
1749148112755 1.5158535242080688 6499
1749148187480 1.512266218662262 6518
1749148367345 1.5358307361602783 6520
1749148442768 1.5155483484268188 6539
1749148517482 1.5121419429779053 6558
1749148697490 1.5373415350914001 6560
1749148772746 1.5164868235588074 6579
1749148847514 1.5119868516921997 6598
1749149030140 1.5362898707389832 6600
1749149105577 1.5166068077087402 6619
1749149181716 1.511621117591858 6638
1749149364420 1.5346501469612122 6640
1749149440436 1.515541911125183 6659
1749149516079 1.5110933780670166 6678
1749149697977 1.5376530289649963 6680
1749149774106 1.5153124332427979 6699
1749149849503 1.5111643075942993 6718
1749150031044 1.5383288264274597 6720
1749150107094 1.51589035987854 6739
1749150182482 1.5112237334251404 6758
1749150366185 1.535038709640503 6760
1749150441674 1.5150707960128784 6779
1749150517599 1.510474681854248 6798
1749150700149 1.5339584350585938 6800
1749150775643 1.5138482451438904 6819
1749150851533 1.509981095790863 6838
1749151033450 1.5369426608085632 6840
1749151109460 1.5142571330070496 6859
1749151185140 1.5100331902503967 6878
1749151367285 1.5354672074317932 6880
1749151443505 1.514040231704712 6899
1749151519156 1.5101655721664429 6918
1749151701904 1.53593111038208 6920
1749151778130 1.5141116976737976 6939
1749151853448 1.5093726515769958 6958
1749152035731 1.5341778993606567 6960
1749152112017 1.5137829184532166 6979
1749152187619 1.5089433789253235 6998
1749152369872 1.5354432463645935 7000
1749152445812 1.5129926204681396 7019
1749152521334 1.5090351700782776 7038
1749152703443 1.5362967252731323 7040
1749152779875 1.5134732127189636 7059
1749152855626 1.509054183959961 7078
1749153037624 1.5336321592330933 7080
1749153113609 1.512107014656067 7099
1749153188775 1.5085614919662476 7118
1749153371116 1.5340219140052795 7120
1749153447533 1.5131144523620605 7139
1749153523161 1.508285641670227 7158
1749153706426 1.5379799604415894 7160
1749153781828 1.5144030451774597 7179
1749153856821 1.5082117915153503 7198
1749154038680 1.535061001777649 7200
1749154114688 1.5127008557319641 7219
1749154190022 1.507950484752655 7238
1749154371824 1.5336483120918274 7240
1749154447688 1.5115543007850647 7259
1749154522948 1.50771564245224 7278
1749154706855 1.5355936288833618 7280
1749154782919 1.5125749707221985 7299
1749154858388 1.5074484944343567 7318
1749155042431 1.53622704744339 7320
1749155117773 1.5121656656265259 7339
1749155193532 1.5071695446968079 7358
1749155376025 1.534668505191803 7360
1749155451884 1.5120911598205566 7379
1749155527068 1.5066314339637756 7398
1749155710023 1.5344167947769165 7400
1749155785086 1.5115054249763489 7419
1749155860108 1.506568968296051 7438
1749156042684 1.535121500492096 7440
1749156118400 1.5108720660209656 7459
1749156194460 1.5065608620643616 7478
1749156376956 1.5353193283081055 7480
1749156452931 1.5109578371047974 7499
1749156528283 1.5059996247291565 7518
1749156709618 1.5354769229888916 7520
1749156784808 1.5104506015777588 7539
1749156860500 1.5059186816215515 7558
1749157042185 1.534327208995819 7560
1749157117835 1.5099274516105652 7579
1749157192998 1.5054761171340942 7598
1749157373716 1.5350764989852905 7600
1749157448925 1.5100823044776917 7619
1749157524681 1.5059910416603088 7638
1749157703231 1.5346155166625977 7640
1749157778114 1.5095545649528503 7659
1749157852289 1.5054156184196472 7678
1749158032362 1.5341576933860779 7680
1749158107458 1.509506106376648 7699
1749158181790 1.505059540271759 7718
1749158362192 1.5348989963531494 7720
1749158437256 1.5094593167304993 7739
1749158511660 1.5047441720962524 7758
1749158691288 1.5345585942268372 7760
1749158766210 1.5094362497329712 7779
1749158840552 1.5049389600753784 7798
1749159019864 1.5342397689819336 7800
1749159094700 1.509134829044342 7819
1749159169021 1.5043923258781433 7838
1749159349007 1.5322704911231995 7840
1749159423965 1.5082752108573914 7859
1749159498273 1.5043564438819885 7878
1749159678690 1.5360947847366333 7880
1749159754391 1.5088619589805603 7899
1749159829458 1.5042971968650818 7918
1749160009799 1.5336313247680664 7920
1749160084360 1.5087156891822815 7939
1749160159694 1.5040177702903748 7958
1749160340238 1.5344823598861694 7960
1749160414991 1.508080542087555 7979
1749160490151 1.503638744354248 7998
1749160670924 1.534049928188324 8000
1749160745544 1.507773756980896 8019
1749160820849 1.5032368898391724 8038
1749161001450 1.5353258848190308 8040
1749161076257 1.5087078213691711 8059
1749161151635 1.5034974813461304 8078
1749161332101 1.533118486404419 8080
1749161407101 1.5077918767929077 8099
1749161482360 1.5030919313430786 8118
1749161662271 1.5316014885902405 8120
1749161737038 1.5073230266571045 8139
1749161812287 1.5029131770133972 8158
1749161991944 1.5339633226394653 8160
1749162066801 1.5077863931655884 8179
1749162142413 1.5025644302368164 8198
1749162321380 1.5338937044143677 8200
1749162396654 1.5079922080039978 8219
1749162471280 1.5023951530456543 8238
1749162651414 1.530651032924652 8240
1749162726691 1.5074220299720764 8259
1749162801416 1.502099335193634 8278
1749162981507 1.5324129462242126 8280
1749163056522 1.507269263267517 8299
1749163130999 1.501713752746582 8318
1749163310602 1.5325288772583008 8320
1749163385875 1.507187306880951 8339
1749163460412 1.501343548297882 8358
1749163639720 1.5308362245559692 8360
1749163714153 1.5063198804855347 8379
1749163789249 1.5012254118919373 8398
1749163969276 1.5323792099952698 8400
1749164043842 1.5063486695289612 8419
1749164119363 1.5012640953063965 8438
1749164299260 1.5327240228652954 8440
1749164373868 1.5071101188659668 8459
1749164448302 1.5007880330085754 8478
1749164628302 1.5309140086174011 8480
1749164703321 1.5064858794212341 8499
1749164777982 1.5004046559333801 8518
1749164957761 1.5321101546287537 8520
1749165032867 1.5068153738975525 8539
1749165107514 1.5003093481063843 8558
1749165287301 1.5315553545951843 8560
1749165362553 1.5059967637062073 8579
1749165437087 1.4999991059303284 8598
1749165616961 1.530505120754242 8600
1749165691897 1.5062743425369263 8619
1749165766192 1.4996818900108337 8638
1749165946106 1.5318763256072998 8640
1749166021133 1.506531834602356 8659
1749166096002 1.4996523261070251 8678
1749166276209 1.5306509137153625 8680
1749166350982 1.506508708000183 8699
1749166426239 1.49921715259552 8718
1749166606129 1.5315253734588623 8720
1749166680605 1.5062965154647827 8739
1749166755673 1.4989227056503296 8758
1749166935580 1.5308715105056763 8760
1749167010239 1.506216824054718 8779
1749167084647 1.4985431432724 8798
1749167265699 1.5312992334365845 8800
1749167340502 1.506266474723816 8819
1749167415460 1.4982783794403076 8838
1749167595874 1.529964804649353 8840
1749167670469 1.506216049194336 8859
1749167745008 1.4980208277702332 8878
1749167926126 1.5304065942764282 8880
1749168000848 1.5061450004577637 8899
1749168075580 1.4978705644607544 8918
1749168256007 1.5297255516052246 8920
1749168331509 1.5059676766395569 8939
1749168406276 1.4976593255996704 8958
1749168586321 1.5294183492660522 8960
1749168661575 1.507675588130951 8979
1749168736266 1.4964088201522827 8998
1749168918026 1.5316616892814636 9000
1749168993099 1.5053805708885193 9019
1749169067836 1.4968165755271912 9038
1749169247949 1.53024160861969 9040
1749169323483 1.5055113434791565 9059
1749169398380 1.4966592192649841 9078
1749169578838 1.5279725790023804 9080
1749169654095 1.5055536031723022 9099
1749169728535 1.496562898159027 9118
1749169909031 1.5310733914375305 9120
1749169984631 1.5051509141921997 9139
1749170059691 1.4962286949157715 9158
1749170240112 1.529973328113556 9160
1749170315417 1.5058225989341736 9179
1749170390322 1.4957577586174011 9198
1749170570473 1.528240978717804 9200
1749170645929 1.5066442489624023 9219
1749170720747 1.494667410850525 9238
1749170902354 1.5307571291923523 9240
1749170977657 1.5053945779800415 9259
1749171052048 1.4950235486030579 9278
1749171232586 1.5296425819396973 9280
1749171308456 1.5062578320503235 9299
1749171383602 1.4941400289535522 9318
1749171565109 1.5299859642982483 9320
1749171640222 1.5039404034614563 9339
1749171715609 1.4944519400596619 9358
1749171896521 1.53254896402359 9360
1749171971896 1.5051203966140747 9379
1749172047324 1.4944120049476624 9398
1749172227669 1.527436077594757 9400
1749172302429 1.505373239517212 9419
1749172377660 1.493351936340332 9438
1749172558874 1.5302944779396057 9440
1749172633516 1.5045037269592285 9459
1749172708850 1.493709921836853 9478
1749172888880 1.5306143164634705 9480
1749172963663 1.5050702095031738 9499
1749173038907 1.4937728643417358 9518
1749173219237 1.5291302800178528 9520
1749173294328 1.504707932472229 9539
1749173369330 1.4938995838165283 9558
1749173550767 1.5320237874984741 9560
1749173625310 1.504284679889679 9579
1749173700241 1.4925113320350647 9598
1749173879998 1.5303678512573242 9600
1749173954755 1.506135880947113 9619
1749174029522 1.4924767017364502 9638
1749174209474 1.529294192790985 9640
1749174284619 1.504006028175354 9659
1749174359013 1.4929478764533997 9678
1749174539576 1.5308070182800293 9680
1749174614796 1.5047439932823181 9699
1749174689276 1.4915148615837097 9718
1749174869564 1.5299222469329834 9720
1749174944223 1.5036070346832275 9739
1749175019102 1.4908480644226074 9758
1749175199932 1.531899094581604 9760
1749175274564 1.5044991374015808 9779
1749175349559 1.491003155708313 9798
1749175530401 1.5302382707595825 9800
1749175605060 1.5033137798309326 9819
1749175680102 1.4905372858047485 9838
1749175860629 1.5291469097137451 9840
1749175935264 1.5049656629562378 9859
1749176010185 1.4898930191993713 9878
1749176190012 1.531427264213562 9880
1749176264542 1.5020031929016113 9899
1749176339057 1.489475667476654 9918
1749176520580 1.5274590253829956 9920
1749176595511 1.5020911693572998 9939
1749176670894 1.4905648231506348 9958
1749176852354 1.5296878814697266 9960
1749176926943 1.5049865245819092 9979
1749177002071 1.488704800605774 9998
1749177182629 1.532149076461792 10000
1749177257341 1.503574252128601 10019
1749177332439 1.488293170928955 10038
1749177512277 1.5296561121940613 10040
1749177586862 1.501085638999939 10059
1749177661237 1.4880349040031433 10078
1749177841923 1.527457058429718 10080
1749177916615 1.5005584955215454 10099
1749177991159 1.4877992868423462 10118
1749178172065 1.529479444026947 10120
1749178246638 1.5030242204666138 10139
1749178321122 1.4870633482933044 10158
1749178500070 1.5306712985038757 10160
1749178575152 1.5046914219856262 10179
1749178649554 1.486694872379303 10198
1749178828956 1.5338456630706787 10200
1749178903206 1.4994112253189087 10219
1749178978182 1.4863850474357605 10238
1749179158587 1.5270129442214966 10240
1749179232809 1.4996538758277893 10259
1749179307860 1.4860204458236694 10278
1749179488680 1.5316858291625977 10280
1749179563432 1.504891276359558 10299
1749179637672 1.4854411482810974 10318
1749179817067 1.5324850678443909 10320
1749179891014 1.5040040612220764 10339
1749179965448 1.4849462509155273 10358
1749180144910 1.5342733263969421 10360
1749180219097 1.5038460493087769 10379
1749180293921 1.48432457447052 10398
1749180472887 1.5334079265594482 10400
1749180547217 1.4977181553840637 10419
1749180621214 1.4853323101997375 10438
1749180801251 1.53042733669281 10440
1749180875764 1.4975829124450684 10459
1749180949965 1.4850032925605774 10478
1749181130271 1.5307039022445679 10480
1749181204409 1.5044288039207458 10499
1749181278393 1.4831573963165283 10518
1749181457686 1.5325502157211304 10520
1749181532447 1.5030395984649658 10539
1749181606718 1.482740581035614 10558
1749181785797 1.5336143970489502 10560
1749181859874 1.495635449886322 10579
1749181934716 1.484033465385437 10598
1749182114594 1.533758521080017 10600
1749182188875 1.4956625699996948 10619
1749182262584 1.4834203124046326 10638
1749182442114 1.5319280624389648 10640
1749182516710 1.4956302046775818 10659
1749182590740 1.483155906200409 10678
1749182769963 1.5323541760444641 10680
1749182844378 1.4946030974388123 10699
1749182918154 1.482470989227295 10718
1749183097691 1.534425437450409 10720
1749183172073 1.5033832788467407 10739
1749183246030 1.480027973651886 10758
1749183424728 1.534060001373291 10760
1749183498725 1.5049484968185425 10779
