1751912248505 0.453 0
1751915069083 0.4894 1
1751917898786 0.514 2
1751920741759 0.5184 3
1751923583498 0.5314 4
1751926409726 0.5422 5
1751929231385 0.5444 6
1751932053323 0.5466 7
1751934889435 0.5484 8
1751937738599 0.5522 9
1751940592523 0.5526 10
1751943429653 0.5542 11
1751946266010 0.5618 12
1751949108855 0.554 13
1751951970819 0.559 14
1751954829641 0.5644 15
1751957671120 0.56 16
1751960509566 0.5498 17
1751963345385 0.5594 18
1751966191419 0.558 19
1751969058923 0.5628 20
1751971914703 0.566 21
1751974752858 0.568 22
1751977588391 0.565 23
1751980427685 0.5632 24
1751983267624 0.5582 25
1751986126273 0.5648 26
1751988982188 0.5644 27
1751991820349 0.5654 28
1751994654593 0.5676 29
1751997495621 0.5654 30
1752000337424 0.5682 31
1752003195231 0.5642 32
1752006053483 0.5634 33
1752008891364 0.5672 34
1752011725590 0.5624 35
1752014557189 0.5646 36
1752017395291 0.5644 37
1752020252115 0.5664 38
1752023107677 0.567 39
1752025954622 0.5638 40
1752028791745 0.5654 41
1752031626070 0.565 42
1752034466507 0.5652 43
1752037324560 0.5658 44
1752040183817 0.5638 45
1752043023639 0.5636 46
1752045860340 0.565 47
1752048695799 0.566 48
1752051538028 0.5634 49
1752054414302 0.5638 50
1752057293374 0.5636 51
1752060135677 0.5648 52
1752062973755 0.5648 53
1752065808859 0.5654 54
1752068653132 0.5656 55
1752071519421 0.5648 56
1752074385568 0.5634 57
1752077233623 0.5624 58
1752080077672 0.5628 59
