1751912248505 1.5174836754798888 0
1751915069083 1.4048555105924607 1
1751917898786 1.3530298992991447 2
1751920741759 1.3205817684531211 3
1751923583498 1.3100624680519104 4
1751926409726 1.2850784868001939 5
1751929231385 1.2815602540969848 6
1751932053323 1.2712126180529595 7
1751934889435 1.2565025240182877 8
1751937738599 1.2651429608464242 9
1751940592523 1.2617952093482017 10
1751943429653 1.252247267961502 11
1751946266010 1.2515506148338318 12
1751949108855 1.256112477183342 13
1751951970819 1.2460973501205443 14
1751954829641 1.2561728738248348 15
1751957671120 1.2646710082888604 16
1751960509566 1.2823330208659172 17
1751963345385 1.2550199076533317 18
1751966191419 1.2646358475089072 19
1751969058923 1.2584506675601006 20
1751971914703 1.2563112616539 21
1751974752858 1.2607601284980774 22
1751977588391 1.2620697610080243 23
1751980427685 1.2700293250381947 24
1751983267624 1.2714267075061798 25
1751986126273 1.2693959757685662 26
1751988982188 1.2726932354271412 27
1751991820349 1.272001539170742 28
1751994654593 1.2771530777215958 29
1751997495621 1.2819239415228367 30
1752000337424 1.281397032737732 31
1752003195231 1.2856601879000664 32
1752006053483 1.294705056399107 33
1752008891364 1.2802042424678803 34
1752011725590 1.2935808539390563 35
1752014557189 1.2890293017029761 36
1752017395291 1.295384456217289 37
1752020252115 1.2877864062786102 38
1752023107677 1.291944208741188 39
1752025954622 1.2977353781461716 40
1752028791745 1.293011075258255 41
1752031626070 1.2927837252616883 42
1752034466507 1.2968590170145036 43
1752037324560 1.2956612601876258 44
1752040183817 1.2879887133836747 45
1752043023639 1.297862309217453 46
1752045860340 1.2981138616800307 47
1752048695799 1.297765038907528 48
1752051538028 1.3013387784361838 49
1752054414302 1.2961916118860244 50
1752057293374 1.2961607672274114 51
1752060135677 1.2958307161927223 52
1752062973755 1.3013564929366113 53
1752065808859 1.3028490968048572 54
1752068653132 1.299709615856409 55
1752071519421 1.2912134788930416 56
1752074385568 1.2936029031872749 57
1752077233623 1.2908469885587692 58
1752080077672 1.2946156814694405 59
