1747301022421 2.1019102334976196 0
1747301104652 2.1019105911254883 19
1747301185834 2.101910710334778 38
1747301723114 2.103020429611206 40
1747301803124 2.1030209064483643 59
1747301883693 2.1030203104019165 78
1747302419268 2.0489476919174194 80
1747302500391 2.0489474534988403 99
1747302581198 2.0489474534988403 118
1747303114943 2.0219886302948 120
1747303196256 2.021987795829773 139
1747303277858 2.0219889879226685 158
1747303819568 2.0119755268096924 160
1747303901753 2.0119746923446655 179
1747303983659 2.0119744539260864 198
