1746676987066 0.6895200610160828 0
1746677004311 0.6880596280097961 19
1746677021497 0.6868430376052856 38
1746677062695 0.6837692260742188 40
1746677079784 0.6823909282684326 59
1746677096897 0.680686891078949 78
1746677138083 0.6770365834236145 80
1746677155330 0.6752418279647827 99
1746677173357 0.6732662320137024 118
1746677216041 0.6685237884521484 120
1746677233365 0.6661549806594849 139
1746677250721 0.6635473370552063 158
1746677292248 0.6568863987922668 160
1746677309607 0.653192937374115 179
1746677326939 0.6497992277145386 198
1746677368626 0.6416043639183044 200
1746677386048 0.6376520395278931 219
1746677403486 0.6333012580871582 238
1746677445274 0.6233245134353638 240
1746677462704 0.618588924407959 259
1746677480143 0.6135276556015015 278
1746677521881 0.6017249226570129 280
1746677539369 0.596308708190918 299
1746677557179 0.5905168056488037 318
1746677598811 0.5770635604858398 320
1746677616619 0.5709326267242432 339
1746677634175 0.5644407868385315 358
1746677675987 0.5504539608955383 360
1746677693930 0.5443154573440552 379
1746677711480 0.5369607210159302 398
1746677753089 0.5224224925041199 400
1746677770939 0.5165008306503296 419
1746677788479 0.5098586082458496 438
1746677830575 0.4960121810436249 440
1746677848181 0.49064791202545166 459
1746677865813 0.48279058933258057 478
1746677907920 0.4722133278846741 480
1746677925500 0.4663883149623871 499
1746677943121 0.4609406590461731 518
1746677985248 0.4564685523509979 520
1746678002880 0.45312225818634033 539
1746678020474 0.4485715329647064 558
1746678062827 0.4411783218383789 560
1746678080467 0.4381382167339325 579
1746678098075 0.436747670173645 598
1746678140224 0.43269532918930054 600
1746678157874 0.43178126215934753 619
1746678175548 0.4306783676147461 638
1746678217860 0.4282647967338562 640
1746678235571 0.42700886726379395 659
1746678253222 0.4267265796661377 678
1746678295438 0.4238278865814209 680
1746678313105 0.4238182008266449 699
1746678331090 0.42358437180519104 718
1746678373091 0.42085951566696167 720
1746678391088 0.4214220643043518 739
1746678408766 0.4212145209312439 758
1746678450628 0.4186224043369293 760
1746678468558 0.4192633628845215 779
1746678486208 0.4188724458217621 798
1746678527995 0.41649726033210754 800
1746678545900 0.417706698179245 819
1746678563496 0.4176054298877716 838
1746678605578 0.4151821732521057 840
1746678623194 0.4163265824317932 859
1746678640773 0.41637060046195984 878
1746678682931 0.4138992130756378 880
1746678700575 0.4154152274131775 899
1746678718216 0.41525301337242126 918
1746678760465 0.41303637623786926 920
1746678778162 0.4145486652851105 939
1746678795832 0.4146190285682678 958
1746678838249 0.4119049310684204 960
1746678856033 0.41342034935951233 979
1746678873867 0.41366642713546753 998
1746678916475 0.4109482765197754 1000
1746678934317 0.41299378871917725 1019
1746678952111 0.4130759537220001 1038
1746678994659 0.41083818674087524 1040
1746679012452 0.41269269585609436 1059
1746679030334 0.4126736521720886 1078
1746679072812 0.40985992550849915 1080
1746679090518 0.41220325231552124 1099
1746679108589 0.4122612178325653 1118
