1747890186560 0.001 0
1747890189443 0.001 1
1747890192216 0.001 2
1747890195276 0.001 3
1747890198017 0.001 4
1747890200799 0.001 5
1747890203557 0.001 6
1747890206306 0.001 7
1747890209352 0.001 8
1747890212125 0.001 9
1747890214912 0.001 10
1747890217690 0.001 11
1747890220779 0.001 12
1747890223557 0.001 13
1747890226310 0.001 14
1747890229068 0.001 15
1747890232129 0.001 16
1747890234910 0.001 17
1747890237655 0.001 18
1747890240637 0.001 19
1747890243704 0.001 20
1747890246485 0.001 21
1747890249251 0.001 22
1747890252041 0.001 23
1747890255087 0.001 24
1747890257851 0.001 25
1747890260653 0.001 26
1747890263457 0.001 27
1747890266222 0.001 28
1747890269316 0.001 29
1747890272090 0.001 30
1747890274852 0.001 31
1747890277611 0.001 32
1747890280681 0.001 33
1747890283443 0.001 34
1747890286212 0.001 35
1747890288976 0.001 36
1747890292052 0.001 37
1747890295031 0.001 38
1747890297800 0.001 39
1747890420469 0.001 40
1747890423336 0.001 41
1747890426210 0.001 42
1747890429039 0.001 43
1747890431896 0.001 44
1747890434749 0.001 45
1747890437602 0.001 46
1747890440440 0.0005 47
1747890443293 0.0005 48
1747890446130 0.0005 49
1747890448967 0.0005 50
1747890451463 0.0005 51
1747890454303 0.0005 52
1747890457177 0.00025 53
1747890460056 0.00025 54
1747890462899 0.00025 55
1747890465745 0.00025 56
1747890468588 0.00025 57
1747890471444 0.00025 58
1747890474475 0.000125 59
1747890477313 0.000125 60
1747890480177 0.000125 61
1747890483035 0.000125 62
1747890485867 0.000125 63
1747890488718 0.000125 64
1747890491217 6.25e-05 65
1747890494090 6.25e-05 66
1747890496924 6.25e-05 67
1747890499793 6.25e-05 68
1747890502646 6.25e-05 69
1747890505509 6.25e-05 70
1747890508372 3.125e-05 71
1747890511260 3.125e-05 72
1747890514136 3.125e-05 73
1747890516988 3.125e-05 74
1747890519840 3.125e-05 75
1747890522733 3.125e-05 76
1747890525588 1.5625e-05 77
1747890528637 1.5625e-05 78
1747890531499 1.5625e-05 79
1747890651809 0.001 80
1747890654687 0.001 81
1747890657578 0.001 82
1747890660440 0.001 83
1747890663332 0.001 84
1747890665841 0.001 85
1747890668749 0.0005 86
1747890671636 0.0005 87
1747890674540 0.0005 88
1747890677422 0.0005 89
1747890680306 0.0005 90
1747890683183 0.0005 91
1747890686071 0.0005 92
1747890688964 0.00025 93
1747890691845 0.00025 94
1747890694734 0.00025 95
1747890697634 0.00025 96
1747890700527 0.00025 97
1747890703048 0.00025 98
1747890706147 0.00025 99
1747890709038 0.00025 100
1747890711943 0.00025 101
1747890714842 0.00025 102
1747890717728 0.00025 103
1747890720631 0.00025 104
1747890723530 0.00025 105
1747890726423 0.00025 106
1747890729312 0.00025 107
1747890732212 0.00025 108
1747890735115 0.00025 109
1747890738009 0.00025 110
1747890740528 0.00025 111
1747890743420 0.00025 112
1747890746323 0.00025 113
1747890749230 0.00025 114
1747890752113 0.00025 115
1747890755020 0.00025 116
1747890757919 0.00025 117
1747890761050 0.00025 118
1747890763951 0.00025 119
