1750196515091 0.2164 0
1750198102528 0.2892 1
1750199638075 0.3174 2
1750201166900 0.3336 3
1750202728637 0.3476 4
1750204316573 0.355 5
1750205904402 0.3672 6
1750207496755 0.3688 7
1750209071056 0.3714 8
1750210594479 0.3776 9
1750212133043 0.385 10
1750213718503 0.3824 11
1750215312476 0.384 12
1750216904981 0.3834 13
1750218498172 0.388 14
1750220030976 0.388 15
1750221564521 0.3938 16
1750223131268 0.39 17
1750224746607 0.3998 18
1750226340098 0.3966 19
1750227933620 0.4018 20
1750229481760 0.406 21
1750231016724 0.4076 22
1750232578490 0.414 23
1750234169898 0.4118 24
1750235761762 0.4096 25
1750237354920 0.415 26
1750238913533 0.4166 27
1750240465257 0.4166 28
1750242028599 0.4196 29
1750243621787 0.42 30
1750245213404 0.4214 31
1750246806251 0.4222 32
1750248399282 0.4242 33
1750249926585 0.4204 34
1750251467856 0.4276 35
1750253051458 0.4254 36
1750254647539 0.4268 37
1750256243735 0.4278 38
1750257842165 0.4256 39
1750259412458 0.4242 40
1750260947328 0.4296 41
1750262497889 0.43 42
1750264101675 0.4222 43
1750265699688 0.4234 44
1750267296748 0.4314 45
1750268896827 0.4322 46
1750270430346 0.4338 47
1750271969968 0.4348 48
1750273539668 0.4324 49
1750275137058 0.4328 50
1750276734547 0.4332 51
1750278335092 0.4342 52
1750279899645 0.433 53
1750281435979 0.4354 54
1750282990981 0.437 55
1750284591153 0.4352 56
1750286189455 0.4358 57
1750287789323 0.4344 58
1750289386784 0.4378 59
1750290917697 0.4366 60
1750292461926 0.4374 61
1750294053654 0.4402 62
1750295654118 0.44 63
1750297252563 0.4396 64
1750298854734 0.4404 65
1750300402253 0.4406 66
1750301942323 0.4406 67
1750303508813 0.4398 68
1750305109219 0.4434 69
1750306709740 0.4414 70
1750308310469 0.4446 71
1750309909040 0.4438 72
1750311440361 0.4456 73
1750312982981 0.4436 74
1750314569302 0.4444 75
1750316169177 0.4448 76
1750317766980 0.4436 77
1750319365665 0.4446 78
1750320910677 0.4428 79
1750322447590 0.4442 80
1750324007864 0.4458 81
1750325605645 0.4464 82
1750327203059 0.4424 83
1750328800513 0.4444 84
1750330376030 0.4454 85
1750331911561 0.4448 86
1750333464007 0.445 87
1750335061736 0.4442 88
1750336660963 0.4436 89
1750338259151 0.445 90
1750339859730 0.4446 91
1750341390360 0.4448 92
1750342932352 0.4444 93
1750344509937 0.4446 94
1750346109706 0.4448 95
1750347707275 0.446 96
1750349306016 0.4452 97
1750350869196 0.4468 98
1750352403377 0.446 99
1750353949589 0.448 100
1750355548712 0.4488 101
1750357145453 0.449 102
1750358744181 0.449 103
1750360315198 0.449 104
1750361843931 0.4494 105
1750363385908 0.4484 106
1750364982538 0.4464 107
1750366579423 0.4478 108
