1747304985398 2.3060835058038887 0
1747304989818 2.305408477783203 1
1747304994292 2.304751071062955 2
1747304998957 2.3041088581085205 3
1747305003383 2.3035002188249067 4
1747305007785 2.302932717583396 5
1747305012226 2.3023984648964624 6
1747305016938 2.301898024298928 7
1747305021393 2.301437096162276 8
1747305025846 2.300996043465354 9
1747305030469 2.300581628626043 10
1747305034935 2.3001833178780298 11
1747305039338 2.2998015230352227 12
1747305043788 2.299435355446555 13
1747305048441 2.299080111763694 14
1747305052847 2.2987408854744653 15
1747305057263 2.2984059940684927 16
1747305061933 2.298085169358687 17
1747305066367 2.2977682893926445 18
1747305070966 2.2974565679376777 19
1747305075615 2.297153581272472 20
1747305079996 2.296855991536921 21
1747305084513 2.296562996777621 22
1747305088862 2.2962764393199575 23
1747305093521 2.295999440279874 24
1747305097877 2.295727426355535 25
1747305102299 2.295466097918424 26
1747305106917 2.2952131141315806 27
1747305111300 2.2949690602042456 28
1747305115688 2.2947300997647373 29
1747305120065 2.294502475044944 30
1747305124709 2.294281179254705 31
1747305129092 2.294068293137984 32
1747305133490 2.293857682834972 33
1747305138093 2.293649760159579 34
1747305142489 2.293451287529685 35
1747305146876 2.29325008392334 36
1747305151260 2.2930568781766025 37
1747305156099 2.2928590341047808 38
1747305160447 2.2926673022183506 39
1747305707306 2.2987418174743652 40
1747305711670 2.297928506677801 41
1747305716161 2.2971486178311435 42
1747305720477 2.2963940663771196 43
1747305724824 2.2956783771514893 44
1747305729172 2.294993920759721 45
1747305733546 2.2943493886427446 46
1747305737912 2.293737844987349 47
1747305742293 2.2931639931418677 48
1747305746778 2.2926166274330835 49
1747305751137 2.292103962464766 50
1747305755474 2.2916124300523237 51
1747305759808 2.2911575707522305 52
1747305764297 2.2907127250324595 53
1747305768666 2.2902840050784024 54
1747305773036 2.289875615726818 55
1747305777396 2.2894824634898794 56
1747305781763 2.28909986669367 57
1747305786123 2.2887295592914927 58
1747305790690 2.288373968817971 59
1747305795158 2.288027438250455 60
1747305799496 2.2876968167044898 61
1747305803876 2.2873788963664663 62
1747305808327 2.287063576958396 63
1747305812679 2.28676269271157 64
1747305817026 2.2864658399061724 65
1747305821407 2.2861842025410044 66
1747305825739 2.28590989112854 67
1747305830074 2.285655368458141 68
1747305834444 2.2854127450422808 69
1747305838775 2.285176017067649 70
1747305843109 2.284943017092618 71
1747305847458 2.284724322232333 72
1747305851814 2.284512931650335 73
1747305856315 2.284303383393721 74
1747305860669 2.284096761183305 75
1747305865042 2.283891287716952 76
1747305869398 2.2836949825286865 77
1747305873965 2.2834960547360508 78
1747305878303 2.2833002480593594 79
1747306424090 2.2898471355438232 80
1747306428459 2.288906530900435 81
1747306432852 2.2880108139731665 82
1747306437286 2.2871610684828325 83
1747306441668 2.286369865590876 84
1747306446076 2.285614490509033 85
1747306450456 2.2848967855626885 86
1747306454840 2.284215125170621 87
1747306459243 2.283573128960349 88
1747306463626 2.28295053135265 89
1747306467997 2.2823575843464243 90
1747306472374 2.281797083941373 91
1747306476740 2.2812646302309902 92
1747306481112 2.280743425542658 93
1747306485485 2.280243743549694 94
1747306489857 2.279776594855569 95
1747306494264 2.2793224074623804 96
1747306498639 2.2788885073228315 97
1747306503017 2.278459570624612 98
1747306507620 2.278048428622159 99
1747306511996 2.2776456529443916 100
1747306516360 2.2772574207999488 101
1747306520710 2.276871832934293 102
1747306525086 2.276506098833951 103
1747306529467 2.276146086779508 104
1747306533856 2.275796261700717 105
1747306538218 2.275458270853216 106
1747306542575 2.2751283212141558 107
1747306546934 2.274815711108121 108
1747306551312 2.274512681094083 109
1747306555684 2.274219101125544 110
1747306560036 2.273946155201305 111
1747306564416 2.2736792347647925 112
1747306568792 2.273434053767811 113
1747306573186 2.2731816335157915 114
1747306577570 2.272941307588057 115
1747306581914 2.272704774683172 116
1747306586268 2.2724688703363594 117
1747306590841 2.2722360004078257 118
1747306595212 2.2719965414567427 119
1747307177611 2.279222163287076 120
1747307182961 2.2781809026544746 121
1747307187616 2.2771897315979004 122
1747307192015 2.2762440117922695 123
1747307196888 2.275342962958596 124
1747307201426 2.2744810581207275 125
1747307206000 2.273661591789939 126
1747307210468 2.272870193828236 127
1747307214849 2.2721302292563696 128
1747307219239 2.2714109854264692 129
1747307223609 2.270720026709817 130
1747307227994 2.270054990595037 131
1747307232392 2.269401940432462 132
1747307236753 2.268783374266191 133
1747307241148 2.268181020563299 134
1747307245530 2.2675850608132104 135
1747307249894 2.267014416781339 136
1747307254274 2.266461415724321 137
1747307258678 2.2659358328038994 138
1747307263267 2.2654135443947534 139
1747307267633 2.2649137540297075 140
1747307272036 2.2644335356625644 141
1747307276439 2.2639728025956587 142
1747307280825 2.2635216929695825 143
1747307285242 2.2630983265963467 144
1747307289615 2.2626874446868896 145
1747307294016 2.262297413565896 146
1747307298392 2.2619160522114146 147
1747307302780 2.2615694349462334 148
1747307307143 2.2612112001939253 149
1747307311534 2.2608846751126377 150
1747307315927 2.260559385473078 151
1747307320309 2.2602523023431953 152
1747307324704 2.2599421414462 153
1747307329090 2.2596489082683218 154
1747307333487 2.2593513185327705 155
1747307337869 2.2590690092606978 156
1747307342253 2.2587596719915215 157
1747307346867 2.2584675442088735 158
1747307351250 2.2581735741008413 159
1747307898759 2.2671765847639604 160
1747307903238 2.265980742194436 161
1747307907763 2.2648057504133745 162
1747307912293 2.263682798905806 163
1747307916815 2.2626001184636895 164
1747307921337 2.2615665089000356 165
1747307925786 2.2605512142181396 166
1747307930269 2.2595965428785845 167
1747307934751 2.258675900372592 168
1747307939232 2.257780812003396 169
1747307943717 2.2569227652116255 170
1747307948198 2.2560913779518823 171
1747307952646 2.2552862600846724 172
1747307957120 2.254513480446555 173
1747307961525 2.2537655396894976 174
1747307965947 2.2530593872070312 175
1747307970374 2.2523702924901787 176
1747307974785 2.2517154216766357 177
1747307979197 2.2510841109535913 178
1747307983825 2.2504836212504995 179
1747307988225 2.2499058680100874 180
1747307992645 2.2493565299294214 181
1747307997110 2.2488420009613037 182
1747308001512 2.248332240364768 183
1747308006014 2.2478614937175405 184
1747308010474 2.2474008039994673 185
1747308014974 2.2469569553028452 186
1747308019489 2.2465265447443183 187
1747308023920 2.2461219050667505 188
1747308028440 2.2457277341322466 189
1747308032895 2.2453489737077192 190
1747308037403 2.244976043701172 191
1747308041892 2.244616746902466 192
1747308046391 2.2442574501037598 193
1747308050916 2.243914560838179 194
1747308055397 2.2435794310136274 195
1747308059904 2.243239467794245 196
1747308064370 2.2429010434584185 197
1747308069426 2.2425719607960093 198
1747308073876 2.2422560345042837 199
1747308632410 2.253297068855979 200
1747308636899 2.2518682046370073 201
1747308641384 2.2504614049738105 202
1747308645856 2.2491261525587602 203
1747308650391 2.2478257526050913 204
1747308654887 2.2465720610185103 205
1747308659440 2.2453575134277344 206
1747308663898 2.244197195226496 207
1747308668323 2.2430621060458096 208
1747308672807 2.241990241137418 209
1747308677271 2.240939877249978 210
1747308681722 2.239950483495539 211
1747308686201 2.2389778440648858 212
1747308690678 2.2380636605349453 213
1747308695128 2.237178672443737 214
1747308699570 2.236350492997603 215
1747308704026 2.235555345361883 216
1747308708541 2.2347981929779053 217
1747308713026 2.2340688055211846 218
1747308717758 2.2333914800123735 219
1747308722213 2.232735352082686 220
1747308726737 2.2321018305691807 221
1747308731197 2.2315154509110884 222
1747308735677 2.230939670042558 223
1747308740130 2.2304190288890493 224
1747308744633 2.229898127642545 225
1747308749136 2.2294126640666616 226
1747308753568 2.2289322072809394 227
1747308758057 2.228499000722712 228
1747308762502 2.2280665961178867 229
1747308767001 2.2276400219310415 230
1747308771492 2.2272381999275903 231
1747308776005 2.22683783011003 232
1747308780427 2.226442965594205 233
1747308784878 2.226047906008634 234
1747308789381 2.2256807630712334 235
1747308793793 2.225284446369518 236
1747308798221 2.224902629852295 237
1747308802859 2.224520618265325 238
1747308807344 2.224134488539262 239
1747309367553 2.2379697019403633 240
1747309372044 2.236196127804843 241
1747309376614 2.234478235244751 242
1747309381122 2.232818928631869 243
1747309385629 2.2312335751273413 244
1747309390102 2.229682835665616 245
1747309394564 2.2282149358229204 246
1747309399041 2.2268106937408447 247
1747309403483 2.2254729704423384 248
1747309408002 2.2241772304881704 249
1747309412455 2.222975795919245 250
1747309416948 2.221810752695257 251
1747309421471 2.220717668533325 252
1747309425956 2.2196743705055932 253
1747309430414 2.218686905774203 254
1747309434889 2.217760931361805 255
1747309439323 2.2168815569444136 256
1747309443757 2.216053767637773 257
1747309448279 2.2152649706060235 258
1747309452957 2.2145282355221836 259
1747309457457 2.213843193921176 260
1747309461986 2.213186892596158 261
1747309466504 2.212551788850264 262
1747309471050 2.2119712829589844 263
1747309475600 2.2114222699945625 264
1747309480077 2.2109000249342485 265
1747309484527 2.210396484895186 266
1747309489051 2.2099015495993872 267
1747309493560 2.2094572457400234 268
1747309498117 2.208995147184892 269
1747309502581 2.208583810112693 270
1747309507106 2.208159988576716 271
1747309511643 2.2077554139223965 272
1747309516154 2.2073708230798896 273
1747309520700 2.2069895267486572 274
1747309525240 2.2065981951626865 275
1747309529817 2.2062022252516313 276
1747309534292 2.2058241584084253 277
1747309539096 2.2054533741690894 278
1747309543645 2.205069758675315 279
1747310107439 2.222239624370228 280
1747310112023 2.2200004187497226 281
1747310116555 2.2178741585124624 282
1747310121098 2.2158072861758145 283
1747310125654 2.213899330659346 284
1747310130167 2.2120534506711094 285
1747310134644 2.210321773182262 286
1747310139263 2.2086562026630747 287
1747310143820 2.207088427110152 288
1747310148420 2.2056097984313965 289
1747310153003 2.2042351202531294 290
1747310157568 2.20291053165089 291
1747310162178 2.201699365269054 292
1747310166783 2.2005621736699883 293
1747310171391 2.199528520757502 294
1747310175980 2.1985437219793145 295
1747310180576 2.197626677426425 296
1747310185150 2.196777820587158 297
1747310189732 2.195973266254772 298
1747310194546 2.195231697776101 299
1747310199157 2.194551099430431 300
1747310203742 2.1938842860135166 301
1747310208315 2.193293723193082 302
1747310212891 2.1927158399061724 303
1747310217481 2.1921899101950904 304
1747310221985 2.1916796294125644 305
1747310226509 2.191193775697188 306
1747310231075 2.190742839466442 307
1747310235612 2.190306555141102 308
1747310240091 2.189880847930908 309
1747310244557 2.1894674734635786 310
1747310249084 2.189077854156494 311
1747310253594 2.1886907057328657 312
1747310258163 2.188311966982755 313
1747310262657 2.18793908032504 314
1747310267174 2.187568426132202 315
1747310271650 2.1872065284035425 316
1747310276125 2.18684662472118 317
1747310280816 2.1864779862490566 318
1747310285570 2.186132647774436 319
1747310845476 2.2078498927029697 320
1747310850024 2.2050334973768755 321
1747310854531 2.2024384195154365 322
1747310859084 2.20011888850819 323
1747310863647 2.197912194512107 324
1747310868202 2.1958598873832007 325
1747310872733 2.193874619223855 326
1747310877299 2.192018162120472 327
1747310881823 2.190231691707264 328
1747310886350 2.188547893003984 329
1747310890871 2.1869547150351782 330
1747310895409 2.1855055418881504 331
1747310899924 2.184129238128662 332
1747310904442 2.1828858202153985 333
1747310908970 2.1817157051780005 334
1747310913525 2.1806423664093018 335
1747310918034 2.17967642437328 336
1747310922570 2.1787762858650903 337
1747310927134 2.1779342131181196 338
1747310931885 2.1771667437119917 339
1747310936405 2.1764512062072754 340
1747310940961 2.1758120276711206 341
1747310945523 2.1752177368510854 342
1747310950085 2.1746858683499424 343
1747310954641 2.1741837588223545 344
1747310959151 2.1737299398942427 345
1747310963682 2.173287348313765 346
1747310968218 2.172896970402111 347
1747310972754 2.1725072860717773 348
1747310977216 2.172146428715099 349
1747310981779 2.171811819076538 350
1747310986341 2.1714681712063877 351
1747310990910 2.1711375930092554 352
1747310995481 2.170826109972867 353
1747311000034 2.170517921447754 354
1747311004594 2.1702053113417192 355
1747311009156 2.1699054674668745 356
1747311013690 2.169613578102805 357
1747311018458 2.1693075570193203 358
1747311022983 2.169003638354215 359
1747311588320 2.1981947205283423 360
1747311592919 2.1945478916168213 361
1747311597479 2.191332383589311 362
1747311602052 2.1885147961703213 363
1747311606613 2.1859365810047495 364
1747311611172 2.1835332783785733 365
1747311615715 2.181222438812256 366
1747311620322 2.1790409955111416 367
1747311624898 2.176934697411277 368
1747311629477 2.174909071488814 369
1747311634011 2.173027190295133 370
1747311638592 2.171287038109519 371
1747311643154 2.1696893735365435 372
1747311647735 2.1682067567651924 373
1747311652305 2.1668838154185903 374
1747311656864 2.1656729091297495 375
1747311661393 2.1645551811565054 376
1747311665897 2.163537719032981 377
1747311670420 2.1625877076929267 378
1747311675150 2.1617276668548584 379
1747311679687 2.160927512428977 380
1747311684290 2.1602187806909736 381
1747311688875 2.159602013501254 382
1747311693456 2.159030155702071 383
1747311698015 2.1585325327786533 384
1747311702535 2.158082615245472 385
1747311707039 2.157689853148027 386
1747311711610 2.1573064760728315 387
1747311716178 2.1569521210410376 388
1747311720738 2.156638904051347 389
1747311725298 2.156345909292048 390
1747311729872 2.156070492484353 391
1747311734431 2.155824292789806 392
1747311739010 2.1555845737457275 393
1747311743573 2.1553621508858423 394
1747311748106 2.1551291292363945 395
1747311752684 2.1549141623757104 396
1747311757253 2.1546748768199575 397
1747311762037 2.154478983445601 398
1747311766581 2.154261263934049 399
1747312329772 2.194229234348644 400
1747312334365 2.189599774100564 401
1747312338904 2.1856412454084917 402
1747312343475 2.182182398709384 403
1747312348012 2.1790054494684394 404
1747312352589 2.1760328899730337 405
1747312357161 2.1731690926985308 406
1747312361762 2.1704966588453813 407
1747312366026 2.1678602912209253 408
1747312370912 2.165371894836426 409
1747312375113 2.1630541628057305 410
1747312379989 2.1608968431299385 411
1747312384226 2.1589175137606533 412
1747312389087 2.1571344245563853 413
1747312393309 2.15551740472967 414
1747312398178 2.1540031649849634 415
1747312402411 2.152675606987693 416
1747312407295 2.151407631960782 417
1747312411587 2.150253729386763 418
1747312416687 2.149231802333485 419
1747312421239 2.1483177705244585 420
1747312425840 2.1474801193584097 421
1747312430413 2.146738442507657 422
1747312435005 2.146107413552024 423
1747312439556 2.1455484953793613 424
1747312444095 2.145076708360152 425
1747312448642 2.1446434151042593 426
1747312453214 2.144231752915816 427
1747312457766 2.143890532580289 428
1747312462355 2.1436129700053823 429
1747312466931 2.14333100752397 430
1747312471534 2.143094929781827 431
1747312476113 2.1429289254275234 432
1747312480713 2.1427020593123003 433
1747312485264 2.142518997192383 434
1747312489832 2.142360730604692 435
1747312494365 2.142193837599321 436
1747312498938 2.142044847661799 437
1747312503713 2.1418896588412197 438
1747312508310 2.14175668629733 439
1747313071996 2.195745988325639 440
1747313076565 2.1904009255495938 441
1747313081151 2.1857292652130127 442
1747313085721 2.181502017107877 443
1747313090265 2.177613865245472 444
1747313094863 2.173924446105957 445
1747313099433 2.170368563045155 446
1747313104032 2.166958808898926 447
1747313108665 2.1637250726873223 448
1747313113213 2.1606258912519976 449
1747313117728 2.157797921787609 450
1747313122302 2.1550507328727027 451
1747313126862 2.152630567550659 452
1747313131424 2.150403304533525 453
1747313135968 2.1483221487565474 454
1747313140507 2.1464467482133345 455
1747313145056 2.144697752865878 456
1747313149632 2.1431368481029165 457
1747313154195 2.141667279330167 458
1747313158967 2.140362956307151 459
1747313163528 2.1392022262920034 460
1747313168037 2.1381767229600386 461
1747313172566 2.1372644901275635 462
1747313177133 2.136491818861528 463
1747313181688 2.1357856447046455 464
1747313186258 2.1351887312802402 465
1747313190819 2.1346622813831675 466
1747313195426 2.134203564036976 467
1747313200022 2.1338234814730557 468
1747313204590 2.1334887634624136 469
1747313209168 2.1332002769817007 470
1747313213724 2.1329717202620073 471
1747313218284 2.132794640280984 472
1747313222846 2.1326096057891846 473
1747313227411 2.1324828321283515 474
1747313231982 2.132331132888794 475
1747313236545 2.132209907878529 476
1747313241133 2.132104440168901 477
1747313245903 2.131978598507968 478
1747313250466 2.131897644563155 479
1747313816720 2.19322809306058 480
1747313821268 2.1877087463032114 481
1747313825839 2.182697664607655 482
1747313830383 2.178126335144043 483
1747313834907 2.1737884391437876 484
1747313839434 2.169661283493042 485
1747313843990 2.165761709213257 486
1747313848570 2.1620487950064917 487
1747313853172 2.15852368961681 488
1747313857740 2.1552254503423516 489
1747313862268 2.152196168899536 490
1747313866778 2.149370236830278 491
1747313871285 2.1467630212957207 492
1747313875827 2.1444082476876 493
1747313880340 2.1422173976898193 494
1747313884905 2.14019699530168 495
1747313889451 2.138394594192505 496
1747313894062 2.1367509798570112 497
1747313898641 2.1352841637351294 498
1747313903438 2.1339845223860308 499
1747313908001 2.1328501918099145 500
1747313912568 2.1318305405703457 501
1747313917192 2.1309748129411177 502
1747313921760 2.1302320090207187 503
1747313926341 2.129615068435669 504
1747313930871 2.1290535493330522 505
1747313935478 2.1285987984050405 506
1747313940027 2.128197279843417 507
1747313944624 2.127887314016169 508
1747313949158 2.1276307972994717 509
1747313953697 2.127440105785023 510
1747313958270 2.1272543993863193 511
1747313962833 2.1270895437760786 512
1747313967396 2.126973130486228 513
1747313971980 2.1268721277063545 514
1747313976555 2.1267780390652744 515
1747313981139 2.1267220973968506 516
1747313985702 2.126647255637429 517
1747313990475 2.126574407924305 518
1747313995010 2.1265005631880327 519
1747314563806 2.1892893964594062 520
1747314568375 2.1836127151142466 521
1747314572945 2.1783154661005195 522
1747314577547 2.173359285701405 523
1747314582105 2.1685687628659336 524
1747314586708 2.1641261794350366 525
1747314591279 2.159926717931574 526
1747314595876 2.1559365445917305 527
1747314600421 2.152209932153875 528
1747314605004 2.148747119036588 529
1747314609590 2.145590305328369 530
1747314614159 2.1426246382973413 531
1747314618735 2.139922683889216 532
1747314623333 2.13742977922613 533
1747314627869 2.135226466438987 534
1747314632439 2.1331860802390357 535
1747314637042 2.1313802762465044 536
1747314641660 2.129784107208252 537
1747314646228 2.1283778060566294 538
1747314651010 2.127167506651445 539
1747314655593 2.1261011253703725 540
1747314660178 2.125173265283758 541
1747314664758 2.1243989034132524 542
1747314669348 2.123740564693104 543
1747314673921 2.1232136596332896 544
1747314678509 2.12274490703236 545
1747314683076 2.12239670753479 546
1747314687663 2.122087825428356 547
1747314692276 2.121854630383578 548
1747314696899 2.121687477285212 549
1747314701485 2.1215465285561304 550
1747314706112 2.1214394135908647 551
1747314710690 2.1213300878351387 552
1747314715320 2.121277267282659 553
1747314719896 2.1212381449612705 554
1747314724468 2.121168179945512 555
1747314729073 2.12113432450728 556
1747314733639 2.1210917126048696 557
1747314738438 2.1210274913094262 558
1747314743016 2.120995109731501 559
1747315308020 2.1841248165477407 560
1747315312533 2.1788130673495205 561
1747315317114 2.173768325285478 562
1747315321627 2.169042565605857 563
1747315326133 2.1645392287861216 564
1747315330619 2.160378477790139 565
1747315335187 2.1563609730113638 566
1747315339778 2.1526221362027256 567
1747315344362 2.1491669741543857 568
1747315348922 2.1459750912406226 569
1747315353518 2.1430036154660312 570
1747315358097 2.1402789029208096 571
1747315362709 2.137818206440319 572
1747315367281 2.135571913285689 573
1747315371858 2.1335322856903076 574
1747315376371 2.131721995093606 575
1747315380860 2.13013633814725 576
1747315385363 2.1287394003434614 577
1747315389844 2.127512823451649 578
1747315394578 2.1264595335180108 579
1747315399064 2.125544157895175 580
1747315403599 2.124785076488148 581
1747315408143 2.124139352278276 582
1747315412691 2.123619729822332 583
1747315417243 2.1231544234535913 584
1747315421766 2.122818448326804 585
1747315426373 2.1225404956124048 586
1747315430918 2.1223322694951836 587
1747315435516 2.122177622535012 588
1747315440108 2.122044801712036 589
1747315444671 2.121934110468084 590
1747315449262 2.121848604895852 591
1747315453834 2.1217943755063144 592
1747315458419 2.1217491193251177 593
1747315462991 2.121697425842285 594
1747315467593 2.121654358777133 595
1747315472102 2.1215951442718506 596
1747315476685 2.1215614188801157 597
1747315481463 2.1215191320939497 598
1747315486079 2.121449448845603 599
1747316053661 2.1795139746232466 600
1747316058233 2.1744137677279385 601
1747316062829 2.1695483814586294 602
1747316067410 2.1650585261258213 603
1747316071916 2.1607773954218086 604
1747316076498 2.1567713780836626 605
1747316081079 2.1529656540263784 606
1747316085667 2.1494980075142602 607
1747316090258 2.1461934826590796 608
1747316094832 2.1431999423287134 609
1747316099423 2.1404348503459585 610
1747316103997 2.13792330568487 611
1747316108571 2.1356432004408403 612
1747316113160 2.1335860815915195 613
1747316117738 2.131771369413896 614
1747316122254 2.1301498413085938 615
1747316126757 2.128743800249967 616
1747316131227 2.127476302060214 617
1747316135785 2.1264311617070977 618
1747316140567 2.1255243474786933 619
1747316145108 2.1247516978870737 620
1747316149687 2.1241116523742676 621
1747316154194 2.123558521270752 622
1747316158693 2.123149438337846 623
1747316163174 2.1228116642345083 624
1747316167732 2.1225099780342798 625
1747316172258 2.122331597588279 626
1747316176840 2.1221666552803735 627
1747316181413 2.1220628781752153 628
1747316185978 2.121960466558283 629
1747316190571 2.12190073186701 630
1747316195150 2.121839068152688 631
1747316199720 2.1217762990431352 632
1747316204319 2.121769493276423 633
1747316208890 2.121707634492354 634
1747316213480 2.12165904045105 635
1747316218025 2.1215954693880947 636
1747316222547 2.1215499314394863 637
1747316227350 2.1214929060502485 638
1747316231921 2.121420535174283 639
1747316799341 2.175193114714189 640
1747316803912 2.1701372320001777 641
1747316808451 2.165402499112216 642
1747316813017 2.160991516980258 643
1747316817602 2.156815355474299 644
1747316822176 2.1528745131059126 645
1747316826745 2.149242942983454 646
1747316831335 2.1458586129275234 647
1747316835914 2.142729260704734 648
1747316840490 2.139875715429133 649
1747316845026 2.137252027338201 650
1747316849596 2.1349069855429907 651
1747316854128 2.132771210236983 652
1747316858691 2.1308613907207143 653
1747316863194 2.1291984644803135 654
1747316867781 2.1277271834286777 655
1747316872371 2.1264624378897925 656
1747316876954 2.125350908799605 657
1747316881489 2.1244397813623603 658
1747316886283 2.1236318241466177 659
1747316890832 2.1229906298897485 660
1747316895423 2.1224458000876685 661
1747316900011 2.1220386028289795 662
1747316904571 2.1216826655647973 663
1747316909159 2.1214049729433926 664
1747316913710 2.121203075755726 665
1747316918270 2.121040951121937 666
1747316922848 2.120943069458008 667
1747316927428 2.1208295171911065 668
1747316931956 2.1207656860351562 669
1747316936545 2.1206845370205967 670
1747316941072 2.120649446140636 671
1747316945647 2.1205871538682417 672
1747316950234 2.1205725453116675 673
1747316954804 2.1205071319233286 674
1747316959359 2.1204701987179844 675
1747316963909 2.1204170747236772 676
1747316968449 2.1203461343591865 677
1747316973177 2.1202754324132744 678
1747316977739 2.120206832885742 679
1747317546049 2.1705713922327217 680
1747317550632 2.1658890464089136 681
1747317555252 2.1614789962768555 682
1747317559859 2.157366535880349 683
1747317564430 2.153524572199041 684
1747317569013 2.1499357656999067 685
1747317573651 2.1465477726676245 686
1747317578241 2.1434235789559106 687
1747317583163 2.140589410608465 688
1747317587444 2.137967651540583 689
1747317592382 2.135631886395541 690
1747317596686 2.1335115649483423 691
1747317601617 2.1315994696183638 692
1747317606207 2.1299448880282315 693
1747317610734 2.1284559206529097 694
1747317615301 2.127196853811091 695
1747317619906 2.1260899630459873 696
1747317624512 2.125167738307606 697
1747317629116 2.124406164342707 698
1747317633914 2.1237410632046787 699
1747317638500 2.1232318444685503 700
1747317643068 2.1227654977278276 701
1747317647649 2.1224441745064477 702
1747317652249 2.122171705419367 703
1747317656837 2.1219852404160933 704
1747317661389 2.121832912618464 705
1747317665958 2.121714960445057 706
1747317670531 2.1216253367337314 707
1747317674820 2.1215662956237793 708
1747317679409 2.1214891130273994 709
1747317683991 2.1214649460532446 710
1747317688554 2.121401223269376 711
1747317693127 2.1213601502505215 712
1747317697717 2.1213179501620205 713
1747317702314 2.1212537071921607 714
1747317706904 2.1212187680331143 715
1747317711449 2.1211392012509434 716
1747317716006 2.121051246469671 717
1747317721106 2.1209807829423384 718
1747317725726 2.1208889050917192 719
1747318293459 2.1672549464485864 720
1747318297998 2.1625285798853096 721
1747318302536 2.158135479146784 722
1747318307115 2.1540902961384165 723
1747318311697 2.1502708955244585 724
1747318316224 2.146694313396107 725
1747318320799 2.143348368731412 726
1747318325355 2.1403035684065386 727
1747318329907 2.1375117085196753 728
1747318334402 2.134961344979026 729
1747318338935 2.132673155177723 730
1747318343455 2.1306396180933174 731
1747318347985 2.1287996118718926 732
1747318352539 2.1272150603207676 733
1747318357093 2.125814589587125 734
1747318361656 2.1246011690659956 735
1747318366227 2.123564763502641 736
1747318370789 2.122701059688221 737
1747318375348 2.1220001957633277 738
1747318380132 2.121421553871848 739
1747318384692 2.1209290461106733 740
1747318389238 2.120557091452859 741
1747318393748 2.1202563372525303 742
1747318398330 2.1200168132781982 743
1747318402892 2.1198414889248935 744
1747318407465 2.119710337031971 745
1747318411970 2.1196016615087334 746
1747318416511 2.11950928514654 747
1747318421039 2.119418599388816 748
1747318425563 2.1193778298117896 749
1747318430145 2.11931790005077 750
1747318434726 2.119265556335449 751
1747318439303 2.119213732806119 752
1747318443851 2.119160998951305 753
1747318448429 2.1190944368189033 754
1747318453011 2.1190575686368076 755
1747318457590 2.1189703291112725 756
1747318462154 2.1188932982358066 757
1747318466958 2.1188154220581055 758
1747318471528 2.118731672113592 759
1747319038516 2.1629030271009966 760
1747319043040 2.15834379196167 761
1747319047588 2.1541570099917324 762
1747319052147 2.1503227840770376 763
1747319056749 2.146696762605147 764
1747319061347 2.1433684825897217 765
1747319065949 2.1402752616188745 766
1747319070556 2.137459234757857 767
1747319075163 2.134862618012862 768
1747319079745 2.132545167749578 769
1747319084362 2.1304842342029917 770
1747319088975 2.1286747455596924 771
1747319093514 2.1270373301072554 772
1747319098109 2.1256509694186123 773
1747319102681 2.124437310478904 774
1747319106954 2.123432983051647 775
1747319111562 2.122584407979792 776
1747319116151 2.1218784072182397 777
1747319120710 2.121293783187866 778
1747319125783 2.1208322698419746 779
1747319130341 2.1204355413263496 780
1747319134894 2.1201434352181177 781
1747319139511 2.119889887896451 782
1747319144137 2.1197272430766714 783
1747319148745 2.11956204067577 784
1747319153352 2.119449333711104 785
1747319157971 2.119369225068526 786
1747319162512 2.1192828958684746 787
1747319167097 2.1192295984788374 788
1747319171687 2.119168281555176 789
1747319176288 2.119097341190685 790
1747319180874 2.1190213723616167 791
1747319185467 2.118986563249068 792
1747319190061 2.118907343257557 793
1747319194682 2.1188382668928667 794
1747319199285 2.1187786839225073 795
1747319203918 2.118664438074285 796
1747319208531 2.118611899289218 797
1747319213358 2.1185286912051113 798
1747319217942 2.1184256076812744 799
1747319787724 2.159513993696733 800
1747319792318 2.1550153385509145 801
1747319796959 2.1509091637351294 802
1747319801560 2.1471235101873223 803
1747319806145 2.1435543190349233 804
1747319810757 2.1403180469166148 805
1747319815353 2.1373466578396885 806
1747319819950 2.1345945488322866 807
1747319824535 2.1321184635162354 808
1747319829118 2.129901734265414 809
1747319833695 2.1279719959605825 810
1747319838299 2.1262564225630327 811
1747319842882 2.124779289419001 812
1747319847454 2.123441284353083 813
1747319852017 2.1223400072617964 814
1747319856568 2.1214323694055732 815
1747319861169 2.120658115907149 816
1747319865774 2.1199934049086138 817
1747319870357 2.119485551660711 818
1747319875149 2.1190458211031826 819
1747319879741 2.1187186891382392 820
1747319884378 2.118431806564331 821
1747319889013 2.118235371329568 822
1747319893612 2.1180443330244585 823
1747319898191 2.117890878157182 824
1747319902784 2.1177737496115943 825
1747319907371 2.1176822185516357 826
1747319911986 2.1175918795845727 827
1747319916561 2.1174967072226782 828
1747319921185 2.117403745651245 829
1747319925750 2.117340781471946 830
1747319930339 2.117274847897616 831
1747319934947 2.1172054464166816 832
1747319939590 2.1171107292175293 833
1747319944168 2.1170528585260566 834
1747319948754 2.1169750690460205 835
1747319953261 2.1169041720303623 836
1747319957775 2.1168440038507637 837
1747319962489 2.116736888885498 838
1747319966985 2.1166599230332808 839
1747320530672 2.155735557729548 840
1747320535217 2.151253505186601 841
1747320539781 2.1471979184584185 842
1747320544284 2.1435405124317515 843
1747320548831 2.140093109824441 844
1747320553391 2.1369991952722724 845
1747320557959 2.134118448604237 846
1747320562553 2.1315042755820532 847
1747320567081 2.129126180302013 848
1747320571570 2.127064813267101 849
1747320576055 2.1252798383886162 850
1747320580595 2.12371919371865 851
1747320585092 2.1223299503326416 852
1747320589660 2.121150168505582 853
1747320594170 2.12016021121632 854
1747320598700 2.1193053505637427 855
1747320603296 2.118638970635154 856
1747320607876 2.1180599602785977 857
1747320612471 2.117602304978804 858
1747320617273 2.117194175720215 859
1747320621842 2.1168935298919678 860
1747320626439 2.116600751876831 861
1747320631005 2.116384051062844 862
1747320635535 2.1161715767600318 863
1747320640115 2.1160225217992608 864
1747320644700 2.1158964850685815 865
1747320649242 2.1157857288013804 866
1747320653772 2.1156466657465156 867
1747320658314 2.115531249479814 868
1747320662813 2.11544225432656 869
1747320667306 2.115365895357999 870
1747320671818 2.1152762933210894 871
1747320676282 2.1151893572373823 872
1747320680780 2.1151204759424385 873
1747320685249 2.1150489286942915 874
1747320689739 2.1149676713076504 875
1747320694216 2.1149100823835894 876
1747320698739 2.1148283264853736 877
1747320703460 2.1147552620280874 878
1747320707956 2.114675456827337 879
1747321275391 2.151326287876476 880
1747321279931 2.146921461278742 881
1747321284469 2.1431532122872095 882
1747321289009 2.1397381262345747 883
1747321293514 2.1365949674086138 884
1747321298063 2.1337133537639272 885
1747321302639 2.131050326607444 886
1747321307192 2.128675179048018 887
1747321311783 2.126561078158292 888
1747321316364 2.1247153932398017 889
1747321320953 2.1231433911757036 890
1747321325569 2.1217716823924673 891
1747321330173 2.120598728006536 892
1747321334812 2.1195782748135654 893
1747321339418 2.1187376109036533 894
1747321343984 2.1180238940499048 895
1747321348561 2.117437015880238 896
1747321353179 2.1169479110024194 897
1747321357773 2.1165297464890913 898
1747321362603 2.116179444573142 899
1747321367172 2.1158948811617764 900
1747321371728 2.115612680261785 901
1747321376260 2.1153917095877905 902
1747321380829 2.1151993708177046 903
1747321385413 2.1150385683233086 904
1747321390025 2.1148915074088355 905
1747321394582 2.114764235236428 906
1747321399123 2.114616025577892 907
1747321403696 2.1144975315440786 908
1747321408267 2.1144212159243496 909
1747321412823 2.1143290346319024 910
1747321417338 2.1142352277582344 911
1747321421811 2.1141700094396416 912
1747321426301 2.1141079772602427 913
1747321430867 2.1140217130834404 914
1747321435433 2.1139426881616767 915
1747321440004 2.113875324075872 916
1747321444493 2.113801522688432 917
1747321449246 2.1137207854877818 918
1747321453788 2.113663586703214 919
1747322019816 2.1478189555081455 920
1747322024401 2.14358249577609 921
1747322028979 2.140032031319358 922
1747322033572 2.1368797692385586 923
1747322038181 2.1339658173647793 924
1747322042788 2.1313149495558306 925
1747322047357 2.12886043028398 926
1747322051972 2.126692945306951 927
1747322056471 2.1247373710979116 928
1747322061042 2.123078801415183 929
1747322065599 2.121687347238714 930
1747322070175 2.120438402349299 931
1747322074773 2.119404207576405 932
1747322079379 2.1185234026475386 933
1747322083947 2.1177230314774946 934
1747322088541 2.1170512329448354 935
1747322093065 2.1165113882585005 936
1747322097560 2.11599815975536 937
1747322102094 2.1155840266834605 938
1747322106789 2.11521915955977 939
1747322111339 2.1148962757804175 940
1747322115887 2.1146021539514717 941
1747322120446 2.114333087747747 942
1747322124988 2.114098462191495 943
1747322129509 2.113887808539651 944
1747322134044 2.113724123347889 945
1747322138552 2.1135892651297827 946
1747322143047 2.113456270911477 947
1747322147549 2.11333628134294 948
1747322152073 2.1131992123343726 949
1747322156570 2.1131188435987993 950
1747322161081 2.113039016723633 951
1747322165595 2.1129465753381904 952
1747322170140 2.112918160178445 953
1747322174696 2.112836404280229 954
1747322179204 2.1127820014953613 955
1747322183771 2.1127156127582896 956
1747322188354 2.112648378718983 957
1747322193176 2.1125611608678643 958
1747322197777 2.1124804236672143 959
1747322763924 2.144274603236805 960
1747322768483 2.1403067978945645 961
1747322773064 2.137028520757502 962
1747322777607 2.13418646292253 963
1747322782127 2.1315967819907446 964
1747322786656 2.1291768767616968 965
1747322791181 2.126999031413685 966
1747322795775 2.1250624656677246 967
1747322800352 2.12337064743042 968
1747322804940 2.1219017072157427 969
1747322809519 2.120697259902954 970
1747322814110 2.119629816575484 971
1747322818678 2.118740818717263 972
1747322823242 2.117921894246882 973
1747322827781 2.1172412525523794 974
1747322832395 2.1166224046186968 975
1747322836951 2.1160971468145195 976
1747322841569 2.1156374757940117 977
1747322846153 2.1152465776963667 978
1747322850964 2.1149130301042036 979
1747322855585 2.1145690354433926 980
1747322860151 2.114277384497903 981
1747322864725 2.1140044819224966 982
1747322869292 2.1137723272497 983
1747322873874 2.113567980852994 984
1747322878443 2.1134340546347876 985
1747322883023 2.1132864518599077 986
1747322887589 2.1131456982005727 987
1747322892182 2.1130543622103604 988
1747322896757 2.1129559820348565 989
1747322901345 2.112881313670765 990
1747322905949 2.1127953746102075 991
1747322910519 2.1127292026172984 992
1747322915121 2.112683903087269 993
1747322919697 2.112624016675082 994
1747322924220 2.112529386173595 995
1747322928746 2.112470258365978 996
1747322933345 2.1123779903758657 997
1747322938154 2.112277226014571 998
1747322942747 2.1121906583959404 999
1747323510832 2.1426984396847812 1000
1747323515445 2.138747518712824 1001
1747323520054 2.1354727961800317 1002
1747323524677 2.1326428326693447 1003
1747323529261 2.13008713722229 1004
1747323533844 2.1277282454750757 1005
1747323538334 2.1255708824504507 1006
1747323542900 2.123685273257169 1007
1747323547475 2.1220270720395176 1008
1747323552071 2.120612209493464 1009
1747323556585 2.11936261437156 1010
1747323561133 2.1183007630434902 1011
1747323565696 2.1173259128223765 1012
1747323570277 2.1164693398909136 1013
1747323574850 2.1156347664919766 1014
1747323579434 2.1149043386632744 1015
1747323583959 2.114269885149869 1016
1747323588454 2.1136599454012783 1017
1747323593025 2.113161954012784 1018
1747323597740 2.1126813888549805 1019
1747323602225 2.1122417233207007 1020
1747323606723 2.111879587173462 1021
1747323611256 2.111520138653842 1022
1747323615843 2.111246715892445 1023
1747323620400 2.1109935370358555 1024
1747323624880 2.1108310656114058 1025
1747323629387 2.110668507489291 1026
1747323633842 2.1105317202481357 1027
1747323638326 2.110383402217518 1028
1747323642810 2.1102902672507544 1029
1747323647305 2.1102152954448354 1030
1747323651827 2.1101282943378794 1031
1747323656297 2.110053864392367 1032
1747323660802 2.1099637855182993 1033
1747323665283 2.109902858734131 1034
1747323669780 2.109831138090654 1035
1747323674272 2.10973013531078 1036
1747323678753 2.1096548817374488 1037
1747323683528 2.1095695062117144 1038
1747323688028 2.1094769564541904 1039
1747324255303 2.1401971036737617 1040
1747324259882 2.1363178816708652 1041
1747324264390 2.1330764293670654 1042
1747324268903 2.130385095422918 1043
1747324273467 2.127879272807728 1044
1747324277987 2.125653028488159 1045
1747324282518 2.123619794845581 1046
1747324287077 2.1218309619209985 1047
1747324291617 2.1202028447931465 1048
1747324296213 2.1188626289367676 1049
1747324300806 2.11762978813865 1050
1747324305395 2.1165871620178223 1051
1747324309993 2.1155972480773926 1052
1747324314585 2.1147029399871826 1053
1747324319187 2.113860932263461 1054
1747324323788 2.1130747361616655 1055
1747324328320 2.112357594750144 1056
1747324332882 2.111738226630471 1057
1747324337397 2.1111698150634766 1058
1747324342121 2.110645445910367 1059
1747324346624 2.1102065606550737 1060
1747324351150 2.1098000786521216 1061
1747324355647 2.109470844268799 1062
1747324360147 2.109147982163863 1063
1747324364676 2.1089454780925405 1064
1747324369211 2.1087354096499356 1065
1747324373728 2.1085919683629815 1066
1747324378200 2.1084192882884634 1067
1747324382722 2.1083093773234975 1068
1747324387231 2.1082158305428247 1069
1747324391741 2.108083724975586 1070
1747324396249 2.107971884987571 1071
1747324400788 2.1078871596943247 1072
1747324405261 2.1078030196103184 1073
1747324409770 2.107707457108931 1074
1747324414282 2.1075803583318535 1075
1747324418812 2.107484449039806 1076
1747324423314 2.107379739934748 1077
1747324428011 2.1073217391967773 1078
1747324432572 2.1072466373443604 1079
1747325001228 2.1401061794974585 1080
1747325005792 2.1361558870835737 1081
1747325010373 2.132963093844327 1082
1747325014971 2.1302079504186455 1083
1747325019554 2.127760041843761 1084
1747325024162 2.125562169335105 1085
1747325028662 2.1235341375524346 1086
1747325033237 2.1217152855613013 1087
1747325037770 2.1200712594118984 1088
1747325042299 2.1186269630085337 1089
1747325046833 2.117370843887329 1090
1747325051384 2.116222468289462 1091
1747325056426 2.115135517987338 1092
1747325061022 2.1141340949318628 1093
1747325065607 2.113188548521562 1094
1747325070197 2.1123220053586094 1095
1747325074790 2.111536372791637 1096
1747325079404 2.110829136588357 1097
1747325083979 2.1101918003775855 1098
1747325088810 2.109622738578103 1099
1747325093408 2.1091168360276655 1100
1747325097967 2.1086877259341152 1101
1747325102513 2.1083266735076904 1102
1747325107100 2.1079988046125933 1103
1747325111684 2.1077331629666416 1104
1747325116298 2.1075057766654273 1105
1747325120882 2.1072950579903345 1106
1747325125388 2.1071270162409004 1107
1747325129898 2.1069575439799917 1108
1747325134458 2.1068293398076836 1109
1747325138968 2.1066827990792016 1110
1747325143498 2.106546705419367 1111
1747325148004 2.106417352502996 1112
1747325152537 2.106283664703369 1113
1747325157286 2.106177264993841 1114
1747325161804 2.1060738563537598 1115
1747325166410 2.1059699708765205 1116
1747325170972 2.105874039910056 1117
1747325175750 2.105776309967041 1118
1747325180321 2.1057051962072197 1119
1747325750534 2.140999685634266 1120
1747325755125 2.1369161172346636 1121
1747325759693 2.1335472843863745 1122
1747325764245 2.1306524493477563 1123
1747325768733 2.128083965995095 1124
1747325773246 2.125736214897849 1125
1747325777753 2.123560168526389 1126
1747325782288 2.121591481295499 1127
1747325786872 2.1198285709727895 1128
1747325791432 2.1182312098416416 1129
1747325796011 2.116777311671864 1130
1747325800555 2.1154323274439033 1131
1747325805047 2.114190535111861 1132
1747325809538 2.113011598587036 1133
1747325814096 2.1118858727541836 1134
1747325818637 2.1108781424435703 1135
1747325823179 2.109924728220159 1136
1747325827776 2.1091131513768975 1137
1747325832383 2.1083903312683105 1138
1747325837195 2.107691439715299 1139
1747325841704 2.1071374199607154 1140
1747325846195 2.1066124655983667 1141
1747325850682 2.106187170202082 1142
1747325855276 2.1057823571291836 1143
1747325859870 2.105465433814309 1144
1747325864455 2.1051795916123823 1145
1747325869059 2.104898842898282 1146
1747325873618 2.1046838110143486 1147
1747325878225 2.1044749346646396 1148
1747325882846 2.1042839180339468 1149
1747325887461 2.1040878729386763 1150
1747325892063 2.1039299097928135 1151
1747325896694 2.1037710146470503 1152
1747325901283 2.103647752241655 1153
1747325905893 2.103516687046398 1154
1747325910430 2.1033765836195513 1155
1747325915034 2.1032818230715664 1156
1747325919600 2.103195970708674 1157
1747325924397 2.1030827218836006 1158
1747325928960 2.103008335286921 1159
1747326499532 2.140779061750932 1160
1747326504161 2.136597416617654 1161
1747326508763 2.1331452239643443 1162
1747326513334 2.1301581209356133 1163
1747326517951 2.1274813305247915 1164
1747326522546 2.125035199252042 1165
1747326527162 2.122799439863725 1166
1747326531761 2.120729619806463 1167
1747326536360 2.118806990710172 1168
1747326540928 2.117070111361417 1169
1747326545526 2.1154624115337026 1170
1747326550112 2.1139845197851006 1171
1747326554723 2.112559275193648 1172
1747326559316 2.1112536083568227 1173
1747326563932 2.1100172996520996 1174
1747326568535 2.108866973356767 1175
1747326573095 2.1078582893718374 1176
1747326577693 2.106922149658203 1177
1747326582273 2.1061061295596035 1178
1747326587065 2.105395642193881 1179
1747326591642 2.1047714840282095 1180
1747326596235 2.1042082092978736 1181
1747326600839 2.103687784888528 1182
1747326605460 2.1032591949809682 1183
1747326610060 2.102859995581887 1184
1747326614681 2.1025109724564985 1185
1747326619250 2.1022298552773218 1186
1747326623836 2.101925481449474 1187
1747326628425 2.1016740148717705 1188
1747326633033 2.1014380021528765 1189
1747326637631 2.1012253761291504 1190
1747326642259 2.101035464893688 1191
1747326646863 2.100868333469738 1192
1747326651478 2.100710565393621 1193
1747326656055 2.1005948240106758 1194
1747326660645 2.1004546989094126 1195
1747326665218 2.1003499898043545 1196
1747326669798 2.1002574400468306 1197
1747326674640 2.1001519073139536 1198
1747326679210 2.1000678539276123 1199
1747327250171 2.138207869096236 1200
1747327254810 2.1342615214261142 1201
1747327259451 2.1310074112632056 1202
1747327264098 2.128242991187356 1203
1747327268757 2.1257226033644243 1204
1747327273379 2.123433134772561 1205
1747327277963 2.121267860585993 1206
1747327282499 2.119218522852117 1207
1747327287054 2.11733096296137 1208
1747327291607 2.1156268553300337 1209
1747327296146 2.114044514569369 1210
1747327300763 2.112558603286743 1211
1747327305381 2.1111765774813565 1212
1747327310009 2.1098686781796543 1213
1747327314641 2.1087053472345527 1214
1747327319295 2.1076090986078437 1215
1747327323894 2.106643308292736 1216
1747327328503 2.1057730588045986 1217
1747327333102 2.1050162748856978 1218
1747327337957 2.1043389493768867 1219
1747327342558 2.103743314743042 1220
1747327347190 2.1032064828005703 1221
1747327351811 2.102685711600564 1222
1747327356449 2.1022754582491787 1223
1747327361103 2.1018939451737837 1224
1747327365752 2.1015460274436255 1225
1747327370370 2.1012387492439966 1226
1747327374982 2.1009683175520464 1227
1747327379586 2.1006856831637295 1228
1747327384203 2.1004625016992744 1229
1747327388831 2.1002399921417236 1230
1747327393446 2.1000599427656694 1231
1747327398057 2.099896257573908 1232
1747327402672 2.099748806519942 1233
1747327407288 2.099607749418779 1234
1747327411895 2.099507071755149 1235
1747327416483 2.0993726470253686 1236
1747327421122 2.09925931150263 1237
1747327425937 2.0991801131855357 1238
1747327430569 2.0990860028700395 1239
1747328001781 2.1369208856062456 1240
1747328006327 2.133036418394609 1241
1747328010937 2.1299221732399682 1242
1747328015548 2.127231337807395 1243
1747328020169 2.124716368588534 1244
1747328024764 2.122374274513938 1245
1747328029347 2.120191379026933 1246
1747328033940 2.118124333294955 1247
1747328038541 2.1161958521062676 1248
1747328043146 2.1144294955513696 1249
1747328047709 2.1128179160031406 1250
1747328052252 2.111284949562766 1251
1747328056819 2.1098994558507744 1252
1747328061448 2.108600291338834 1253
1747328066042 2.10735763203014 1254
1747328070667 2.106278571215543 1255
1747328075262 2.1052961349487305 1256
1747328079871 2.104438695040616 1257
1747328084482 2.1036446311257104 1258
1747328089340 2.1029598062688653 1259
1747328094309 2.102325677871704 1260
1747328098571 2.1017624248157847 1261
1747328103489 2.1012412418018687 1262
1747328107785 2.1007813757116143 1263
1747328112755 2.1003610871054907 1264
1747328117086 2.099985187703913 1265
1747328122008 2.099657882343639 1266
1747328126262 2.0993598374453457 1267
1747328131233 2.0990614240819756 1268
1747328135502 2.098813382062045 1269
1747328140481 2.098593993620439 1270
1747328144776 2.0984028686176646 1271
1747328149738 2.098241936076771 1272
1747328153976 2.098086032000455 1273
1747328158916 2.0979241891340776 1274
1747328163212 2.0978060202165083 1275
1747328168183 2.0976581356742163 1276
1747328172480 2.097549806941639 1277
1747328177679 2.0974354960701684 1278
1747328182328 2.09736967086792 1279
1747328753764 2.1361625628037886 1280
1747328758357 2.132244673642245 1281
1747328762959 2.129132964394309 1282
1747328767548 2.1263470866463403 1283
1747328772149 2.123756235296076 1284
1747328776762 2.121290597048673 1285
1747328781396 2.1189958398992363 1286
1747328786028 2.116789145903154 1287
1747328790627 2.114804267883301 1288
1747328795286 2.112893516367132 1289
1747328799891 2.111152258786288 1290
1747328804492 2.1095908988605845 1291
1747328809106 2.1080956242301245 1292
1747328813731 2.10670746456493 1293
1747328818338 2.1054501100019976 1294
1747328822906 2.1043138287284155 1295
1747328827465 2.1032832752574575 1296
1747328832082 2.1023672710765493 1297
1747328836676 2.1015389182350854 1298
1747328841486 2.100761586969549 1299
1747328846096 2.100087144158103 1300
1747328850699 2.099432490088723 1301
1747328855236 2.098838307640769 1302
1747328859809 2.0983142202550713 1303
1747328864358 2.0978466380726206 1304
1747328868978 2.0974036780270664 1305
1747328873529 2.0970355814153496 1306
1747328878100 2.0967031825672495 1307
1747328882728 2.096394192088734 1308
1747328887348 2.0961292656985195 1309
1747328891962 2.095853155309504 1310
1747328896570 2.0956622687253086 1311
1747328901146 2.095464424653487 1312
1747328905730 2.0952709804881704 1313
1747328910259 2.0950977368788286 1314
1747328914804 2.094951477917758 1315
1747328919433 2.0948467037894507 1316
1747328924050 2.094734798778187 1317
1747328928838 2.0946497483686968 1318
1747328933446 2.0945314927534624 1319
1747329500604 2.135148438540372 1320
1747329505179 2.131401148709384 1321
1747329509769 2.1281673258001153 1322
1747329514332 2.1252846067601983 1323
1747329518933 2.122609940442172 1324
1747329523574 2.120031811974265 1325
1747329528148 2.117574366656217 1326
1747329532767 2.115236347371882 1327
1747329537400 2.113080154765736 1328
1747329541953 2.1111190535805444 1329
1747329546480 2.109304969960993 1330
1747329551109 2.1076049371199175 1331
1747329555704 2.1060133197090845 1332
1747329560322 2.104583415118131 1333
1747329564842 2.1032603003761987 1334
1747329569458 2.102058519016613 1335
1747329574089 2.10098013010892 1336
1747329578699 2.099983952262185 1337
1747329583274 2.0990555069663306 1338
1747329588091 2.0982389883561567 1339
1747329592630 2.0974666855551978 1340
1747329597189 2.096770850094882 1341
1747329601803 2.096112858165394 1342
1747329606380 2.0955590551549736 1343
1747329610939 2.095037828792225 1344
1747329615545 2.09456298568032 1345
1747329620145 2.0941450812599878 1346
1747329624760 2.0937384258617056 1347
1747329629323 2.093402797525579 1348
1747329633881 2.0931068550456655 1349
1747329638419 2.0928247191689233 1350
1747329642960 2.0925980264490303 1351
1747329647525 2.0923780744726006 1352
1747329652130 2.092182918028398 1353
1747329656678 2.092033256183971 1354
1747329661258 2.0918950817801734 1355
1747329665792 2.0917488661679355 1356
1747329670375 2.09164157780734 1357
1747329675142 2.091538494283503 1358
1747329679695 2.0914604013616387 1359
1747330248735 2.1349337751215156 1360
1747330253344 2.1311114484613594 1361
1747330257946 2.12782959504561 1362
1747330262493 2.124774997884577 1363
1747330267031 2.121900363401933 1364
1747330271628 2.119137395511974 1365
1747330276184 2.116538026116111 1366
1747330280799 2.1140583645213735 1367
1747330285410 2.111773664301092 1368
1747330289995 2.1096506118774414 1369
1747330294591 2.1076914830641313 1370
1747330299194 2.1058752753517846 1371
1747330303812 2.1041646003723145 1372
1747330308429 2.102600336074829 1373
1747330313041 2.101120645349676 1374
1747330317644 2.099818619814786 1375
1747330322209 2.098606217991222 1376
1747330326795 2.0974826379255815 1377
1747330331437 2.0964816483584316 1378
1747330336312 2.0955371856689453 1379
1747330340946 2.094679594039917 1380
1747330345628 2.093902262774381 1381
1747330350281 2.0931696024808017 1382
1747330354927 2.0925317027352075 1383
1747330359568 2.0919346159154717 1384
1747330364220 2.0913882689042524 1385
1747330368837 2.0909165035594595 1386
1747330373505 2.0904726765372534 1387
1747330378104 2.09007529778914 1388
1747330382740 2.089735594662753 1389
1747330387210 2.0894236347892066 1390
1747330391692 2.0891519243066963 1391
1747330396143 2.088930130004883 1392
1747330400644 2.0887129306793213 1393
1747330405134 2.08851018818942 1394
1747330409654 2.088386730714278 1395
1747330414120 2.088241121985696 1396
1747330418612 2.0881008234891025 1397
1747330423279 2.0880096825686367 1398
1747330427722 2.0879002050919966 1399
1747330987990 2.134251507845792 1400
1747330992518 2.130385984073986 1401
1747330997028 2.126932967792858 1402
1747331001569 2.1237773678519507 1403
1747331006085 2.1207339113408867 1404
1747331010607 2.1178841157393022 1405
1747331015142 2.1151082732460718 1406
1747331019675 2.112559361891313 1407
1747331024203 2.110144701871005 1408
1747331028719 2.1079688505692915 1409
1747331033254 2.105856331911954 1410
1747331037801 2.1039814082058994 1411
1747331042321 2.102176081050526 1412
1747331046858 2.1005350026217373 1413
1747331051388 2.098984198136763 1414
1747331055961 2.0975718714974145 1415
1747331060501 2.096276890147816 1416
1747331065042 2.095066330649636 1417
1747331069575 2.09399169141596 1418
1747331074347 2.0929420211098413 1419
1747331078863 2.0920212919061836 1420
1747331083379 2.0911632667888296 1421
1747331087897 2.090371933850375 1422
1747331092416 2.089678244157271 1423
1747331096922 2.08902289650657 1424
1747331101433 2.0884125882929023 1425
1747331105959 2.0878858999772505 1426
1747331110475 2.087398745796897 1427
1747331114990 2.086964108727195 1428
1747331119530 2.0865883393721147 1429
1747331124087 2.0862553119659424 1430
1747331128628 2.0859593694860283 1431
1747331133186 2.085668845610185 1432
1747331137676 2.085463762283325 1433
1747331142229 2.0852563164450904 1434
1747331146774 2.0850809920917857 1435
1747331151302 2.0849497968500312 1436
1747331155790 2.0848152420737525 1437
1747331160551 2.0847239277579566 1438
1747331165095 2.0846069726076992 1439
1747331736767 2.133525154807351 1440
1747331741312 2.129596536809748 1441
1747331745834 2.1260884458368476 1442
1747331750349 2.122810645536943 1443
1747331754897 2.119715387170965 1444
1747331759423 2.1167817549272017 1445
1747331763969 2.114012696526267 1446
1747331768487 2.1113646897402676 1447
1747331773038 2.108916542746804 1448
1747331777598 2.106659260663119 1449
1747331782149 2.104532545263117 1450
1747331786673 2.1025288971987637 1451
1747331791224 2.1007075743241743 1452
1747331795737 2.0989883596246894 1453
1747331800312 2.097387769005515 1454
1747331804933 2.095884778282859 1455
1747331809563 2.0945364128459585 1456
1747331814192 2.0932712121443315 1457
1747331818844 2.0921264344995674 1458
1747331823638 2.0910560217770664 1459
1747331828154 2.090023495934226 1460
1747331832727 2.089104002172297 1461
1747331837254 2.0882763212377373 1462
1747331841817 2.087532888759266 1463
1747331846327 2.0868419950658623 1464
1747331850866 2.086245211687955 1465
1747331855359 2.0856103897094727 1466
1747331859903 2.0850847417658027 1467
1747331864420 2.0846242904663086 1468
1747331868943 2.08418700911782 1469
1747331873478 2.0838123234835537 1470
1747331878009 2.0834779089147393 1471
1747331882568 2.0831820314580742 1472
1747331887091 2.0829113830219614 1473
1747331891693 2.082683476534757 1474
1747331896284 2.0825312354347925 1475
1747331900810 2.082337899641557 1476
1747331905333 2.08221942728216 1477
1747331910074 2.082111206921664 1478
1747331914596 2.081988659772006 1479
1747332475441 2.131109757856889 1480
1747332479961 2.127141605723988 1481
1747332484472 2.1235404664819892 1482
1747332488992 2.1202636415308174 1483
1747332493502 2.1171354814009233 1484
1747332498021 2.114138971675526 1485
1747332502624 2.1113181547685103 1486
1747332507314 2.108686490492387 1487
1747332511931 2.1062407276847144 1488
1747332516555 2.103958585045554 1489
1747332521181 2.1018492742018267 1490
1747332525794 2.099836587905884 1491
1747332530356 2.0980083508925005 1492
1747332535017 2.096275719729337 1493
1747332539671 2.0946941158988257 1494
1747332544313 2.0931915153156626 1495
1747332548978 2.091880039735274 1496
1747332553649 2.0906243324279785 1497
1747332558294 2.0894581838087602 1498
1747332563185 2.0883838046680796 1499
1747332567737 2.0873645435680044 1500
1747332572331 2.0864637331529097 1501
1747332576580 2.085628401149403 1502
1747332581140 2.0848553397438745 1503
1747332585749 2.0841416228901255 1504
1747332590332 2.0834889195182105 1505
1747332594945 2.082914569161155 1506
1747332599531 2.0823672251267866 1507
1747332604072 2.081891276619651 1508
1747332608622 2.0814565962011162 1509
1747332613218 2.081040143966675 1510
1747332617773 2.0806822776794434 1511
1747332622340 2.0803815668279473 1512
1747332627003 2.0801040909507056 1513
1747332631582 2.079857414419001 1514
1747332636236 2.079649318348278 1515
1747332640871 2.079454530369152 1516
1747332645508 2.0793112191286953 1517
1747332650298 2.079194329001687 1518
1747332654900 2.0790760733864526 1519
1747333227698 2.1293758045543325 1520
1747333232674 2.12532994963906 1521
1747333237005 2.1217901706695557 1522
1747333241993 2.1184644915840845 1523
1747333246646 2.1153593496842817 1524
1747333251270 2.112348946658048 1525
1747333255903 2.1095428466796875 1526
1747333260576 2.1068910468708384 1527
1747333265250 2.10440993309021 1528
1747333269914 2.102108456871726 1529
1747333274519 2.0999669161709873 1530
1747333279058 2.097980109128085 1531
1747333283674 2.096125537698919 1532
1747333288246 2.094388008117676 1533
1747333292860 2.0927587205713447 1534
1747333297497 2.091255101290616 1535
1747333302038 2.0899093584580855 1536
1747333306705 2.088613119992343 1537
1747333311365 2.087415261702104 1538
1747333316232 2.0863165855407715 1539
1747333320782 2.0852981480685147 1540
1747333325417 2.084355419332331 1541
1747333330047 2.083522905002941 1542
1747333334703 2.082724831321023 1543
1747333339358 2.081992431120439 1544
1747333344011 2.0813407681205054 1545
1747333348707 2.08069768818942 1546
1747333353004 2.080148870294744 1547
1747333357656 2.0796628215096216 1548
1747333362304 2.0792013731869785 1549
1747333366912 2.078789060766047 1550
1747333371494 2.0784090865742075 1551
1747333376168 2.0780710740522905 1552
1747333380733 2.0777912573380903 1553
1747333385380 2.0775305357846348 1554
1747333389992 2.0773132931102407 1555
1747333394643 2.077155763452703 1556
1747333399239 2.076956640590321 1557
1747333404099 2.076869422739202 1558
1747333408706 2.0767264366149902 1559
1747333985043 2.1259948340329258 1560
1747333989726 2.1221058585427026 1561
1747333994390 2.118615995753895 1562
1747333999046 2.1153790950775146 1563
1747334003714 2.1122783314098013 1564
1747334008289 2.1093275330283423 1565
1747334012813 2.106611208482222 1566
1747334017342 2.1040006550875576 1567
1747334021859 2.101565816185691 1568
1747334026418 2.099332874471491 1569
1747334030913 2.0972377820448442 1570
1747334035476 2.095261660489169 1571
1747334040008 2.093446449799971 1572
1747334044595 2.0916946584528144 1573
1747334048954 2.090110865506259 1574
1747334053628 2.0886744369160044 1575
1747334058113 2.087289268320257 1576
1747334062640 2.0860050374811347 1577
1747334067308 2.084839560768821 1578
1747334072227 2.083750443025069 1579
1747334076897 2.082767876711759 1580
1747334081589 2.0818358334628018 1581
1747334086266 2.080949913371693 1582
1747334090952 2.0801786292682993 1583
1747334095645 2.079447963021018 1584
1747334100310 2.078801090067083 1585
1747334105000 2.078224008733576 1586
1747334109673 2.0776620127938012 1587
1747334114387 2.077190789309415 1588
1747334119082 2.076733177358454 1589
1747334123767 2.0763194127516313 1590
1747334128466 2.075984391299161 1591
1747334133197 2.0756590366363525 1592
1747334137852 2.0753887566653164 1593
1747334142399 2.0751590728759766 1594
1747334147094 2.0749843337319116 1595
1747334151778 2.074816573749889 1596
1747334156475 2.07467380436984 1597
1747334161323 2.074565367265181 1598
1747334165976 2.0744752883911133 1599
1747334740050 2.1209712245247583 1600
1747334744636 2.1173299876126377 1601
1747334749216 2.114045186476274 1602
1747334753821 2.110950621691617 1603
1747334758442 2.108023838563399 1604
1747334762994 2.1052312417463823 1605
1747334767646 2.102620840072632 1606
1747334772269 2.10018008405512 1607
1747334776886 2.097879019650546 1608
1747334781489 2.0957743471319024 1609
1747334786158 2.0937571308829566 1610
1747334790814 2.091881210153753 1611
1747334795482 2.0901058587160977 1612
1747334800073 2.0884870182384145 1613
1747334804679 2.0869471593336626 1614
1747334809337 2.085575992410833 1615
1747334813994 2.0842659906907515 1616
1747334818591 2.0830343636599453 1617
1747334823165 2.0819249803369697 1618
1747334828083 2.08085712519559 1619
1747334832698 2.0799062252044678 1620
1747334837331 2.0790152983231978 1621
1747334841939 2.07823430408131 1622
1747334846554 2.077486363324252 1623
1747334851101 2.0768065452575684 1624
1747334855723 2.076196540485729 1625
1747334860282 2.0756419138474898 1626
1747334864863 2.075129573995417 1627
1747334869523 2.0747080499475654 1628
1747334874158 2.0743156563151968 1629
1747334878467 2.0739860317923804 1630
1747334883128 2.0737209536812524 1631
1747334887774 2.073458433151245 1632
1747334892460 2.0732496218247847 1633
1747334897135 2.073077982122248 1634
1747334901726 2.072931549765847 1635
1747334906305 2.0728084390813653 1636
1747334910898 2.0727185119282114 1637
1747334915702 2.0726394436576148 1638
1747334920324 2.0725872299887915 1639
1747335491794 2.1115494641390713 1640
1747335496429 2.108362306248058 1641
1747335501071 2.105459690093994 1642
1747335505690 2.102760444987904 1643
1747335510346 2.100211121819236 1644
1747335515028 2.0977692387320777 1645
1747335519643 2.095499710603194 1646
1747335524314 2.093367338180542 1647
1747335528939 2.0914046330885454 1648
1747335533497 2.08953501961448 1649
1747335538157 2.0877459049224854 1650
1747335542784 2.086155067790638 1651
1747335547407 2.0845958536321465 1652
1747335551978 2.083182551644065 1653
1747335556545 2.081858656623147 1654
1747335561074 2.0806272463365034 1655
1747335565563 2.079489686272361 1656
1747335570087 2.078419967131181 1657
1747335574599 2.077469912442294 1658
1747335579427 2.076584577560425 1659
1747335583899 2.0757775089957495 1660
1747335588554 2.0750442201440986 1661
1747335593204 2.0744124325838955 1662
1747335597854 2.073823408647017 1663
1747335602490 2.073305303400213 1664
1747335607091 2.0728661797263404 1665
1747335611655 2.072498473254117 1666
1747335616248 2.0721463506872 1667
1747335620798 2.0718744668093594 1668
1747335625357 2.0716365684162485 1669
1747335629932 2.0714349529959937 1670
1747335634469 2.0712959332899614 1671
1747335639110 2.0711634809320625 1672
1747335643684 2.0710810964757744 1673
1747335648315 2.070974826812744 1674
1747335652589 2.0709135098890825 1675
1747335657204 2.070868145335804 1676
1747335661806 2.0708347017114814 1677
1747335666640 2.070782704786821 1678
1747335671184 2.0707349343733354 1679
1747336240873 2.097486062483354 1680
1747336245526 2.094844276254827 1681
1747336250225 2.0926096222617407 1682
1747336254899 2.0905084176497026 1683
1747336259607 2.0884556120092217 1684
1747336264251 2.086551796306263 1685
1747336268941 2.0847796310078013 1686
1747336273647 2.0831407633694736 1687
1747336278293 2.08161583813754 1688
1747336282860 2.08017880266363 1689
1747336287472 2.0788690610365435 1690
1747336292080 2.0776096040552314 1691
1747336296760 2.076490705663508 1692
1747336301357 2.0754816098646685 1693
1747336305951 2.074552384289828 1694
1747336310520 2.0737049796364526 1695
1747336315099 2.0729869929226963 1696
1747336319685 2.0723193992267954 1697
1747336324254 2.0717355121265757 1698
1747336329075 2.0712706609205767 1699
1747336333587 2.070809169249101 1700
1747336338148 2.070461381565441 1701
1747336342678 2.070150462063876 1702
1747336347265 2.0698753703724253 1703
1747336351807 2.069688016718084 1704
1747336356364 2.0695316141301934 1705
1747336360922 2.0693985765630547 1706
1747336365504 2.0692933689464224 1707
1747336370092 2.0691918459805576 1708
1747336374652 2.0691422765905205 1709
1747336379186 2.069102720780806 1710
1747336383677 2.069065570831299 1711
1747336388240 2.0690292445096103 1712
1747336392747 2.069000937721946 1713
1747336397286 2.0689560066569936 1714
1747336401763 2.0689363913102583 1715
1747336406287 2.0689127445220947 1716
1747336410826 2.0688948197798296 1717
1747336415593 2.0688426277854224 1718
1747336420100 2.06881646676497 1719
1747336993685 2.0820252028378574 1720
1747336998324 2.08023324879733 1721
1747337002907 2.0788251486691562 1722
1747337007469 2.0774853229522705 1723
1747337012124 2.0761672366749155 1724
1747337016759 2.074981624429876 1725
1747337021368 2.073945262215354 1726
1747337025892 2.0729887918992476 1727
1747337030581 2.0721041505986992 1728
1747337035262 2.0713534355163574 1729
1747337039931 2.070663820613514 1730
1747337044576 2.070068207654086 1731
1747337049231 2.069549733942205 1732
1747337053912 2.0691370097073642 1733
1747337058597 2.068780682303689 1734
1747337063269 2.068477435545488 1735
1747337068000 2.0682448040355337 1736
1747337072663 2.0680524002421987 1737
1747337077360 2.067933212627064 1738
1747337082279 2.067820332267068 1739
1747337086979 2.0677310770208184 1740
1747337091651 2.067650166424838 1741
1747337096278 2.0676212961023506 1742
1747337100928 2.0675654844804243 1743
1747337105529 2.067572767084295 1744
1747337110188 2.067507592114535 1745
1747337114846 2.0674831650473853 1746
1747337119531 2.0674265081232246 1747
1747337124200 2.0674036849628794 1748
1747337128879 2.067343841899525 1749
1747337133587 2.0672975236719306 1750
1747337138276 2.067247434095903 1751
1747337142493 2.0671819773587314 1752
1747337147055 2.0671393004330723 1753
1747337151672 2.0670650872317227 1754
1747337156249 2.066996769471602 1755
1747337160898 2.066923900084062 1756
1747337165542 2.066866246136752 1757
1747337170388 2.066786701028997 1758
1747337174969 2.0667310628024014 1759
1747337747424 2.0724440921436655 1760
1747337751977 2.0715457742864434 1761
1747337756512 2.070845213803378 1762
1747337761062 2.070107264952226 1763
1747337765600 2.0694736567410557 1764
1747337770132 2.0690262100913306 1765
1747337774675 2.0685737133026123 1766
1747337779230 2.0681860663674096 1767
1747337783751 2.0678883249109443 1768
1747337788263 2.067646546797319 1769
1747337792814 2.0674968416040596 1770
1747337797338 2.0673417178067295 1771
1747337801874 2.067215616052801 1772
1747337806422 2.067126924341375 1773
1747337810953 2.0670410719784824 1774
1747337815489 2.0669873627749356 1775
1747337820052 2.066934585571289 1776
1747337824582 2.066842946139249 1777
1747337829125 2.0668258233503862 1778
1747337833869 2.0667542761022393 1779
1747337838365 2.0666939562017266 1780
1747337842891 2.0666543570431797 1781
1747337847428 2.0665762424468994 1782
1747337851979 2.0664782524108887 1783
1747337856514 2.0664010698145088 1784
1747337861048 2.0663164095445112 1785
1747337865573 2.0662416978315874 1786
1747337870104 2.0661886605349453 1787
1747337874619 2.0660993619398638 1788
1747337879150 2.06601264260032 1789
1747337883704 2.065948638049039 1790
1747337888233 2.065872214057229 1791
1747337892748 2.065825332294811 1792
1747337896949 2.065770886161111 1793
1747337901482 2.065694072029807 1794
1747337906004 2.0656101486899634 1795
1747337910562 2.065536217256026 1796
1747337915083 2.0654713240536777 1797
1747337919826 2.0654429522427646 1798
1747337924395 2.065348126671531 1799
1747338488749 2.074621417305686 1800
1747338493297 2.073305931958285 1801
1747338497848 2.072761448946866 1802
1747338502385 2.0721007693897593 1803
1747338506940 2.0714090954173696 1804
1747338511475 2.0707501498135654 1805
1747338516031 2.0702522667971524 1806
1747338520569 2.069896177812056 1807
1747338525116 2.0695786476135254 1808
1747338529662 2.0692668828097256 1809
1747338534240 2.0689697265625 1810
1747338538791 2.0687523755160244 1811
1747338543344 2.0685841820456763 1812
1747338547889 2.0684981562874536 1813
1747338552427 2.068407578901811 1814
1747338556939 2.068324154073542 1815
1747338561483 2.0682339668273926 1816
1747338566016 2.068139899860729 1817
1747338570568 2.0680960525165903 1818
1747338575337 2.0680733810771597 1819
1747338579880 2.068031657825817 1820
1747338584432 2.067958636717363 1821
1747338588996 2.0678663037040015 1822
1747338593547 2.067816127430309 1823
1747338598081 2.067753033204512 1824
1747338602610 2.0676945339549673 1825
1747338607125 2.0676187818700615 1826
1747338611645 2.0675522197376597 1827
1747338616155 2.067467841235074 1828
1747338620690 2.067380580035123 1829
1747338625207 2.067329753528942 1830
1747338629723 2.067231048237194 1831
1747338634236 2.0671864422884854 1832
1747338638783 2.0671364177357066 1833
1747338642983 2.0670452551408247 1834
1747338647541 2.0669877312400122 1835
1747338652058 2.0669327432459053 1836
1747338656577 2.066855799068104 1837
1747338661281 2.066793376749212 1838
1747338665767 2.0667220895940606 1839
1747339229731 2.0788909738714043 1840
1747339234265 2.0766162005337803 1841
1747339238818 2.0756680098446934 1842
1747339243378 2.07517316124656 1843
1747339247912 2.074555527080189 1844
1747339252493 2.073758753863248 1845
1747339257026 2.072897260839289 1846
1747339261572 2.072144616733898 1847
1747339266097 2.0715789144689385 1848
1747339270634 2.0711485906080767 1849
1747339275200 2.070841767571189 1850
1747339279770 2.07054125178944 1851
1747339284330 2.070208116011186 1852
1747339288866 2.069868564605713 1853
1747339293449 2.069565469568426 1854
1747339297997 2.069335243918679 1855
1747339302521 2.0692091421647505 1856
1747339307031 2.0690922953865747 1857
1747339311545 2.0690243894403633 1858
1747339316312 2.068963115865534 1859
1747339320826 2.0688681385733863 1860
1747339325378 2.0687402161684902 1861
1747339329914 2.0686733072454278 1862
1747339334425 2.0686159784143623 1863
1747339338965 2.0685700936750933 1864
1747339343519 2.068528587167913 1865
1747339348078 2.0684953819621694 1866
1747339352612 2.0684093562039463 1867
1747339356786 2.06835337118669 1868
1747339361319 2.068281217054887 1869
1747339365817 2.068212314085527 1870
1747339370422 2.068171587857333 1871
1747339375106 2.0681078000502153 1872
1747339379776 2.0680524219166148 1873
1747339384424 2.0679735487157647 1874
1747339389074 2.067914442582564 1875
1747339393730 2.0678241036155005 1876
1747339398355 2.0677863251079214 1877
1747339403210 2.0677091641859575 1878
1747339407894 2.0676475654948843 1879
1747339972145 2.079173066399314 1880
1747339976683 2.0764793265949595 1881
1747339981222 2.0752780003981157 1882
1747339985755 2.074863303791393 1883
1747339989937 2.074437141418457 1884
1747339994440 2.0738047686490146 1885
1747339998940 2.07302019812844 1886
1747340003461 2.072212739424272 1887
1747340008016 2.07153903354298 1888
1747340012559 2.071072751825506 1889
1747340017099 2.0707486109300093 1890
1747340021650 2.0705118612809614 1891
1747340026205 2.0702815272591333 1892
1747340030761 2.0699926939877598 1893
1747340035285 2.0697097778320312 1894
1747340039829 2.0694339058615943 1895
1747340044386 2.069206649606878 1896
1747340048926 2.0690760178999468 1897
1747340053478 2.0689904906532983 1898
1747340058253 2.0689297806132925 1899
1747340062804 2.068877696990967 1900
1747340067351 2.0688100077889184 1901
1747340071909 2.068713903427124 1902
1747340076436 2.068624106320468 1903
1747340080983 2.0685641765594482 1904
1747340085549 2.0685134584253486 1905
1747340090081 2.0684775439175693 1906
1747340094603 2.0684496489438144 1907
1747340099143 2.0683695619756524 1908
1747340103671 2.0683364217931572 1909
1747340108232 2.0682236931540747 1910
1747340112776 2.0681780034845527 1911
1747340117297 2.0681179870258677 1912
1747340121860 2.068063974380493 1913
1747340126403 2.068010438572277 1914
1747340130942 2.067948167974299 1915
1747340135494 2.0678762089122427 1916
1747340140051 2.0678050301291724 1917
1747340144804 2.067725831812078 1918
1747340149352 2.0676592046564277 1919
