1747304769744 2.3009782270951704 0
1747304774362 2.300806999206543 1
1747304778704 2.3006352077830923 2
1747304783091 2.3004695068706167 3
1747304787412 2.3003031340512363 4
1747304792022 2.30013463713906 5
1747304799290 2.2999697598544033 6
1747304807189 2.299803993918679 7
1747304815314 2.299633958122947 8
1747304823822 2.299464615908536 9
1747304831337 2.2992939949035645 10
1747304839160 2.299126971851696 11
1747304848639 2.2989571311257104 12
1747304855278 2.2987913218411533 13
1747304860874 2.2986242554404517 14
1747304867000 2.298458467830311 15
1747304872350 2.2982894724065606 16
1747304877239 2.298120368610729 17
1747304882430 2.2979492490941826 18
1747304887304 2.2977766773917456 19
1747304892432 2.2976044958288018 20
1747304896884 2.2974214337088843 21
1747304901914 2.2972372445193203 22
1747304906337 2.297046011144465 23
1747304910727 2.2968466065146704 24
1747304915179 2.2966446443037554 25
1747304919865 2.296436981721358 26
1747304924260 2.2962273250926626 27
1747304928647 2.29601450399919 28
1747304933319 2.2958038720217617 29
1747304937700 2.2955919829281894 30
1747304942096 2.2953817627646704 31
1747304946515 2.295171759345315 32
1747304951180 2.2949656789953057 33
1747304955517 2.294757127761841 34
1747304959862 2.2945519360628994 35
1747304964534 2.2943479364568535 36
1747304968953 2.294145779176192 37
1747304973611 2.293938571756536 38
1747304978251 2.293733921918002 39
1747305529166 2.2925315553491767 40
1747305533545 2.292310758070512 41
1747305537916 2.2920932336287065 42
1747305542301 2.2918739969080146 43
1747305546671 2.2916609157215464 44
1747305551079 2.291443543000655 45
1747305555423 2.2912270806052466 46
1747305559761 2.2910104448145088 47
1747305564109 2.2907961932095615 48
1747305568448 2.290579384023493 49
1747305572799 2.2903598005121406 50
1747305577178 2.2901431647214023 51
1747305581525 2.2899263988841665 52
1747305585870 2.289708809419112 53
1747305590207 2.289485801349987 54
1747305594554 2.289264137094671 55
1747305598900 2.289042928002097 56
1747305603257 2.2888207002119585 57
1747305607611 2.288592728701505 58
1747305612218 2.288364150307395 59
1747305616878 2.288136265494607 60
1747305621073 2.287905909798362 61
1747305625731 2.2876715009862725 62
1747305630099 2.2874372872439297 63
1747305634481 2.2872040921991523 64
1747305638848 2.2869679927825928 65
1747305643211 2.286732716993852 66
1747305647552 2.2864983948794277 67
1747305651928 2.2862612984397193 68
1747305656293 2.286025220697576 69
1747305660664 2.2857828573747114 70
1747305665016 2.285546736283736 71
1747305669383 2.285304979844527 72
1747305673766 2.285060340707952 73
1747305678143 2.2848129705949263 74
1747305682640 2.284570802341808 75
1747305687011 2.284328590739857 76
1747305691360 2.284075238487937 77
1747305695910 2.2838278250260786 78
1747305700250 2.2835780490528452 79
1747306245161 2.283181580630216 80
1747306249550 2.2829217477278276 81
1747306253943 2.2826623916625977 82
1747306258328 2.2824056798761543 83
1747306262757 2.282151287252253 84
1747306267285 2.281894076954235 85
1747306271660 2.2816353277726606 86
1747306276180 2.281377012079412 87
1747306280572 2.281123226339167 88
1747306284984 2.2808628515763716 89
1747306289352 2.280599268999967 90
1747306293744 2.2803376587954434 91
1747306298102 2.2800763086839155 92
1747306302467 2.279811989177357 93
1747306306869 2.2795448303222656 94
1747306311275 2.2792799906297163 95
1747306315660 2.2790114012631504 96
1747306320047 2.278742725198919 97
1747306324431 2.2784657911820845 98
1747306329020 2.278196703303944 99
1747306333397 2.27792629328641 100
1747306337782 2.2776471051302822 101
1747306342167 2.277369434183294 102
1747306346560 2.2770861278880727 103
1747306350946 2.2768022363836113 104
1747306355319 2.276523221622814 105
1747306359686 2.276232437653975 106
1747306364083 2.2759430408477783 107
1747306368472 2.2756564400412818 108
1747306372871 2.2753665663979272 109
1747306377255 2.275067004290494 110
1747306381636 2.2747750932520088 111
1747306386029 2.2744811231439765 112
1747306390423 2.274175687269731 113
1747306394797 2.273875344883312 114
1747306399192 2.2735718163576992 115
1747306403587 2.273267009041526 116
1747306407957 2.2729532068425957 117
1747306412557 2.2726449966430664 118
1747306416936 2.2723362012342974 119
1747306962153 2.271717158230868 120
1747306966511 2.271394122730602 121
1747306970885 2.271078044717962 122
1747306975244 2.270761403170499 123
1747306979610 2.2704510472037573 124
1747306983998 2.2701301357962866 125
1747306988387 2.269818436015736 126
1747306992767 2.2695037018169057 127
1747306997170 2.269185044548728 128
1747307001545 2.268864154815674 129
1747307005934 2.268543091687289 130
1747307010310 2.2682218985124067 131
1747307014695 2.267895460128784 132
1747307019058 2.2675681547685103 133
1747307023441 2.2672387903386895 134
1747307027818 2.266913479024714 135
1747307032197 2.2665835944089023 136
1747307036561 2.266248421235518 137
1747307040942 2.2659124677831475 138
1747307045534 2.265577121214433 139
1747307049892 2.2652413194829766 140
1747307054290 2.2648995356126265 141
1747307058697 2.2645511627197266 142
1747307063100 2.2642087719657202 143
1747307067480 2.2638672915371982 144
1747307071847 2.2635095552964644 145
1747307076238 2.26315992528742 146
1747307080649 2.2628058086742056 147
1747307085043 2.2624589746648613 148
1747307092599 2.2620903145183218 149
1747307100659 2.261735049161044 150
1747307108892 2.2613694884560327 151
1747307116871 2.261012770912864 152
1747307124032 2.260637868534435 153
1747307131846 2.2602747570384634 154
1747307139711 2.259901827031916 155
1747307147624 2.259533340280706 156
1747307154319 2.2591510902751577 157
1747307162276 2.2587803277102383 158
1747307167707 2.258405707099221 159
1747307718236 2.257607199928977 160
1747307722627 2.2572257302024146 161
1747307727002 2.256845084103671 162
1747307731398 2.2564742781899194 163
1747307735786 2.2560919414867056 164
1747307740166 2.25571964003823 165
1747307744549 2.255345582962036 166
1747307748941 2.254977421327071 167
1747307753311 2.2545965801585806 168
1747307757729 2.2542104721069336 169
1747307762115 2.253833055496216 170
1747307766817 2.25346058065241 171
1747307770892 2.2530711347406562 172
1747307775606 2.2526818188753994 173
1747307779689 2.25230750170621 174
1747307784394 2.2519256201657383 175
1747307788797 2.2515333782542837 176
1747307793208 2.251139294017445 177
1747307797589 2.2507518421519888 178
1747307802185 2.2503675764257256 179
1747307806589 2.24997219172391 180
1747307810959 2.2495727755806665 181
1747307815347 2.2491779760880903 182
1747307819726 2.248786622827703 183
1747307824151 2.248372273011641 184
1747307828632 2.2479709711941807 185
1747307833115 2.247572487050837 186
1747307837564 2.247171575372869 187
1747307842022 2.2467679543928667 188
1747307846506 2.2463555335998535 189
1747307850953 2.245946233922785 190
1747307855377 2.245539903640747 191
1747307859849 2.2451223893599077 192
1747307864319 2.2446971156380395 193
1747307868833 2.2442848682403564 194
1747307873242 2.243870886889371 195
1747307877747 2.2434439659118652 196
1747307882256 2.2430126667022705 197
1747307886985 2.242589170282537 198
1747307891491 2.242161815816706 199
1747308448889 2.241449009288441 200
1747308453327 2.2410236922177402 201
1747308457884 2.240596749565818 202
1747308462384 2.240165190263228 203
1747308466923 2.2397212982177734 204
1747308471373 2.2393065149133857 205
1747308475909 2.238874912261963 206
1747308480402 2.2384439164941963 207
1747308484878 2.238002972169356 208
1747308489414 2.237575422633778 209
1747308493919 2.2371395501223477 210
1747308498444 2.2367089878429067 211
1747308502996 2.236260999332775 212
1747308507504 2.2358271425420586 213
1747308512019 2.235389145937833 214
1747308516576 2.2349531867287378 215
1747308521046 2.2345066287300805 216
1747308525529 2.2340610677545722 217
1747308530058 2.233620210127397 218
1747308534709 2.233178485523571 219
1747308539246 2.2327177958054976 220
1747308543750 2.232268528504805 221
1747308548320 2.2318165519020776 222
1747308553121 2.2313780134374444 223
1747308557288 2.23090952092951 224
1747308562073 2.2304564172571357 225
1747308566294 2.230007453398271 226
1747308571088 2.2295436425642534 227
1747308575616 2.229080178520896 228
1747308580155 2.22861554405906 229
1747308584632 2.228164239363237 230
1747308589198 2.2277033112265845 231
1747308593670 2.2272377014160156 232
1747308598152 2.226766673001376 233
1747308602601 2.226308085701682 234
1747308607068 2.2258308584039863 235
1747308611497 2.225358074361628 236
1747308616013 2.22487811608748 237
1747308620719 2.224413286555897 238
1747308625193 2.2239411744204434 239
1747309183378 2.2230710983276367 240
1747309187911 2.222596190192483 241
1747309192449 2.222105849872936 242
1747309196989 2.221627777273005 243
1747309201543 2.2211430072784424 244
1747309206064 2.2206684676083652 245
1747309210523 2.2201795794747095 246
1747309215011 2.219694636084817 247
1747309219540 2.219208002090454 248
1747309224075 2.2187341126528652 249
1747309228635 2.2182457230307837 250
1747309233104 2.2177786176854912 251
1747309237640 2.2172829671339556 252
1747309242193 2.216802727092396 253
1747309246756 2.216314814307473 254
1747309251332 2.2158332521265205 255
1747309255855 2.215350779620084 256
1747309260369 2.2148593339053066 257
1747309264840 2.214382388375022 258
1747309269574 2.2139008045196533 259
1747309274019 2.213412783362649 260
1747309278570 2.212934970855713 261
1747309283052 2.2124354622580786 262
1747309287643 2.211958581751043 263
1747309292155 2.211469433524392 264
1747309296685 2.210971615531228 265
1747309301226 2.2105003486980093 266
1747309305771 2.210010203448209 267
1747309310309 2.2095070535486396 268
1747309314876 2.20903957973827 269
1747309319402 2.2085367766293613 270
1747309323897 2.208048452030529 271
1747309328454 2.20755579254844 272
1747309332940 2.20708307352933 273
1747309337509 2.2065896554426714 274
1747309342008 2.2060998569835317 275
1747309346544 2.2055911150845615 276
1747309351062 2.205116488716819 277
1747309355776 2.204623157327825 278
1747309360279 2.2041286771947686 279
1747309921833 2.2038965875452217 280
1747309926351 2.2033640037883413 281
1747309930881 2.2028606588190254 282
1747309935338 2.202347993850708 283
1747309939905 2.2018416794863613 284
1747309944466 2.2013397216796875 285
1747309949054 2.2008315216411245 286
1747309953637 2.2003289352763784 287
1747309958212 2.1998344117944892 288
1747309962767 2.199331760406494 289
1747309967349 2.1988255977630615 290
1747309971917 2.1983208006078545 291
1747309976488 2.1978145946155894 292
1747309981025 2.197306437925859 293
1747309985570 2.1968135183507744 294
1747309990110 2.1963042562658135 295
1747309994654 2.1958060481331567 296
1747309999162 2.1953117197210137 297
1747310003653 2.194816892797297 298
1747310008427 2.1943020170385186 299
1747310012964 2.1938142126256768 300
1747310017557 2.193318475376476 301
1747310022119 2.1928226080807773 302
1747310026702 2.192318417809226 303
1747310031274 2.1918193210255015 304
1747310035850 2.191330844705755 305
1747310040376 2.1908296021548184 306
1747310044881 2.1903329979289663 307
1747310049447 2.1898310617967085 308
1747310054053 2.18934382091869 309
1747310058649 2.18885816227306 310
1747310063234 2.1883388432589443 311
1747310067883 2.187856977636164 312
1747310072472 2.1873585310849277 313
1747310077084 2.186873110857877 314
1747310081660 2.186364087191495 315
1747310086201 2.1858807477084072 316
1747310090755 2.1853916861794214 317
1747310095552 2.184909235347401 318
1747310100107 2.1844125660983 319
1747310662381 2.1850760850039395 320
1747310666595 2.184576012871482 321
1747310671370 2.1840802539478648 322
1747310675435 2.183564641258933 323
1747310679943 2.1830663030797783 324
1747310684472 2.1825627413663 325
1747310689028 2.182068608023904 326
1747310693579 2.181584683331576 327
1747310698114 2.181087233803489 328
1747310702569 2.1806007732044566 329
1747310707046 2.180093916979703 330
1747310711577 2.1796038150787354 331
1747310716135 2.1791086196899414 332
1747310720689 2.1786489486694336 333
1747310725224 2.1781425909562544 334
1747310729801 2.1776728846810083 335
1747310734301 2.177196914499456 336
1747310738832 2.1767055121335117 337
1747310743390 2.176217967813665 338
1747310748170 2.1757471561431885 339
1747310752629 2.175268520008434 340
1747310757094 2.1748028235001997 341
1747310761569 2.174312331459739 342
1747310766012 2.1738439256494697 343
1747310770540 2.173367153514515 344
1747310774988 2.1728799126364966 345
1747310779471 2.172418702732433 346
1747310783923 2.171944119713523 347
1747310788395 2.171479246833108 348
1747310792875 2.1709979230707344 349
1747310797380 2.1705399426546963 350
1747310801888 2.17007437619296 351
1747310806378 2.1695978424765845 352
1747310810882 2.169120875271884 353
1747310815396 2.1686676849018443 354
1747310819935 2.1682157082991167 355
1747310824458 2.1677483428608286 356
1747310829009 2.1672876314683394 357
1747310833740 2.166841983795166 358
1747310838227 2.1663953174244273 359
1747311404394 2.1681293790990654 360
1747311408953 2.1676317995244805 361
1747311413527 2.167169787667014 362
1747311418094 2.166711460460316 363
1747311422615 2.166228186000477 364
1747311427079 2.1657568541440098 365
1747311431539 2.1653026884252373 366
1747311436002 2.1648588830774482 367
1747311440511 2.1643920811739834 368
1747311445025 2.1639285521073774 369
1747311449541 2.1634791547601875 370
1747311453990 2.163030884482644 371
1747311458466 2.162578517740423 372
1747311462926 2.162119301882657 373
1747311467388 2.161682952534069 374
1747311472067 2.161241509697654 375
1747311476544 2.160793261094527 376
1747311481077 2.1603563048622827 377
1747311485567 2.1599064523523506 378
1747311490315 2.159484624862671 379
1747311494812 2.159066221930764 380
1747311499338 2.1586308912797407 381
1747311503842 2.1582143740220503 382
1747311508346 2.1577730395577173 383
1747311512773 2.157351948998191 384
1747311517250 2.156903765418313 385
1747311521782 2.156506971879439 386
1747311526254 2.1560828902504663 387
1747311530789 2.1556677601554175 388
1747311535304 2.155259522524747 389
1747311539841 2.1548357009887695 390
1747311544358 2.154449766332453 391
1747311548863 2.154048876328902 392
1747311553431 2.1536321856758813 393
1747311557993 2.1532222574407403 394
1747311562574 2.152839097109708 395
1747311567130 2.152427304874767 396
1747311571697 2.1520380106839267 397
1747311576439 2.1516301848671655 398
1747311581005 2.1512445319782603 399
1747312144433 2.153195944699374 400
1747312149003 2.1527313752607866 401
1747312153578 2.152327147397128 402
1747312158109 2.1519035426053135 403
1747312162677 2.1515212709253486 404
1747312167187 2.1511004838076504 405
1747312171704 2.1507241292433306 406
1747312176197 2.1503406221216377 407
1747312180738 2.149938626722856 408
1747312185230 2.149530454115434 409
1747312189802 2.1491522138768975 410
1747312194332 2.148770960894498 411
1747312198894 2.1483918103304775 412
1747312203449 2.148004401813854 413
1747312207991 2.147629499435425 414
1747312212550 2.1472721966830166 415
1747312217112 2.1468889063054863 416
1747312221696 2.14651742848483 417
1747312226295 2.1461404236880215 418
1747312231077 2.145786675539884 419
1747312235610 2.1454139839519155 420
1747312240196 2.145046429200606 421
1747312244777 2.1447122313759546 422
1747312249334 2.1443411220203745 423
1747312253899 2.1439797661521216 424
1747312258462 2.1436266899108887 425
1747312263011 2.1433020505038174 426
1747312267565 2.142952225425027 427
1747312272078 2.1426040909507056 428
1747312276925 2.1422372514551338 429
1747312281151 2.14192195372148 430
1747312285998 2.1415798447348853 431
1747312290510 2.1412335525859487 432
1747312294984 2.1409224813634697 433
1747312299432 2.1405868963761763 434
1747312303964 2.14025896245783 435
1747312308494 2.13991962779652 436
1747312313073 2.139596852389249 437
1747312317851 2.139280839399858 438
1747312322412 2.1389740380373867 439
1747312886658 2.140114675868641 440
1747312891214 2.1397466876290063 441
1747312895765 2.1393808018077505 442
1747312900297 2.139088522304188 443
1747312904835 2.1387516368519175 444
1747312909378 2.1384465260939165 445
1747312913963 2.1381288225000556 446
1747312918464 2.1378403143449263 447
1747312923040 2.1375034939159048 448
1747312927595 2.137229659340598 449
1747312932175 2.1369298588145864 450
1747312936725 2.1366352167996494 451
1747312941314 2.1363293691114946 452
1747312945888 2.136036439375444 453
1747312950474 2.1357649889859287 454
1747312954992 2.1354621757160532 455
1747312959542 2.1351634589108555 456
1747312964081 2.1348825151270088 457
1747312968666 2.1345829530195757 458
1747312973401 2.134319392117587 459
1747312977957 2.134038643403487 460
1747312982512 2.133766759525646 461
1747312987071 2.1334766908125444 462
1747312991619 2.1331897648898037 463
1747312996170 2.1329309290105645 464
1747313000760 2.1326494216918945 465
1747313005313 2.1323670907454058 466
1747313009856 2.1321005170995537 467
1747313014365 2.1318200935016978 468
1747313018881 2.131548383019187 469
1747313023423 2.131279945373535 470
1747313027986 2.1310182267969306 471
1747313032549 2.1307659365914087 472
1747313037097 2.1305145783857866 473
1747313041642 2.130271326411854 474
1747313046223 2.1300224390896885 475
1747313050754 2.129760352048007 476
1747313055340 2.1295159946788442 477
1747313060118 2.129265004938299 478
1747313064660 2.1290155107324775 479
1747313631166 2.1295979022979736 480
1747313635726 2.1293158531188965 481
1747313640304 2.129066315564242 482
1747313644866 2.1288449547507544 483
1747313649434 2.1286153359846636 484
1747313654021 2.1284021030772817 485
1747313658560 2.1281632726842705 486
1747313663150 2.1279371001503686 487
1747313667686 2.127722653475675 488
1747313672255 2.127487962896174 489
1747313676794 2.127251061526212 490
1747313681357 2.127039150758223 491
1747313685910 2.1268282153389673 492
1747313690496 2.126574819738215 493
1747313695035 2.1263691295276987 494
1747313699619 2.1261764873157847 495
1747313704154 2.1259398460388184 496
1747313708680 2.125708124854348 497
1747313713245 2.125478592785922 498
1747313718063 2.1252768473191694 499
1747313722567 2.1250527772036465 500
1747313727038 2.1248359463431616 501
1747313731579 2.1246328570626 502
1747313736096 2.124428250572898 503
1747313740649 2.1242202628742564 504
1747313745171 2.1240074634552 505
1747313749686 2.1237897872924805 506
1747313754252 2.1235865462910044 507
1747313758795 2.1233697804537686 508
1747313763362 2.123158671639182 509
1747313767973 2.122963710264726 510
1747313772542 2.122743996706876 511
1747313777157 2.1225613897497 512
1747313781729 2.1223405707966196 513
1747313786360 2.1221389987251977 514
1747313790901 2.121929168701172 515
1747313795484 2.121724085374312 516
1747313800073 2.1215406331149014 517
1747313804869 2.121335918253118 518
1747313809415 2.121124115857211 519
1747314377185 2.1216225624084473 520
1747314381777 2.1213765794580635 521
1747314386365 2.121215668591586 522
1747314390965 2.120990211313421 523
1747314395581 2.120837081562389 524
1747314400171 2.1206320849331943 525
1747314404782 2.1204401579770176 526
1747314409385 2.120279225436124 527
1747314414001 2.1201063069430264 528
1747314418577 2.119883255525069 529
1747314423138 2.1197273947975854 530
1747314427701 2.1195626258850098 531
1747314432290 2.119375228881836 532
1747314436891 2.1191806359724565 533
1747314441459 2.118995363062078 534
1747314446058 2.1188270178708164 535
1747314450651 2.1186294338919898 536
1747314455255 2.118482459675182 537
1747314459833 2.1182662790471856 538
1747314464621 2.1181019219485195 539
1747314469186 2.1179287867112593 540
1747314473803 2.1177262392911045 541
1747314478402 2.1175695982846348 542
1747314483009 2.117382222955877 543
1747314487554 2.117190946232189 544
1747314492142 2.1170273043892602 545
1747314496713 2.1168506145477295 546
1747314501336 2.1166759621013296 547
1747314505898 2.116500832817771 548
1747314510456 2.116315494884144 549
1747314515025 2.116113944487138 550
1747314519627 2.115949804132635 551
1747314524197 2.115784905173562 552
1747314528808 2.1156137856570156 553
1747314533377 2.115443164652044 554
1747314538014 2.1152511943470347 555
1747314542622 2.115085406736894 556
1747314547165 2.1149143305691807 557
1747314551906 2.114759922027588 558
1747314556478 2.114583817395297 559
1747315124344 2.1213306296955454 560
1747315128941 2.1210322813554243 561
1747315133499 2.1207907416603784 562
1747315138078 2.1205957152626733 563
1747315142629 2.12038178877397 564
1747315147191 2.120172153819691 565
1747315151735 2.1199585524472324 566
1747315156292 2.1197649999098345 567
1747315160829 2.1195825446735728 568
1747315165367 2.1193584095348013 569
1747315169890 2.1191397363489326 570
1747315174412 2.1189418706026943 571
1747315178859 2.118736808950251 572
1747315183372 2.11854134906422 573
1747315187861 2.118352326479825 574
1747315192377 2.1181638674302534 575
1747315196855 2.1179426583376797 576
1747315201330 2.1177341721274634 577
1747315205826 2.1175391457297583 578
1747315210502 2.1173444227738814 579
1747315215039 2.117137973958796 580
1747315219530 2.116946892304854 581
1747315224061 2.1167570027438076 582
1747315228606 2.11652118509466 583
1747315233123 2.1163260503248735 584
1747315237596 2.1161308505318384 585
1747315242084 2.115970329804854 586
1747315246491 2.1157495108517734 587
1747315250915 2.115563154220581 588
1747315255350 2.1153448928486216 589
1747315259828 2.115185564214533 590
1747315264356 2.1149801340970127 591
1747315268850 2.1148131543939765 592
1747315273342 2.1146184747869317 593
1747315277851 2.1144412647594106 594
1747315282329 2.114261107011275 595
1747315286876 2.114065473729914 596
1747315291364 2.113879615610296 597
1747315296139 2.1137018637223677 598
1747315300724 2.1135189749977807 599
1747315867877 2.12105148488825 600
1747315872463 2.120731137015603 601
1747315876993 2.1205359372225674 602
1747315881478 2.1203335631977427 603
1747315886057 2.120155616240068 604
1747315890656 2.1199584657495674 605
1747315895234 2.1198015213012695 606
1747315899815 2.1195927533236416 607
1747315904388 2.1194060932506216 608
1747315908953 2.119239655407992 609
1747315913565 2.1190445206382056 610
1747315918158 2.1188701499592173 611
1747315922666 2.118678092956543 612
1747315927248 2.1185167919505727 613
1747315931839 2.118332039226185 614
1747315936454 2.1181265007365835 615
1747315941006 2.117967215451327 616
1747315945568 2.1177797967737373 617
1747315950163 2.11758693781766 618
1747315954950 2.1174071485346015 619
1747315959490 2.117213422601873 620
1747315964040 2.11705359545621 621
1747315968590 2.1168616251512007 622
1747315973165 2.116691676053134 623
1747315977730 2.1164921630512583 624
1747315982250 2.116321086883545 625
1747315986790 2.116126472299749 626
1747315991367 2.11595478924838 627
1747315995925 2.11577786098827 628
1747316000480 2.1155902472409336 629
1747316005013 2.1154194961894643 630
1747316009541 2.1152388616041704 631
1747316014074 2.1150837378068403 632
1747316018687 2.1148862188512627 633
1747316023225 2.1147313551469282 634
1747316027777 2.114551305770874 635
1747316032335 2.1143870787187056 636
1747316036937 2.114217909899625 637
1747316041738 2.1140521439639004 638
1747316046314 2.1138593717054888 639
1747316614014 2.1208631775595923 640
1747316618611 2.120586807077581 641
1747316623131 2.120383717797019 642
1747316627710 2.1201760985634546 643
1747316632283 2.1200250278819692 644
1747316636852 2.119838064367121 645
1747316641418 2.1196332411332564 646
1747316645978 2.1194757331501353 647
1747316650516 2.1192867322401567 648
1747316655080 2.119106184352528 649
1747316659591 2.118921171535145 650
1747316664113 2.118734663183039 651
1747316668695 2.1185602274808017 652
1747316673273 2.118395285172896 653
1747316677853 2.1181900717995386 654
1747316682414 2.118031285025857 655
1747316686951 2.1178341778841885 656
1747316691503 2.1176545836708764 657
1747316696003 2.1174675117839468 658
1747316700701 2.117297064174305 659
1747316705266 2.1171071962876753 660
1747316709838 2.116930744864724 661
1747316714408 2.116743954745206 662
1747316718977 2.116572054949674 663
1747316723540 2.1163886460390957 664
1747316728033 2.1162103306163442 665
1747316732536 2.1160184253345835 666
1747316737086 2.1158399798653345 667
1747316741633 2.1156674081628974 668
1747316746177 2.115493882786144 669
1747316750730 2.1153188835490835 670
1747316755286 2.1151351495222612 671
1747316759858 2.114976015957919 672
1747316764400 2.114802772348577 673
1747316769007 2.114645307714289 674
1747316773569 2.1144710670817983 675
1747316778158 2.114282803101973 676
1747316782717 2.114117990840565 677
1747316787494 2.1139476516030054 678
1747316792025 2.1137696396220815 679
1747317360073 2.120070544156161 680
1747317364614 2.1197225830771704 681
1747317369131 2.1194992282173852 682
1747317373648 2.119298913262107 683
1747317378590 2.11913817579096 684
1747317382854 2.11895134232261 685
1747317387772 2.118771856481379 686
1747317392040 2.118591850454157 687
1747317396932 2.118417198007757 688
1747317401502 2.118237950585105 689
1747317406112 2.1180569475347344 690
1747317410708 2.1178664727644487 691
1747317415281 2.1176943345503374 692
1747317419846 2.117511207407171 693
1747317424362 2.117345528169112 694
1747317428944 2.117161685770208 695
1747317433526 2.1169931455091997 696
1747317438103 2.1168107986450195 697
1747317442679 2.1166238568045874 698
1747317447489 2.1164516535672275 699
1747317452031 2.1162734681909736 700
1747317456601 2.1160953478379683 701
1747317461199 2.1159120472994717 702
1747317465794 2.1157411228526724 703
1747317470352 2.1155706752430308 704
1747317474876 2.115380633961071 705
1747317479433 2.115226225419478 706
1747317484001 2.115059354088523 707
1747317488541 2.114882057363337 708
1747317493107 2.114694833755493 709
1747317497363 2.1145342913540928 710
1747317501947 2.1143606792796743 711
1747317506521 2.1141921173442495 712
1747317511116 2.114019588990645 713
1747317515707 2.113864942030473 714
1747317520212 2.1136844591660933 715
1747317524746 2.1135332584381104 716
1747317529330 2.113354812968861 717
1747317534440 2.1131843436848032 718
1747317539036 2.113020485097712 719
1747318107758 2.1197656501423228 720
1747318112347 2.1194302168759434 721
1747318116963 2.1191954612731934 722
1747318121545 2.1189669045535 723
1747318126131 2.1187765381552954 724
1747318130700 2.118614370172674 725
1747318135282 2.1184500564228403 726
1747318139811 2.1182808876037598 727
1747318144376 2.1180680014870386 728
1747318148947 2.117918686433272 729
1747318153517 2.1177252422679556 730
1747318158046 2.1175321448932993 731
1747318162579 2.117355628447099 732
1747318167099 2.1171657388860528 733
1747318171626 2.117011698809537 734
1747318176157 2.1168303056196733 735
1747318180743 2.116638422012329 736
1747318185259 2.1164511767300693 737
1747318189833 2.116279710422863 738
1747318194584 2.116088021885265 739
1747318199157 2.1159277829256924 740
1747318203722 2.115747560154308 741
1747318208311 2.1155648664994673 742
1747318212879 2.1153998374938965 743
1747318217461 2.1152415709062056 744
1747318222027 2.115042946555398 745
1747318226622 2.1148710901086982 746
1747318231188 2.1146907156163994 747
1747318235762 2.1145185990767046 748
1747318240361 2.114356604489413 749
1747318244930 2.1141586086966773 750
1747318249523 2.1139943816445093 751
1747318254098 2.1138295477086846 752
1747318258698 2.113672364841808 753
1747318263236 2.1135158105330034 754
1747318267820 2.1133207841352983 755
1747318272366 2.1131680445237593 756
1747318276926 2.1129806475205855 757
1747318281682 2.112815098329024 758
1747318286207 2.112650307742032 759
1747318852509 2.1191047971898858 760
1747318857057 2.1188271045684814 761
1747318861655 2.1186128963123667 762
1747318866258 2.1183961738239634 763
1747318870822 2.1182278286327016 764
1747318875318 2.1180731599981133 765
1747318879921 2.1178961883891714 766
1747318884489 2.117719368501143 767
1747318889035 2.117564634843306 768
1747318893543 2.1173820062117144 769
1747318898114 2.11721454967152 770
1747318902673 2.117036060853438 771
1747318907242 2.1168809587305244 772
1747318911834 2.1167115514928643 773
1747318916417 2.1165419708598745 774
1747318921049 2.116359970786355 775
1747318925622 2.116215792569247 776
1747318930204 2.116005377335982 777
1747318934782 2.115828037261963 778
1747318939613 2.1156635717912153 779
1747318944215 2.115519653667103 780
1747318948807 2.115344762802124 781
1747318953409 2.115156823938543 782
1747318957974 2.1150064685127954 783
1747318962565 2.114813111045144 784
1747318967134 2.1146543459458784 785
1747318971734 2.1144881031729956 786
1747318976329 2.1143469376997515 787
1747318980917 2.114171700044112 788
1747318985496 2.1139995835044165 789
1747318990063 2.1138422705910425 790
1747318994569 2.1136756376786665 791
1747318999158 2.1135412346233022 792
1747319003727 2.1133653033863413 793
1747319008240 2.113191019405018 794
1747319012733 2.1130466027693315 795
1747319017256 2.1128534837202593 796
1747319021829 2.1127215948971836 797
1747319026604 2.1125624396584253 798
1747319031180 2.1123877221887764 799
1747319601327 2.1186823628165503 800
1747319605878 2.1183501373637807 801
1747319610367 2.118122014132413 802
1747319614882 2.117914416573264 803
1747319619437 2.1177694580771704 804
1747319624028 2.117568991400979 805
1747319628594 2.1174136075106533 806
1747319633189 2.117244070226496 807
1747319637454 2.1170417828993364 808
1747319642028 2.1168857487765225 809
1747319646548 2.11669601093639 810
1747319651151 2.1165321956981313 811
1747319655757 2.1163638938557017 812
1747319660350 2.116166895086115 813
1747319664962 2.116004792126742 814
1747319669599 2.1158451817252417 815
1747319674205 2.1156663461164995 816
1747319678846 2.115480487996882 817
1747319683461 2.115324085408991 818
1747319688237 2.1151551333340732 819
1747319692805 2.1149696003306997 820
1747319697337 2.1148065436970103 821
1747319701939 2.114622614600442 822
1747319706500 2.114464456384832 823
1747319711096 2.1142899773337622 824
1747319715675 2.1141314940019087 825
1747319720318 2.113965619694103 826
1747319724953 2.1137787212025034 827
1747319729546 2.11362717368386 828
1747319734145 2.113451675935225 829
1747319738727 2.1132862351157446 830
1747319743332 2.1131074862046675 831
1747319747940 2.11297590082342 832
1747319752554 2.1128095496784556 833
1747319757173 2.1126285032792524 834
1747319761762 2.112480705434626 835
1747319766365 2.1123123385689477 836
1747319770959 2.112145033749667 837
1747319775770 2.1119827790693804 838
1747319780367 2.111818248575384 839
1747320344694 2.1184191703796387 840
1747320349252 2.1180890690196645 841
1747320353759 2.117882013320923 842
1747320358313 2.1176796609705146 843
1747320362799 2.1174952550367876 844
1747320367328 2.117325024171309 845
1747320371909 2.1171634847467597 846
1747320376444 2.116959961977872 847
1747320381008 2.1167957566001196 848
1747320385561 2.1166137131777676 849
1747320390120 2.1164102771065454 850
1747320394704 2.1162455732172187 851
1747320399318 2.116047642447732 852
1747320403901 2.115876002745195 853
1747320408502 2.1157208572734487 854
1747320413021 2.115514733574607 855
1747320417549 2.115357355637984 856
1747320422120 2.115183613517068 857
1747320426686 2.115017392418601 858
1747320431498 2.1148245334625244 859
1747320436055 2.1146242185072466 860
1747320440659 2.1144731478257612 861
1747320445225 2.1143060380762275 862
1747320449770 2.1141171672127466 863
1747320454328 2.1139672669497402 864
1747320458909 2.1137863289226186 865
1747320463515 2.113609487360174 866
1747320468116 2.1134699908169834 867
1747320472725 2.1132970939983022 868
1747320477312 2.1131150289015337 869
1747320481941 2.1129528175700796 870
1747320486526 2.112767522985285 871
1747320491148 2.11260910467668 872
1747320495746 2.112440000880848 873
1747320500290 2.11225962638855 874
1747320504841 2.1120944023132324 875
1747320509414 2.111942399631847 876
1747320513978 2.1117648644880815 877
1747320518759 2.1116053624586626 878
1747320523361 2.111429604617032 879
1747321088749 2.1181905486366968 880
1747321093341 2.117874947461215 881
1747321097946 2.117629354650324 882
1747321102541 2.1174426945773037 883
1747321107127 2.117239171808416 884
1747321111731 2.1170718886635522 885
1747321116303 2.11686879938299 886
1747321120905 2.116702578284524 887
1747321125454 2.1165262135592373 888
1747321130067 2.1163395534862173 889
1747321134648 2.116144743832675 890
1747321139228 2.1159545941786333 891
1747321143834 2.1157959374514492 892
1747321148452 2.1156194643540815 893
1747321153029 2.1154266704212534 894
1747321157597 2.115266518159346 895
1747321162168 2.1150880510156806 896
1747321166795 2.114897923036055 897
1747321171356 2.1147286024960605 898
1747321176105 2.114545800469138 899
1747321180668 2.114382201975042 900
1747321185272 2.1142035831104624 901
1747321189847 2.114018136804754 902
1747321194452 2.113855253566395 903
1747321199037 2.1136811646548184 904
1747321203623 2.1135076609524814 905
1747321208217 2.113338058645075 906
1747321212811 2.1131708838722925 907
1747321217411 2.1129789569161157 908
1747321222000 2.112829728560014 909
1747321226575 2.1126212640242144 910
1747321231138 2.112472642551769 911
1747321235726 2.1123138557780874 912
1747321240287 2.1121400486339224 913
1747321244910 2.1119761033491655 914
1747321249529 2.1118043769489634 915
1747321254121 2.1116316968744453 916
1747321258703 2.111471262845126 917
1747321263537 2.111289284446023 918
1747321268068 2.1111307360909204 919
1747321834289 2.1169466105374424 920
1747321838884 2.116620822386308 921
1747321843457 2.1163746443661777 922
1747321848038 2.1161898482929575 923
1747321852621 2.1159891431981865 924
1747321857192 2.1158389394933526 925
1747321861801 2.1156334443525835 926
1747321866394 2.1154831539500845 927
1747321871008 2.1152887127616187 928
1747321875556 2.1150962222706187 929
1747321880108 2.114938584241 930
1747321884714 2.1147575161673804 931
1747321889259 2.1145755594426934 932
1747321893790 2.114424467086792 933
1747321898313 2.114249511198564 934
1747321902849 2.11405103856867 935
1747321907407 2.11388577114452 936
1747321911922 2.113719029860063 937
1747321916427 2.113533756949685 938
1747321921150 2.1133866743607954 939
1747321925628 2.1132006645202637 940
1747321930153 2.1130229126323354 941
1747321934713 2.112844380465421 942
1747321939317 2.1126761002974077 943
1747321943878 2.1125188957561147 944
1747321948426 2.1123336011713203 945
1747321952979 2.1121852614662866 946
1747321957574 2.1119989048350942 947
1747321962166 2.111839597875422 948
1747321966759 2.1116557988253506 949
1747321971369 2.1114941510287197 950
1747321975879 2.1113439039750532 951
1747321980440 2.1111432205546987 952
1747321985003 2.110991261222146 953
1747321989602 2.1108089577067983 954
1747321994173 2.1106649962338535 955
1747321998685 2.1104839498346504 956
1747322003170 2.110319137573242 957
1747322007921 2.1101615862412886 958
1747322012467 2.110000501979481 959
1747322578666 2.116414048454978 960
1747322583237 2.116086157885465 961
1747322587769 2.115885604511608 962
1747322592316 2.115716414018111 963
1747322596899 2.1155295805497603 964
1747322601414 2.1153586344285444 965
1747322605890 2.1152242963964287 966
1747322610380 2.1150434884158047 967
1747322614842 2.1148612282492896 968
1747322619384 2.114701271057129 969
1747322623917 2.1145303032614966 970
1747322628422 2.114367203278975 971
1747322633020 2.1141898848793725 972
1747322637605 2.1140325502915815 973
1747322642183 2.113852479241111 974
1747322646776 2.113695881583474 975
1747322651366 2.1135238083926113 976
1747322655946 2.1133648482235996 977
1747322660535 2.1132150780070913 978
1747322665235 2.113044261932373 979
1747322669745 2.1128536354411733 980
1747322674278 2.112695563923229 981
1747322678785 2.112527673894709 982
1747322683400 2.112361951307817 983
1747322687883 2.11219800602306 984
1747322692453 2.112048625946045 985
1747322696983 2.1118810176849365 986
1747322701548 2.111703395843506 987
1747322706120 2.111547361720692 988
1747322710704 2.1113777594132856 989
1747322715292 2.1112008745020088 990
1747322719858 2.1110492186112837 991
1747322724427 2.110886335372925 992
1747322729030 2.1107080416245894 993
1747322733585 2.1105483661998403 994
1747322738139 2.110409064726396 995
1747322742690 2.1102362112565474 996
1747322747259 2.1100777712735264 997
1747322752040 2.109910574826327 998
1747322756608 2.1097629937258633 999
1747323324622 2.113509633324363 1000
1747323329169 2.1132346283305776 1001
1747323333726 2.1130469929088247 1002
1747323338238 2.1128492788835005 1003
1747323342811 2.112722570245916 1004
1747323347385 2.112535823475231 1005
1747323351986 2.112405300140381 1006
1747323356569 2.1122275482524526 1007
1747323361153 2.1120720126412134 1008
1747323365773 2.1119215054945513 1009
1747323370342 2.11176154830239 1010
1747323374882 2.1116074432026255 1011
1747323379417 2.111432899128307 1012
1747323384013 2.111278035423972 1013
1747323388579 2.111134008927779 1014
1747323393163 2.1109871647574683 1015
1747323397768 2.11081262068315 1016
1747323402406 2.110664562745528 1017
1747323407007 2.1104984933679756 1018
1747323411827 2.110333486036821 1019
1747323416421 2.1101774085651743 1020
1747323421021 2.110009345141324 1021
1747323425634 2.1098681796680796 1022
1747323430247 2.1096894957802514 1023
1747323434833 2.109550952911377 1024
1747323439446 2.109378316185691 1025
1747323444031 2.1092096892270176 1026
1747323448606 2.1090529398484663 1027
1747323453206 2.108903559771451 1028
1747323457799 2.108747287230058 1029
1747323462341 2.108567627993497 1030
1747323466878 2.108425032008778 1031
1747323471434 2.1082703416997735 1032
1747323475933 2.1080999157645484 1033
1747323480451 2.1079329577359287 1034
1747323485039 2.1077750379388984 1035
1747323489538 2.1076070828871294 1036
1747323494156 2.1074343377893623 1037
1747323498923 2.1073039445010098 1038
1747323503499 2.107104474847967 1039
1747324069445 2.1118715459650215 1040
1747324074022 2.111601612784646 1041
1747324078597 2.1113673123446377 1042
1747324083194 2.1111452362754126 1043
1747324087717 2.110972664572976 1044
1747324092257 2.1107930703596636 1045
1747324096774 2.1106138012625952 1046
1747324101314 2.1104320612820713 1047
1747324105889 2.1102539626034824 1048
1747324110477 2.110060605135831 1049
1747324115061 2.1098747036673804 1050
1747324119651 2.1096945892680776 1051
1747324124263 2.1095292351462622 1052
1747324128864 2.1093515266071665 1053
1747324133447 2.1091827912764116 1054
1747324138022 2.108991406180642 1055
1747324142592 2.1088142611763696 1056
1747324147182 2.108639218590476 1057
1747324151763 2.1084566549821333 1058
1747324156534 2.108294270255349 1059
1747324161099 2.108111403205178 1060
1747324165678 2.107912475412542 1061
1747324170237 2.107753797010942 1062
1747324174811 2.1075913472609087 1063
1747324179322 2.1073937199332495 1064
1747324183916 2.1072310751134697 1065
1747324188437 2.1070539951324463 1066
1747324193037 2.1069001501256768 1067
1747324197634 2.1067198406566274 1068
1747324202262 2.106541785326871 1069
1747324206820 2.1063772331584585 1070
1747324211377 2.1062063737349077 1071
1747324215879 2.106047651984475 1072
1747324220430 2.105865651910955 1073
1747324225000 2.1056874231858687 1074
1747324229570 2.10551719232039 1075
1747324234091 2.1053367744792593 1076
1747324238597 2.1051760370081123 1077
1747324243400 2.1050091656771572 1078
1747324247952 2.10480412569913 1079
1747324815536 2.1094147725538774 1080
1747324820140 2.1091396808624268 1081
1747324824740 2.1089850772510874 1082
1747324829327 2.108801928433505 1083
1747324833900 2.108622420917858 1084
1747324838517 2.108483379537409 1085
1747324843047 2.108340176669034 1086
1747324847540 2.10816292329268 1087
1747324852054 2.108025897632946 1088
1747324856557 2.1078944856470283 1089
1747324861092 2.1077312122691763 1090
1747324865678 2.1075776490298184 1091
1747324870175 2.107415892861106 1092
1747324874789 2.1072905497117476 1093
1747324879359 2.107112082568082 1094
1747324883927 2.1069788065823642 1095
1747324888456 2.1068222522735596 1096
1747324892988 2.106673240661621 1097
1747324897582 2.106498436494307 1098
1747324902376 2.1063501184636895 1099
1747324906883 2.1062060702930796 1100
1747324911434 2.1060504046353428 1101
1747324916028 2.105903820558028 1102
1747324920604 2.1057319424369116 1103
1747324925214 2.1055739359422163 1104
1747324929795 2.105417251586914 1105
1747324934389 2.1052568609064277 1106
1747324938975 2.105115543712269 1107
1747324943572 2.1049359061501245 1108
1747324948145 2.1047808907248755 1109
1747324952696 2.104628801345825 1110
1747324957170 2.1044854901053687 1111
1747324961655 2.1043191823092373 1112
1747324966186 2.104156819256869 1113
1747324970693 2.103988192298196 1114
1747324975313 2.1038475903597744 1115
1747324979919 2.1037016131661157 1116
1747324984535 2.1035474863919346 1117
1747324989354 2.1033806800842285 1118
1747324993929 2.103201389312744 1119
1747325564044 2.1060836098410864 1120
1747325568647 2.1058649149808017 1121
1747325573230 2.1057278242978184 1122
1747325577824 2.1055378263646904 1123
1747325582421 2.105432011864402 1124
1747325587000 2.1052639050917192 1125
1747325591593 2.105124907060103 1126
1747325596218 2.1050053293054756 1127
1747325600815 2.104844006625089 1128
1747325605431 2.1047098636627197 1129
1747325610012 2.1045832200483843 1130
1747325614595 2.1044381748546255 1131
1747325619137 2.104305765845559 1132
1747325623770 2.1041709293018687 1133
1747325628351 2.1040255589918657 1134
1747325632977 2.1038893352855337 1135
1747325637515 2.1037409955805 1136
1747325642074 2.103612119501287 1137
1747325646632 2.1034714742140337 1138
1747325651394 2.1033174341375176 1139
1747325655994 2.1031895984302866 1140
1747325660564 2.103032437237826 1141
1747325665156 2.1029029976237905 1142
1747325669715 2.102754246104847 1143
1747325674325 2.102629856629805 1144
1747325678898 2.1024717634374444 1145
1747325683475 2.1023108092221348 1146
1747325688045 2.1021840572357178 1147
1747325692651 2.102051864970814 1148
1747325697248 2.101935863494873 1149
1747325701854 2.101781715046276 1150
1747325706451 2.101632681759921 1151
1747325711055 2.101477016102184 1152
1747325715660 2.1013537536967886 1153
1747325720236 2.10119308124889 1154
1747325724756 2.101069385355169 1155
1747325729260 2.1009145866740835 1156
1747325733819 2.100774656642567 1157
1747325738648 2.1005933068015357 1158
1747325743239 2.1004843061620537 1159
1747326312942 2.1026758714155718 1160
1747326317532 2.1024761633439497 1161
1747326322093 2.1023876667022705 1162
1747326326697 2.102157787843184 1163
1747326331295 2.102086132222956 1164
1747326335947 2.101975527676669 1165
1747326340556 2.1018024574626577 1166
1747326345149 2.1017068082636055 1167
1747326349694 2.1015887043692847 1168
1747326354296 2.1014459783380683 1169
1747326358917 2.101327982815829 1170
1747326363543 2.1011936881325464 1171
1747326368150 2.1010815880515357 1172
1747326372782 2.100940465927124 1173
1747326377365 2.100818308916959 1174
1747326381977 2.1006999882784756 1175
1747326386559 2.1005367149006235 1176
1747326391198 2.100431117144498 1177
1747326395787 2.100298664786599 1178
1747326400608 2.100181081078269 1179
1747326405233 2.100034648721868 1180
1747326409784 2.0999052307822486 1181
1747326414611 2.0997811447490347 1182
1747326418767 2.09963304346258 1183
1747326423603 2.099523804404519 1184
1747326427772 2.099389444697987 1185
1747326432599 2.099239240993153 1186
1747326436799 2.099103797565807 1187
1747326441638 2.0989746397191826 1188
1747326445877 2.098865595730868 1189
1747326450800 2.0986915718425405 1190
1747326455082 2.098572189157659 1191
1747326460017 2.0984279892661353 1192
1747326464320 2.0983041416515005 1193
1747326469254 2.09816668250344 1194
1747326473512 2.098028681494973 1195
1747326478457 2.0978893583471123 1196
1747326482708 2.0977512923153965 1197
1747326487841 2.0976293953982266 1198
1747326492469 2.097478736530651 1199
1747327062580 2.1018582690845835 1200
1747327067196 2.1016546596180308 1201
1747327071741 2.1015769351612437 1202
1747327076334 2.101344802162864 1203
1747327080900 2.1012695919383657 1204
1747327085521 2.101122747768055 1205
1747327090132 2.1009758602489126 1206
1747327094739 2.1008872985839844 1207
1747327099351 2.100713946602561 1208
1747327103981 2.1005952574990014 1209
1747327108583 2.1004931276494805 1210
1747327113200 2.1003430756655606 1211
1747327117823 2.1002163236791436 1212
1747327122449 2.1000910889018667 1213
1747327127066 2.099986856633967 1214
1747327131696 2.099805788560347 1215
1747327136327 2.0996992588043213 1216
1747327140963 2.099563793702559 1217
1747327145573 2.099430127577348 1218
1747327150384 2.0993096178228203 1219
1747327154977 2.0991602594202217 1220
1747327159590 2.0990276119925757 1221
1747327164150 2.0988899794491855 1222
1747327168786 2.0987522168592974 1223
1747327173379 2.0986254648728804 1224
1747327178005 2.098478317260742 1225
1747327182614 2.098353320902044 1226
1747327187242 2.0982079722664575 1227
1747327191845 2.098071748560125 1228
1747327196431 2.0979298028078945 1229
1747327201042 2.0978104417974297 1230
1747327205657 2.0976546027443628 1231
1747327210247 2.0975056778300893 1232
1747327214850 2.097401163794778 1233
1747327219459 2.0972419652071865 1234
1747327224076 2.097089659083973 1235
1747327228705 2.0969632972370493 1236
1747327233314 2.096829956228083 1237
1747327238148 2.096691543405706 1238
1747327242777 2.096549380909313 1239
1747327815201 2.1000909588553687 1240
1747327819844 2.0998463413932105 1241
1747327824457 2.0997716947035356 1242
1747327829085 2.099543636495417 1243
1747327833704 2.099492159756747 1244
1747327838321 2.0993212353099477 1245
1747327842937 2.0991933345794678 1246
1747327847571 2.099095019427213 1247
1747327852210 2.098966446789828 1248
1747327856828 2.0988052758303555 1249
1747327861400 2.0987155654213647 1250
1747327865970 2.0985765023664995 1251
1747327870601 2.098412036895752 1252
1747327875250 2.098318186673251 1253
1747327879858 2.0981758291071113 1254
1747327884391 2.098041707819158 1255
1747327888994 2.09789870002053 1256
1747327893605 2.09780292077498 1257
1747327898207 2.097642118280584 1258
1747327903040 2.0974986336447974 1259
1747327907610 2.097404870119962 1260
1747327912167 2.0972625342282383 1261
1747327916742 2.0971211303364146 1262
1747327921319 2.0969974344426934 1263
1747327925907 2.0968595201318916 1264
1747327930469 2.0967413078654897 1265
1747327934998 2.0966084870425137 1266
1747327939562 2.0964646339416504 1267
1747327944122 2.0963340455835517 1268
1747327948703 2.0962001410397617 1269
1747327953276 2.096035957336426 1270
1747327957866 2.095933935858987 1271
1747327962463 2.0957894758744673 1272
1747327967072 2.095660014586015 1273
1747327971702 2.0955177437175405 1274
1747327976286 2.0953839041969995 1275
1747327980880 2.095275553790006 1276
1747327985495 2.0951218605041504 1277
1747327990263 2.0949811935424805 1278
1747327994814 2.094826113093983 1279
1747328565998 2.0971721085635098 1280
1747328570622 2.0969927310943604 1281
1747328575260 2.096910693428733 1282
1747328579879 2.0966803160580723 1283
1747328584489 2.096639633178711 1284
1747328589122 2.0964749509638008 1285
1747328593756 2.0963197621432217 1286
1747328598391 2.0962347984313965 1287
1747328603007 2.0961041667244653 1288
1747328607621 2.095957864414562 1289
1747328612236 2.095852851867676 1290
1747328616858 2.0957192290912974 1291
1747328621482 2.095586820082231 1292
1747328626105 2.0954608483748003 1293
1747328630726 2.0953334244814785 1294
1747328635344 2.095219135284424 1295
1747328639950 2.095066178928722 1296
1747328644593 2.0949593023820356 1297
1747328649216 2.0948566523465244 1298
1747328654034 2.0946738719940186 1299
1747328658662 2.0945652614940298 1300
1747328663286 2.094444448297674 1301
1747328667927 2.0942972139878706 1302
1747328672547 2.0941684029319068 1303
1747328677525 2.0940447503870185 1304
1747328681785 2.0939126881686123 1305
1747328686723 2.09378322688016 1306
1747328690997 2.0936696312644263 1307
1747328695929 2.0935130552812056 1308
1747328700207 2.0934052900834517 1309
1747328705204 2.0932614586570044 1310
1747328709490 2.093141555786133 1311
1747328714457 2.0929891846396704 1312
1747328718753 2.0928578160025855 1313
1747328723658 2.092730933969671 1314
1747328727872 2.0926018194718794 1315
1747328732777 2.0924757610667837 1316
1747328737033 2.0923238450830635 1317
1747328742184 2.0921923247250644 1318
1747328746777 2.092067696831443 1319
1747329314416 2.0939724662087182 1320
1747329318990 2.0938150015744297 1321
1747329323555 2.093726483258334 1322
1747329328111 2.0934954556551846 1323
1747329332674 2.093421697616577 1324
1747329337224 2.0932985869320957 1325
1747329341824 2.0931160883470015 1326
1747329346427 2.093055399981412 1327
1747329351002 2.0929459008303555 1328
1747329355541 2.0927818471735176 1329
1747329360144 2.09268459406766 1330
1747329364690 2.092564907940951 1331
1747329369256 2.092433452606201 1332
1747329373842 2.092321504246105 1333
1747329378428 2.0921985019337046 1334
1747329383037 2.0920731804587622 1335
1747329387621 2.0919338789853184 1336
1747329392195 2.091808947649869 1337
1747329396731 2.091707164591009 1338
1747329401541 2.091544649817727 1339
1747329406101 2.091416272250089 1340
1747329410676 2.091310804540461 1341
1747329415229 2.091203732924028 1342
1747329419813 2.0910704786127265 1343
1747329424386 2.0909258885817095 1344
1747329428946 2.0907935445958916 1345
1747329433603 2.0906777598641137 1346
1747329438216 2.0905640558762983 1347
1747329442726 2.090421741658991 1348
1747329447268 2.0902856479991567 1349
1747329451841 2.0901651165702124 1350
1747329456367 2.0900392749092798 1351
1747329460953 2.08992262320085 1352
1747329465525 2.0897901491685347 1353
1747329470125 2.0896682089025322 1354
1747329474708 2.089505369013006 1355
1747329479297 2.089385509490967 1356
1747329483902 2.0892651731317695 1357
1747329488662 2.0891480445861816 1358
1747329493209 2.0890090465545654 1359
1747330062061 2.0904131802645596 1360
1747330066623 2.0902963985096323 1361
1747330071196 2.090166612104936 1362
1747330075703 2.089995796030218 1363
1747330080290 2.0898524847897617 1364
1747330084828 2.089778770099987 1365
1747330089388 2.0896024270491167 1366
1747330093994 2.089507731524381 1367
1747330098576 2.089413274418224 1368
1747330103175 2.089267123829235 1369
1747330107764 2.0891482613303443 1370
1747330112308 2.089022636413574 1371
1747330116861 2.0889317989349365 1372
1747330121404 2.088778625835072 1373
1747330125967 2.088667154312134 1374
1747330130557 2.088553775440563 1375
1747330135111 2.0884179201993076 1376
1747330139725 2.088269905610518 1377
1747330144332 2.088186567479914 1378
1747330149168 2.088049975308505 1379
1747330153754 2.087915290485729 1380
1747330158354 2.08779298175465 1381
1747330162955 2.0876625884662974 1382
1747330167548 2.0875626260584053 1383
1747330172152 2.087442701513117 1384
1747330176734 2.0873043753884057 1385
1747330181355 2.0871547135439785 1386
1747330185951 2.087053407322277 1387
1747330190554 2.0869205648248847 1388
1747330195192 2.08680120381442 1389
1747330199812 2.086660211736506 1390
1747330204414 2.0865488052368164 1391
1747330208972 2.086395090276545 1392
1747330213529 2.0862879102880303 1393
1747330218100 2.0861656665802 1394
1747330222696 2.0860236558047207 1395
1747330227270 2.0859152403744785 1396
1747330231897 2.0857728828083384 1397
1747330236709 2.085643703287298 1398
1747330241318 2.0855268998579546 1399
1747330804219 2.0870414430444892 1400
1747330808745 2.0868370099501177 1401
1747330813242 2.0867997949773613 1402
1747330817744 2.0865338282151655 1403
1747330822271 2.086482589895075 1404
1747330826780 2.0863582437688653 1405
1747330831276 2.0862033367156982 1406
1747330835790 2.0861086628653784 1407
1747330840290 2.08599777655168 1408
1747330844791 2.0858643488450483 1409
1747330849319 2.0857509049502285 1410
1747330853809 2.0856562744487417 1411
1747330858332 2.0855317332527856 1412
1747330862829 2.085381876338612 1413
1747330867334 2.085274327885021 1414
1747330871874 2.085160732269287 1415
1747330876366 2.0850240100513804 1416
1747330880885 2.0849300731312144 1417
1747330885399 2.0847969271919946 1418
1747330890137 2.084658080881292 1419
1747330894625 2.0845214887098833 1420
1747330899129 2.0844267931851475 1421
1747330903630 2.0843148664994673 1422
1747330908165 2.0841801166534424 1423
1747330912701 2.0840462988073174 1424
1747330917202 2.083926569331776 1425
1747330921722 2.083804043856534 1426
1747330926235 2.083670659498735 1427
1747330930762 2.0835498679767954 1428
1747330935257 2.083454955707897 1429
1747330939769 2.0833030830730093 1430
1747330944295 2.083187623457475 1431
1747330948815 2.08305684002963 1432
1747330953327 2.0829297629269687 1433
1747330957856 2.082809188149192 1434
1747330962357 2.0826786864887583 1435
1747330966892 2.082571268081665 1436
1747330971424 2.0824377103285356 1437
1747330976160 2.082297455180775 1438
1747330980703 2.082181778821078 1439
1747331550734 2.0839931964874268 1440
1747331555372 2.0839521234685723 1441
1747331560075 2.0837092616341333 1442
1747331564738 2.0837035179138184 1443
1747331569363 2.083458813753995 1444
1747331574029 2.0834053212946113 1445
1747331578584 2.0833130099556665 1446
1747331583231 2.0831779566678135 1447
1747331587858 2.083026560870084 1448
1747331592486 2.082997603849931 1449
1747331597066 2.082859017632224 1450
1747331601646 2.082710786299272 1451
1747331606226 2.0826016556132925 1452
1747331610806 2.0825454972007056 1453
1747331615402 2.082423968748613 1454
1747331619957 2.08226279778914 1455
1747331624592 2.0821842930533667 1456
1747331629140 2.0820701772516426 1457
1747331633759 2.0819704099134966 1458
1747331638503 2.0818344463001597 1459
1747331643054 2.0817427418448706 1460
1747331647591 2.081623662601818 1461
1747331652181 2.081518454985185 1462
1747331656697 2.081374840302901 1463
1747331661284 2.0812719735232266 1464
1747331665868 2.0811788602308794 1465
1747331670410 2.081046386198564 1466
1747331674964 2.080943150953813 1467
1747331679512 2.0808287100358442 1468
1747331684064 2.0807142040946265 1469
1747331688554 2.0805860432711514 1470
1747331693148 2.080476175655018 1471
1747331697665 2.080386443571611 1472
1747331702230 2.0802536227486352 1473
1747331706810 2.0801406773653897 1474
1747331711445 2.0800294009121982 1475
1747331715632 2.0799167589707808 1476
1747331720164 2.0797920660539106 1477
1747331724860 2.0796906731345435 1478
1747331729386 2.0795633792877197 1479
1747332292135 2.080966841090809 1480
1747332296688 2.080905307422985 1481
1747332301201 2.080776192925193 1482
1747332305706 2.0806353742426094 1483
1747332310200 2.08045278895985 1484
1747332314716 2.0804310495203193 1485
1747332319236 2.0802972966974433 1486
1747332323758 2.0801138661124488 1487
1747332328250 2.080043901096691 1488
1747332332756 2.079958113757047 1489
1747332337224 2.079821456562389 1490
1747332341683 2.079707904295488 1491
1747332346148 2.079606381329623 1492
1747332350644 2.0795048583637583 1493
1747332355144 2.0793635411696 1494
1747332359615 2.0792708830399946 1495
1747332364102 2.079170682213523 1496
1747332368589 2.079067837108265 1497
1747332373094 2.0789313966577705 1498
1747332377825 2.078837026249279 1499
1747332382306 2.078722368587147 1500
1747332386814 2.078621647574685 1501
1747332391320 2.078508658842607 1502
1747332395825 2.078388300808993 1503
1747332400296 2.07827073877508 1504
1747332404784 2.078171556646174 1505
1747332409273 2.0780687765641646 1506
1747332413805 2.0779672969471323 1507
1747332418305 2.077833479101008 1508
1747332422827 2.0777299837632612 1509
1747332427347 2.0776183171705767 1510
1747332431887 2.0775234265760942 1511
1747332436381 2.0773907791484487 1512
1747332440911 2.0773016105998647 1513
1747332445404 2.077182184566151 1514
1747332449896 2.077074419368397 1515
1747332454414 2.0769674344496294 1516
1747332458929 2.0768496339971367 1517
1747332463642 2.0767376856370405 1518
1747332468146 2.0766486904837866 1519
1747333039664 2.0780274868011475 1520
1747333044267 2.0780783783305776 1521
1747333048874 2.077818523753773 1522
1747333053492 2.0778386376120825 1523
1747333058052 2.077582749453458 1524
1747333062593 2.0774848461151123 1525
1747333067206 2.0774782354181465 1526
1747333071773 2.0773094567385586 1527
1747333076331 2.0771794752641157 1528
1747333080874 2.0771170529452236 1529
1747333085520 2.0770447037436743 1530
1747333090144 2.0769263831051914 1531
1747333094804 2.0768056132576684 1532
1747333099481 2.076753919774836 1533
1747333104150 2.076649795879017 1534
1747333108778 2.0765567909587515 1535
1747333113343 2.076436064460061 1536
1747333117979 2.0763673782348633 1537
1747333122601 2.0762601548975166 1538
1747333127522 2.076151652769609 1539
1747333132193 2.076052882454612 1540
1747333136851 2.0759694793007593 1541
1747333141508 2.075854041359641 1542
1747333146179 2.0757691209966485 1543
1747333150801 2.0756884704936636 1544
1747333155411 2.0755797516215932 1545
1747333160007 2.0754936825145376 1546
1747333164661 2.0753953240134497 1547
1747333169309 2.075286713513461 1548
1747333173971 2.0751982168717817 1549
1747333178598 2.0751007253473457 1550
1747333183177 2.0750050978227095 1551
1747333187858 2.074896877462214 1552
1747333192547 2.074829339981079 1553
1747333197120 2.074720707806674 1554
1747333201665 2.074623368003152 1555
1747333206347 2.0745194175026636 1556
1747333211024 2.0744501894170586 1557
1747333215903 2.0743297230113638 1558
1747333220577 2.0742382136258213 1559
1747333795770 2.0754118399186567 1560
1747333800360 2.0754424658688633 1561
1747333804987 2.0752138658003374 1562
1747333809680 2.0752370574257593 1563
1747333814367 2.0749820579182017 1564
1747333819052 2.0748985897411 1565
1747333823736 2.074920415878296 1566
1747333828433 2.074768153103915 1567
1747333833116 2.0746242783286353 1568
1747333837801 2.0745845057747583 1569
1747333842462 2.0745315335013648 1570
1747333847168 2.0743977156552402 1571
1747333851864 2.0742968645962803 1572
1747333856490 2.0742405111139472 1573
1747333861072 2.074162396517667 1574
1747333865723 2.0740561268546363 1575
1747333870394 2.073961951515891 1576
1747333875075 2.073878678408536 1577
1747333879741 2.073810187253085 1578
1747333884658 2.0737114169380884 1579
1747333889343 2.073613231832331 1580
1747333893997 2.0735389319333164 1581
1747333898602 2.073449286547574 1582
1747333903208 2.073347070000388 1583
1747333907850 2.0732778202403677 1584
1747333912511 2.0731968879699707 1585
1747333917155 2.0731159990484063 1586
1747333921810 2.072996052828702 1587
1747333926469 2.072907252745195 1588
1747333931017 2.0728308287533848 1589
1747333935670 2.0727522589943628 1590
1747333940343 2.0726695277474145 1591
1747333945017 2.0725394162264736 1592
1747333949670 2.0724891966039483 1593
1747333954296 2.0724194049835205 1594
1747333958915 2.072310621088201 1595
1747333963553 2.072224421934648 1596
1747333968228 2.072146415710449 1597
1747333973072 2.0720567919991235 1598
1747333977607 2.071973670612682 1599
1747334552580 2.0730501304973257 1600
1747334557220 2.073354027488015 1601
1747334561887 2.072843768379905 1602
1747334566591 2.073070092634721 1603
1747334571232 2.0728743076324463 1604
1747334575803 2.0726063684983687 1605
1747334580337 2.0726080374284224 1606
1747334584893 2.0726543123071846 1607
1747334589431 2.0724981914867056 1608
1747334593961 2.0723295428536157 1609
1747334598543 2.0722791064869273 1610
1747334602758 2.072303468530828 1611
1747334607409 2.072208447889848 1612
1747334611948 2.0720494877208364 1613
1747334616601 2.071956742893566 1614
1747334621149 2.0719490268013696 1615
1747334625755 2.071896336295388 1616
1747334630370 2.0717779723080723 1617
1747334634987 2.0716789852489126 1618
1747334639750 2.071604620326649 1619
1747334644294 2.0715833360498603 1620
1747334648870 2.07150860266252 1621
1747334653440 2.0714153159748423 1622
1747334658115 2.0713230696591465 1623
1747334662747 2.0712714845483955 1624
1747334667434 2.071173147721724 1625
1747334672104 2.0711242285641758 1626
1747334676771 2.071021014993841 1627
1747334681438 2.0709735480221836 1628
1747334686137 2.070896625518799 1629
1747334690790 2.0708264004100454 1630
1747334695439 2.0707541595805776 1631
1747334700068 2.0706631487066094 1632
1747334704703 2.070619734850797 1633
1747334709354 2.0705229369076816 1634
1747334713990 2.0704523866826836 1635
1747334718616 2.0703663609244605 1636
1747334723185 2.07031850381331 1637
1747334728060 2.0701974521983755 1638
1747334732654 2.07016565582969 1639
1747335303876 2.071052659641613 1640
1747335308516 2.071594086560336 1641
1747335313149 2.0708281126889316 1642
1747335317831 2.0710618279196997 1643
1747335322519 2.071073380383578 1644
1747335327207 2.0707297975366767 1645
1747335331400 2.0705722895535557 1646
1747335336315 2.0706595941023394 1647
1747335340543 2.070652723312378 1648
1747335345131 2.0705037767236885 1649
1747335349795 2.070313800464977 1650
1747335354428 2.0702445723793725 1651
1747335359041 2.070280356840654 1652
1747335363674 2.070246024565263 1653
1747335368329 2.070096319372004 1654
1747335373040 2.06999117677862 1655
1747335377686 2.069939895109697 1656
1747335382234 2.0699324391104956 1657
1747335386892 2.0698762373490767 1658
1747335391762 2.069746060804887 1659
1747335396398 2.069657499139959 1660
1747335401085 2.0696080814708364 1661
1747335405757 2.0695709098469126 1662
1747335410409 2.069515249945901 1663
1747335415069 2.0694248893044214 1664
1747335419742 2.069330172105269 1665
1747335424403 2.0692713260650635 1666
1747335428939 2.069234176115556 1667
1747335433437 2.06917049668052 1668
1747335438068 2.069059285250577 1669
1747335442654 2.0690039721402256 1670
1747335447303 2.06896127354015 1671
1747335451962 2.0689011270349678 1672
1747335456605 2.0688409371809526 1673
1747335461143 2.068748625842008 1674
1747335465727 2.068688457662409 1675
1747335470378 2.068628267808394 1676
1747335475009 2.068562247536399 1677
1747335479832 2.0684702829881148 1678
1747335484356 2.068424853411588 1679
1747336053485 2.0695594657551157 1680
1747336058080 2.0696558302099053 1681
1747336062608 2.0690886107358066 1682
1747336067191 2.069183826446533 1683
1747336071845 2.0690182772549717 1684
1747336076475 2.0687898722561924 1685
1747336081032 2.0687340823086826 1686
1747336085594 2.068730354309082 1687
1747336090233 2.0686303919011895 1688
1747336094873 2.068525119261308 1689
1747336099548 2.0684442736885766 1690
1747336104168 2.0684638673608955 1691
1747336108847 2.068380182439631 1692
1747336113549 2.068267280405218 1693
1747336118235 2.0681920051574707 1694
1747336122931 2.0681228637695312 1695
1747336127613 2.0680972879583184 1696
1747336132218 2.0680356242439966 1697
1747336136840 2.0679188641634854 1698
1747336141642 2.067838430404663 1699
1747336146231 2.067797162316062 1700
1747336150907 2.067737644368952 1701
1747336155551 2.067653764377941 1702
1747336160169 2.0675996000116523 1703
1747336164739 2.067520640113137 1704
1747336169433 2.0674572857943447 1705
1747336174027 2.0673982446843926 1706
1747336178638 2.0673200000416148 1707
1747336183146 2.0672547817230225 1708
1747336187662 2.0672225735404273 1709
1747336192238 2.067131996154785 1710
1747336196813 2.067074407230724 1711
1747336201372 2.0670124834234063 1712
1747336205949 2.0669443607330322 1713
1747336210519 2.0668418407440186 1714
1747336215088 2.0667821277271616 1715
1747336219731 2.066753452474421 1716
1747336224302 2.0666654326699 1717
1747336229209 2.0666057630018755 1718
1747336233760 2.0665400244972925 1719
1747336805923 2.069370746612549 1720
1747336810619 2.0689108588478784 1721
1747336815271 2.0683302879333496 1722
1747336819907 2.0679500102996826 1723
1747336824508 2.067717097022317 1724
1747336829167 2.067476424303922 1725
1747336833858 2.0672601136294277 1726
1747336838482 2.0671357024799693 1727
1747336843153 2.0670559189536353 1728
1747336847821 2.067001147703691 1729
1747336852480 2.066954591057517 1730
1747336856762 2.066887552087957 1731
1747336861381 2.0668838674371894 1732
1747336865915 2.0668290745128286 1733
1747336870554 2.0667780312624844 1734
1747336875181 2.066716432571411 1735
1747336879798 2.066636995835738 1736
1747336884395 2.0665658604015005 1737
1747336889043 2.0664871389215644 1738
1747336893868 2.0663888454437256 1739
1747336898496 2.0662952986630527 1740
1747336903048 2.0662149516018955 1741
1747336907612 2.0661417787725274 1742
1747336912248 2.066035682504827 1743
1747336916847 2.0659726316278633 1744
1747336921468 2.0659288493069736 1745
1747336926012 2.065848393873735 1746
1747336930651 2.065786361694336 1747
1747336935239 2.0657364455136387 1748
1747336939892 2.065677426078103 1749
1747336944569 2.065599398179488 1750
1747336949248 2.065560882741755 1751
1747336953809 2.0654690699143843 1752
1747336958404 2.0653955069455234 1753
1747336962980 2.065334276719527 1754
1747336967562 2.065275127237493 1755
1747336972226 2.0652116645466196 1756
1747336976831 2.0651454708792945 1757
1747336981672 2.065079168839888 1758
1747336986244 2.0649963942441074 1759
1747337562404 2.0683274269104004 1760
1747337567009 2.067944635044445 1761
1747337571504 2.067505272951993 1762
1747337575995 2.067043196071278 1763
1747337580551 2.0668277740478516 1764
1747337585067 2.0666681853207676 1765
1747337589622 2.066452373157848 1766
1747337594142 2.066313483498313 1767
1747337598396 2.0662325512279165 1768
1747337603375 2.0662153417413887 1769
1747337607702 2.066178495233709 1770
1747337612320 2.0660780559886587 1771
1747337616848 2.066060781478882 1772
1747337621384 2.066024563529275 1773
1747337625894 2.065966562791304 1774
1747337630445 2.0659158013083716 1775
1747337634972 2.065799214623191 1776
1747337639539 2.06575328653509 1777
1747337644075 2.0656592629172583 1778
1747337648868 2.0655964721332896 1779
1747337653417 2.06551194190979 1780
1747337657947 2.0654094219207764 1781
1747337662505 2.0653314373709937 1782
1747337667053 2.065272179516879 1783
1747337671599 2.0651763785969126 1784
1747337676142 2.065148440274325 1785
1747337680690 2.0650760260495273 1786
1747337685251 2.065001379359852 1787
1747337689807 2.0649600462480024 1788
1747337694358 2.0648857896978203 1789
1747337698901 2.064806678078391 1790
1747337703457 2.064735087481412 1791
1747337708010 2.064686493440108 1792
1747337712558 2.0646253499117764 1793
1747337717115 2.064544526013461 1794
1747337721665 2.064462184906006 1795
1747337726216 2.0644203532825816 1796
1747337730779 2.0643338723616167 1797
1747337735566 2.0642915205522017 1798
1747337740107 2.064214684746482 1799
1747338304117 2.071107430891557 1800
1747338308657 2.0699816183610396 1801
1747338313215 2.069597937844016 1802
1747338317774 2.0690686919472436 1803
1747338322299 2.0684574734080923 1804
1747338326850 2.067913380536166 1805
1747338331408 2.0675929459658535 1806
1747338335590 2.067381642081521 1807
1747338340154 2.067144133827903 1808
1747338344696 2.066905801946467 1809
1747338349241 2.0667044682936235 1810
1747338353799 2.0665564970536665 1811
1747338358344 2.0665223598480225 1812
1747338362913 2.066463427110152 1813
1747338367449 2.066435315392234 1814
1747338371999 2.0663438493555244 1815
1747338376558 2.066290421919389 1816
1747338381101 2.0662427598779853 1817
1747338385608 2.0662062601609663 1818
1747338390366 2.0661605271426113 1819
1747338394868 2.0660997954281894 1820
1747338399417 2.0660201636227695 1821
1747338403950 2.0659689036282627 1822
1747338408486 2.065903728658503 1823
1747338412998 2.0658167492259634 1824
1747338417573 2.0657765865325928 1825
1747338422132 2.0656913193789395 1826
1747338426710 2.0656152205033735 1827
1747338431264 2.0655407255346123 1828
1747338435787 2.0654679861935703 1829
1747338440322 2.0654064525257456 1830
1747338444869 2.0653774738311768 1831
1747338449414 2.06528919393366 1832
1747338453968 2.065228809009899 1833
1747338458489 2.06518047506159 1834
1747338463016 2.0651213255795566 1835
1747338467549 2.065050580284812 1836
1747338472088 2.064985318617387 1837
1747338476833 2.064914486624978 1838
1747338481401 2.0648764046755703 1839
1747339045085 2.073741305958141 1840
1747339049595 2.0717904567718506 1841
1747339054120 2.0711604248393667 1842
1747339058637 2.070815259760076 1843
1747339063151 2.070270711725408 1844
1747339067660 2.069596377286044 1845
1747339072200 2.0689080845225942 1846
1747339076738 2.068389567461881 1847
1747339081284 2.068055499683727 1848
1747339085812 2.0678520636125044 1849
1747339090363 2.067665013399991 1850
1747339094878 2.067429455843839 1851
1747339099406 2.0671633156863125 1852
1747339103940 2.0669500827789307 1853
1747339108479 2.0667902556332676 1854
1747339113027 2.0667508081956343 1855
1747339117558 2.066719987175681 1856
1747339122106 2.0666455789045854 1857
1747339126632 2.0666178573261607 1858
1747339131385 2.066541151566939 1859
1747339135893 2.066460371017456 1860
1747339140450 2.066408092325384 1861
1747339144961 2.0663759925148706 1862
1747339149513 2.066330844705755 1863
1747339154039 2.066308520056985 1864
1747339158572 2.0662532936442983 1865
1747339163105 2.066167029467496 1866
1747339167658 2.066085707057606 1867
1747339172185 2.0660198601809414 1868
1747339176744 2.0659722848372026 1869
1747339181274 2.065904227170077 1870
1747339185832 2.0658547661521216 1871
1747339190405 2.065793210809881 1872
1747339194939 2.0657014630057593 1873
1747339199467 2.065660086545077 1874
1747339204016 2.0655738440426914 1875
1747339208544 2.0655461224642666 1876
1747339213103 2.065486192703247 1877
1747339217846 2.0654624592174184 1878
1747339222375 2.0653833042491567 1879
1747339787908 2.0745377974076704 1880
1747339792428 2.0720796368338843 1881
1747339796942 2.071149999445135 1882
1747339801464 2.0709270347248423 1883
1747339805993 2.0706151832233775 1884
1747339810526 2.0700471834702925 1885
1747339815068 2.0693526701493696 1886
1747339819586 2.0686764933846216 1887
1747339824115 2.0681888406926934 1888
1747339828637 2.0679097175598145 1889
1747339833147 2.0677634369243276 1890
1747339837690 2.0676317648454146 1891
1747339842230 2.0674473589116875 1892
1747339846761 2.067225152795965 1893
1747339851287 2.0670070864937524 1894
1747339855829 2.0668075518174605 1895
1747339860363 2.066715804013339 1896
1747339864879 2.066667925227772 1897
1747339869417 2.066675381226973 1898
1747339874158 2.0666524063457143 1899
1747339878697 2.066596443002874 1900
1747339883236 2.066533912311901 1901
1747339887786 2.0664494037628174 1902
1747339892295 2.066381172700362 1903
1747339896844 2.066335526379672 1904
1747339901382 2.066302321173928 1905
1747339905916 2.0662786093625156 1906
1747339910431 2.0662308172746138 1907
1747339914946 2.0661532878875732 1908
1747339919451 2.0660656582225454 1909
1747339923989 2.0659875869750977 1910
1747339928498 2.0659316669810903 1911
1747339933018 2.0658980282870205 1912
1747339937516 2.065834392200817 1913
1747339942031 2.0657994096929375 1914
1747339946562 2.065744465047663 1915
1747339951081 2.065679593519731 1916
1747339955604 2.065584746274081 1917
1747339960333 2.0655500455336138 1918
1747339964837 2.065481749447909 1919
1747340528708 2.0756851759823887 1920
1747340533253 2.0728458057750356 1921
1747340537833 2.0715754248879175 1922
1747340542398 2.071209734136408 1923
1747340546969 2.071015813133933 1924
1747340551571 2.0705881118774414 1925
1747340556159 2.069909529252486 1926
1747340560365 2.0692096190019087 1927
