1751216610895 2.0902717912738975 0
1751216638432 2.005485136061907 1
1751216665920 1.964344707402316 2
1751216693424 1.9265605211257935 3
1751216720966 1.8925687030635097 4
1751216748546 1.8600153611464934 5
1751216776092 1.830926912413402 6
1751216803633 1.8136149384081364 7
1751216831194 1.792858224362135 8
1751216858743 1.7747561816464772 9
1751216886214 1.7616427334194833 10
1751216913708 1.7443871559067206 11
1751216941266 1.7328207150778987 12
1751216968805 1.7278150425038554 13
1751216996299 1.7132487253031947 14
1751217023878 1.7022341950373217 15
1751217051440 1.690299191935496 16
1751217078976 1.684429271993312 17
1751217106470 1.674165091054006 18
1751217133978 1.6695190939036282 19
1751217161547 1.654651471159675 20
1751217189087 1.6535333327271722 21
1751217216581 1.6443878266621719 22
1751217244168 1.6374487230046229 23
1751217271725 1.627876795151017 24
1751217299255 1.624168730594895 25
1751217326775 1.6172293323007496 26
1751217354378 1.6096412654627452 27
1751217382007 1.6025202243842862 28
1751217409548 1.596053295853463 29
1751217437073 1.5937484604391186 30
1751217464620 1.5853539972820065 31
1751217492129 1.5825109160081907 32
1751217519742 1.574368796565316 33
1751217547266 1.5682695701041005 34
1751217574816 1.5583421184935353 35
1751217602398 1.5565491681071846 36
1751217629930 1.547602609138597 37
1751217657427 1.5430046993900428 38
1751217685044 1.5401130647144534 39
1751219050179 1.6693960357118736 40
1751219077729 1.5915909917517141 41
1751219105287 1.5688753832470288 42
1751219132869 1.555783791298216 43
1751219160497 1.5537715889513493 44
1751219188064 1.5396526151082732 45
1751219215607 1.5315396193076263 46
1751219243209 1.5268231017345733 47
1751219270868 1.5243799103931948 48
1751219298447 1.513409067283977 49
1751219326001 1.5107165026393803 50
1751219353571 1.5021865804764358 51
1751219381146 1.4937461133707652 52
1751219408709 1.4958969960835846 53
1751219436281 1.4900208731943911 54
1751219463877 1.479648228396069 55
1751219491439 1.4795818450776013 56
1751219518962 1.4790250831706957 57
1751219546560 1.4687125886028463 58
1751219574139 1.46452245996757 59
1751219601765 1.4631457399915566 60
1751219629347 1.4529175287620588 61
1751219656963 1.454967287792401 62
1751219684566 1.4413143264299089 63
1751219712143 1.4416164122521877 64
1751219739757 1.4358836138112978 65
1751219767328 1.4317658320069313 66
1751219794878 1.428341941061345 67
1751219822465 1.4290542189370503 68
1751219850115 1.4199714755470103 69
1751219877650 1.4168101559308441 70
1751219905237 1.4098054136742244 71
1751219932817 1.4124840227040378 72
1751219960386 1.4031040986830539 73
1751219987993 1.4013845741071485 74
1751220015538 1.3922837830402635 75
1751220043095 1.3917695548046718 76
1751220070663 1.387841546061364 77
1751220098272 1.3824838738549838 78
1751220125844 1.3783119822090322 79
1751221491829 1.5793342332948337 80
1751221519431 1.4770370914854787 81
1751221547339 1.4511979367922654 82
1751221574925 1.434772888706489 83
1751221602515 1.4176746217364615 84
1751221630129 1.4092193147675558 85
1751221657741 1.3957339792766355 86
1751221685284 1.3886679102751343 87
1751221712880 1.3819872493093663 88
1751221740456 1.3712941055948085 89
1751221768448 1.3723018240522256 90
1751221796363 1.355173832313581 91
1751221823921 1.3537265546619892 92
1751221851918 1.347564990886233 93
1751221879473 1.343690431930802 94
1751221907052 1.3379331566393375 95
1751221934929 1.3291871269995517 96
1751221962793 1.321853446689519 97
1751221990710 1.3197310509329492 98
1751222018301 1.3136655573140492 99
1751222045899 1.3086800094355235 100
1751222073438 1.3023057048293678 101
1751222101351 1.2956108312037857 102
1751222128861 1.292281499979171 103
1751222156440 1.2866131155328318 104
1751222183944 1.2825051132928242 105
1751222211526 1.2761071370067922 106
1751222239100 1.2729795781726188 107
1751222266606 1.2659376371990552 108
1751222294571 1.2624560325321825 109
1751222322147 1.2569062245840377 110
1751222350097 1.25181781263514 111
1751222377993 1.2462197894399816 112
1751222405973 1.2447850738059392 113
1751222433609 1.2389719838445836 114
1751222461203 1.2285455942831256 115
1751222488765 1.2267364483665337 116
1751222516746 1.2253729298033498 117
1751222544657 1.2172601148486137 118
1751222572547 1.2161130031401461 119
1751224046792 1.6037108603526244 120
1751224074779 1.4841171015392651 121
1751224102709 1.448245150799101 122
1751224130649 1.425989475778558 123
1751224158218 1.4145274297757582 124
1751224186166 1.3960730223493143 125
1751224214029 1.3933609480207616 126
1751224241948 1.376760609447956 127
1751224269873 1.3705426339398732 128
1751224297762 1.3651897270571103 129
1751224325672 1.3527093641459942 130
1751224353604 1.3455454537814313 131
1751224381543 1.338838156312704 132
1751224409446 1.3355676738375968 133
1751224437397 1.3244506852193312 134
1751224465277 1.3232421211221002 135
1751224493248 1.3139667270535773 136
1751224521187 1.3043576309626752 137
1751224548820 1.3032969188961117 138
1751224576747 1.2939623055810279 139
1751224604692 1.289202903482047 140
1751224632613 1.283964379605922 141
1751224660606 1.2797821150584654 142
1751224688510 1.2707395170899956 143
1751224716485 1.2668302150612527 144
1751224744385 1.2577080371027642 145
1751224772341 1.2520809913562103 146
1751224800299 1.2498454204337164 147
1751224828264 1.2439159219237892 148
1751224856182 1.2419520443813368 149
1751224884116 1.2323547909882935 150
1751224911987 1.2269716510041193 151
1751224939905 1.2228953377767042 152
1751224967807 1.2161586929789998 153
1751224995749 1.2120904114774682 154
1751225023709 1.2069090574302457 155
1751225051646 1.2082877565513959 156
1751225079590 1.200966450470415 157
1751225107502 1.190937532789328 158
1751225135386 1.1895854659378529 159
1751226595259 1.6247846186161041 160
1751226623207 1.4830712560902943 161
1751226651067 1.4437162195417015 162
1751226679018 1.4182719805023887 163
1751226707001 1.402771637182344 164
1751226734957 1.388379384170879 165
1751226762877 1.371562417257916 166
1751226790819 1.3586510799147866 167
1751226818727 1.3497613956305115 168
1751226846609 1.3476629064164378 169
1751226874563 1.3371844274753875 170
1751226902511 1.3260008679194883 171
1751226930434 1.3189930258826776 172
1751226958340 1.3096363012763588 173
1751226986313 1.2996056591245262 174
1751227014261 1.2976778095418757 175
1751227042192 1.288262491029772 176
1751227070153 1.2817301768809557 177
1751227098076 1.2759271760217168 178
1751227125908 1.2696696911007166 179
1751227153819 1.2664402682672848 180
1751227181781 1.2529670464044267 181
1751227209690 1.2515949335965244 182
1751227237634 1.24148437787186 183
1751227265574 1.2364089512689547 184
1751227293509 1.2295723913068122 185
1751227321456 1.224824292246591 186
1751227349318 1.2205049341375178 187
1751227377209 1.2158288169990887 188
1751227405116 1.2089868423274972 189
1751227433047 1.2036033259196715 190
1751227461000 1.1995925012637267 191
1751227488908 1.1889962054450403 192
1751227516866 1.1858828944916076 193
1751227544911 1.1847852918912063 194
1751227572796 1.1791157795285636 195
1751227600772 1.171612449498339 196
1751227628728 1.1669265814125538 197
1751227656666 1.1590263465927406 198
1751227684567 1.152408087795431 199
1751229180464 1.6905407319692047 200
1751229208248 1.489039241928946 201
1751229235946 1.442566180093722 202
1751229263700 1.4096191674470901 203
1751229291448 1.394849943843755 204
1751229319182 1.381124889308756 205
1751229346913 1.3664416958662597 206
1751229374649 1.3605517745018005 207
1751229402401 1.3489059280942788 208
1751229430080 1.3408522060648962 209
1751229457840 1.3271536048163066 210
1751229485542 1.3154183873398737 211
1751229513259 1.3090712550011547 212
1751229540953 1.2973169576038013 213
1751229568700 1.2957647629082203 214
1751229596451 1.2843254313550212 215
1751229624201 1.2793083075772633 216
1751229651915 1.271947130560875 217
1751229679597 1.2650003009899096 218
1751229707306 1.2605040263045917 219
1751229735014 1.2445588238875975 220
1751229762781 1.2467937713319606 221
1751229790552 1.2375703846866435 222
1751229818263 1.2282636685466224 223
1751229846008 1.2225748119367794 224
1751229873742 1.2185438431122086 225
1751229901428 1.2098687514662743 226
1751229929157 1.2035634773360058 227
1751229956886 1.196319431066513 228
1751229984671 1.1927500377324494 229
1751230012377 1.185150515457446 230
1751230040063 1.1813509635288606 231
1751230067756 1.1769917060367086 232
1751230095488 1.1683166145601056 233
1751230123213 1.1612531429325992 234
1751230150980 1.158974873918024 235
1751230178721 1.1490749674425884 236
1751230206505 1.1482821179723197 237
1751230234239 1.1432594646784393 238
1751230261911 1.1288811852308838 239
1751231773419 1.6902726861563595 240
1751231801154 1.4958782968196003 241
1751231828956 1.4509913555600427 242
1751231856672 1.4132885892282834 243
1751231884388 1.3931303837082603 244
1751231912107 1.3833382918753407 245
1751231939801 1.3677930662577802 246
1751231967484 1.3547962649979375 247
1751231995121 1.3447854918512432 248
1751232022806 1.3366083800792694 249
1751232050500 1.3211811476133086 250
1751232078245 1.3166637491773476 251
1751232105871 1.306742674247785 252
1751232133546 1.2951226596805183 253
1751232161273 1.2878889807245948 254
1751232188961 1.2829164505343547 255
1751232216694 1.278345909985629 256
1751232244386 1.2670854225077413 257
1751232272114 1.2577522376721555 258
1751232299825 1.2509693709964103 259
1751232327561 1.2466405320235274 260
1751232355262 1.2390480370006778 261
1751232383015 1.2273570988327265 262
1751232410704 1.2189401350915432 263
1751232438431 1.2093311797150157 264
1751232466128 1.2046065245839683 265
1751232493755 1.2034967727959156 266
1751232521511 1.192223380912434 267
1751232549247 1.188428407534957 268
1751232576920 1.1839454311200164 269
1751232604683 1.1745609205893495 270
1751232632411 1.170013535937125 271
1751232660104 1.1611215385862372 272
1751232687851 1.1550161445682698 273
1751232715580 1.152917557311329 274
1751232743271 1.14610728638416 275
1751232770998 1.1394506376236677 276
1751232798709 1.138244273818352 277
1751232826421 1.1283244351771744 278
1751232854106 1.1238419279794802 279
1751234365846 1.7179652130739256 280
1751234393657 1.5089663382280956 281
1751234421338 1.4511341594836928 282
1751234449056 1.4188718291168863 283
1751234476856 1.4018166722221808 284
1751234504542 1.3833924846893006 285
1751234532248 1.3659000112251802 286
1751234560030 1.3545086542991074 287
1751234587749 1.3449264487082309 288
1751234615446 1.3325032331049442 289
1751234643180 1.324046774005348 290
1751234670949 1.3094977455382997 291
1751234698716 1.3047417168590156 292
1751234726496 1.298052315684882 293
1751234754349 1.2878039232031866 294
1751234782093 1.275591379878196 295
1751234809784 1.268948614258658 296
1751234837474 1.261636895550923 297
1751234865252 1.2519034555351192 298
1751234892982 1.2485210062427954 299
1751234920700 1.2387880530547013 300
1751234948506 1.2317601388150996 301
1751234976271 1.2265364294025032 302
1751235004010 1.2194870918650518 303
1751235031719 1.2079147936945611 304
1751235059403 1.2031074847010048 305
1751235087111 1.1944393762810663 306
1751235114879 1.1885688132183119 307
1751235142647 1.182814485816793 308
1751235170367 1.1785219010304322 309
1751235198071 1.165637639943849 310
1751235225814 1.1640364422716878 311
1751235253532 1.1539615331725641 312
1751235281258 1.1480681146071716 313
1751235309007 1.1419760313901035 314
1751235336773 1.1377260094000534 315
1751235364454 1.1294446333565495 316
1751235392146 1.126156448301944 317
1751235419853 1.1186105348169804 318
1751235447561 1.1133430017666384 319
1751236962730 1.7615724216130646 320
1751236990825 1.5241029797629877 321
1751237018874 1.465811557390473 322
1751237046925 1.4309013536707922 323
1751237074977 1.409105022522536 324
1751237103105 1.3876326670023529 325
1751237130834 1.3735575482926585 326
1751237158552 1.359123808755116 327
1751237186356 1.3455580601638013 328
1751237214411 1.3333163413811813 329
1751237242412 1.3269369852813808 330
1751237270443 1.3132382448423991 331
1751237298255 1.3064302380450747 332
1751237326357 1.2948703422126444 333
1751237354052 1.284998289902102 334
1751237382111 1.2796032262796706 335
1751237410136 1.2716416767375036 336
1751237437807 1.2589870117266069 337
1751237465847 1.2581702679057012 338
1751237493964 1.2471707937392322 339
1751237521687 1.2421232990243218 340
1751237549431 1.228173114867373 341
1751237577541 1.2222936688499018 342
1751237605616 1.2101082556288352 343
1751237633639 1.212872900576754 344
1751237661802 1.1986481071534483 345
1751237689891 1.1946651728993112 346
1751237718025 1.1881739216094667 347
1751237745775 1.181096985089508 348
1751237773851 1.1671511525796219 349
1751237801907 1.1664319598877972 350
1751237829969 1.1579003034328872 351
1751237858022 1.15452098778703 352
1751237886149 1.1489832074466078 353
1751237914238 1.1403815873305907 354
1751237941959 1.1329905238341202 355
1751237970102 1.125788863240318 356
1751237997867 1.1270056710663168 357
1751238026040 1.1101338931105353 358
1751238054086 1.1062054502015763 359
1751239658325 1.7838960127397017 360
1751239686356 1.5458361198278991 361
1751239714451 1.474131521514871 362
1751239742541 1.4412121004001661 363
1751239770580 1.4168626066635956 364
1751239798613 1.3969980942254716 365
1751239826631 1.375201071866534 366
1751239854713 1.3640846803107045 367
1751239882783 1.3495379970832304 368
1751239910781 1.3431392908096313 369
1751239938843 1.329086952250112 370
1751239966824 1.313384858044711 371
1751239994839 1.3111319362439893 372
1751240022903 1.3085088198157875 373
1751240050980 1.295165247537873 374
1751240079056 1.2841860838234425 375
1751240107081 1.2742302519353954 376
1751240135135 1.2647009686651556 377
1751240163187 1.2575003387914463 378
1751240191223 1.2492903271182016 379
1751240219284 1.235190225765109 380
1751240247369 1.228528967973861 381
1751240275421 1.2224844172596931 382
1751240303538 1.2182030017403038 383
1751240331658 1.2076693927361206 384
1751240359734 1.1970778546211394 385
1751240387760 1.196500931273807 386
1751240415803 1.1883154541931369 387
1751240443890 1.1773239998993548 388
1751240471979 1.1726709614423187 389
1751240500033 1.1635009527883746 390
1751240528125 1.15730583159761 391
1751240556179 1.15738268467513 392
1751240584239 1.151613899929957 393
1751240612308 1.1379681165245445 394
1751240640344 1.130256798118353 395
1751240668423 1.1284509045495228 396
1751240696579 1.1170412007380615 397
1751240724693 1.1058605128729886 398
1751240752776 1.1080742962658405 399
1751242342356 1.6647712002423676 400
1751242370291 1.4656677527183837 401
1751242398253 1.4188186299394479 402
1751242426167 1.3868350793014874 403
1751242454092 1.3639652976258234 404
1751242482052 1.3463682391765444 405
1751242509941 1.3312162042341449 406
1751242537822 1.318311836909164 407
1751242565726 1.3070775179023093 408
1751242593620 1.2966317923908883 409
1751242621502 1.283530492335558 410
1751242649373 1.2813070179386572 411
1751242677316 1.2699072327126155 412
1751242705234 1.2651912678371777 413
1751242733111 1.2532941218126903 414
1751242761035 1.2467076597227291 415
1751242788997 1.2400676276196132 416
1751242816940 1.2270453308116307 417
1751242844848 1.22438515401022 418
1751242872740 1.2187683140351013 419
1751242900649 1.2119036298245192 420
1751242928554 1.2037646794183687 421
1751242956484 1.2011788306249813 422
1751242984374 1.1934473829513246 423
1751243012270 1.1881917974149638 424
1751243040114 1.1821478170088746 425
1751243068041 1.176317083734003 426
1751243095977 1.1683158584955065 427
1751243123863 1.161172285506671 428
1751243151764 1.1552369885823943 429
1751243179683 1.1503753868693656 430
1751243207594 1.1467244481159882 431
1751243235485 1.1418495865708047 432
1751243263314 1.1326628721911798 433
1751243291156 1.1299807881428436 434
1751243319079 1.12338116240095 435
1751243347037 1.1192243754525075 436
1751243374945 1.1143623681908303 437
1751243402869 1.1063516758043657 438
1751243430764 1.106306921521371 439
1751244931679 1.6721396016126329 440
1751244959576 1.459646394306963 441
1751244987477 1.3974925838410854 442
1751245015390 1.3638222122734243 443
1751245043256 1.341650522568009 444
1751245071161 1.3212986083870584 445
1751245099022 1.3047853867438706 446
1751245126892 1.2940986759283326 447
1751245154802 1.280539539388635 448
1751245182704 1.26529453644021 449
1751245210653 1.2582481550899418 450
1751245238548 1.2489153244955973 451
1751245266435 1.2399137499318882 452
1751245294305 1.232488277791576 453
1751245322163 1.225905329497023 454
1751245350050 1.2192222579297693 455
1751245377931 1.2087967101145873 456
1751245405784 1.2007696281441234 457
1751245433698 1.1962224898690528 458
1751245461618 1.1875323443250223 459
1751245489498 1.186265829103914 460
1751245517366 1.1765474712645465 461
1751245545246 1.1689901289276101 462
1751245573117 1.1679681380364029 463
1751245600976 1.157326770269058 464
1751245628848 1.1527306278320877 465
1751245656677 1.142955743792382 466
1751245684655 1.1372408993880858 467
1751245712559 1.1332247854972428 468
1751245740398 1.1254911307584157 469
1751245768273 1.121112372726202 470
1751245796150 1.1168776273050092 471
1751245823994 1.1107272287322716 472
1751245851929 1.1041784642094916 473
1751245879795 1.0975850282067603 474
1751245907637 1.0950627518309788 475
1751245935478 1.08780066635121 476
1751245963343 1.0812449804083868 477
1751245991252 1.0817685186524282 478
1751246019182 1.0773177599026398 479
1751247598592 1.6955523155629635 480
1751247626516 1.4680429805408826 481
1751247654375 1.4053732641041279 482
1751247682175 1.3744869012046943 483
1751247710102 1.3476529880003496 484
1751247738002 1.3258884325623512 485
1751247765867 1.3135488290678372 486
1751247793697 1.2932775636965579 487
1751247821548 1.2822486480528659 488
1751247849419 1.2717666026543488 489
1751247877279 1.2623302213508973 490
1751247905110 1.24745957468721 491
1751247932922 1.2448046974499116 492
1751247960800 1.2317773747173222 493
1751247988701 1.2262549596753987 494
1751248016515 1.2139932685955004 495
1751248044371 1.2087000742216 496
1751248072220 1.2054006780751727 497
1751248100029 1.1902731140567497 498
1751248127892 1.1870111995799975 499
1751248155769 1.1827399888160555 500
1751248183661 1.1739098969846964 501
1751248211576 1.1680252455513587 502
1751248239443 1.1611424562605945 503
1751248267351 1.1562865107235583 504
1751248295216 1.1486061794514006 505
1751248323058 1.1466722586615519 506
1751248350988 1.1352395267987794 507
1751248378839 1.1270684891126372 508
1751248406638 1.1234902692112056 509
1751248434543 1.114501579579982 510
1751248462450 1.111898323013024 511
1751248490281 1.1071002325889738 512
1751248518078 1.1078753557733514 513
1751248545868 1.0952398851513863 514
1751248573677 1.090600167147138 515
1751248601557 1.0855810396711936 516
1751248629437 1.079781693152406 517
1751248657283 1.0747888872230595 518
1751248685114 1.0685156671838327 519
1751250362792 1.7423971732231704 520
1751250390595 1.487824828109958 521
1751250418740 1.423807843503627 522
1751250446892 1.382928698916327 523
1751250474653 1.3566879630088806 524
1751250502351 1.3365424187345938 525
1751250530524 1.314765483818271 526
1751250558325 1.303569703955542 527
1751250586471 1.287581598216837 528
1751250614734 1.2768771341917189 529
1751250642508 1.2616765565154227 530
1751250670609 1.2563602165742354 531
1751250698777 1.2482581577179106 532
1751250726554 1.2395122154531153 533
1751250754372 1.2295171889391812 534
1751250782163 1.2190586563877084 535
1751250809925 1.2127375927838413 536
1751250838107 1.2057228129018436 537
1751250866251 1.1988159023563971 538
1751250894359 1.1910519969056954 539
1751250922622 1.182413596321236 540
1751250950768 1.1801947773518888 541
1751250978995 1.1687458729879423 542
1751251007191 1.1647276038473302 543
1751251035379 1.1552490961145272 544
1751251063593 1.1527378791096536 545
1751251091358 1.142248809337616 546
1751251119489 1.1406737171452155 547
1751251147275 1.1336606236344033 548
1751251175028 1.1276123598217964 549
1751251203272 1.1181754705242135 550
1751251231442 1.116227255964821 551
1751251259589 1.1077153826640411 552
1751251287689 1.1061509927226738 553
1751251315836 1.1017128759148447 554
1751251343592 1.0923637309196321 555
1751251371425 1.0919715101745995 556
1751251399600 1.0808168219571763 557
1751251427774 1.0805860525843771 558
1751251455978 1.0741062824699013 559
1751253106453 1.7120782421393828 560
1751253134646 1.4779603640464218 561
1751253162856 1.4205793115225704 562
1751253191042 1.372912915254181 563
1751253219257 1.3427267484366894 564
1751253247454 1.3214144652540034 565
1751253275613 1.3033352287655526 566
1751253303793 1.2885810448364778 567
1751253332021 1.276890306648883 568
1751253360171 1.265094436027787 569
1751253388305 1.2527017542584375 570
1751253416441 1.2441099987111308 571
1751253444592 1.2335878332907504 572
1751253472746 1.2220480884002014 573
1751253500877 1.2142164989967237 574
1751253528967 1.205592051317746 575
1751253557081 1.1942444506355308 576
1751253585298 1.1869854454628446 577
1751253613385 1.1818017094311388 578
1751253641568 1.1757973078638315 579
1751253669685 1.1725763654844328 580
1751253697856 1.1577857759865848 581
1751253726030 1.15414970994673 582
1751253754110 1.1477948999540373 583
1751253782227 1.1429970647123726 584
1751253810356 1.1320650213482706 585
1751253838527 1.1305775667794726 586
1751253866700 1.1238395344804635 587
1751253894919 1.114597782153975 588
1751253923092 1.1109836040572687 589
1751253951127 1.1065896607258103 590
1751253979278 1.09574739059264 591
1751254007410 1.0902697423642331 592
1751254035572 1.0891248668459328 593
1751254063658 1.0834621585566888 594
1751254091821 1.0773762628774752 595
1751254119933 1.0776956665583632 596
1751254148018 1.0654119034721092 597
1751254176148 1.056641859933734 598
1751254204269 1.0559864601289684 599
1751255775132 1.7443326477977363 600
1751255803307 1.4840994321487166 601
1751255831429 1.414988039908084 602
1751255859547 1.372422423552383 603
1751255887716 1.3445578742433677 604
1751255915895 1.3290808803655885 605
1751255944071 1.3060472712598064 606
1751255972214 1.2830488260158084 607
1751256000354 1.2782506028359586 608
1751256028428 1.2676613115790216 609
1751256056545 1.2508374991064721 610
1751256084657 1.2382044404406438 611
1751256112753 1.2291905465112491 612
1751256140842 1.224529311399568 613
1751256169061 1.2125321679155936 614
1751256197118 1.205895584584637 615
1751256225305 1.1989808439869771 616
1751256253478 1.1863610559905118 617
1751256281595 1.1791201628405938 618
1751256309696 1.1706568886610595 619
1751256337844 1.1684322528202424 620
1751256366067 1.1613272650336677 621
1751256394304 1.1544022521173412 622
1751256422433 1.1483239429918202 623
1751256450504 1.1408487377180294 624
1751256478666 1.1320717446506023 625
1751256506760 1.1315552011470904 626
1751256534915 1.1217701966789635 627
1751256563052 1.1125847656618466 628
1751256591129 1.1111967260525986 629
1751256619225 1.1066079254854808 630
1751256647616 1.0984942322088913 631
1751256675461 1.0913952804085882 632
1751256703343 1.0899317633699288 633
1751256731209 1.0820514195683328 634
1751256759099 1.080256938426332 635
1751256786994 1.072280128063126 636
1751256814991 1.0642685107886791 637
1751256842917 1.0629944516853853 638
1751256870833 1.0545021551237865 639
1751258567278 1.6718922000039707 640
1751258595194 1.4492170428010551 641
1751258623084 1.3915828452868895 642
1751258650962 1.3569656871259212 643
1751258678850 1.3253738781945272 644
1751258706708 1.3061828359284184 645
1751258734561 1.2899972776120359 646
1751258762461 1.2790814241902395 647
1751258790346 1.2621963630345734 648
1751258818264 1.2539596762508154 649
1751258846136 1.2428404531356962 650
1751258873966 1.2317719151350586 651
1751258901857 1.2258863831785591 652
1751258929762 1.2180260316553442 653
1751258957607 1.2082990511235865 654
1751258985497 1.2043565159494227 655
1751259013421 1.1949925969608806 656
1751259041311 1.1872260863469406 657
1751259069218 1.1822850277478045 658
1751259097086 1.1758712281218984 659
1751259124926 1.1704275596209548 660
1751259152841 1.1648611529645594 661
1751259180705 1.1564261940392582 662
1751259208658 1.1521262023597956 663
1751259236570 1.1461406324736096 664
1751259264485 1.140784965828061 665
1751259292384 1.1394671078094027 666
1751259320249 1.1346983394839547 667
1751259348102 1.1274740181185983 668
1751259376030 1.1237017212604934 669
1751259403962 1.115777751430869 670
1751259431811 1.111050269651142 671
1751259459695 1.1077338209883734 672
1751259487599 1.1043703090399504 673
1751259515440 1.0999970178712497 674
1751259543350 1.0963385860350998 675
1751259571192 1.09329752268439 676
1751259599068 1.0905344437130473 677
1751259626949 1.0805877010253342 678
1751259654832 1.0786852078004316 679
1751261276155 1.6846910007297993 680
1751261304046 1.4573859044096686 681
1751261331893 1.3967715092003345 682
1751261359819 1.3577018105848269 683
1751261387708 1.334468271244656 684
1751261415587 1.3110149909149518 685
1751261443526 1.2945093217898498 686
1751261471409 1.2795524492182515 687
1751261499240 1.2686971293931657 688
1751261527068 1.2549819126725197 689
1751261554967 1.2469930955293504 690
1751261582824 1.2352760681374506 691
1751261610636 1.225507847626101 692
1751261638532 1.2182602975517511 693
1751261666381 1.2117143789814278 694
1751261694181 1.2008908353745937 695
1751261722046 1.1984843098643152 696
1751261749896 1.1886454956098036 697
1751261777836 1.1845196013084867 698
1751261805709 1.1773158496415073 699
1751261833589 1.1723358438096263 700
1751261861499 1.16562750258229 701
1751261889376 1.1582957866855643 702
1751261917220 1.1531259771436453 703
1751261945100 1.1494276315312495 704
1751261973022 1.143522921441631 705
1751262000908 1.1367979772727599 706
1751262028799 1.1326965271410616 707
1751262056713 1.1281944406642155 708
1751262084628 1.1223870034922252 709
1751262112483 1.1160949170589447 710
1751262140405 1.1161730343645269 711
1751262168277 1.1084191531620242 712
1751262196196 1.1029874189672144 713
1751262224062 1.1016163441606543 714
1751262251967 1.096308708698912 715
1751262279860 1.0911150891333818 716
1751262307782 1.0894597963514654 717
1751262335652 1.083093106069348 718
1751262363558 1.0762043368409981 719
1751264104430 1.6991350596601313 720
1751264132282 1.4672168232500553 721
1751264160210 1.4003173431212252 722
1751264188459 1.362247653982856 723
1751264216728 1.341012535786087 724
1751264245044 1.3160563422874971 725
1751264272902 1.2956715165214105 726
1751264300769 1.286725569855083 727
1751264328700 1.2709713874554092 728
1751264356619 1.2596009090881457 729
1751264384522 1.2466105579991231 730
1751264412787 1.2369249132885174 731
1751264440640 1.2303098353811286 732
1751264468540 1.2203124553303828 733
1751264496477 1.2139512679793618 734
1751264524339 1.20625371418216 735
1751264552217 1.2027076459066435 736
1751264580101 1.1909216366369615 737
1751264607978 1.1817511701109735 738
1751264636270 1.1757775192910975 739
1751264664587 1.1712622468105771 740
1751264692489 1.1667918430810624 741
1751264720346 1.161808391186324 742
1751264748179 1.157196621325883 743
1751264776412 1.1504955610091037 744
1751264804343 1.1436386245556853 745
1751264832682 1.1371395134113051 746
1751264860941 1.1354171283204446 747
1751264889193 1.1309277264570647 748
1751264917036 1.120575525374575 749
1751264944984 1.1190343426371163 750
1751264972917 1.113758875395764 751
1751265001262 1.1093838787214323 752
1751265029229 1.1063651276583022 753
1751265057115 1.101446097716689 754
1751265085427 1.0989641950211742 755
1751265113290 1.0927888055078008 756
1751265141151 1.0885960967703299 757
1751265169431 1.0834548529237509 758
1751265197354 1.0767368946901776 759
1751266870992 1.7021732113578103 760
1751266899253 1.4666769619692455 761
1751266927088 1.405470966954123 762
1751266955391 1.3679983541369438 763
1751266983628 1.3428660207851366 764
1751267011488 1.3192807307297534 765
1751267039800 1.299065013500777 766
1751267068073 1.2843526764349504 767
1751267096350 1.2709653645076535 768
1751267124574 1.2598945154723795 769
1751267152402 1.2472735055806963 770
1751267180640 1.240438385951248 771
1751267208899 1.2265684277835218 772
1751267237213 1.2203932897272436 773
1751267265529 1.215646268799901 774
1751267293764 1.204967837780714 775
1751267321965 1.198002042248845 776
1751267350305 1.1892925023355267 777
1751267378612 1.1873886415904218 778
1751267406955 1.1754759519614957 779
1751267435328 1.1701410431414843 780
1751267463669 1.1661099329252134 781
1751267491993 1.1586996633559465 782
1751267520229 1.1523079579188065 783
1751267548554 1.1475970177826555 784
1751267576882 1.1441214416514744 785
1751267605197 1.1400532034987754 786
1751267633526 1.1331880206072873 787
1751267661762 1.1268855082717808 788
1751267690024 1.1219709947366605 789
1751267718342 1.116985914551399 790
1751267746518 1.1112736939367922 791
1751267774812 1.1070797026834704 792
1751267803052 1.10279375619509 793
1751267831293 1.100985896858302 794
1751267859599 1.0959634867242791 795
1751267887891 1.0881584178317676 796
1751267916249 1.083093168383295 797
1751267944509 1.084829742088914 798
1751267972759 1.0786011960696091 799
1751269719300 1.720662996172905 800
1751269747566 1.4752049876207656 801
1751269775844 1.4135832969437947 802
1751269804123 1.3709102699702436 803
1751269832377 1.3443048467690295 804
1751269860677 1.3214893876151605 805
1751269888960 1.3046100092205135 806
1751269917215 1.290339307012883 807
1751269945554 1.2752977211705663 808
1751269973754 1.2614954493262551 809
1751270001986 1.2484904793514446 810
1751270030254 1.2380672645839779 811
1751270058430 1.2283247707580978 812
1751270086590 1.223302241753448 813
1751270114908 1.213229395618493 814
1751270143120 1.2078660188073462 815
1751270171368 1.2006624474782834 816
1751270199667 1.1896057464182377 817
1751270227886 1.1810578092594037 818
1751270256157 1.1770438558676026 819
1751270284393 1.1724643119695513 820
1751270312660 1.16675918396901 821
1751270340957 1.1604896059090442 822
1751270369242 1.1555711330676621 823
1751270397485 1.1477834663607858 824
1751270425808 1.1432598554952578 825
1751270454028 1.136213254691525 826
1751270482338 1.1291689391840587 827
1751270510658 1.1284170569005338 828
1751270538890 1.1222743027928201 829
1751270567153 1.1176881409165533 830
1751270595396 1.1130692095241763 831
1751270623625 1.109614091671326 832
1751270651888 1.1014483342455192 833
1751270680116 1.097808338193731 834
1751270708335 1.0950707945634017 835
1751270736627 1.0874231779439882 836
1751270764943 1.0862292467870496 837
1751270793264 1.0801468892869623 838
1751270821530 1.0780448903414337 839
1751272504406 1.7346925721927122 840
1751272532414 1.4917569549923593 841
1751272560445 1.4185867058959873 842
1751272588492 1.3779674284160137 843
1751272616456 1.3507669341157784 844
1751272644507 1.3310936198315837 845
1751272672549 1.3083458542823792 846
1751272700497 1.2899828238243407 847
1751272728489 1.2759942517361857 848
1751272756479 1.2659182716161013 849
1751272784489 1.2521118501370603 850
1751272812473 1.247056408361955 851
1751272840488 1.2352153736759315 852
1751272868492 1.2221572409299286 853
1751272896478 1.2172433341091329 854
1751272924415 1.2083785200322217 855
1751272952355 1.1987683659588748 856
1751272980363 1.1952460057694803 857
1751273008329 1.18653156963939 858
1751273036325 1.1786181374707005 859
1751273064356 1.1722599444064228 860
1751273092289 1.1661498995328492 861
1751273120318 1.1597626410763373 862
1751273148338 1.1570303091271357 863
1751273176267 1.147203900935975 864
1751273204341 1.1415789819915185 865
1751273232318 1.140282058919018 866
1751273260320 1.132463157854297 867
1751273288304 1.127307485958392 868
1751273316313 1.1243667526339942 869
1751273344302 1.1160128650001504 870
1751273372262 1.1101371674713763 871
1751273400285 1.1075011991303076 872
1751273428251 1.1056488935243 873
1751273456220 1.0974713365801356 874
1751273484207 1.0944367601451548 875
1751273512158 1.0902419579638676 876
1751273540153 1.083863063800064 877
1751273568171 1.0833606222136454 878
1751273596124 1.0768701891330155 879
1751275324071 1.73130005936731 880
1751275352067 1.5093414834277197 881
1751275380084 1.439085098152811 882
1751275408087 1.4017710326747461 883
1751275436050 1.3726000308313153 884
1751275464097 1.3511093716052445 885
1751275492092 1.332467557354407 886
1751275520068 1.31612198732116 887
1751275548063 1.3034631294960326 888
1751275576061 1.2919767966324633 889
1751275604085 1.2821990085596389 890
1751275632123 1.271706423637542 891
1751275660105 1.2596216030757537 892
1751275688045 1.2518656321547248 893
1751275716022 1.2445310560817069 894
1751275744066 1.2382168935781175 895
1751275772007 1.2297466551377014 896
1751275799928 1.2236493091014298 897
1751275827902 1.2200698349624872 898
1751275855844 1.2111142171038822 899
1751275883820 1.206598610193892 900
1751275911787 1.2008128477768465 901
1751275939757 1.1942773662846198 902
1751275967754 1.1894041044129566 903
1751275995814 1.183569230816581 904
1751276023826 1.1800558687272398 905
1751276051807 1.1759158118881963 906
1751276079814 1.170409792187539 907
1751276107809 1.1659755281765352 908
1751276135809 1.1617331171238965 909
1751276163828 1.1564890093762765 910
1751276191872 1.1526295564730058 911
1751276219818 1.1500674528493122 912
1751276247793 1.1449703983962536 913
1751276275787 1.1413463672453708 914
1751276303779 1.1394688095897436 915
1751276331787 1.132804038849744 916
1751276359753 1.1304856984114104 917
1751276387746 1.1272258489308031 918
1751276415742 1.1241615252061323 919
1751278122913 1.7351790009574457 920
1751278150887 1.5088604224676436 921
1751278178902 1.4438758384097705 922
1751278206893 1.4037719152190469 923
1751278234860 1.3753254664215175 924
1751278262889 1.3532824120060964 925
1751278290851 1.3345638195222074 926
1751278318815 1.3193323663012548 927
1751278346753 1.3069885312156244 928
1751278374726 1.2945767471736127 929
1751278402709 1.2831157811663367 930
1751278430683 1.2717271562327037 931
1751278459046 1.2653691995550285 932
1751278486990 1.2531239735809239 933
1751278514904 1.2480207094076006 934
1751278542889 1.2405545423653992 935
1751278570916 1.2330725850029425 936
1751278598940 1.224972814829512 937
1751278627331 1.2205108299174092 938
1751278655290 1.2131875692443415 939
1751278683276 1.206663791936907 940
1751278711277 1.2031887226145377 941
1751278739254 1.1961851751601154 942
1751278767247 1.1916304142637686 943
1751278795249 1.1846956839276985 944
1751278823187 1.180383812128143 945
1751278851165 1.1753292596814306 946
1751278879131 1.1718284023756331 947
1751278907143 1.1661821784959598 948
1751278935126 1.162376150658185 949
1751278963072 1.1587391460145062 950
1751278991033 1.1562897591766985 951
1751279018998 1.151333654130047 952
1751279047310 1.1462353279983455 953
1751279075633 1.1421310402114282 954
1751279103625 1.1379071265797724 955
1751279131566 1.135137788951397 956
1751279159494 1.1318232259628447 957
1751279187462 1.1295560972595757 958
1751279215476 1.1259328521449457 959
1751280971151 1.7449586140838536 960
1751280999180 1.5209333717145703 961
1751281027180 1.4458556805144658 962
1751281055094 1.4085405885495923 963
1751281083417 1.380073594437404 964
1751281111736 1.3580583787777207 965
1751281140110 1.3386406569995664 966
1751281168395 1.3256134207953105 967
1751281196740 1.3067032674496823 968
1751281225126 1.2976679144935175 969
1751281253120 1.286246157674627 970
1751281281112 1.2739950977265835 971
1751281309407 1.2662658684632995 972
1751281337717 1.256134533238682 973
1751281366072 1.2482542256740006 974
1751281394494 1.242842575027184 975
1751281422856 1.2338560472496531 976
1751281450844 1.2266091152348302 977
1751281479236 1.2194652879102663 978
1751281507633 1.214646857570518 979
1751281535965 1.208600906993855 980
1751281564363 1.2022795235230164 981
1751281592713 1.1968518290668726 982
1751281621057 1.1918913600119678 983
1751281649035 1.186924010007219 984
1751281677389 1.1811658809469505 985
1751281705786 1.1775905235924504 986
1751281734179 1.1718945498154922 987
1751281762592 1.1688200296326117 988
1751281790970 1.1642300442538478 989
1751281819384 1.16008060679517 990
1751281847747 1.1539157019420103 991
1751281876102 1.1499892723831264 992
1751281904449 1.1471605644646017 993
1751281932878 1.1426986301825806 994
1751281961207 1.1404767542738805 995
1751281989572 1.1377536976201967 996
1751282017955 1.131458148698915 997
1751282046341 1.127643901177428 998
1751282074740 1.125154553658583 999
1751283838025 1.7584465288303115 1000
1751283866375 1.523227041417902 1001
1751283894779 1.451385660604997 1002
1751283923077 1.4141731844706968 1003
1751283951467 1.38398491083221 1004
1751283979856 1.3596937903626398 1005
1751284008157 1.3411845256659118 1006
1751284036468 1.3255277323451908 1007
1751284064819 1.3095605363222687 1008
1751284093195 1.3006830872459845 1009
1751284121529 1.2874641648747704 1010
1751284149897 1.2762192237106236 1011
1751284178297 1.2660783727399327 1012
1751284206614 1.2579865963621573 1013
1751284234943 1.251881244507703 1014
1751284263339 1.243247421627695 1015
1751284291714 1.2359284333546052 1016
1751284320024 1.2289607636630535 1017
1751284348354 1.220736384053122 1018
1751284376717 1.2172066173092886 1019
1751284405017 1.2089542087844827 1020
1751284433350 1.2037513101981445 1021
1751284461615 1.1980108830400489 1022
1751284489986 1.1933453294702552 1023
1751284518361 1.1881884013048627 1024
1751284546725 1.1820597342130812 1025
1751284575072 1.1779726911336184 1026
1751284603539 1.1718905515630136 1027
1751284631883 1.168955130163919 1028
1751284660178 1.166167035360228 1029
1751284688548 1.1607187622311441 1030
1751284716939 1.156420288099484 1031
1751284745286 1.152357368645343 1032
1751284773600 1.1476926524192095 1033
1751284801903 1.142497233538465 1034
1751284830254 1.1426260887899182 1035
1751284858572 1.137581886892969 1036
1751284886904 1.1337613754651763 1037
1751284915202 1.1315740077671679 1038
1751284943540 1.1265931969339198 1039
1751286698299 1.7695467319678178 1040
1751286726435 1.5323649699037725 1041
1751286754573 1.4570985971526667 1042
1751286782674 1.4178396849469705 1043
1751286810798 1.3895623849874192 1044
1751286838865 1.361730177632787 1045
1751286866907 1.3428002616221255 1046
1751286895029 1.328626276417212 1047
1751286923096 1.3140473254024982 1048
1751286951176 1.300398399206725 1049
1751286979208 1.290824338963086 1050
1751287007375 1.2813357250256971 1051
1751287035492 1.2695640904659575 1052
1751287063692 1.2593142109161073 1053
1751287091867 1.2530111345377835 1054
1751287119927 1.2443105249919675 1055
1751287148022 1.2375796528702432 1056
1751287176146 1.2305654111233624 1057
1751287204249 1.2255920645865528 1058
1751287232343 1.216475054791028 1059
1751287260415 1.2101948506791482 1060
1751287288476 1.2039822627874939 1061
1751287316538 1.1990766769105738 1062
1751287344580 1.1926876010203904 1063
1751287372709 1.187788960608569 1064
1751287400817 1.18477236750451 1065
1751287428881 1.1791406688703732 1066
1751287457009 1.1734512729400939 1067
1751287485080 1.1702753366394476 1068
1751287513157 1.164689047939398 1069
1751287541213 1.160663811151277 1070
1751287569282 1.156882867217064 1071
1751287597349 1.1531583739613944 1072
1751287625421 1.1487828513438052 1073
1751287653452 1.144996440038085 1074
1751287681551 1.1419447843324055 1075
1751287709642 1.1392229712483557 1076
1751287737675 1.1333488181910731 1077
1751287765804 1.1298378800803965 1078
1751287793887 1.1256376027383588 1079
1751289545291 1.7792990282177925 1080
1751289573298 1.5371377407149835 1081
1751289601370 1.4618363556536762 1082
1751289629455 1.4219940785657277 1083
1751289657563 1.3901127631014043 1084
1751289685583 1.3654733967374673 1085
1751289713608 1.3473385748538105 1086
1751289741671 1.3309519185938619 1087
1751289769683 1.3165124590423973 1088
1751289797765 1.3038207583806731 1089
1751289825882 1.2908100858330727 1090
1751289853980 1.282373906197873 1091
1751289882022 1.2698499050668695 1092
1751289910104 1.2629372946579347 1093
1751289938194 1.2551699583841995 1094
1751289966269 1.2455715658989819 1095
1751289994325 1.2371916564350778 1096
1751290022381 1.2315428334880958 1097
1751290050464 1.2268327298489483 1098
1751290078443 1.2181300554763188 1099
1751290106515 1.210862465541471 1100
1751290134569 1.205099776048552 1101
1751290162649 1.198470519178293 1102
1751290190713 1.1948108867826788 1103
1751290218736 1.1909456408836625 1104
1751290246797 1.1853274144232273 1105
1751290274847 1.1804454988715323 1106
1751290302901 1.174529334360903 1107
1751290330901 1.1699249910360032 1108
1751290358936 1.1661879850382155 1109
1751290387064 1.1608261589638211 1110
1751290415078 1.1572228632867336 1111
1751290443127 1.1557446503165094 1112
1751290471146 1.1482962451197885 1113
1751290499220 1.1461389791220427 1114
1751290527294 1.1416945526884361 1115
1751290555426 1.137685008685697 1116
1751290583495 1.1354132265868513 1117
1751290611580 1.1312088092619723 1118
1751290639602 1.1272162795066833 1119
1751292392172 1.8013188872825017 1120
1751292420169 1.6026256754994392 1121
1751292448157 1.529831687496467 1122
1751292476165 1.4851438931443475 1123
1751292504175 1.452666675163941 1124
1751292532270 1.4280418045818806 1125
1751292560308 1.4042005782777613 1126
1751292588358 1.388080751354044 1127
1751292616419 1.3757176954637875 1128
1751292644507 1.361143204976212 1129
1751292672608 1.350309024818919 1130
1751292700670 1.3385639576749369 1131
1751292728708 1.3275091041895477 1132
1751292756778 1.318590472875671 1133
1751292784784 1.3115584948523478 1134
1751292812838 1.3038088642060757 1135
1751292840894 1.294781494885683 1136
1751292868928 1.2884106913750821 1137
1751292896958 1.2823932568796657 1138
1751292925029 1.2759335593066432 1139
1751292953104 1.2693870934573086 1140
1751292981192 1.2640867478806863 1141
1751293009254 1.2579507467082955 1142
1751293037330 1.2528114618564195 1143
1751293065361 1.2476666205647318 1144
1751293093450 1.2433140753683718 1145
1751293121529 1.238316504454071 1146
1751293149527 1.2344940709458156 1147
1751293177616 1.2296247990293936 1148
1751293205618 1.224712412296371 1149
1751293233591 1.2205023095011711 1150
1751293261629 1.2169095010242679 1151
1751293290095 1.2130355552177539 1152
1751293318509 1.2091371342539787 1153
1751293346571 1.2061857151036912 1154
1751293374620 1.2014836721460929 1155
1751293402661 1.198795933784409 1156
1751293430680 1.1956360775300048 1157
1751293458723 1.1929615476930684 1158
1751293486759 1.1905237444761125 1159
1751295242356 1.8056949864734302 1160
1751295270827 1.6063335077329115 1161
1751295298847 1.5332984128458933 1162
1751295327279 1.4858011288399047 1163
1751295355310 1.4525459083643826 1164
1751295383330 1.4285355538807132 1165
1751295411328 1.4080685670064255 1166
1751295439717 1.3918076706203548 1167
1751295468138 1.3758043460547924 1168
1751295496521 1.3626484606753697 1169
1751295524891 1.351152486760508 1170
1751295552896 1.3387972638010979 1171
1751295581354 1.3303153518248687 1172
1751295609829 1.3203114291483706 1173
1751295637870 1.311110418797894 1174
1751295666267 1.303302482447841 1175
1751295694758 1.2972091138362885 1176
1751295722818 1.2905552637847988 1177
1751295751195 1.2831324735148386 1178
1751295779637 1.2775206752121449 1179
1751295808040 1.2695053500885314 1180
1751295836469 1.2652409373020583 1181
1751295864902 1.2588743601333012 1182
1751295893309 1.2541120137003334 1183
1751295921671 1.2485555066642435 1184
1751295950065 1.2438407660546629 1185
1751295978172 1.2399129826914181 1186
1751296006199 1.2349925393407994 1187
1751296034655 1.2302023946222933 1188
1751296063067 1.2272738834673709 1189
1751296091512 1.2221345393495127 1190
1751296119918 1.216902988708832 1191
1751296148343 1.2142755202949047 1192
1751296176771 1.2108424539593132 1193
1751296204736 1.2056623263792559 1194
1751296232775 1.2024661817333915 1195
1751296261234 1.1992590053176337 1196
1751296289641 1.1958079263567924 1197
1751296317681 1.1935237977992406 1198
1751296346096 1.189632653512738 1199
1751298123097 1.809444036334753 1200
1751298151528 1.6120901974764736 1201
1751298179935 1.537326674231074 1202
1751298208324 1.4892932020805099 1203
1751298236714 1.4566878767853433 1204
1751298265079 1.431432256983085 1205
1751298293499 1.409252327951518 1206
1751298321942 1.393222531134432 1207
1751298350323 1.3764379610392181 1208
1751298378680 1.3624574606391517 1209
1751298407044 1.3530114384537393 1210
1751298435463 1.3408873071047394 1211
1751298463877 1.3314576809379188 1212
1751298492382 1.3219426001676104 1213
1751298520770 1.313030000098727 1214
1751298549225 1.3055433563210748 1215
1751298577632 1.2977486371316693 1216
1751298606018 1.2903826666826552 1217
1751298634401 1.2841637574813582 1218
1751298662855 1.2771790159696883 1219
1751298691166 1.2712399414317175 1220
1751298719599 1.2656245651570233 1221
1751298748007 1.2603029574860225 1222
1751298776407 1.2544198119166223 1223
1751298804769 1.2491095558824865 1224
1751298833168 1.2448271843181415 1225
1751298861518 1.2403515079482035 1226
1751298889970 1.2349437544630333 1227
1751298918387 1.2305345426906238 1228
1751298946779 1.2259583039717241 1229
1751298975163 1.2228588295931166 1230
1751299003547 1.2191403132270684 1231
1751299031958 1.2138720754195342 1232
1751299060392 1.2107242029160261 1233
1751299088869 1.2073286009783095 1234
1751299117211 1.2030023139986126 1235
1751299145597 1.1993885490704665 1236
1751299174029 1.1967147334732793 1237
1751299202432 1.1928610918535427 1238
1751299230837 1.1902421088042585 1239
1751300954345 1.8104448884048245 1240
1751300982538 1.6052387512542985 1241
1751301010726 1.533638727258552 1242
1751301038873 1.4879593182016502 1243
1751301067071 1.4553666338324547 1244
1751301095234 1.4306389279663563 1245
1751301123413 1.4093369662084363 1246
1751301151554 1.3929303088648752 1247
1751301179708 1.3772931308908896 1248
1751301207889 1.3639285134320909 1249
1751301236040 1.3523310500789771 1250
1751301264166 1.3412086145783013 1251
1751301292339 1.3312090455808423 1252
1751301320461 1.3224074715240435 1253
1751301348628 1.3138588108122349 1254
1751301376809 1.3062125341120092 1255
1751301404937 1.297542453828183 1256
1751301433059 1.2903523319824175 1257
1751301461200 1.283616241914305 1258
1751301489377 1.277646986936981 1259
1751301517544 1.271591410718181 1260
1751301545716 1.2653186092661186 1261
1751301573880 1.258840182965452 1262
1751301601989 1.254955573346127 1263
1751301630143 1.2508346389301799 1264
1751301658225 1.2443437906490131 1265
1751301686346 1.2384250954809515 1266
1751301714459 1.2360027092085644 1267
1751301742643 1.231247209689834 1268
1751301770821 1.2268418373370713 1269
1751301798988 1.2229318689893593 1270
1751301827138 1.2185756100172347 1271
1751301855272 1.214471699161963 1272
1751301883404 1.2109670799902894 1273
1751301911552 1.206217530776154 1274
1751301939665 1.2047744532200424 1275
1751301967778 1.1999466182156042 1276
1751301995923 1.196385150605982 1277
1751302024084 1.1926956605166197 1278
1751302052210 1.1901903675699776 1279
1751303805964 1.8186569958925247 1280
1751303834090 1.6121884621679783 1281
1751303862246 1.537347941913388 1282
1751303890421 1.4917613423683427 1283
1751303918637 1.459110819480636 1284
1751303946698 1.4330377876758575 1285
1751303974869 1.4120939214798538 1286
1751304003016 1.3945799192244357 1287
1751304031105 1.3800907338207418 1288
1751304059188 1.3651542186059735 1289
1751304087338 1.3525665456598455 1290
1751304115457 1.3432045995511792 1291
1751304143553 1.332582742314447 1292
1751304171679 1.3226810155267066 1293
1751304199793 1.315549019046805 1294
1751304227903 1.3071126931092956 1295
1751304255986 1.2969415084543554 1296
1751304284092 1.2938716904344885 1297
1751304312221 1.2853339598937468 1298
1751304340336 1.278008240529082 1299
1751304368517 1.2739198046990416 1300
1751304396701 1.2669729771600529 1301
1751304424860 1.261090798303485 1302
1751304453123 1.2550166796215556 1303
1751304481231 1.2507612593472004 1304
1751304509400 1.2459709759462962 1305
1751304537572 1.2415754368359393 1306
1751304565640 1.236691559410908 1307
1751304593777 1.23176549104127 1308
1751304621935 1.2273207745430144 1309
1751304649979 1.2238569290123202 1310
1751304678087 1.2202483562921935 1311
1751304706223 1.2152975535189563 1312
1751304734374 1.2125170461156152 1313
1751304762489 1.2080687250603328 1314
1751304790575 1.2044134277173064 1315
1751304818721 1.200761547142809 1316
1751304846856 1.1969373385337265 1317
1751304874955 1.1947646388276056 1318
1751304903053 1.1914428550411353 1319
1751306658952 1.8277820910919795 1320
1751306687048 1.6182213892990893 1321
1751306715181 1.5425707575949756 1322
1751306743282 1.4949236502024261 1323
1751306771375 1.4615984013812109 1324
1751306799530 1.4340597800910473 1325
1751306827606 1.412696917287328 1326
1751306855757 1.3970094848085532 1327
1751306883886 1.3814863251014189 1328
1751306912040 1.367086194116961 1329
1751306940149 1.355482568456368 1330
1751306968318 1.3452280275523663 1331
1751306996428 1.3352995497936553 1332
1751307024554 1.3255888094956225 1333
1751307052706 1.3165763860399073 1334
1751307080797 1.3093119791962884 1335
1751307108925 1.301418667489832 1336
1751307137069 1.2940034073862163 1337
1751307165153 1.2880529083988883 1338
1751307193239 1.2804927817461165 1339
1751307221289 1.273840700868856 1340
1751307249382 1.2677822500805964 1341
1751307277466 1.2616943452845921 1342
1751307305547 1.2573301065713167 1343
1751307333652 1.2534479031508619 1344
1751307361738 1.2469882123510947 1345
1751307389856 1.2425647459246896 1346
1751307417971 1.2380452953617682 1347
1751307446062 1.2340401558374816 1348
1751307474222 1.2291824460368266 1349
1751307502299 1.2247152892364697 1350
1751307530382 1.2206070563671263 1351
1751307558450 1.217215327715332 1352
1751307586562 1.212413325059143 1353
1751307614631 1.2097022904252464 1354
1751307642686 1.2056835056705908 1355
1751307670778 1.2020635472779924 1356
1751307698870 1.198985626582395 1357
1751307726985 1.194910570809787 1358
1751307755066 1.1911893707107415 1359
1751309513551 1.863070976327766 1360
1751309541572 1.6960907642814247 1361
1751309570074 1.6292038695378737 1362
1751309598518 1.5846666544675827 1363
1751309627018 1.551273413002491 1364
1751309655137 1.5244433842599392 1365
1751309683226 1.501969788223505 1366
1751309711321 1.4813237769359893 1367
1751309739803 1.464969178661704 1368
1751309768290 1.449521711265499 1369
1751309796728 1.4360877116295425 1370
1751309824711 1.4227781644599005 1371
1751309853163 1.4127836789597163 1372
1751309881287 1.402257965369658 1373
1751309909340 1.3920948498628356 1374
1751309937811 1.3837241679430008 1375
1751309965866 1.3747303187847137 1376
1751309993962 1.367523386397145 1377
1751310022119 1.3600568138062954 1378
1751310050161 1.3541029222648253 1379
1751310078229 1.3466737615791233 1380
1751310106287 1.3410505391657352 1381
1751310134431 1.3350133455612443 1382
1751310162502 1.3302089287476107 1383
1751310190956 1.324685140428218 1384
1751310219462 1.31975981220603 1385
1751310247968 1.314121093939651 1386
1751310276021 1.3095741779966787 1387
1751310304636 1.3062819484621286 1388
1751310333073 1.3008691980080171 1389
1751310361542 1.2970048873261972 1390
1751310390000 1.2928744049912149 1391
1751310418256 1.2889073091474446 1392
1751310446675 1.2847072681920095 1393
1751310475134 1.28173342584209 1394
1751310503613 1.2783903491429307 1395
1751310531685 1.2749052193354478 1396
1751310560151 1.271426290950992 1397
1751310588629 1.2677256143228575 1398
1751310617021 1.264975161545656 1399
1751312386942 1.8704359148713676 1400
1751312415319 1.7022936902940273 1401
1751312443749 1.6356915970417587 1402
1751312472129 1.5887773995372383 1403
1751312500523 1.5556879578666254 1404
1751312528960 1.5279879959469491 1405
1751312557413 1.5058398273858158 1406
1751312585880 1.4845716133713722 1407
1751312614278 1.4679917303675956 1408
1751312642696 1.4531164775517853 1409
1751312671171 1.437592078000307 1410
1751312699542 1.4261574521660805 1411
1751312727988 1.4136630361053077 1412
1751312756426 1.4038306853987954 1413
1751312784889 1.3943065899339588 1414
1751312813323 1.3852754858407108 1415
1751312841759 1.3762002296068452 1416
1751312870192 1.3683236519044095 1417
1751312898656 1.3607871505347164 1418
1751312927101 1.3548483933237465 1419
1751312955507 1.3483822108669714 1420
1751312983919 1.3417622308162125 1421
1751313012409 1.3360433094203472 1422
1751313040839 1.3311291926286437 1423
1751313069290 1.3248657469045033 1424
1751313097764 1.320065345276486 1425
1751313126226 1.315464241260832 1426
1751313154702 1.3104668554257264 1427
1751313183139 1.3068511899222026 1428
1751313211562 1.3020733301951126 1429
1751313239976 1.2974609102715144 1430
1751313268409 1.2942496184259653 1431
1751313296830 1.2898855869742958 1432
1751313325316 1.2854778153652495 1433
1751313353773 1.2824216783046722 1434
1751313382191 1.2786033392291178 1435
1751313410621 1.2745029076256535 1436
1751313439068 1.2715160657059064 1437
1751313467570 1.2692055358466776 1438
1751313496007 1.265270678157156 1439
1751315204661 1.8703897199170156 1440
1751315233137 1.7015362849289721 1441
1751315261514 1.6339237422428348 1442
1751315289942 1.5883342674510046 1443
1751315318352 1.5547802499072119 1444
1751315346781 1.528250795535066 1445
1751315375231 1.5032366493886167 1446
1751315403598 1.4841655695980245 1447
1751315431993 1.4673288274895062 1448
1751315460352 1.4518441916866736 1449
1751315488794 1.436351373453032 1450
1751315517198 1.4251475076783786 1451
1751315545582 1.4135399335487322 1452
1751315573992 1.4035182856023312 1453
1751315602472 1.3935039002786984 1454
1751315631176 1.3846852007237347 1455
1751315659382 1.3770349279723384 1456
1751315687508 1.3685994629155507 1457
1751315715663 1.3612301955846222 1458
1751315743880 1.3548125116662546 1459
1751315772048 1.3487622798843817 1460
1751315800217 1.3420492840761489 1461
1751315828358 1.3366539525714787 1462
1751315856549 1.3305916677821765 1463
1751315884793 1.3250136016444727 1464
1751315912914 1.3203379410234364 1465
1751315941126 1.3157537576149811 1466
1751315969256 1.3107790344140746 1467
1751315997408 1.3059031611139125 1468
1751316025623 1.3010951548137448 1469
1751316053741 1.297701318832961 1470
1751316081895 1.293948171660304 1471
1751316110050 1.289428685876456 1472
1751316138201 1.2855617552995682 1473
1751316166376 1.2819515084001152 1474
1751316194599 1.27823948927901 1475
1751316222758 1.2743383849209005 1476
1751316251051 1.2721870246935973 1477
1751316279203 1.2684757015244528 1478
1751316307350 1.264144033532251 1479
1751318064342 1.872539814900268 1480
1751318092577 1.7012850432233377 1481
1751318120720 1.63714118369601 1482
1751318148871 1.5894740532067688 1483
1751318177090 1.5559941452335229 1484
1751318205278 1.5279764153740623 1485
1751318233462 1.5048709823326631 1486
1751318261627 1.4856044551865621 1487
1751318289803 1.467946170744571 1488
1751318317982 1.4526505626060746 1489
1751318346107 1.4391325840895826 1490
1751318374314 1.4258162819526412 1491
1751318402490 1.4140507165681233 1492
1751318430709 1.404490591450171 1493
1751318458909 1.3943845301189206 1494
1751318487085 1.3863226453011686 1495
1751318515233 1.3768750520592385 1496
1751318543405 1.3694354519248009 1497
1751318571616 1.362512182444334 1498
1751318599784 1.3561514087698676 1499
1751318628036 1.3489671935412018 1500
1751318656214 1.3424071598459373 1501
1751318684392 1.3367312459105796 1502
1751318712602 1.3319170744242994 1503
1751318740766 1.3256076950241218 1504
1751318768902 1.321696171706373 1505
1751318797114 1.3156891822476278 1506
1751318825265 1.3111486245285382 1507
1751318853462 1.3072674789211967 1508
1751318881635 1.3025731109082699 1509
1751318909816 1.2982755740257828 1510
1751318937973 1.2945720096203415 1511
1751318966142 1.2898888684470544 1512
1751318994313 1.2864462143995545 1513
1751319022468 1.2831176126545125 1514
1751319050607 1.2789709215814418 1515
1751319078767 1.2752634391865947 1516
1751319106943 1.2713882134042003 1517
1751319135115 1.2686845490878278 1518
1751319163270 1.2664520583030852 1519
1751320923515 1.8769177882508798 1520
1751320951719 1.7063861648467453 1521
1751320979878 1.6387535137209026 1522
1751321008053 1.592237721789967 1523
1751321036186 1.55923053893176 1524
1751321064357 1.531002861532298 1525
1751321092510 1.508704831993038 1526
1751321120646 1.4875008128583431 1527
1751321148789 1.4705152257599614 1528
1751321176889 1.45538514141332 1529
1751321205024 1.441270757127892 1530
1751321233103 1.4284950911321423 1531
1751321261277 1.4161444678902626 1532
1751321289401 1.4057518900795416 1533
1751321317527 1.396346988664432 1534
1751321345672 1.3873757929964499 1535
1751321373807 1.3783419684252955 1536
1751321401977 1.37074117701162 1537
1751321430056 1.3628885444592347 1538
1751321458180 1.3566808219660411 1539
1751321486293 1.3510153750804337 1540
1751321514422 1.3437691110778938 1541
1751321542565 1.3384424109350552 1542
1751321570682 1.332314028997313 1543
1751321598809 1.3268753351135687 1544
1751321626942 1.322015076537024 1545
1751321655074 1.3168116367676042 1546
1751321683206 1.312369802120057 1547
1751321711330 1.3078950108452276 1548
1751321739478 1.3030200178988955 1549
1751321767619 1.2992941876026718 1550
1751321795767 1.2949502691626549 1551
1751321823926 1.2906538449566474 1552
1751321852051 1.288124518468976 1553
1751321880187 1.283973240378228 1554
1751321908341 1.2800900174135512 1555
1751321936484 1.2762965454973958 1556
1751321964689 1.2733549975197425 1557
1751321992841 1.26979745331813 1558
1751322020969 1.2661257023838433 1559
1751323760966 1.8808455551889809 1560
1751323789110 1.7076143385334448 1561
1751323817234 1.6391797590662132 1562
1751323845766 1.5937046852301469 1563
1751323873881 1.559228373860771 1564
1751323902025 1.5316259068521587 1565
1751323930175 1.5076254216784781 1566
1751323958371 1.488833942196586 1567
1751323986487 1.4704853411425243 1568
1751324015028 1.4557436545464126 1569
1751324043601 1.4419963563030416 1570
1751324071751 1.4278089038350366 1571
1751324099935 1.416124159300869 1572
1751324128055 1.405934951183471 1573
1751324156547 1.3958224803209305 1574
1751324184766 1.3870134289291771 1575
1751324212902 1.3791302219033241 1576
1751324241009 1.3713522587310185 1577
1751324269646 1.3642108457332307 1578
1751324297783 1.3564107316461476 1579
1751324325890 1.3502756062556396 1580
1751324354013 1.3446522957899354 1581
1751324382136 1.3386663682758808 1582
1751324410610 1.3313159539618276 1583
1751324439156 1.327362279661677 1584
1751324467653 1.3211764652620663 1585
1751324495821 1.3170918177135966 1586
1751324524394 1.3117670503190972 1587
1751324552910 1.307901243255897 1588
1751324581448 1.3028793885287913 1589
1751324610055 1.2996675585481254 1590
1751324638240 1.294542312960733 1591
1751324666383 1.2909831196408381 1592
1751324694519 1.2873297997496345 1593
1751324722690 1.2839610517363658 1594
1751324750811 1.2799589461223646 1595
1751324779331 1.2762157925489275 1596
1751324807440 1.2735237894071774 1597
1751324835584 1.2704615863886746 1598
1751324864119 1.2662813910706476 1599
1751326643289 1.9314831651069901 1600
1751326671811 1.7887961966070263 1601
1751326700325 1.7310479503463616 1602
1751326728874 1.6918022761290723 1603
1751326757362 1.6591293263164433 1604
1751326785945 1.6337263015183536 1605
1751326814467 1.6106685044413263 1606
1751326843020 1.5918175134469161 1607
1751326871562 1.5736595544625411 1608
1751326900055 1.5581657490269705 1609
1751326928588 1.542819621888074 1610
1751326957054 1.5295183546841145 1611
1751326985557 1.5176911834966054 1612
1751327014105 1.5060560181736946 1613
1751327042586 1.495885249565948 1614
1751327071119 1.4856330711733212 1615
1751327099631 1.4763471575623208 1616
1751327128139 1.466994771225886 1617
1751327156633 1.4592487165196375 1618
1751327185131 1.4503994272513823 1619
1751327213644 1.4437872743742033 1620
1751327242154 1.4361435635523363 1621
1751327270630 1.4294430708343333 1622
1751327299122 1.423140360550447 1623
1751327327603 1.4172659966755996 1624
1751327356070 1.4110809635709634 1625
1751327384590 1.4056076739322056 1626
1751327413101 1.4000464684583924 1627
1751327441677 1.395066001875834 1628
1751327470161 1.3904257853600113 1629
1751327498604 1.3853082572194664 1630
1751327527136 1.380696618760174 1631
1751327555609 1.376017201691866 1632
1751327584120 1.3716319240629673 1633
1751327612641 1.368017817762765 1634
1751327641221 1.364770543846217 1635
1751327669755 1.3602756441316821 1636
1751327698323 1.3566552918743005 1637
1751327726858 1.3528906618329612 1638
1751327755344 1.3497570431367918 1639
1751329529625 1.9294382472607223 1640
1751329558145 1.7895570302551442 1641
1751329586628 1.731986480680379 1642
1751329615113 1.6930107369341634 1643
1751329643618 1.6599182090298696 1644
1751329672169 1.6342709599570795 1645
1751329700648 1.611323194070296 1646
1751329729131 1.5921973504803397 1647
1751329757665 1.574084218252789 1648
1751329786156 1.559046950868585 1649
1751329814609 1.544872389936989 1650
1751329843080 1.531065827066248 1651
1751329871573 1.5194011557508598 1652
1751329900025 1.5079566524787382 1653
1751329928557 1.4959061061116783 1654
1751329957053 1.48650601235303 1655
1751329985581 1.477170229974118 1656
1751330014080 1.468002350492911 1657
1751330042583 1.4590259014882825 1658
1751330071081 1.4521214616569607 1659
1751330099656 1.4442017257890918 1660
1751330128143 1.4373761588199572 1661
1751330156636 1.4297784895382144 1662
1751330185140 1.4232446558096192 1663
1751330213664 1.4173966649581085 1664
1751330242158 1.411482902074402 1665
1751330270683 1.4057851498099891 1666
1751330299178 1.4006950814615597 1667
1751330327624 1.3955264030532404 1668
1751330356080 1.3901178548959168 1669
1751330384621 1.385518761521036 1670
1751330413069 1.3813899575986646 1671
1751330441655 1.376132619651881 1672
1751330470152 1.3723749999295582 1673
1751330498606 1.3683705045418306 1674
1751330527100 1.3646402961828492 1675
1751330555666 1.3602397174320437 1676
1751330584126 1.3568508140742779 1677
1751330612649 1.3533127492463046 1678
1751330641236 1.3496635910123587 1679
1751332379390 1.9347534315152601 1680
1751332407576 1.790089377625422 1681
1751332435784 1.7338707074522972 1682
1751332463985 1.6925073567439208 1683
1751332492231 1.6606940945441073 1684
1751332520496 1.6345852464437485 1685
1751332548715 1.6123444170437076 1686
1751332576931 1.5923175073482774 1687
1751332605174 1.5750640613788909 1688
1751332633413 1.5579364668916573 1689
1751332661658 1.543094632977789 1690
1751332689910 1.530329573222182 1691
1751332718137 1.5174928849393672 1692
1751332746331 1.506594567136331 1693
1751332774511 1.4956449199129234 1694
1751332802748 1.4859967743131248 1695
1751332830927 1.4766298603605141 1696
1751332859088 1.467533939941363 1697
1751332887312 1.4589950113811276 1698
1751332915516 1.4512807306918232 1699
1751332943728 1.4433003122156316 1700
1751332971955 1.4365428987551818 1701
1751333000213 1.4297563328661702 1702
1751333028424 1.4237965348769317 1703
1751333056648 1.4174742928960107 1704
1751333084898 1.4112204844978722 1705
1751333113178 1.4061389646746896 1706
1751333141446 1.4000721983611584 1707
1751333169659 1.3944381284104153 1708
1751333197848 1.3891341902992942 1709
1751333226121 1.3855494105003097 1710
1751333254330 1.380566925487735 1711
1751333282524 1.3758758472448045 1712
1751333310732 1.3726127977398308 1713
1751333338937 1.3680602816695517 1714
1751333367163 1.364243315363472 1715
1751333395333 1.3600572384893894 1716
1751333423517 1.356082613833926 1717
1751333451748 1.3528421106324955 1718
1751333479966 1.3493391454897143 1719
1751335243962 1.933676477521658 1720
1751335272195 1.7910468266768889 1721
1751335300404 1.7313690324398605 1722
1751335328577 1.692207420752807 1723
1751335356794 1.6607690798965367 1724
1751335385090 1.634755173867399 1725
1751335413375 1.6112012893638827 1726
1751335441546 1.5917295942252332 1727
1751335469711 1.5743575356900692 1728
1751335497956 1.5579020590944723 1729
1751335526149 1.5438848195428199 1730
1751335554413 1.5299533801999958 1731
1751335582619 1.518244731155309 1732
1751335610842 1.5068873505700717 1733
1751335639027 1.4959554472430185 1734
1751335667264 1.4854906191202728 1735
1751335695541 1.4768199026584625 1736
1751335723727 1.4677001085471024 1737
1751335751921 1.458894452249462 1738
1751335780113 1.4512537077746608 1739
1751335808285 1.4441999139433557 1740
1751335836448 1.4363798753104426 1741
1751335864632 1.4294299439273097 1742
1751335892816 1.4237871488386935 1743
1751335920978 1.4168791178275237 1744
1751335949207 1.4112694287164644 1745
1751335977484 1.4056603962724858 1746
1751336005672 1.3998465988446365 1747
1751336033934 1.3950619165870277 1748
1751336062268 1.3894761663607575 1749
1751336090488 1.3859984254972502 1750
1751336118729 1.380141714757139 1751
1751336146946 1.3770123842087658 1752
1751336175170 1.372473756359382 1753
1751336203406 1.3682519170370968 1754
1751336231651 1.3644899553195997 1755
1751336259832 1.360870228910988 1756
1751336288002 1.3572338209910826 1757
1751336316240 1.3535947220569307 1758
1751336344456 1.3497267175804486 1759
1751338067706 1.9321908022869716 1760
1751338096001 1.7891480438411236 1761
1751338124205 1.7310119660740548 1762
1751338152441 1.690255069597201 1763
1751338180730 1.6597353799099273 1764
1751338208893 1.633214788680727 1765
1751338237128 1.610542008145289 1766
1751338265733 1.5906421332196756 1767
1751338294402 1.5737889263440261 1768
1751338322624 1.5578468320044605 1769
1751338350822 1.5429941080510616 1770
1751338379088 1.5294740166176448 1771
1751338407341 1.5176166509362785 1772
1751338435608 1.50623619556427 1773
1751338464279 1.4957943731410936 1774
1751338492537 1.484843054955656 1775
1751338520728 1.4766186306422406 1776
1751338548902 1.467138176614588 1777
1751338577133 1.4590224897996946 1778
1751338605352 1.4511670795353977 1779
1751338633586 1.4429221999916164 1780
1751338661816 1.4361073672771454 1781
1751338690011 1.4299154721877791 1782
1751338718244 1.4227973270145329 1783
1751338746437 1.416628559543328 1784
1751338774656 1.4107498753477226 1785
1751338802931 1.4052412201735107 1786
1751338831189 1.4004143700003624 1787
1751338859840 1.3950656225735492 1788
1751338888461 1.3902999890798873 1789
1751338917139 1.3850783986801452 1790
1751338945330 1.3810297023843636 1791
1751338973571 1.3764110248197208 1792
1751339001784 1.3724021230908958 1793
1751339030024 1.3680109195411205 1794
1751339058231 1.3633446144786747 1795
1751339086444 1.3599519495936958 1796
1751339114702 1.356661849062551 1797
1751339143295 1.3533099662851205 1798
1751339171499 1.350353854285045 1799
1751340923818 1.9336423271081664 1800
1751340952387 1.7903398864648559 1801
1751340980967 1.733042472126809 1802
1751341009500 1.6929651969535784 1803
1751341038087 1.6607083292170004 1804
1751341066680 1.6339406432075934 1805
1751341095296 1.6117835163392804 1806
1751341123866 1.5921938446435062 1807
1751341152496 1.5744449645280838 1808
1751341181073 1.558845859698274 1809
1751341209626 1.544293393126943 1810
1751341238230 1.5308607572858983 1811
1751341266791 1.5181141387332568 1812
1751341295395 1.507430538535118 1813
1751341323987 1.496431952850385 1814
1751341352126 1.486181015656753 1815
1751341380683 1.4768774807453156 1816
1751341409219 1.4681258516555482 1817
1751341437765 1.4600516503507441 1818
1751341466374 1.451228664341298 1819
1751341494911 1.4439518702301113 1820
1751341523577 1.4369026923721486 1821
1751341552092 1.4301632829010487 1822
1751341580642 1.422900672324679 1823
1751341609272 1.4173642667857083 1824
1751341637826 1.4116320179944688 1825
1751341666428 1.4061756879091263 1826
1751341695028 1.4005250527777455 1827
1751341723549 1.3957453905181452 1828
1751341752120 1.3903953897004777 1829
1751341780671 1.3856439871544188 1830
1751341809230 1.3810403438454324 1831
1751341837811 1.376356131312522 1832
1751341866339 1.372391846708276 1833
1751341894870 1.3688114261762663 1834
1751341923396 1.3643974448469551 1835
1751341951958 1.3602934872562236 1836
1751341980506 1.3570228412070058 1837
1751342009106 1.3531521697613327 1838
1751342037690 1.3508256236937912 1839
1751343795367 1.9825957275249741 1840
1751343823977 1.8628872124986215 1841
1751343852569 1.8145683126693422 1842
1751343881135 1.7813389026983217 1843
1751343909638 1.7544425688683987 1844
1751343938168 1.7323285961015658 1845
1751343966718 1.7116952182894403 1846
1751343995327 1.6937436265024273 1847
1751344023864 1.6781061796302146 1848
1751344052457 1.6635461561381817 1849
1751344080979 1.649719565090808 1850
1751344109466 1.6365826123140075 1851
1751344138006 1.625013094395399 1852
1751344166508 1.6135299131274223 1853
1751344195056 1.6032651869410819 1854
1751344223596 1.5936799178069287 1855
1751344252167 1.5840700329704718 1856
1751344280753 1.5754238421266729 1857
1751344309240 1.5666379542513327 1858
1751344337759 1.5591520416465672 1859
1751344366289 1.551194156435403 1860
1751344394828 1.5438964573497123 1861
1751344423401 1.5364595140245827 1862
1751344451943 1.530077993192456 1863
1751344480495 1.5230790021067315 1864
1751344509060 1.517036683857441 1865
1751344537579 1.5106109482320873 1866
1751344566108 1.5049924664199352 1867
1751344594605 1.4998095082965763 1868
1751344623135 1.4937636242671446 1869
1751344651668 1.488902015442198 1870
1751344680191 1.4832426038655369 1871
1751344708777 1.4788771562955596 1872
1751344737267 1.4738128036260605 1873
1751344765832 1.4693882822651754 1874
1751344794369 1.4644105485217138 1875
1751344822955 1.4607894142920321 1876
1751344851545 1.4557481055909938 1877
1751344880163 1.451865259896625 1878
1751344908657 1.4476876424794847 1879
1751346654560 1.9850789301774718 1880
1751346682797 1.8631405169990929 1881
1751346711132 1.8146973076191815 1882
1751346739436 1.7803228924220258 1883
1751346767691 1.7539627579125492 1884
1751346795989 1.731704530729489 1885
1751346824243 1.7114921107210896 1886
1751346852504 1.6937181499194016 1887
1751346880764 1.6779088628563015 1888
1751346908972 1.6629445004192265 1889
1751346937218 1.649064589291811 1890
1751346965473 1.6361501399766316 1891
1751346993755 1.624033888632601 1892
1751347022016 1.6143552112308415 1893
1751347050294 1.603006110611287 1894
1751347078606 1.5932892577892 1895
1751347106888 1.5835606841878458 1896
1751347135203 1.5747713307765396 1897
1751347163567 1.5663566589355469 1898
1751347191777 1.5583060610700736 1899
1751347220040 1.5513417233120312 1900
1751347248297 1.542876110835509 1901
1751347276582 1.5370350280268625 1902
1751347304868 1.529861050911925 1903
1751347333111 1.52288304167715 1904
1751347361357 1.5171549012037842 1905
1751347389644 1.5107009918852286 1906
1751347417906 1.5049594386734746 1907
1751347446166 1.499323589557951 1908
1751347474500 1.4937789436768403 1909
1751347502778 1.4885562593964012 1910
1751347531107 1.4832195836034687 1911
1751347559382 1.4786760956048965 1912
1751347587686 1.4735503569245338 1913
1751347615989 1.4685328724709423 1914
1751347644257 1.4640721014954827 1915
1751347672564 1.4601061262867667 1916
1751347701010 1.4552068835632368 1917
1751347729248 1.451308693398129 1918
1751347757456 1.4475496600974689 1919
1751349524608 1.9848176454278557 1920
1751349552898 1.8653019273822957 1921
1751349581166 1.8168040158396417 1922
1751349609435 1.7824893414296887 1923
1751349637781 1.7559995912015438 1924
1751349666013 1.7334778136150404 1925
1751349694310 1.7135686407035047 1926
1751349722587 1.6955098215151916 1927
1751349750861 1.6791532357985324 1928
1751349779090 1.6647053896026178 1929
1751349807334 1.650854905559258 1930
1751349835630 1.6376670883460478 1931
1751349863906 1.6251523680984974 1932
1751349892207 1.6140697059983558 1933
1751349920492 1.6042449548840523 1934
1751349948849 1.5944231453944335 1935
1751349977090 1.5848216383971951 1936
1751350005400 1.5758324299346318 1937
1751350033638 1.5678064454008231 1938
1751350061936 1.5592747225680135 1939
1751350090191 1.5515317080373114 1940
1751350118508 1.5439171689477833 1941
1751350146819 1.5369511812248013 1942
1751350175085 1.5299397524107585 1943
1751350203333 1.5243371985852718 1944
1751350231594 1.5171143798665567 1945
1751350259894 1.510961152613163 1946
1751350288153 1.5059649415991523 1947
1751350316437 1.4992511252110654 1948
1751350344747 1.494723335247148 1949
1751350373005 1.4890723814341156 1950
1751350401318 1.4832895889200948 1951
1751350429648 1.4791329577565193 1952
1751350457971 1.4736212759532712 1953
1751350486161 1.4699162922122262 1954
1751350514419 1.465117471800609 1955
1751350542662 1.4604768742891876 1956
1751350570921 1.4561386535113507 1957
1751350599164 1.4522058242423967 1958
1751350627412 1.4482363509860905 1959
1751352374562 1.9850852472538298 1960
1751352402816 1.8649993471123956 1961
1751352431031 1.8169444074684924 1962
1751352459250 1.7826292518187652 1963
1751352487600 1.7557212507182902 1964
1751352515906 1.732350790026513 1965
1751352544204 1.7130564214153723 1966
1751352572409 1.6945649927312678 1967
1751352601051 1.678593716838143 1968
1751352629226 1.663500663909045 1969
1751352657510 1.6499362411824139 1970
1751352685737 1.6370768309994177 1971
1751352713963 1.6253966275941243 1972
1751352742641 1.6145138391716913 1973
1751352770996 1.6037233319472184 1974
1751352799288 1.594083158807321 1975
1751352827515 1.5847697904841467 1976
1751352855797 1.5757679522714831 1977
1751352883989 1.5670613585547968 1978
1751352912260 1.5589564825323494 1979
1751352940518 1.551624747839841 1980
1751352968772 1.5437704595652493 1981
1751352997022 1.5371378497643904 1982
1751353025225 1.5302981507371773 1983
1751353053385 1.5234738419001752 1984
1751353081590 1.5175478228113868 1985
1751353109881 1.5108729885383085 1986
1751353138124 1.5053369738161564 1987
1751353166349 1.49981977655129 1988
1751353194959 1.4942754144695671 1989
1751353223213 1.4891496216031639 1990
1751353251459 1.483543072911826 1991
1751353279691 1.4786841564557769 1992
1751353307953 1.4745075702667236 1993
1751353336226 1.469310572878881 1994
1751353364403 1.464768628843806 1995
1751353392610 1.4602703184566714 1996
1751353420850 1.4558764906092123 1997
1751353449139 1.4522795240310105 1998
1751353477323 1.4481898126277057 1999
1751355239589 1.9836791279641064 2000
1751355268245 1.8639080568470738 2001
1751355296889 1.8156707791442221 2002
1751355325178 1.7820299047638068 2003
1751355353769 1.7549804770811037 2004
1751355382393 1.732990502295169 2005
1751355410979 1.712071001191031 2006
1751355439569 1.6936101513830097 2007
1751355468175 1.6786762354048816 2008
1751355496753 1.6631672477180308 2009
1751355524977 1.6494682641191916 2010
1751355553558 1.6372784037481656 2011
1751355581767 1.624924895438281 2012
1751355610045 1.6141550510444425 2013
1751355638702 1.603719392622059 2014
1751355667342 1.5930132439190692 2015
1751355695923 1.5844518000429326 2016
1751355724102 1.5756590694866397 2017
1751355752760 1.566906543279236 2018
1751355781009 1.5588035986504771 2019
1751355809629 1.5510545149445534 2020
1751355838221 1.5437467308206991 2021
1751355866453 1.536782206120816 2022
1751355895049 1.5298616588115692 2023
1751355923248 1.5233648585324937 2024
1751355951862 1.516703056002205 2025
1751355980074 1.5108060277998447 2026
1751356008664 1.5052204389463772 2027
1751356037229 1.499286058951508 2028
1751356065880 1.4941121190786362 2029
1751356094539 1.4882643222808838 2030
1751356123166 1.483016949146986 2031
1751356151801 1.4788158295506781 2032
1751356180408 1.4734676974740895 2033
1751356209004 1.4688376760618254 2034
1751356237270 1.4644283882596276 2035
1751356265878 1.4602260582826354 2036
1751356294519 1.4555601504716007 2037
1751356323126 1.4513621834868735 2038
1751356351757 1.4478415216911922 2039
1751358134003 1.9845036529004574 2040
1751358162619 1.8655989871106364 2041
1751358191283 1.8171364092691378 2042
1751358219860 1.7828707461330024 2043
1751358248476 1.7565834948962384 2044
1751358277075 1.7326079014350066 2045
1751358305735 1.7129194269126111 2046
1751358334315 1.6948745071210645 2047
1751358362972 1.679055686362765 2048
1751358391584 1.6634522493590007 2049
1751358420244 1.650855286216194 2050
1751358448840 1.6372891376641663 2051
1751358477419 1.6257813278247009 2052
1751358506084 1.614739214154807 2053
1751358534734 1.6037813679061153 2054
1751358563458 1.5934678505767474 2055
1751358592100 1.584592618048191 2056
1751358620731 1.5757521279156208 2057
1751358649367 1.5668063028292223 2058
1751358677966 1.5586683259091594 2059
1751358706610 1.551371325484731 2060
1751358735185 1.5440499782562256 2061
1751358763793 1.536692752418193 2062
1751358792374 1.5300523347475312 2063
1751358821029 1.5236769213595174 2064
1751358849685 1.5170811377465725 2065
1751358878226 1.510912661525336 2066
1751358906920 1.5054066482592712 2067
1751358935549 1.4999520067464223 2068
1751358964194 1.4941381395540454 2069
1751358992808 1.4888894270089539 2070
1751359021452 1.4836709661917253 2071
1751359050059 1.4784563681618734 2072
1751359078718 1.4737592508847064 2073
1751359107350 1.4689121005887336 2074
1751359135978 1.464734431017529 2075
1751359164578 1.4604166708886623 2076
1751359193188 1.4555350030687721 2077
1751359221831 1.4521744241091339 2078
1751359250532 1.4482032660056243 2079
1751361008182 2.0407181707295505 2080
1751361036556 1.932923365723003 2081
1751361064874 1.890207290649414 2082
1751361093246 1.8615367443046786 2083
1751361121582 1.8393148183822632 2084
1751361149883 1.8201223239302635 2085
1751361178243 1.802792872894894 2086
1751361206629 1.7888180843808434 2087
1751361234940 1.774619128893722 2088
1751361263272 1.7620626240968704 2089
1751361291639 1.7504097599197517 2090
1751361320015 1.7387639748101884 2091
1751361348309 1.7286047590049831 2092
1751361376675 1.7179791104387154 2093
1751361404982 1.7089731943878261 2094
1751361433359 1.699855320832946 2095
1751361461750 1.6916706589135257 2096
1751361490084 1.6826846799389883 2097
1751361518476 1.6745229021392085 2098
1751361546903 1.6678917106579652 2099
1751361575229 1.6600322720002045 2100
1751361603500 1.652886662632227 2101
1751361631923 1.646064815196124 2102
1751361660305 1.6402039714157581 2103
1751361688687 1.6332838454029777 2104
1751361717022 1.6271240582520312 2105
1751361745364 1.6217370040037415 2106
1751361773710 1.6161244115368887 2107
1751361801996 1.6108120148154823 2108
1751361830323 1.6045240058817647 2109
1751361858626 1.5996103310449556 2110
1751361887013 1.5946494825184345 2111
1751361915373 1.5896403647281907 2112
1751361943735 1.5854402076114307 2113
1751361972008 1.5804074095054106 2114
1751362000384 1.5762089934538712 2115
1751362028754 1.5716455246914516 2116
1751362057115 1.5668578449298034 2117
1751362085466 1.5625141903080724 2118
1751362113891 1.5588229149580002 2119
1751363882358 2.041350122541189 2120
1751363910695 1.9332874857566573 2121
1751363939037 1.8920590166341176 2122
1751363967457 1.8634703020480545 2123
1751363995746 1.8401936543258754 2124
1751364024116 1.8210360820997844 2125
1751364052438 1.8042015392671933 2126
1751364080756 1.788741891018369 2127
1751364109111 1.774834428998557 2128
1751364137476 1.7622579495337876 2129
1751364165815 1.7502186891030183 2130
1751364194122 1.7391746721484445 2131
1751364222456 1.728444380177693 2132
1751364250776 1.7182863625613125 2133
1751364279081 1.709589079699733 2134
1751364307433 1.6997978541661392 2135
1751364335745 1.6909700252793052 2136
1751364364069 1.6836031279103323 2137
1751364392375 1.6755978739397093 2138
1751364420688 1.6675776974721388 2139
1751364448999 1.660389460961927 2140
1751364477262 1.6530868082561276 2141
1751364505580 1.64623212069273 2142
1751364533886 1.6396680210124364 2143
1751364562251 1.6335177499462257 2144
1751364590620 1.6270975988696923 2145
1751364618911 1.621617729352279 2146
1751364647211 1.6156488968567415 2147
1751364675521 1.610450147905133 2148
1751364703931 1.6045013202184981 2149
1751364732323 1.5998276820914312 2150
1751364760685 1.5945757861164482 2151
1751364789028 1.5904058949513868 2152
1751364817379 1.5856143422424793 2153
1751364845676 1.5807023854418234 2154
1751364874012 1.5757682912729003 2155
1751364902370 1.5714082551950759 2156
1751364930668 1.5671939819373868 2157
1751364959004 1.5629524486986073 2158
1751364987311 1.5590541162951426 2159
1751366758621 2.0403627827763557 2160
1751366786974 1.9325421520254829 2161
1751366815259 1.891463558443568 2162
1751366843515 1.8617755662311206 2163
1751366871814 1.8404269005087288 2164
1751366900101 1.8205410306426613 2165
1751366928454 1.8035984543914145 2166
1751366956765 1.7891857620667329 2167
1751366985060 1.774744303389029 2168
1751367013439 1.7622799121520736 2169
1751367041765 1.7502852041612973 2170
1751367070066 1.7389061793007634 2171
1751367098389 1.7286714359440587 2172
1751367126722 1.718860168687322 2173
1751367155045 1.7086462883109397 2174
1751367183342 1.699597805738449 2175
1751367211681 1.6910915198651226 2176
1751367239984 1.6827975321899762 2177
1751367268272 1.6756174080073833 2178
1751367296545 1.6676422628489407 2179
1751367324797 1.6601509333334186 2180
1751367353117 1.6533970267257907 2181
1751367381459 1.6459296399896794 2182
1751367409754 1.6399648121812127 2183
1751367438073 1.6333075626329943 2184
1751367466379 1.6271615404297004 2185
1751367494710 1.6216792294924909 2186
1751367523022 1.615791137922894 2187
1751367551306 1.6100787652487105 2188
1751367579578 1.6047832823612473 2189
1751367607845 1.5996475615961985 2190
1751367636120 1.5941135609014467 2191
1751367664391 1.5897159617055545 2192
1751367692691 1.5849798321723938 2193
1751367720998 1.5803225260566582 2194
1751367749315 1.5763176256282763 2195
1751367777587 1.5713647661561316 2196
1751367805865 1.5673297812992877 2197
1751367834232 1.5630583905360915 2198
1751367862498 1.5585009012032638 2199
1751369637636 2.0436127074062824 2200
1751369665997 1.9347872463139622 2201
1751369694256 1.8923857618461957 2202
1751369722928 1.8634590303355998 2203
1751369751266 1.840236222879453 2204
1751369779574 1.821665491570126 2205
1751369807918 1.8044210709631443 2206
1751369836334 1.7890709421851418 2207
1751369864647 1.7755873741751367 2208
1751369893090 1.7628427103839137 2209
1751369921818 1.7511335994032295 2210
1751369950176 1.7396232807500795 2211
1751369978500 1.7288411696526138 2212
1751370007218 1.7187474095685915 2213
1751370035919 1.7098964720287106 2214
1751370064267 1.7002672312611884 2215
1751370092636 1.6913426904515787 2216
1751370121398 1.6831646554849364 2217
1751370150056 1.675215968015519 2218
1751370178837 1.6680209944871338 2219
1751370207541 1.6604021123864434 2220
1751370235843 1.653656629337506 2221
1751370264103 1.6465530808676372 2222
1751370292404 1.6406035047363152 2223
1751370320786 1.6340696994553914 2224
1751370349111 1.627748185938055 2225
1751370377845 1.6220663545483893 2226
1751370406174 1.6159787198359317 2227
1751370434511 1.6106838370588692 2228
1751370463266 1.605273922058669 2229
1751370491593 1.6004554568366571 2230
1751370519921 1.5946106324819 2231
1751370548200 1.5906124511225657 2232
1751370576490 1.585180767219175 2233
1751370605225 1.5804777500981635 2234
1751370633910 1.5762921443039721 2235
1751370662634 1.5720838836648248 2236
1751370690961 1.5675608593631873 2237
1751370719703 1.5629462166266008 2238
1751370747999 1.559261374852874 2239
1751372533283 2.041940654881976 2240
1751372562057 1.933349565348842 2241
1751372590725 1.8923417512666096 2242
1751372619419 1.8633605888621374 2243
1751372648017 1.8407991545444184 2244
1751372676682 1.8215281661938538 2245
1751372705362 1.8041955456137657 2246
1751372734035 1.7893663675270297 2247
1751372762670 1.7752510864626279 2248
1751372791386 1.762759218839082 2249
1751372820080 1.7506086406382648 2250
1751372848786 1.740051344037056 2251
1751372877448 1.7289523248645393 2252
1751372906151 1.7190779088573023 2253
1751372934923 1.7093520272861829 2254
1751372963593 1.7002012871883132 2255
1751372992322 1.6917780322784728 2256
1751373020989 1.683402968062596 2257
1751373049674 1.6750155606053092 2258
1751373078324 1.6680811135606333 2259
1751373107102 1.659890570085157 2260
1751373135862 1.6534671370278706 2261
1751373164590 1.6464723402803594 2262
1751373193214 1.639641302891753 2263
1751373221883 1.633873358030211 2264
1751373250614 1.627582404085181 2265
1751373279286 1.6216949597001076 2266
1751373308000 1.6160576465454968 2267
1751373336670 1.6107324229722673 2268
1751373365321 1.6052157323468814 2269
1751373394170 1.5999847166240215 2270
1751373422825 1.5951823026619174 2271
1751373451467 1.5908194221556187 2272
1751373480167 1.584880144758658 2273
1751373508859 1.58053263717077 2274
1751373537614 1.5764306475493042 2275
1751373566370 1.5722987303002314 2276
1751373595018 1.5677338442341848 2277
1751373623730 1.5633678893474015 2278
1751373652398 1.5592182058502326 2279
1751375399086 2.0409562025557864 2280
1751375427787 1.932184096087109 2281
1751375456503 1.890679930421439 2282
1751375485171 1.8626106262884357 2283
1751375513876 1.839617709544572 2284
1751375542486 1.8199155032634735 2285
1751375571241 1.8030108843337407 2286
1751375599920 1.787913266569376 2287
1751375628547 1.7743485251610929 2288
1751375657189 1.7619508382948963 2289
1751375685836 1.74975616552613 2290
1751375714493 1.7385080998594111 2291
1751375743110 1.728212866593491 2292
1751375771778 1.7175403328781778 2293
1751375800453 1.7084416405043819 2294
1751375829178 1.6991826224733482 2295
1751375858148 1.6903254941783168 2296
1751375886649 1.6820296831429005 2297
1751375915014 1.67446658489379 2298
1751375943402 1.666665174744346 2299
1751375971797 1.6590906076810576 2300
1751376000228 1.652545247904279 2301
1751376028646 1.6460180414671248 2302
1751376057062 1.6393205313519998 2303
1751376085508 1.6331266933544115 2304
1751376113851 1.6266884746199304 2305
1751376142256 1.6205870895223184 2306
1751376170747 1.6151205433363265 2307
1751376199099 1.6097211803902278 2308
1751376227493 1.604231482879682 2309
1751376255878 1.599342375655066 2310
1751376284258 1.5940180244770916 2311
1751376312652 1.5892293991690332 2312
1751376341058 1.5848957107148387 2313
1751376369463 1.5796300274404613 2314
1751376397890 1.575515809722922 2315
1751376426322 1.5706802406771616 2316
1751376454802 1.5666149424558335 2317
1751376483239 1.5621880699287762 2318
1751376511622 1.5581473450769077 2319
1751378285040 2.096825431693684 2320
1751378313628 1.9995981011201034 2321
1751378342034 1.960383161563765 2322
1751378370431 1.935164013369517 2323
1751378398810 1.9143529215996915 2324
1751378427199 1.8978129855611108 2325
1751378455612 1.8833954588256099 2326
1751378484044 1.8705800114707514 2327
1751378512491 1.8582544147290967 2328
1751378540870 1.847554765980352 2329
1751378569383 1.8374556875364347 2330
1751378597825 1.8277899893847378 2331
1751378626238 1.819196491078897 2332
1751378654659 1.8104466714642264 2333
1751378683054 1.8021235164593568 2334
1751378711524 1.7950030196119438 2335
1751378739912 1.7870844053951176 2336
1751378768342 1.780481843785806 2337
1751378796762 1.7741152109070257 2338
1751378825176 1.767157937992703 2339
1751378853553 1.7605423873121089 2340
1751378881936 1.7545233185995708 2341
1751378910283 1.748542488298633 2342
1751378938740 1.742766848680648 2343
1751378967153 1.737587149170312 2344
1751378995597 1.7316296015950767 2345
1751379024029 1.7263213067569516 2346
1751379052424 1.7220242206345906 2347
1751379080836 1.71625421771949 2348
1751379109222 1.7119939350946383 2349
1751379137658 1.7075403803451494 2350
1751379166083 1.7020521902225234 2351
1751379194496 1.6978302191604266 2352
1751379222869 1.693787782368335 2353
1751379251269 1.6893525472418829 2354
1751379279725 1.685018747706305 2355
1751379308099 1.6806778406555003 2356
1751379336502 1.6763462779874152 2357
1751379364999 1.6728840246796608 2358
1751379393406 1.669334072281014 2359
1751381171236 2.096582319926132 2360
1751381199664 1.9988418549976565 2361
1751381228115 1.9597518924962392 2362
1751381256512 1.9339288611981003 2363
1751381284898 1.913993882184679 2364
1751381313337 1.897570051252842 2365
1751381341711 1.8833146569403736 2366
1751381370109 1.8700120804662055 2367
1751381398475 1.8579701588235118 2368
1751381426901 1.8469764576716856 2369
1751381455301 1.8372895341705193 2370
1751381483706 1.8275839757512917 2371
1751381512126 1.8187505233694206 2372
1751381540496 1.8100356473164125 2373
1751381568845 1.8014556928114458 2374
1751381597180 1.794566765766252 2375
1751381625616 1.7864402024583383 2376
1751381654004 1.7797559259290046 2377
1751381682390 1.773609135299921 2378
1751381710779 1.7661322978409855 2379
1751381739139 1.7602179009806027 2380
1751381767506 1.7544639124111696 2381
1751381795904 1.7481785602867603 2382
1751381824314 1.743023448031057 2383
1751381852708 1.7373784072697163 2384
1751381881031 1.7314176318997687 2385
1751381909409 1.726000320843675 2386
1751381937795 1.721228534525091 2387
1751381966118 1.7165521393445404 2388
1751381994469 1.7110008045353673 2389
1751382022814 1.7062996764751999 2390
1751382051182 1.701142061840404 2391
1751382079514 1.697112937881188 2392
1751382107851 1.6928733417933637 2393
1751382136267 1.6887735595757312 2394
1751382164654 1.684000725434585 2395
1751382192972 1.6800708079879934 2396
1751382221309 1.6760333475064149 2397
1751382249674 1.6724391986023297 2398
1751382278019 1.6685045933858915 2399
1751384029075 2.0845529833300547 2400
1751384057994 1.9906924366950989 2401
1751384086412 1.952711572362618 2402
1751384114852 1.9279893640090118 2403
1751384143280 1.9075282409109853 2404
1751384171691 1.8918942314657299 2405
1751384200102 1.8776349872350693 2406
1751384228541 1.8650860454548488 2407
1751384256993 1.8532914830879732 2408
1751384285812 1.8427818661386317 2409
1751384314219 1.8326283645900814 2410
1751384342546 1.8236576603217558 2411
1751384370973 1.8146201951259917 2412
1751384399359 1.8058746301315047 2413
1751384427801 1.7989308901808478 2414
1751384456592 1.7908249456774106 2415
1751384485379 1.7833211869001389 2416
1751384513747 1.7763902236792175 2417
1751384542079 1.7702584591778843 2418
1751384570471 1.7630880552936683 2419
1751384598874 1.7572230774570594 2420
1751384627285 1.7511844218454578 2421
1751384655645 1.7458275112916122 2422
1751384684038 1.7394348071380095 2423
1751384712394 1.7338228628716685 2424
1751384740737 1.7287511358206922 2425
1751384769087 1.7235727228901603 2426
1751384797474 1.718800407580354 2427
1751384825857 1.7136784605681896 2428
1751384854242 1.7084563086656006 2429
1751384883053 1.7037184536457062 2430
1751384911427 1.698976137082685 2431
1751384940174 1.6948257793079724 2432
1751384968518 1.690191811458631 2433
1751384996926 1.6860682320865719 2434
1751385025259 1.6818277778273278 2435
1751385053656 1.6775562759827485 2436
1751385082030 1.6740935959599235 2437
1751385110835 1.67031260647557 2438
1751385139244 1.6667652059007774 2439
1751386928725 2.0861542759971186 2440
1751386957547 1.9922926571558823 2441
1751386986309 1.9546297985044392 2442
1751387015062 1.9288138974119315 2443
1751387043848 1.9092605818401684 2444
1751387072586 1.8923913325098427 2445
1751387101345 1.8784357265315272 2446
1751387130471 1.8655906939371065 2447
1751387159337 1.8541236912662333 2448
1751387188514 1.842658267441121 2449
1751387217281 1.833183497867801 2450
1751387246012 1.8235804052515463 2451
1751387274805 1.8150914409621195 2452
1751387303549 1.8067768629301677 2453
1751387332254 1.799044219268994 2454
1751387360977 1.791588345034556 2455
1751387389701 1.783820865167813 2456
1751387418616 1.776956807821989 2457
1751387447384 1.7699988928030839 2458
1751387476534 1.763633456081152 2459
1751387505231 1.7584160996431655 2460
1751387534004 1.7518277422270991 2461
1751387562791 1.7458274083381349 2462
1751387591890 1.7400434752079574 2463
1751387620685 1.7341907295313748 2464
1751387649448 1.729432594708421 2465
1751387678203 1.7238937748426741 2466
1751387706974 1.7186121398752385 2467
1751387735716 1.7142149016938426 2468
1751387764485 1.7092095051299443 2469
1751387793293 1.7042234597558326 2470
1751387822087 1.6996060200035572 2471
1751387850835 1.695188180628148 2472
1751387879621 1.6906014145775274 2473
1751387908363 1.6862771487371488 2474
1751387937130 1.6829041090201249 2475
1751387965897 1.6781516139480201 2476
1751387994704 1.6742516058412464 2477
1751388023970 1.6707660271362825 2478
1751388052715 1.6663633032955907 2479
