1751217772994 0.001 0
1751217800578 0.001 1
1751217828165 0.001 2
1751217855828 0.001 3
1751217883403 0.001 4
1751217910968 0.001 5
1751217938492 0.001 6
1751217966133 0.001 7
1751217993748 0.001 8
1751218021396 0.001 9
1751218048940 0.001 10
1751218076461 0.001 11
1751218104026 0.001 12
1751218131552 0.001 13
1751218159153 0.001 14
1751218186715 0.001 15
1751218214241 0.001 16
1751218241769 0.001 17
1751218269393 0.001 18
1751218296953 0.001 19
1751218324505 0.001 20
1751218352062 0.001 21
1751218379641 0.001 22
1751218407308 0.001 23
1751218434876 0.001 24
1751218462457 0.001 25
1751218490055 0.001 26
1751218517634 0.001 27
1751218545192 0.001 28
1751218572702 0.001 29
1751218600294 0.001 30
1751218627817 0.001 31
1751218655440 0.001 32
1751218683051 0.001 33
1751218710652 0.001 34
1751218738253 0.001 35
1751218765808 0.001 36
1751218793363 0.001 37
1751218820889 0.001 38
1751218848502 0.001 39
1751220213712 0.001 40
1751220241350 0.001 41
1751220268960 0.001 42
1751220296566 0.001 43
1751220324142 0.001 44
1751220351725 0.001 45
1751220379267 0.001 46
1751220406802 0.001 47
1751220434371 0.001 48
1751220461934 0.001 49
1751220489511 0.001 50
1751220517107 0.001 51
1751220544719 0.001 52
1751220572330 0.001 53
1751220599907 0.001 54
1751220627528 0.001 55
1751220655139 0.001 56
1751220682713 0.001 57
1751220710310 0.001 58
1751220737883 0.001 59
1751220765444 0.001 60
1751220793051 0.001 61
1751220820689 0.001 62
1751220848295 0.001 63
1751220875940 0.001 64
1751220903523 0.001 65
1751220931074 0.001 66
1751220958692 0.001 67
1751220986283 0.001 68
1751221013940 0.001 69
1751221041573 0.001 70
1751221069217 0.001 71
1751221096806 0.001 72
1751221124447 0.001 73
1751221152064 0.001 74
1751221179724 0.001 75
1751221207261 0.001 76
1751221235180 0.001 77
1751221263080 0.001 78
1751221290683 0.001 79
1751222739328 0.001 80
1751222767293 0.001 81
1751222794890 0.001 82
1751222822544 0.001 83
1751222850170 0.001 84
1751222877812 0.001 85
1751222905772 0.001 86
1751222933733 0.001 87
1751222961701 0.001 88
1751222989252 0.001 89
1751223017194 0.001 90
1751223045148 0.001 91
1751223072870 0.001 92
1751223100824 0.001 93
1751223128338 0.001 94
1751223156244 0.001 95
1751223183800 0.001 96
1751223211414 0.001 97
1751223239361 0.001 98
1751223266998 0.001 99
1751223294920 0.001 100
1751223322836 0.001 101
1751223350788 0.001 102
1751223378764 0.001 103
1751223406662 0.001 104
1751223434274 0.001 105
1751223462241 0.001 106
1751223490150 0.001 107
1751223518098 0.001 108
1751223546104 0.001 109
1751223573701 0.001 110
1751223601706 0.001 111
1751223629398 0.001 112
1751223657360 0.001 113
1751223684976 0.001 114
1751223712946 0.001 115
1751223740887 0.001 116
1751223768794 0.001 117
1751223796787 0.001 118
1751223824752 0.001 119
1751225282644 0.001 120
1751225310523 0.001 121
1751225338496 0.001 122
1751225366443 0.001 123
1751225394395 0.001 124
1751225422379 0.001 125
1751225450275 0.001 126
1751225478180 0.001 127
1751225506075 0.001 128
1751225534029 0.001 129
1751225561956 0.001 130
1751225589846 0.001 131
1751225617750 0.001 132
1751225645650 0.001 133
1751225673578 0.001 134
1751225701529 0.001 135
1751225729486 0.001 136
1751225757413 0.001 137
1751225785322 0.001 138
1751225813304 0.001 139
1751225841243 0.001 140
1751225869171 0.001 141
1751225897095 0.001 142
1751225925088 0.001 143
1751225953028 0.001 144
1751225980989 0.001 145
1751226008901 0.001 146
1751226036791 0.001 147
1751226064747 0.001 148
1751226092719 0.001 149
1751226120730 0.001 150
1751226148748 0.001 151
1751226176690 0.001 152
1751226204754 0.001 153
1751226232727 0.001 154
1751226260677 0.001 155
1751226288614 0.001 156
1751226316569 0.001 157
1751226344517 0.001 158
1751226372460 0.001 159
1751227851455 0.001 160
1751227879365 0.001 161
1751227907348 0.001 162
1751227935286 0.001 163
1751227963219 0.001 164
1751227991264 0.001 165
1751228019186 0.001 166
1751228047129 0.001 167
1751228075086 0.001 168
1751228103048 0.001 169
1751228131018 0.001 170
1751228158938 0.001 171
1751228186891 0.001 172
1751228214858 0.001 173
1751228242846 0.001 174
1751228270834 0.001 175
1751228298754 0.001 176
1751228326707 0.001 177
1751228354690 0.001 178
1751228382616 0.001 179
1751228410569 0.001 180
1751228438502 0.001 181
1751228466440 0.001 182
1751228494370 0.001 183
1751228522263 0.001 184
1751228550203 0.001 185
1751228578149 0.001 186
1751228606089 0.001 187
1751228634035 0.001 188
1751228661957 0.001 189
1751228689866 0.001 190
1751228717812 0.001 191
1751228745804 0.001 192
1751228773771 0.001 193
1751228801707 0.001 194
1751228829897 0.001 195
1751228857653 0.001 196
1751228885415 0.001 197
1751228913216 0.001 198
1751228940961 0.001 199
1751230449353 0.001 200
1751230477062 0.001 201
1751230504838 0.001 202
1751230532561 0.001 203
1751230560266 0.001 204
1751230588009 0.001 205
1751230615747 0.001 206
1751230643491 0.001 207
1751230671266 0.001 208
1751230699011 0.001 209
1751230726748 0.001 210
1751230754446 0.001 211
1751230782319 0.001 212
1751230810007 0.001 213
1751230837698 0.001 214
1751230865386 0.001 215
1751230893155 0.001 216
1751230920939 0.001 217
1751230948620 0.001 218
1751230976299 0.001 219
1751231003981 0.001 220
1751231031692 0.001 221
1751231059395 0.001 222
1751231087165 0.001 223
1751231114852 0.001 224
1751231142574 0.001 225
1751231170302 0.001 226
1751231197993 0.001 227
1751231225753 0.001 228
1751231253482 0.001 229
1751231281293 0.001 230
1751231309013 0.001 231
1751231336742 0.001 232
1751231364472 0.001 233
1751231392192 0.001 234
1751231419906 0.001 235
1751231447659 0.001 236
1751231475396 0.001 237
1751231503120 0.001 238
1751231530878 0.001 239
1751233041608 0.001 240
1751233069337 0.001 241
1751233097038 0.001 242
1751233124795 0.001 243
1751233152535 0.001 244
1751233180288 0.001 245
1751233208056 0.001 246
1751233235814 0.001 247
1751233263527 0.001 248
1751233291251 0.001 249
1751233319007 0.001 250
1751233346767 0.001 251
1751233374575 0.001 252
1751233402230 0.001 253
1751233429994 0.001 254
1751233457774 0.001 255
1751233485498 0.001 256
1751233513279 0.001 257
1751233541012 0.001 258
1751233568763 0.001 259
1751233596486 0.001 260
1751233624239 0.001 261
1751233652010 0.001 262
1751233679751 0.001 263
1751233707486 0.001 264
1751233735222 0.001 265
1751233762934 0.001 266
1751233790736 0.001 267
1751233818501 0.001 268
1751233846191 0.001 269
1751233873943 0.001 270
1751233901641 0.001 271
1751233929322 0.001 272
1751233957076 0.001 273
1751233984895 0.001 274
1751234012657 0.001 275
1751234040422 0.001 276
1751234068211 0.001 277
1751234095980 0.001 278
1751234123708 0.001 279
1751235635083 0.001 280
1751235662851 0.001 281
1751235690599 0.001 282
1751235718336 0.001 283
1751235746226 0.001 284
1751235773925 0.001 285
1751235801672 0.001 286
1751235829455 0.001 287
1751235857198 0.001 288
1751235884896 0.001 289
1751235912628 0.001 290
1751235940734 0.001 291
1751235968841 0.001 292
1751235996553 0.001 293
1751236024606 0.001 294
1751236052302 0.001 295
1751236080098 0.001 296
1751236107845 0.001 297
1751236135579 0.001 298
1751236163663 0.001 299
1751236191385 0.001 300
1751236219124 0.001 301
1751236246920 0.001 302
1751236274647 0.001 303
1751236302419 0.001 304
1751236330181 0.001 305
1751236357913 0.001 306
1751236385985 0.001 307
1751236414051 0.001 308
1751236441805 0.001 309
1751236469557 0.001 310
1751236497287 0.001 311
1751236525038 0.001 312
1751236552776 0.001 313
1751236580522 0.001 314
1751236608661 0.001 315
1751236636431 0.001 316
1751236664217 0.001 317
1751236691972 0.001 318
1751236719746 0.001 319
1751238321050 0.001 320
1751238349072 0.001 321
1751238377171 0.001 322
1751238405246 0.001 323
1751238433356 0.001 324
1751238461416 0.001 325
1751238489485 0.001 326
1751238517494 0.001 327
1751238545209 0.001 328
1751238572868 0.001 329
1751238600984 0.001 330
1751238629047 0.001 331
1751238657112 0.001 332
1751238685151 0.001 333
1751238713194 0.001 334
1751238741293 0.001 335
1751238768993 0.001 336
1751238797086 0.001 337
1751238825171 0.001 338
1751238853260 0.001 339
1751238881368 0.001 340
1751238909413 0.001 341
1751238937497 0.001 342
1751238965560 0.001 343
1751238993588 0.001 344
1751239021271 0.001 345
1751239049359 0.001 346
1751239077434 0.001 347
1751239105532 0.001 348
1751239133600 0.001 349
1751239161332 0.001 350
1751239189471 0.001 351
1751239217595 0.001 352
1751239245644 0.001 353
1751239273727 0.001 354
1751239301866 0.001 355
1751239329944 0.001 356
1751239358002 0.001 357
1751239386104 0.001 358
1751239414190 0.001 359
1751240960124 0.001 360
1751240988203 0.001 361
1751241016256 0.001 362
1751241044331 0.001 363
1751241072414 0.001 364
1751241100464 0.001 365
1751241128516 0.001 366
1751241156584 0.001 367
1751241184629 0.001 368
1751241212751 0.001 369
1751241240821 0.001 370
1751241268863 0.001 371
1751241296934 0.001 372
1751241325020 0.001 373
1751241353080 0.001 374
1751241381134 0.001 375
1751241409238 0.001 376
1751241437293 0.001 377
1751241465398 0.001 378
1751241493492 0.001 379
1751241521627 0.001 380
1751241549705 0.001 381
1751241577788 0.001 382
1751241605794 0.001 383
1751241633893 0.001 384
1751241662010 0.001 385
1751241690082 0.001 386
1751241718101 0.001 387
1751241746171 0.001 388
1751241774202 0.001 389
1751241802249 0.001 390
1751241830241 0.001 391
1751241858337 0.001 392
1751241886369 0.001 393
1751241914418 0.001 394
1751241942468 0.001 395
1751241970548 0.001 396
1751241998675 0.001 397
1751242026806 0.001 398
1751242054887 0.001 399
1751243577250 0.0005 400
1751243605176 0.0005 401
1751243633138 0.0005 402
1751243661128 0.0005 403
1751243689128 0.0005 404
1751243717067 0.0005 405
1751243745041 0.0005 406
1751243773002 0.0005 407
1751243800975 0.0005 408
1751243828985 0.0005 409
1751243856935 0.0005 410
1751243884904 0.0005 411
1751243912829 0.0005 412
1751243940765 0.0005 413
1751243968668 0.0005 414
1751243996644 0.0005 415
1751244024599 0.0005 416
1751244052608 0.0005 417
1751244080550 0.0005 418
1751244108463 0.0005 419
1751244136364 0.0005 420
1751244164275 0.0005 421
1751244192222 0.0005 422
1751244220158 0.0005 423
1751244248108 0.0005 424
1751244276028 0.0005 425
1751244303986 0.0005 426
1751244331960 0.0005 427
1751244359905 0.0005 428
1751244387837 0.0005 429
1751244415781 0.0005 430
1751244443750 0.0005 431
1751244471680 0.0005 432
1751244499657 0.0005 433
1751244527573 0.0005 434
1751244555492 0.0005 435
1751244583406 0.0005 436
1751244611379 0.0005 437
1751244639247 0.0005 438
1751244667154 0.0005 439
1751246227641 0.0005 440
1751246255514 0.0005 441
1751246283399 0.0005 442
1751246311322 0.0005 443
1751246339177 0.0005 444
1751246367080 0.0005 445
1751246394937 0.0005 446
1751246422801 0.0005 447
1751246450650 0.0005 448
1751246478561 0.0005 449
1751246506542 0.0005 450
1751246534410 0.0005 451
1751246562308 0.0005 452
1751246590167 0.0005 453
1751246618007 0.0005 454
1751246645852 0.0005 455
1751246673725 0.0005 456
1751246701565 0.0005 457
1751246729537 0.0005 458
1751246757440 0.0005 459
1751246785329 0.0005 460
1751246813256 0.0005 461
1751246841072 0.0005 462
1751246868985 0.0005 463
1751246896850 0.0005 464
1751246924720 0.0005 465
1751246952624 0.0005 466
1751246980523 0.0005 467
1751247008404 0.0005 468
1751247036244 0.0005 469
1751247064152 0.0005 470
1751247092080 0.0005 471
1751247119928 0.0005 472
1751247147814 0.0005 473
1751247175727 0.0005 474
1751247203605 0.0005 475
1751247231448 0.0005 476
1751247259231 0.0005 477
1751247287121 0.0005 478
1751247314981 0.0005 479
1751248932650 0.0005 480
1751248960488 0.0005 481
1751248988295 0.0005 482
1751249016097 0.0005 483
1751249044281 0.0005 484
1751249072100 0.0005 485
1751249099953 0.0005 486
1751249127760 0.0005 487
1751249155682 0.0005 488
1751249183523 0.0005 489
1751249211722 0.0005 490
1751249239540 0.0005 491
1751249267386 0.0005 492
1751249295233 0.0005 493
1751249323053 0.0005 494
1751249350862 0.0005 495
1751249378747 0.0005 496
1751249406597 0.0005 497
1751249434382 0.0005 498
1751249462185 0.0005 499
1751249489992 0.0005 500
1751249517772 0.0005 501
1751249545636 0.0005 502
1751249573535 0.0005 503
1751249601294 0.0005 504
1751249629460 0.0005 505
1751249657328 0.0005 506
1751249685177 0.0005 507
1751249713006 0.0005 508
1751249740807 0.0005 509
1751249768638 0.0005 510
1751249796504 0.0005 511
1751249824634 0.0005 512
1751249852429 0.0005 513
1751249880256 0.0005 514
1751249908084 0.0005 515
1751249935912 0.0005 516
1751249963732 0.0005 517
1751249991563 0.0005 518
1751250019373 0.0005 519
1751251624491 0.0005 520
1751251652345 0.0005 521
1751251680548 0.0005 522
1751251708733 0.0005 523
1751251736931 0.0005 524
1751251765140 0.0005 525
1751251793289 0.0005 526
1751251821453 0.0005 527
1751251849225 0.0005 528
1751251877453 0.0005 529
1751251905694 0.0005 530
1751251933872 0.0005 531
1751251962090 0.0005 532
1751251990226 0.0005 533
1751252018369 0.0005 534
1751252046596 0.0005 535
1751252074317 0.0005 536
1751252102475 0.0005 537
1751252130669 0.0005 538
1751252158921 0.0005 539
1751252187128 0.0005 540
1751252215279 0.0005 541
1751252243399 0.0005 542
1751252271588 0.0005 543
1751252299391 0.0005 544
1751252327665 0.0005 545
1751252355829 0.0005 546
1751252383978 0.0005 547
1751252412187 0.0005 548
1751252440312 0.0005 549
1751252468489 0.0005 550
1751252496692 0.0005 551
1751252524954 0.0005 552
1751252553210 0.0005 553
1751252581415 0.0005 554
1751252609525 0.0005 555
1751252637684 0.0005 556
1751252665856 0.0005 557
1751252693931 0.0005 558
1751252722090 0.0005 559
1751254392385 0.0005 560
1751254420587 0.0005 561
1751254448696 0.0005 562
1751254476834 0.0005 563
1751254504990 0.0005 564
1751254533147 0.0005 565
1751254561290 0.0005 566
1751254589467 0.0005 567
1751254617628 0.0005 568
1751254645734 0.0005 569
1751254673832 0.0005 570
1751254701965 0.0005 571
1751254730179 0.0005 572
1751254758329 0.0005 573
1751254786437 0.0005 574
1751254814562 0.0005 575
1751254842699 0.0005 576
1751254870799 0.0005 577
1751254898953 0.0005 578
1751254927132 0.0005 579
1751254955291 0.0005 580
1751254983479 0.0005 581
1751255011712 0.0005 582
1751255039865 0.0005 583
1751255067995 0.0005 584
1751255096088 0.0005 585
1751255124233 0.0005 586
1751255152375 0.0005 587
1751255180531 0.0005 588
1751255208723 0.0005 589
1751255236870 0.0005 590
1751255265012 0.0005 591
1751255293094 0.0005 592
1751255321228 0.0005 593
1751255349367 0.0005 594
1751255377497 0.0005 595
1751255405691 0.0005 596
1751255433813 0.0005 597
1751255462020 0.0005 598
1751255490158 0.0005 599
1751257115782 0.0005 600
1751257143623 0.0005 601
1751257171552 0.0005 602
1751257199430 0.0005 603
1751257227327 0.0005 604
1751257255247 0.0005 605
1751257283123 0.0005 606
1751257310983 0.0005 607
1751257338924 0.0005 608
1751257366944 0.0005 609
1751257394857 0.0005 610
1751257422760 0.0005 611
1751257450661 0.0005 612
1751257478534 0.0005 613
1751257506455 0.0005 614
1751257534397 0.0005 615
1751257562371 0.0005 616
1751257590232 0.0005 617
1751257618158 0.0005 618
1751257646034 0.0005 619
1751257673938 0.0005 620
1751257701867 0.0005 621
1751257729742 0.0005 622
1751257757667 0.0005 623
1751257785582 0.0005 624
1751257813445 0.0005 625
1751257841334 0.0005 626
1751257869220 0.0005 627
1751257897124 0.0005 628
1751257925021 0.0005 629
1751257952880 0.0005 630
1751257980795 0.0005 631
1751258008637 0.0005 632
1751258036629 0.0005 633
1751258064499 0.0005 634
1751258092462 0.0005 635
1751258120471 0.0005 636
1751258148437 0.0005 637
1751258176323 0.0005 638
1751258204190 0.0005 639
1751259903694 0.00025 640
1751259931618 0.00025 641
1751259959458 0.00025 642
1751259987470 0.00025 643
1751260015363 0.00025 644
1751260043284 0.00025 645
1751260071134 0.00025 646
1751260099012 0.00025 647
1751260126894 0.00025 648
1751260154814 0.00025 649
1751260182733 0.00025 650
1751260210621 0.00025 651
1751260238484 0.00025 652
1751260266373 0.00025 653
1751260294250 0.00025 654
1751260322146 0.00025 655
1751260350020 0.00025 656
1751260377994 0.00025 657
1751260405920 0.00025 658
1751260433759 0.00025 659
1751260461633 0.00025 660
1751260489597 0.00025 661
1751260517533 0.00025 662
1751260545448 0.00025 663
1751260573330 0.00025 664
1751260601240 0.00025 665
1751260629241 0.00025 666
1751260657122 0.00025 667
1751260684977 0.00025 668
1751260712920 0.00025 669
1751260740831 0.00025 670
1751260768748 0.00025 671
1751260796612 0.00025 672
1751260824467 0.00025 673
1751260852373 0.00025 674
1751260880211 0.00025 675
1751260908042 0.00025 676
1751260935921 0.00025 677
1751260963812 0.00025 678
1751260991733 0.00025 679
1751262632336 0.00025 680
1751262660228 0.00025 681
1751262688118 0.00025 682
1751262715988 0.00025 683
1751262743892 0.00025 684
1751262771720 0.00025 685
1751262799670 0.00025 686
1751262827578 0.00025 687
1751262855436 0.00025 688
1751262883302 0.00025 689
1751262911174 0.00025 690
1751262939088 0.00025 691
1751262967036 0.00025 692
1751262994956 0.00025 693
1751263022862 0.00025 694
1751263050700 0.00025 695
1751263078586 0.00025 696
1751263106479 0.00025 697
1751263134406 0.00025 698
1751263162302 0.00025 699
1751263190234 0.00025 700
1751263218126 0.00025 701
1751263245992 0.00025 702
1751263273898 0.00025 703
1751263301766 0.00025 704
1751263329676 0.00025 705
1751263357517 0.00025 706
1751263385413 0.00025 707
1751263413373 0.00025 708
1751263441240 0.00025 709
1751263469195 0.00025 710
1751263497536 0.00025 711
1751263525474 0.00025 712
1751263553457 0.00025 713
1751263581329 0.00025 714
1751263609187 0.00025 715
1751263637079 0.00025 716
1751263664955 0.00025 717
1751263692867 0.00025 718
1751263720698 0.00025 719
1751265406174 0.00025 720
1751265434459 0.00025 721
1751265462753 0.00025 722
1751265491066 0.00025 723
1751265519343 0.00025 724
1751265547270 0.00025 725
1751265575525 0.00025 726
1751265603459 0.00025 727
1751265631711 0.00025 728
1751265660010 0.00025 729
1751265687963 0.00025 730
1751265716277 0.00025 731
1751265744566 0.00025 732
1751265772518 0.00025 733
1751265800385 0.00025 734
1751265828255 0.00025 735
1751265856519 0.00025 736
1751265884827 0.00025 737
1751265913121 0.00025 738
1751265941034 0.00025 739
1751265969402 0.00025 740
1751265997347 0.00025 741
1751266025598 0.00025 742
1751266053877 0.00025 743
1751266082159 0.00025 744
1751266110463 0.00025 745
1751266138385 0.00025 746
1751266166645 0.00025 747
1751266194521 0.00025 748
1751266222736 0.00025 749
1751266251116 0.00025 750
1751266279367 0.00025 751
1751266307653 0.00025 752
1751266335939 0.00025 753
1751266364203 0.00025 754
1751266392025 0.00025 755
1751266420280 0.00025 756
1751266448510 0.00025 757
1751266476785 0.00025 758
1751266505188 0.00025 759
1751268221509 0.00025 760
1751268249861 0.00025 761
1751268278100 0.00025 762
1751268306346 0.00025 763
1751268334641 0.00025 764
1751268362884 0.00025 765
1751268391239 0.00025 766
1751268419516 0.00025 767
1751268447731 0.00025 768
1751268475979 0.00025 769
1751268504243 0.00025 770
1751268532461 0.00025 771
1751268560753 0.00025 772
1751268588980 0.00025 773
1751268617292 0.00025 774
1751268645601 0.00025 775
1751268673898 0.00025 776
1751268702152 0.00025 777
1751268730413 0.00025 778
1751268758735 0.00025 779
1751268786985 0.00025 780
1751268815303 0.00025 781
1751268843612 0.00025 782
1751268871862 0.00025 783
1751268900101 0.00025 784
1751268928388 0.00025 785
1751268956658 0.00025 786
1751268984918 0.00025 787
1751269013155 0.00025 788
1751269041451 0.00025 789
1751269069755 0.00025 790
1751269098015 0.00025 791
1751269126287 0.00025 792
1751269154506 0.00025 793
1751269182772 0.00025 794
1751269211081 0.00025 795
1751269239315 0.00025 796
1751269267528 0.00025 797
1751269295771 0.00025 798
1751269324023 0.00025 799
1751271049815 0.00025 800
1751271078071 0.00025 801
1751271106309 0.00025 802
1751271134610 0.00025 803
1751271163179 0.00025 804
1751271191183 0.00025 805
1751271219188 0.00025 806
1751271247189 0.00025 807
1751271275213 0.00025 808
1751271303216 0.00025 809
1751271331234 0.00025 810
1751271359226 0.00025 811
1751271387249 0.00025 812
1751271415290 0.00025 813
1751271443372 0.00025 814
1751271471440 0.00025 815
1751271499437 0.00025 816
1751271527425 0.00025 817
1751271555460 0.00025 818
1751271583507 0.00025 819
1751271611626 0.00025 820
1751271639710 0.00025 821
1751271667717 0.00025 822
1751271695728 0.00025 823
1751271723771 0.00025 824
1751271751782 0.00025 825
1751271779855 0.00025 826
1751271807830 0.00025 827
1751271835789 0.00025 828
1751271863782 0.00025 829
1751271891757 0.00025 830
1751271919774 0.00025 831
1751271947766 0.00025 832
1751271975787 0.00025 833
1751272003882 0.00025 834
1751272031922 0.00025 835
1751272059927 0.00025 836
1751272087949 0.00025 837
1751272115938 0.00025 838
1751272143926 0.00025 839
1751273846059 0.00025 840
1751273874056 0.00025 841
1751273902010 0.00025 842
1751273930007 0.00025 843
1751273957975 0.00025 844
1751273985954 0.00025 845
1751274013967 0.00025 846
1751274041956 0.00025 847
1751274070027 0.00025 848
1751274098016 0.00025 849
1751274125955 0.00025 850
1751274153928 0.00025 851
1751274181885 0.00025 852
1751274209907 0.00025 853
1751274237869 0.00025 854
1751274265834 0.00025 855
1751274293856 0.00025 856
1751274321855 0.00025 857
1751274349895 0.00025 858
1751274377864 0.00025 859
1751274405840 0.00025 860
1751274433834 0.00025 861
1751274461772 0.00025 862
1751274489788 0.00025 863
1751274517808 0.00025 864
1751274545806 0.00025 865
1751274573748 0.00025 866
1751274601774 0.00025 867
1751274629790 0.00025 868
1751274657737 0.00025 869
1751274685725 0.00025 870
1751274713757 0.00025 871
1751274741797 0.00025 872
1751274769811 0.00025 873
1751274797800 0.00025 874
1751274825806 0.00025 875
1751274853800 0.00025 876
1751274881723 0.00025 877
1751274909742 0.00025 878
1751274937734 0.00025 879
1751276685416 0.000125 880
1751276713396 0.000125 881
1751276741398 0.000125 882
1751276769415 0.000125 883
1751276797362 0.000125 884
1751276825357 0.000125 885
1751276853317 0.000125 886
1751276881263 0.000125 887
1751276909203 0.000125 888
1751276937204 0.000125 889
1751276965231 0.000125 890
1751276993223 0.000125 891
1751277021182 0.000125 892
1751277049224 0.000125 893
1751277077173 0.000125 894
1751277105188 0.000125 895
1751277133138 0.000125 896
1751277161078 0.000125 897
1751277189069 0.000125 898
1751277217056 0.000125 899
1751277245062 0.000125 900
1751277273037 0.000125 901
1751277300982 0.000125 902
1751277328988 0.000125 903
1751277356932 0.000125 904
1751277384926 0.000125 905
1751277412872 0.000125 906
1751277440849 0.000125 907
1751277468854 0.000125 908
1751277496855 0.000125 909
1751277524885 0.000125 910
1751277552846 0.000125 911
1751277580820 0.000125 912
1751277608800 0.000125 913
1751277636810 0.000125 914
1751277664784 0.000125 915
1751277692744 0.000125 916
1751277720690 0.000125 917
1751277748657 0.000125 918
1751277776735 0.000125 919
1751279485271 0.000125 920
1751279513658 0.000125 921
1751279541591 0.000125 922
1751279569584 0.000125 923
1751279597578 0.000125 924
1751279625514 0.000125 925
1751279653885 0.000125 926
1751279682326 0.000125 927
1751279710289 0.000125 928
1751279738191 0.000125 929
1751279766184 0.000125 930
1751279794218 0.000125 931
1751279822175 0.000125 932
1751279850550 0.000125 933
1751279878538 0.000125 934
1751279906509 0.000125 935
1751279934493 0.000125 936
1751279962422 0.000125 937
1751279990780 0.000125 938
1751280019204 0.000125 939
1751280047201 0.000125 940
1751280075615 0.000125 941
1751280103968 0.000125 942
1751280131935 0.000125 943
1751280159914 0.000125 944
1751280187896 0.000125 945
1751280215917 0.000125 946
1751280244312 0.000125 947
1751280272677 0.000125 948
1751280301069 0.000125 949
1751280329064 0.000125 950
1751280357445 0.000125 951
1751280385815 0.000125 952
1751280414234 0.000125 953
1751280442708 0.000125 954
1751280471098 0.000125 955
1751280499131 0.000125 956
1751280527114 0.000125 957
1751280555099 0.000125 958
1751280583079 0.000125 959
1751282344110 0.000125 960
1751282372424 0.000125 961
1751282400775 0.000125 962
1751282429221 0.000125 963
1751282457590 0.000125 964
1751282485954 0.000125 965
1751282514283 0.000125 966
1751282542673 0.000125 967
1751282571037 0.000125 968
1751282599360 0.000125 969
1751282627732 0.000125 970
1751282656044 0.000125 971
1751282684425 0.000125 972
1751282712780 0.000125 973
1751282741173 0.000125 974
1751282769604 0.000125 975
1751282798031 0.000125 976
1751282826488 0.000125 977
1751282854858 0.000125 978
1751282883232 0.000125 979
1751282911623 0.000125 980
1751282939985 0.000125 981
1751282968350 0.000125 982
1751282996676 0.000125 983
1751283025111 0.000125 984
1751283053503 0.000125 985
1751283081870 0.000125 986
1751283110273 0.000125 987
1751283138597 0.000125 988
1751283167016 0.000125 989
1751283195418 0.000125 990
1751283223831 0.000125 991
1751283252215 0.000125 992
1751283280668 0.000125 993
1751283309024 0.000125 994
1751283337417 0.000125 995
1751283365763 0.000125 996
1751283394091 0.000125 997
1751283422524 0.000125 998
1751283450852 0.000125 999
1751285212744 0.000125 1000
1751285241097 0.000125 1001
1751285269428 0.000125 1002
1751285297811 0.000125 1003
1751285326155 0.000125 1004
1751285354452 0.000125 1005
1751285382810 0.000125 1006
1751285411169 0.000125 1007
1751285439518 0.000125 1008
1751285467863 0.000125 1009
1751285496195 0.000125 1010
1751285524606 0.000125 1011
1751285553026 0.000125 1012
1751285581420 0.000125 1013
1751285609712 0.000125 1014
1751285638049 0.000125 1015
1751285666338 0.000125 1016
1751285694684 0.000125 1017
1751285722974 0.000125 1018
1751285751305 0.000125 1019
1751285779627 0.000125 1020
1751285807923 0.000125 1021
1751285836263 0.000125 1022
1751285864623 0.000125 1023
1751285892938 0.000125 1024
1751285921310 0.000125 1025
1751285949723 0.000125 1026
1751285978052 0.000125 1027
1751286006479 0.000125 1028
1751286034774 0.000125 1029
1751286063075 0.000125 1030
1751286091663 0.000125 1031
1751286119758 0.000125 1032
1751286147866 0.000125 1033
1751286175975 0.000125 1034
1751286204068 0.000125 1035
1751286232109 0.000125 1036
1751286260263 0.000125 1037
1751286288368 0.000125 1038
1751286316500 0.000125 1039
1751288063021 0.000125 1040
1751288091082 0.000125 1041
1751288119103 0.000125 1042
1751288147182 0.000125 1043
1751288175339 0.000125 1044
1751288203424 0.000125 1045
1751288231548 0.000125 1046
1751288259670 0.000125 1047
1751288287758 0.000125 1048
1751288315849 0.000125 1049
1751288343947 0.000125 1050
1751288372048 0.000125 1051
1751288400120 0.000125 1052
1751288428189 0.000125 1053
1751288456334 0.000125 1054
1751288484380 0.000125 1055
1751288512437 0.000125 1056
1751288540487 0.000125 1057
1751288568530 0.000125 1058
1751288596708 0.000125 1059
1751288624807 0.000125 1060
1751288652875 0.000125 1061
1751288681000 0.000125 1062
1751288709101 0.000125 1063
1751288737157 0.000125 1064
1751288765239 0.000125 1065
1751288793284 0.000125 1066
1751288821327 0.000125 1067
1751288849453 0.000125 1068
1751288877520 0.000125 1069
1751288905559 0.000125 1070
1751288933664 0.000125 1071
1751288961746 0.000125 1072
1751288989766 0.000125 1073
1751289017872 0.000125 1074
1751289045975 0.000125 1075
1751289074056 0.000125 1076
1751289102170 0.000125 1077
1751289130260 0.000125 1078
1751289158351 0.000125 1079
1751290910383 0.000125 1080
1751290938443 0.000125 1081
1751290966522 0.000125 1082
1751290994651 0.000125 1083
1751291022689 0.000125 1084
1751291050805 0.000125 1085
1751291078857 0.000125 1086
1751291106944 0.000125 1087
1751291134990 0.000125 1088
1751291163132 0.000125 1089
1751291191228 0.000125 1090
1751291219307 0.000125 1091
1751291247323 0.000125 1092
1751291275418 0.000125 1093
1751291303481 0.000125 1094
1751291331549 0.000125 1095
1751291359598 0.000125 1096
1751291387715 0.000125 1097
1751291415839 0.000125 1098
1751291443900 0.000125 1099
1751291471940 0.000125 1100
1751291499983 0.000125 1101
1751291528027 0.000125 1102
1751291556040 0.000125 1103
1751291584028 0.000125 1104
1751291612035 0.000125 1105
1751291640115 0.000125 1106
1751291668161 0.000125 1107
1751291696210 0.000125 1108
1751291724258 0.000125 1109
1751291752305 0.000125 1110
1751291780368 0.000125 1111
1751291808433 0.000125 1112
1751291836546 0.000125 1113
1751291864637 0.000125 1114
1751291892707 0.000125 1115
1751291920804 0.000125 1116
1751291948861 0.000125 1117
1751291976900 0.000125 1118
1751292004970 0.000125 1119
1751293756862 6.25e-05 1120
1751293784902 6.25e-05 1121
1751293813342 6.25e-05 1122
1751293841431 6.25e-05 1123
1751293869451 6.25e-05 1124
1751293897515 6.25e-05 1125
1751293925580 6.25e-05 1126
1751293953609 6.25e-05 1127
1751293981690 6.25e-05 1128
1751294009727 6.25e-05 1129
1751294037772 6.25e-05 1130
1751294065827 6.25e-05 1131
1751294093836 6.25e-05 1132
1751294121970 6.25e-05 1133
1751294150012 6.25e-05 1134
1751294178052 6.25e-05 1135
1751294206495 6.25e-05 1136
1751294234938 6.25e-05 1137
1751294263011 6.25e-05 1138
1751294291031 6.25e-05 1139
1751294319084 6.25e-05 1140
1751294347224 6.25e-05 1141
1751294375277 6.25e-05 1142
1751294403702 6.25e-05 1143
1751294431773 6.25e-05 1144
1751294459808 6.25e-05 1145
1751294487825 6.25e-05 1146
1751294515907 6.25e-05 1147
1751294544426 6.25e-05 1148
1751294572414 6.25e-05 1149
1751294600467 6.25e-05 1150
1751294628542 6.25e-05 1151
1751294656611 6.25e-05 1152
1751294684700 6.25e-05 1153
1751294712763 6.25e-05 1154
1751294740853 6.25e-05 1155
1751294769325 6.25e-05 1156
1751294797759 6.25e-05 1157
1751294826182 6.25e-05 1158
1751294854597 6.25e-05 1159
1751296616448 6.25e-05 1160
1751296644919 6.25e-05 1161
1751296673377 6.25e-05 1162
1751296701757 6.25e-05 1163
1751296730209 6.25e-05 1164
1751296758645 6.25e-05 1165
1751296787085 6.25e-05 1166
1751296815520 6.25e-05 1167
1751296843909 6.25e-05 1168
1751296872327 6.25e-05 1169
1751296900755 6.25e-05 1170
1751296929163 6.25e-05 1171
1751296957614 6.25e-05 1172
1751296986002 6.25e-05 1173
1751297014400 6.25e-05 1174
1751297042868 6.25e-05 1175
1751297071316 6.25e-05 1176
1751297099759 6.25e-05 1177
1751297128204 6.25e-05 1178
1751297156667 6.25e-05 1179
1751297185157 6.25e-05 1180
1751297213625 6.25e-05 1181
1751297242018 6.25e-05 1182
1751297270456 6.25e-05 1183
1751297298866 6.25e-05 1184
1751297327282 6.25e-05 1185
1751297355695 6.25e-05 1186
1751297384218 6.25e-05 1187
1751297412627 6.25e-05 1188
1751297441085 6.25e-05 1189
1751297469520 6.25e-05 1190
1751297497981 6.25e-05 1191
1751297526347 6.25e-05 1192
1751297554774 6.25e-05 1193
1751297583157 6.25e-05 1194
1751297611608 6.25e-05 1195
1751297640022 6.25e-05 1196
1751297668415 6.25e-05 1197
1751297696757 6.25e-05 1198
1751297725193 6.25e-05 1199
1751299480845 6.25e-05 1200
1751299509293 6.25e-05 1201
1751299537711 6.25e-05 1202
1751299566123 6.25e-05 1203
1751299594550 6.25e-05 1204
1751299622980 6.25e-05 1205
1751299651409 6.25e-05 1206
1751299679835 6.25e-05 1207
1751299708244 6.25e-05 1208
1751299736668 6.25e-05 1209
1751299765045 6.25e-05 1210
1751299793429 6.25e-05 1211
1751299821876 6.25e-05 1212
1751299850306 6.25e-05 1213
1751299878725 6.25e-05 1214
1751299907133 6.25e-05 1215
1751299935698 6.25e-05 1216
1751299964136 6.25e-05 1217
1751299992547 6.25e-05 1218
1751300020935 6.25e-05 1219
1751300049410 6.25e-05 1220
1751300077758 6.25e-05 1221
1751300106205 6.25e-05 1222
1751300134655 6.25e-05 1223
1751300163099 6.25e-05 1224
1751300191468 6.25e-05 1225
1751300219906 6.25e-05 1226
1751300248290 6.25e-05 1227
1751300276718 6.25e-05 1228
1751300305105 6.25e-05 1229
1751300333479 6.25e-05 1230
1751300361879 6.25e-05 1231
1751300390263 6.25e-05 1232
1751300418654 6.25e-05 1233
1751300447067 6.25e-05 1234
1751300475426 6.25e-05 1235
1751300503892 6.25e-05 1236
1751300532362 6.25e-05 1237
1751300560791 6.25e-05 1238
1751300589267 6.25e-05 1239
1751302320562 6.25e-05 1240
1751302348674 6.25e-05 1241
1751302376800 6.25e-05 1242
1751302404871 6.25e-05 1243
1751302433011 6.25e-05 1244
1751302461188 6.25e-05 1245
1751302489290 6.25e-05 1246
1751302517479 6.25e-05 1247
1751302545541 6.25e-05 1248
1751302573632 6.25e-05 1249
1751302601730 6.25e-05 1250
1751302629863 6.25e-05 1251
1751302657992 6.25e-05 1252
1751302686102 6.25e-05 1253
1751302714226 6.25e-05 1254
1751302742321 6.25e-05 1255
1751302770407 6.25e-05 1256
1751302798512 6.25e-05 1257
1751302826631 6.25e-05 1258
1751302854769 6.25e-05 1259
1751302882876 6.25e-05 1260
1751302911024 6.25e-05 1261
1751302939169 6.25e-05 1262
1751302967281 6.25e-05 1263
1751302995401 6.25e-05 1264
1751303023582 6.25e-05 1265
1751303051662 6.25e-05 1266
1751303079786 6.25e-05 1267
1751303107940 6.25e-05 1268
1751303136202 6.25e-05 1269
1751303164315 6.25e-05 1270
1751303192450 6.25e-05 1271
1751303220581 6.25e-05 1272
1751303248705 6.25e-05 1273
1751303276884 6.25e-05 1274
1751303305127 6.25e-05 1275
1751303333315 6.25e-05 1276
1751303361420 6.25e-05 1277
1751303389495 6.25e-05 1278
1751303417592 6.25e-05 1279
1751305174494 6.25e-05 1280
1751305202596 6.25e-05 1281
1751305230723 6.25e-05 1282
1751305258860 6.25e-05 1283
1751305286939 6.25e-05 1284
1751305315060 6.25e-05 1285
1751305343168 6.25e-05 1286
1751305371354 6.25e-05 1287
1751305399470 6.25e-05 1288
1751305427562 6.25e-05 1289
1751305455660 6.25e-05 1290
1751305483798 6.25e-05 1291
1751305511861 6.25e-05 1292
1751305540060 6.25e-05 1293
1751305568194 6.25e-05 1294
1751305596320 6.25e-05 1295
1751305624472 6.25e-05 1296
1751305652575 6.25e-05 1297
1751305680747 6.25e-05 1298
1751305708902 6.25e-05 1299
1751305737034 6.25e-05 1300
1751305765176 6.25e-05 1301
1751305793284 6.25e-05 1302
1751305821392 6.25e-05 1303
1751305849499 6.25e-05 1304
1751305877615 6.25e-05 1305
1751305905670 6.25e-05 1306
1751305933798 6.25e-05 1307
1751305961867 6.25e-05 1308
1751305990018 6.25e-05 1309
1751306018138 6.25e-05 1310
1751306046278 6.25e-05 1311
1751306074390 6.25e-05 1312
1751306102498 6.25e-05 1313
1751306130616 6.25e-05 1314
1751306158732 6.25e-05 1315
1751306186846 6.25e-05 1316
1751306214984 6.25e-05 1317
1751306243065 6.25e-05 1318
1751306271245 6.25e-05 1319
1751308025971 6.25e-05 1320
1751308054123 6.25e-05 1321
1751308082238 6.25e-05 1322
1751308110322 6.25e-05 1323
1751308138462 6.25e-05 1324
1751308166596 6.25e-05 1325
1751308194734 6.25e-05 1326
1751308222831 6.25e-05 1327
1751308250990 6.25e-05 1328
1751308279076 6.25e-05 1329
1751308307190 6.25e-05 1330
1751308335346 6.25e-05 1331
1751308363458 6.25e-05 1332
1751308391590 6.25e-05 1333
1751308419662 6.25e-05 1334
1751308447803 6.25e-05 1335
1751308475947 6.25e-05 1336
1751308504460 6.25e-05 1337
1751308532531 6.25e-05 1338
1751308560609 6.25e-05 1339
1751308588769 6.25e-05 1340
1751308616955 6.25e-05 1341
1751308645150 6.25e-05 1342
1751308673681 6.25e-05 1343
1751308701833 6.25e-05 1344
1751308729963 6.25e-05 1345
1751308758042 6.25e-05 1346
1751308786140 6.25e-05 1347
1751308814262 6.25e-05 1348
1751308842382 6.25e-05 1349
1751308870435 6.25e-05 1350
1751308898955 6.25e-05 1351
1751308927051 6.25e-05 1352
1751308955148 6.25e-05 1353
1751308983278 6.25e-05 1354
1751309011374 6.25e-05 1355
1751309039539 6.25e-05 1356
1751309067670 6.25e-05 1357
1751309095794 6.25e-05 1358
1751309124321 6.25e-05 1359
1751310887857 3.125e-05 1360
1751310915962 3.125e-05 1361
1751310944422 3.125e-05 1362
1751310972555 3.125e-05 1363
1751311001040 3.125e-05 1364
1751311029519 3.125e-05 1365
1751311057990 3.125e-05 1366
1751311086421 3.125e-05 1367
1751311114974 3.125e-05 1368
1751311143409 3.125e-05 1369
1751311171846 3.125e-05 1370
1751311200321 3.125e-05 1371
1751311228823 3.125e-05 1372
1751311257293 3.125e-05 1373
1751311285762 3.125e-05 1374
1751311314257 3.125e-05 1375
1751311342700 3.125e-05 1376
1751311371241 3.125e-05 1377
1751311399766 3.125e-05 1378
1751311428330 3.125e-05 1379
1751311456851 3.125e-05 1380
1751311485373 3.125e-05 1381
1751311513853 3.125e-05 1382
1751311542382 3.125e-05 1383
1751311570822 3.125e-05 1384
1751311599297 3.125e-05 1385
1751311627816 3.125e-05 1386
1751311656283 3.125e-05 1387
1751311684714 3.125e-05 1388
1751311713219 3.125e-05 1389
1751311741684 3.125e-05 1390
1751311770158 3.125e-05 1391
1751311798618 3.125e-05 1392
1751311827072 3.125e-05 1393
1751311855533 3.125e-05 1394
1751311883996 3.125e-05 1395
1751311912447 3.125e-05 1396
1751311940921 3.125e-05 1397
1751311969359 3.125e-05 1398
1751311997853 3.125e-05 1399
1751313746738 3.125e-05 1400
1751313775132 3.125e-05 1401
1751313803660 3.125e-05 1402
1751313832059 3.125e-05 1403
1751313860479 3.125e-05 1404
1751313888922 3.125e-05 1405
1751313917351 3.125e-05 1406
1751313945821 3.125e-05 1407
1751313974294 3.125e-05 1408
1751314002806 3.125e-05 1409
1751314031225 3.125e-05 1410
1751314059644 3.125e-05 1411
1751314088024 3.125e-05 1412
1751314116432 3.125e-05 1413
1751314144910 3.125e-05 1414
1751314173347 3.125e-05 1415
1751314201743 3.125e-05 1416
1751314230150 3.125e-05 1417
1751314258545 3.125e-05 1418
1751314286928 3.125e-05 1419
1751314315303 3.125e-05 1420
1751314343772 3.125e-05 1421
1751314372168 3.125e-05 1422
1751314400627 3.125e-05 1423
1751314429113 3.125e-05 1424
1751314457532 3.125e-05 1425
1751314485988 3.125e-05 1426
1751314514491 3.125e-05 1427
1751314542934 3.125e-05 1428
1751314571406 3.125e-05 1429
1751314599897 3.125e-05 1430
1751314628398 3.125e-05 1431
1751314656820 3.125e-05 1432
1751314685211 3.125e-05 1433
1751314713661 3.125e-05 1434
1751314742133 3.125e-05 1435
1751314770583 3.125e-05 1436
1751314798954 3.125e-05 1437
1751314827378 3.125e-05 1438
1751314855789 3.125e-05 1439
1751316575178 3.125e-05 1440
1751316603334 3.125e-05 1441
1751316631555 3.125e-05 1442
1751316659747 3.125e-05 1443
1751316687918 3.125e-05 1444
1751316716044 3.125e-05 1445
1751316744246 3.125e-05 1446
1751316772401 3.125e-05 1447
1751316800577 3.125e-05 1448
1751316828765 3.125e-05 1449
1751316856916 3.125e-05 1450
1751316885108 3.125e-05 1451
1751316913282 3.125e-05 1452
1751316941452 3.125e-05 1453
1751316969667 3.125e-05 1454
1751316997818 3.125e-05 1455
1751317026037 3.125e-05 1456
1751317054236 3.125e-05 1457
1751317082425 3.125e-05 1458
1751317110660 3.125e-05 1459
1751317138807 3.125e-05 1460
1751317167040 3.125e-05 1461
1751317195186 3.125e-05 1462
1751317223394 3.125e-05 1463
1751317251595 3.125e-05 1464
1751317279747 3.125e-05 1465
1751317307940 3.125e-05 1466
1751317336115 3.125e-05 1467
1751317364271 3.125e-05 1468
1751317392425 3.125e-05 1469
1751317420614 3.125e-05 1470
1751317448779 3.125e-05 1471
1751317476959 3.125e-05 1472
1751317505080 3.125e-05 1473
1751317533225 3.125e-05 1474
1751317561399 3.125e-05 1475
1751317589606 3.125e-05 1476
1751317617768 3.125e-05 1477
1751317645949 3.125e-05 1478
1751317674179 3.125e-05 1479
1751319435125 3.125e-05 1480
1751319463239 3.125e-05 1481
1751319491372 3.125e-05 1482
1751319519493 3.125e-05 1483
1751319547667 3.125e-05 1484
1751319575859 3.125e-05 1485
1751319603977 3.125e-05 1486
1751319632101 3.125e-05 1487
1751319660288 3.125e-05 1488
1751319688518 3.125e-05 1489
1751319716716 3.125e-05 1490
1751319744881 3.125e-05 1491
1751319773066 3.125e-05 1492
1751319801299 3.125e-05 1493
1751319829544 3.125e-05 1494
1751319857736 3.125e-05 1495
1751319885927 3.125e-05 1496
1751319914065 3.125e-05 1497
1751319942191 3.125e-05 1498
1751319970366 3.125e-05 1499
1751319998546 3.125e-05 1500
1751320026726 3.125e-05 1501
1751320054943 3.125e-05 1502
1751320083125 3.125e-05 1503
1751320111314 3.125e-05 1504
1751320139453 3.125e-05 1505
1751320167584 3.125e-05 1506
1751320195776 3.125e-05 1507
1751320224002 3.125e-05 1508
1751320252188 3.125e-05 1509
1751320280342 3.125e-05 1510
1751320308544 3.125e-05 1511
1751320336722 3.125e-05 1512
1751320364919 3.125e-05 1513
1751320393090 3.125e-05 1514
1751320421254 3.125e-05 1515
1751320449435 3.125e-05 1516
1751320477588 3.125e-05 1517
1751320505778 3.125e-05 1518
1751320533955 3.125e-05 1519
1751322272404 3.125e-05 1520
1751322300560 3.125e-05 1521
1751322328707 3.125e-05 1522
1751322356856 3.125e-05 1523
1751322385020 3.125e-05 1524
1751322413180 3.125e-05 1525
1751322441348 3.125e-05 1526
1751322469527 3.125e-05 1527
1751322497665 3.125e-05 1528
1751322525816 3.125e-05 1529
1751322553983 3.125e-05 1530
1751322582147 3.125e-05 1531
1751322610333 3.125e-05 1532
1751322638528 3.125e-05 1533
1751322666638 3.125e-05 1534
1751322694780 3.125e-05 1535
1751322722938 3.125e-05 1536
1751322751117 3.125e-05 1537
1751322779255 3.125e-05 1538
1751322807390 3.125e-05 1539
1751322835541 3.125e-05 1540
1751322863736 3.125e-05 1541
1751322891909 3.125e-05 1542
1751322920093 3.125e-05 1543
1751322948249 3.125e-05 1544
1751322976419 3.125e-05 1545
1751323004535 3.125e-05 1546
1751323032712 3.125e-05 1547
1751323060907 3.125e-05 1548
1751323089108 3.125e-05 1549
1751323117249 3.125e-05 1550
1751323145378 3.125e-05 1551
1751323173994 3.125e-05 1552
1751323202155 3.125e-05 1553
1751323230258 3.125e-05 1554
1751323258446 3.125e-05 1555
1751323286596 3.125e-05 1556
1751323315117 3.125e-05 1557
1751323343659 3.125e-05 1558
1751323371903 3.125e-05 1559
1751325135454 3.125e-05 1560
1751325163662 3.125e-05 1561
1751325191738 3.125e-05 1562
1751325220277 3.125e-05 1563
1751325248794 3.125e-05 1564
1751325277340 3.125e-05 1565
1751325305878 3.125e-05 1566
1751325334002 3.125e-05 1567
1751325362549 3.125e-05 1568
1751325390729 3.125e-05 1569
1751325418821 3.125e-05 1570
1751325447428 3.125e-05 1571
1751325475633 3.125e-05 1572
1751325504213 3.125e-05 1573
1751325532770 3.125e-05 1574
1751325561362 3.125e-05 1575
1751325589570 3.125e-05 1576
1751325618081 3.125e-05 1577
1751325646184 3.125e-05 1578
1751325674695 3.125e-05 1579
1751325703292 3.125e-05 1580
1751325731439 3.125e-05 1581
1751325759571 3.125e-05 1582
1751325787690 3.125e-05 1583
1751325816222 3.125e-05 1584
1751325844730 3.125e-05 1585
1751325873307 3.125e-05 1586
1751325901811 3.125e-05 1587
1751325930309 3.125e-05 1588
1751325958848 3.125e-05 1589
1751325987393 3.125e-05 1590
1751326015543 3.125e-05 1591
1751326043694 3.125e-05 1592
1751326072220 3.125e-05 1593
1751326100763 3.125e-05 1594
1751326129296 3.125e-05 1595
1751326157882 3.125e-05 1596
1751326186451 3.125e-05 1597
1751326215018 3.125e-05 1598
1751326243110 3.125e-05 1599
1751328026991 1.5625e-05 1600
1751328055569 1.5625e-05 1601
1751328084091 1.5625e-05 1602
1751328112658 1.5625e-05 1603
1751328141276 1.5625e-05 1604
1751328169765 1.5625e-05 1605
1751328198190 1.5625e-05 1606
1751328226682 1.5625e-05 1607
1751328255229 1.5625e-05 1608
1751328283706 1.5625e-05 1609
1751328312204 1.5625e-05 1610
1751328340673 1.5625e-05 1611
1751328369106 1.5625e-05 1612
1751328397582 1.5625e-05 1613
1751328426100 1.5625e-05 1614
1751328454572 1.5625e-05 1615
1751328483023 1.5625e-05 1616
1751328511601 1.5625e-05 1617
1751328540116 1.5625e-05 1618
1751328568608 1.5625e-05 1619
1751328597150 1.5625e-05 1620
1751328625753 1.5625e-05 1621
1751328654298 1.5625e-05 1622
1751328682823 1.5625e-05 1623
1751328711339 1.5625e-05 1624
1751328739807 1.5625e-05 1625
1751328768368 1.5625e-05 1626
1751328796870 1.5625e-05 1627
1751328825349 1.5625e-05 1628
1751328853897 1.5625e-05 1629
1751328882456 1.5625e-05 1630
1751328910970 1.5625e-05 1631
1751328939485 1.5625e-05 1632
1751328968056 1.5625e-05 1633
1751328996540 1.5625e-05 1634
1751329025008 1.5625e-05 1635
1751329053463 1.5625e-05 1636
1751329082071 1.5625e-05 1637
1751329110657 1.5625e-05 1638
1751329139232 1.5625e-05 1639
1751330890259 1.5625e-05 1640
1751330918545 1.5625e-05 1641
1751330946821 1.5625e-05 1642
1751330975057 1.5625e-05 1643
1751331003318 1.5625e-05 1644
1751331031610 1.5625e-05 1645
1751331059898 1.5625e-05 1646
1751331088090 1.5625e-05 1647
1751331116365 1.5625e-05 1648
1751331144650 1.5625e-05 1649
1751331172905 1.5625e-05 1650
1751331201163 1.5625e-05 1651
1751331229423 1.5625e-05 1652
1751331257673 1.5625e-05 1653
1751331285908 1.5625e-05 1654
1751331314170 1.5625e-05 1655
1751331342360 1.5625e-05 1656
1751331370616 1.5625e-05 1657
1751331398840 1.5625e-05 1658
1751331427147 1.5625e-05 1659
1751331455362 1.5625e-05 1660
1751331483559 1.5625e-05 1661
1751331511838 1.5625e-05 1662
1751331540153 1.5625e-05 1663
1751331568449 1.5625e-05 1664
1751331596716 1.5625e-05 1665
1751331624983 1.5625e-05 1666
1751331653203 1.5625e-05 1667
1751331681508 1.5625e-05 1668
1751331709737 1.5625e-05 1669
1751331738002 1.5625e-05 1670
1751331766230 1.5625e-05 1671
1751331794456 1.5625e-05 1672
1751331822687 1.5625e-05 1673
1751331850904 1.5625e-05 1674
1751331879180 1.5625e-05 1675
1751331907460 1.5625e-05 1676
1751331935648 1.5625e-05 1677
1751331964001 1.5625e-05 1678
1751331992368 1.5625e-05 1679
1751333752511 1.5625e-05 1680
1751333780765 1.5625e-05 1681
1751333809020 1.5625e-05 1682
1751333837265 1.5625e-05 1683
1751333865512 1.5625e-05 1684
1751333893709 1.5625e-05 1685
1751333921980 1.5625e-05 1686
1751333950186 1.5625e-05 1687
1751333978389 1.5625e-05 1688
1751334006642 1.5625e-05 1689
1751334034877 1.5625e-05 1690
1751334063092 1.5625e-05 1691
1751334091352 1.5625e-05 1692
1751334119562 1.5625e-05 1693
1751334147821 1.5625e-05 1694
1751334176051 1.5625e-05 1695
1751334204281 1.5625e-05 1696
1751334232491 1.5625e-05 1697
1751334260744 1.5625e-05 1698
1751334288920 1.5625e-05 1699
1751334317179 1.5625e-05 1700
1751334345490 1.5625e-05 1701
1751334373766 1.5625e-05 1702
1751334402019 1.5625e-05 1703
1751334430221 1.5625e-05 1704
1751334458462 1.5625e-05 1705
1751334486603 1.5625e-05 1706
1751334514773 1.5625e-05 1707
1751334542986 1.5625e-05 1708
1751334571225 1.5625e-05 1709
1751334599455 1.5625e-05 1710
1751334627703 1.5625e-05 1711
1751334655902 1.5625e-05 1712
1751334684132 1.5625e-05 1713
1751334712447 1.5625e-05 1714
1751334740667 1.5625e-05 1715
1751334768858 1.5625e-05 1716
1751334797093 1.5625e-05 1717
1751334825377 1.5625e-05 1718
1751334853561 1.5625e-05 1719
1751336617305 1.5625e-05 1720
1751336645543 1.5625e-05 1721
1751336673786 1.5625e-05 1722
1751336702021 1.5625e-05 1723
1751336730278 1.5625e-05 1724
1751336758496 1.5625e-05 1725
1751336786684 1.5625e-05 1726
1751336814939 1.5625e-05 1727
1751336843127 1.5625e-05 1728
1751336871356 1.5625e-05 1729
1751336899558 1.5625e-05 1730
1751336927780 1.5625e-05 1731
1751336955960 1.5625e-05 1732
1751336984184 1.5625e-05 1733
1751337012370 1.5625e-05 1734
1751337040570 1.5625e-05 1735
1751337068841 1.5625e-05 1736
1751337097083 1.5625e-05 1737
1751337125330 1.5625e-05 1738
1751337153593 1.5625e-05 1739
1751337181758 1.5625e-05 1740
1751337210008 1.5625e-05 1741
1751337238247 1.5625e-05 1742
1751337266480 1.5625e-05 1743
1751337294727 1.5625e-05 1744
1751337322959 1.5625e-05 1745
1751337351140 1.5625e-05 1746
1751337379349 1.5625e-05 1747
1751337407602 1.5625e-05 1748
1751337435843 1.5625e-05 1749
1751337464019 1.5625e-05 1750
1751337492249 1.5625e-05 1751
1751337520463 1.5625e-05 1752
1751337548662 1.5625e-05 1753
1751337576851 1.5625e-05 1754
1751337605039 1.5625e-05 1755
1751337633294 1.5625e-05 1756
1751337661513 1.5625e-05 1757
1751337689703 1.5625e-05 1758
1751337717953 1.5625e-05 1759
1751339444077 1.5625e-05 1760
1751339472276 1.5625e-05 1761
1751339500832 1.5625e-05 1762
1751339529005 1.5625e-05 1763
1751339557583 1.5625e-05 1764
1751339585819 1.5625e-05 1765
1751339613996 1.5625e-05 1766
1751339642170 1.5625e-05 1767
1751339670389 1.5625e-05 1768
1751339699051 1.5625e-05 1769
1751339727629 1.5625e-05 1770
1751339755816 1.5625e-05 1771
1751339784387 1.5625e-05 1772
1751339812585 1.5625e-05 1773
1751339840741 1.5625e-05 1774
1751339868930 1.5625e-05 1775
1751339897125 1.5625e-05 1776
1751339925705 1.5625e-05 1777
1751339954331 1.5625e-05 1778
1751339982952 1.5625e-05 1779
1751340011531 1.5625e-05 1780
1751340040108 1.5625e-05 1781
1751340068708 1.5625e-05 1782
1751340097322 1.5625e-05 1783
1751340125944 1.5625e-05 1784
1751340154605 1.5625e-05 1785
1751340182861 1.5625e-05 1786
1751340211140 1.5625e-05 1787
1751340239272 1.5625e-05 1788
1751340267433 1.5625e-05 1789
1751340295628 1.5625e-05 1790
1751340324279 1.5625e-05 1791
1751340352490 1.5625e-05 1792
1751340381110 1.5625e-05 1793
1751340409754 1.5625e-05 1794
1751340438328 1.5625e-05 1795
1751340466917 1.5625e-05 1796
1751340495526 1.5625e-05 1797
1751340523698 1.5625e-05 1798
1751340552299 1.5625e-05 1799
1751342289339 1.5625e-05 1800
1751342317892 1.5625e-05 1801
1751342346468 1.5625e-05 1802
1751342375055 1.5625e-05 1803
1751342403686 1.5625e-05 1804
1751342432340 1.5625e-05 1805
1751342460947 1.5625e-05 1806
1751342489575 1.5625e-05 1807
1751342518198 1.5625e-05 1808
1751342546767 1.5625e-05 1809
1751342575366 1.5625e-05 1810
1751342603968 1.5625e-05 1811
1751342632540 1.5625e-05 1812
1751342661070 1.5625e-05 1813
1751342689673 1.5625e-05 1814
1751342718270 1.5625e-05 1815
1751342746876 1.5625e-05 1816
1751342775447 1.5625e-05 1817
1751342804042 1.5625e-05 1818
1751342832543 1.5625e-05 1819
1751342861101 1.5625e-05 1820
1751342889713 1.5625e-05 1821
1751342918330 1.5625e-05 1822
1751342946907 1.5625e-05 1823
1751342975470 1.5625e-05 1824
1751343004036 1.5625e-05 1825
1751343032618 1.5625e-05 1826
1751343061161 1.5625e-05 1827
1751343089740 1.5625e-05 1828
1751343118369 1.5625e-05 1829
1751343146915 1.5625e-05 1830
1751343175418 1.5625e-05 1831
1751343204005 1.5625e-05 1832
1751343232589 1.5625e-05 1833
1751343261128 1.5625e-05 1834
1751343289641 1.5625e-05 1835
1751343318159 1.5625e-05 1836
1751343346727 1.5625e-05 1837
1751343375313 1.5625e-05 1838
1751343403816 1.5625e-05 1839
1751345160805 7.8125e-06 1840
1751345189346 7.8125e-06 1841
1751345217912 7.8125e-06 1842
1751345246492 7.8125e-06 1843
1751345275080 7.8125e-06 1844
1751345303714 7.8125e-06 1845
1751345332343 7.8125e-06 1846
1751345360922 7.8125e-06 1847
1751345389520 7.8125e-06 1848
1751345418132 7.8125e-06 1849
1751345446681 7.8125e-06 1850
1751345475283 7.8125e-06 1851
1751345503878 7.8125e-06 1852
1751345532450 7.8125e-06 1853
1751345561012 7.8125e-06 1854
1751345589915 7.8125e-06 1855
1751345618271 7.8125e-06 1856
1751345646642 7.8125e-06 1857
1751345674974 7.8125e-06 1858
1751345703296 7.8125e-06 1859
1751345731604 7.8125e-06 1860
1751345759905 7.8125e-06 1861
1751345788173 7.8125e-06 1862
1751345816527 7.8125e-06 1863
1751345844863 7.8125e-06 1864
1751345873146 7.8125e-06 1865
1751345901410 7.8125e-06 1866
1751345929714 7.8125e-06 1867
1751345958021 7.8125e-06 1868
1751345986353 7.8125e-06 1869
1751346014618 7.8125e-06 1870
1751346042900 7.8125e-06 1871
1751346071190 7.8125e-06 1872
1751346099515 7.8125e-06 1873
1751346127910 7.8125e-06 1874
1751346156300 7.8125e-06 1875
1751346184628 7.8125e-06 1876
1751346212994 7.8125e-06 1877
1751346241323 7.8125e-06 1878
1751346269638 7.8125e-06 1879
1751348029783 7.8125e-06 1880
1751348058095 7.8125e-06 1881
1751348086412 7.8125e-06 1882
1751348114739 7.8125e-06 1883
1751348143017 7.8125e-06 1884
1751348171310 7.8125e-06 1885
1751348199606 7.8125e-06 1886
1751348227879 7.8125e-06 1887
1751348256176 7.8125e-06 1888
1751348284482 7.8125e-06 1889
1751348312748 7.8125e-06 1890
1751348341115 7.8125e-06 1891
1751348369405 7.8125e-06 1892
1751348397674 7.8125e-06 1893
1751348425906 7.8125e-06 1894
1751348454174 7.8125e-06 1895
1751348482462 7.8125e-06 1896
1751348510737 7.8125e-06 1897
1751348539023 7.8125e-06 1898
1751348567249 7.8125e-06 1899
1751348595566 7.8125e-06 1900
1751348623841 7.8125e-06 1901
1751348652090 7.8125e-06 1902
1751348680423 7.8125e-06 1903
1751348708733 7.8125e-06 1904
1751348737064 7.8125e-06 1905
1751348765372 7.8125e-06 1906
1751348793623 7.8125e-06 1907
1751348821874 7.8125e-06 1908
1751348850174 7.8125e-06 1909
1751348878506 7.8125e-06 1910
1751348906804 7.8125e-06 1911
1751348935084 7.8125e-06 1912
1751348963438 7.8125e-06 1913
1751348991719 7.8125e-06 1914
1751349019975 7.8125e-06 1915
1751349048233 7.8125e-06 1916
1751349076529 7.8125e-06 1917
1751349104881 7.8125e-06 1918
1751349133212 7.8125e-06 1919
1751350880318 7.8125e-06 1920
1751350908608 7.8125e-06 1921
1751350936881 7.8125e-06 1922
1751350965232 7.8125e-06 1923
1751350993536 7.8125e-06 1924
1751351021836 7.8125e-06 1925
1751351050083 7.8125e-06 1926
1751351078321 7.8125e-06 1927
1751351106575 7.8125e-06 1928
1751351134818 7.8125e-06 1929
1751351163116 7.8125e-06 1930
1751351191444 7.8125e-06 1931
1751351219759 7.8125e-06 1932
1751351248099 7.8125e-06 1933
1751351276442 7.8125e-06 1934
1751351304717 7.8125e-06 1935
1751351332969 7.8125e-06 1936
1751351361232 7.8125e-06 1937
1751351389518 7.8125e-06 1938
1751351417764 7.8125e-06 1939
1751351446089 7.8125e-06 1940
1751351474402 7.8125e-06 1941
1751351502713 7.8125e-06 1942
1751351530989 7.8125e-06 1943
1751351559254 7.8125e-06 1944
1751351587522 7.8125e-06 1945
1751351615791 7.8125e-06 1946
1751351644082 7.8125e-06 1947
1751351672323 7.8125e-06 1948
1751351700655 7.8125e-06 1949
1751351728954 7.8125e-06 1950
1751351757241 7.8125e-06 1951
1751351785554 7.8125e-06 1952
1751351813854 7.8125e-06 1953
1751351842153 7.8125e-06 1954
1751351870414 7.8125e-06 1955
1751351898692 7.8125e-06 1956
1751351926975 7.8125e-06 1957
1751351955227 7.8125e-06 1958
1751351983486 7.8125e-06 1959
1751353729963 7.8125e-06 1960
1751353758214 7.8125e-06 1961
1751353786483 7.8125e-06 1962
1751353814758 7.8125e-06 1963
1751353843059 7.8125e-06 1964
1751353871397 7.8125e-06 1965
1751353899605 7.8125e-06 1966
1751353927895 7.8125e-06 1967
1751353956582 7.8125e-06 1968
1751353985240 7.8125e-06 1969
1751354013564 7.8125e-06 1970
1751354041837 7.8125e-06 1971
1751354070118 7.8125e-06 1972
1751354098383 7.8125e-06 1973
1751354127046 7.8125e-06 1974
1751354155299 7.8125e-06 1975
1751354183592 7.8125e-06 1976
1751354211819 7.8125e-06 1977
1751354240091 7.8125e-06 1978
1751354268759 7.8125e-06 1979
1751354297468 7.8125e-06 1980
1751354325736 7.8125e-06 1981
1751354354001 7.8125e-06 1982
1751354382678 7.8125e-06 1983
1751354410947 7.8125e-06 1984
1751354439189 7.8125e-06 1985
1751354467420 7.8125e-06 1986
1751354495791 7.8125e-06 1987
1751354524085 7.8125e-06 1988
1751354552763 7.8125e-06 1989
1751354581437 7.8125e-06 1990
1751354609723 7.8125e-06 1991
1751354638012 7.8125e-06 1992
1751354666288 7.8125e-06 1993
1751354694948 7.8125e-06 1994
1751354723649 7.8125e-06 1995
1751354751977 7.8125e-06 1996
1751354780221 7.8125e-06 1997
1751354808561 7.8125e-06 1998
1751354836836 7.8125e-06 1999
1751356624777 7.8125e-06 2000
1751356653434 7.8125e-06 2001
1751356682125 7.8125e-06 2002
1751356710736 7.8125e-06 2003
1751356739360 7.8125e-06 2004
1751356768049 7.8125e-06 2005
1751356796646 7.8125e-06 2006
1751356825356 7.8125e-06 2007
1751356854022 7.8125e-06 2008
1751356882650 7.8125e-06 2009
1751356911364 7.8125e-06 2010
1751356940012 7.8125e-06 2011
1751356968650 7.8125e-06 2012
1751356997383 7.8125e-06 2013
1751357026014 7.8125e-06 2014
1751357054629 7.8125e-06 2015
1751357083244 7.8125e-06 2016
1751357111940 7.8125e-06 2017
1751357140614 7.8125e-06 2018
1751357169234 7.8125e-06 2019
1751357197857 7.8125e-06 2020
1751357226545 7.8125e-06 2021
1751357255179 7.8125e-06 2022
1751357283779 7.8125e-06 2023
1751357312356 7.8125e-06 2024
1751357340988 7.8125e-06 2025
1751357369596 7.8125e-06 2026
1751357398296 7.8125e-06 2027
1751357426930 7.8125e-06 2028
1751357455524 7.8125e-06 2029
1751357484137 7.8125e-06 2030
1751357512771 7.8125e-06 2031
1751357541416 7.8125e-06 2032
1751357570034 7.8125e-06 2033
1751357598646 7.8125e-06 2034
1751357627230 7.8125e-06 2035
1751357655877 7.8125e-06 2036
1751357684535 7.8125e-06 2037
1751357713144 7.8125e-06 2038
1751357741828 7.8125e-06 2039
1751359523577 7.8125e-06 2040
1751359552213 7.8125e-06 2041
1751359580876 7.8125e-06 2042
1751359609511 7.8125e-06 2043
1751359638170 7.8125e-06 2044
1751359666862 7.8125e-06 2045
1751359695440 7.8125e-06 2046
1751359724099 7.8125e-06 2047
1751359752743 7.8125e-06 2048
1751359781419 7.8125e-06 2049
1751359810090 7.8125e-06 2050
1751359838789 7.8125e-06 2051
1751359867410 7.8125e-06 2052
1751359896019 7.8125e-06 2053
1751359924630 7.8125e-06 2054
1751359953209 7.8125e-06 2055
1751359981845 7.8125e-06 2056
1751360010439 7.8125e-06 2057
1751360039112 7.8125e-06 2058
1751360067716 7.8125e-06 2059
1751360096325 7.8125e-06 2060
1751360124975 7.8125e-06 2061
1751360153563 7.8125e-06 2062
1751360182188 7.8125e-06 2063
1751360210876 7.8125e-06 2064
1751360239518 7.8125e-06 2065
1751360268150 7.8125e-06 2066
1751360296797 7.8125e-06 2067
1751360325436 7.8125e-06 2068
1751360353967 7.8125e-06 2069
1751360382578 7.8125e-06 2070
1751360411249 7.8125e-06 2071
1751360439898 7.8125e-06 2072
1751360468451 7.8125e-06 2073
1751360497072 7.8125e-06 2074
1751360525678 7.8125e-06 2075
1751360554274 7.8125e-06 2076
1751360582894 7.8125e-06 2077
1751360611579 7.8125e-06 2078
1751360640125 7.8125e-06 2079
1751362384012 3.90625e-06 2080
1751362412335 3.90625e-06 2081
1751362440683 3.90625e-06 2082
1751362469045 3.90625e-06 2083
1751362497376 3.90625e-06 2084
1751362525748 3.90625e-06 2085
1751362554081 3.90625e-06 2086
1751362582419 3.90625e-06 2087
1751362610766 3.90625e-06 2088
1751362639076 3.90625e-06 2089
1751362667427 3.90625e-06 2090
1751362695752 3.90625e-06 2091
1751362724095 3.90625e-06 2092
1751362752405 3.90625e-06 2093
1751362780720 3.90625e-06 2094
1751362809106 3.90625e-06 2095
1751362837431 3.90625e-06 2096
1751362865798 3.90625e-06 2097
1751362894163 3.90625e-06 2098
1751362922518 3.90625e-06 2099
1751362950848 3.90625e-06 2100
1751362979238 3.90625e-06 2101
1751363007524 3.90625e-06 2102
1751363035845 3.90625e-06 2103
1751363064134 3.90625e-06 2104
1751363092497 3.90625e-06 2105
1751363120817 3.90625e-06 2106
1751363149216 3.90625e-06 2107
1751363177588 3.90625e-06 2108
1751363205911 3.90625e-06 2109
1751363234204 3.90625e-06 2110
1751363262559 3.90625e-06 2111
1751363290868 3.90625e-06 2112
1751363319198 3.90625e-06 2113
1751363347578 3.90625e-06 2114
1751363375935 3.90625e-06 2115
1751363404256 3.90625e-06 2116
1751363432601 3.90625e-06 2117
1751363460886 3.90625e-06 2118
1751363489226 3.90625e-06 2119
1751365261025 3.90625e-06 2120
1751365289408 3.90625e-06 2121
1751365317731 3.90625e-06 2122
1751365346055 3.90625e-06 2123
1751365374368 3.90625e-06 2124
1751365402656 3.90625e-06 2125
1751365430998 3.90625e-06 2126
1751365459353 3.90625e-06 2127
1751365487671 3.90625e-06 2128
1751365516018 3.90625e-06 2129
1751365544379 3.90625e-06 2130
1751365572677 3.90625e-06 2131
1751365601070 3.90625e-06 2132
1751365629380 3.90625e-06 2133
1751365657718 3.90625e-06 2134
1751365686067 3.90625e-06 2135
1751365714414 3.90625e-06 2136
1751365742740 3.90625e-06 2137
1751365771095 3.90625e-06 2138
1751365799406 3.90625e-06 2139
1751365827764 3.90625e-06 2140
1751365856078 3.90625e-06 2141
1751365884406 3.90625e-06 2142
1751365912740 3.90625e-06 2143
1751365941109 3.90625e-06 2144
1751365969444 3.90625e-06 2145
1751365997777 3.90625e-06 2146
1751366026060 3.90625e-06 2147
1751366054444 3.90625e-06 2148
1751366082757 3.90625e-06 2149
1751366111101 3.90625e-06 2150
1751366139481 3.90625e-06 2151
1751366167777 3.90625e-06 2152
1751366196084 3.90625e-06 2153
1751366224441 3.90625e-06 2154
1751366252841 3.90625e-06 2155
1751366281180 3.90625e-06 2156
1751366309496 3.90625e-06 2157
1751366337826 3.90625e-06 2158
1751366366168 3.90625e-06 2159
1751368136121 3.90625e-06 2160
1751368164821 3.90625e-06 2161
1751368193107 3.90625e-06 2162
1751368221416 3.90625e-06 2163
1751368249766 3.90625e-06 2164
1751368278089 3.90625e-06 2165
1751368306467 3.90625e-06 2166
1751368334823 3.90625e-06 2167
1751368363184 3.90625e-06 2168
1751368391520 3.90625e-06 2169
1751368419863 3.90625e-06 2170
1751368448167 3.90625e-06 2171
1751368476513 3.90625e-06 2172
1751368504856 3.90625e-06 2173
1751368533169 3.90625e-06 2174
1751368561897 3.90625e-06 2175
1751368590193 3.90625e-06 2176
1751368618494 3.90625e-06 2177
1751368646807 3.90625e-06 2178
1751368675119 3.90625e-06 2179
1751368703511 3.90625e-06 2180
1751368731895 3.90625e-06 2181
1751368760575 3.90625e-06 2182
1751368788878 3.90625e-06 2183
1751368817273 3.90625e-06 2184
1751368845702 3.90625e-06 2185
1751368874039 3.90625e-06 2186
1751368902402 3.90625e-06 2187
1751368930779 3.90625e-06 2188
1751368959115 3.90625e-06 2189
1751368987472 3.90625e-06 2190
1751369016225 3.90625e-06 2191
1751369044594 3.90625e-06 2192
1751369073308 3.90625e-06 2193
1751369101646 3.90625e-06 2194
1751369130037 3.90625e-06 2195
1751369158390 3.90625e-06 2196
1751369187069 3.90625e-06 2197
1751369215844 3.90625e-06 2198
1751369244141 3.90625e-06 2199
1751371021820 3.90625e-06 2200
1751371050539 3.90625e-06 2201
1751371078939 3.90625e-06 2202
1751371107195 3.90625e-06 2203
1751371135473 3.90625e-06 2204
1751371164224 3.90625e-06 2205
1751371192960 3.90625e-06 2206
1751371221679 3.90625e-06 2207
1751371250354 3.90625e-06 2208
1751371279109 3.90625e-06 2209
1751371307774 3.90625e-06 2210
1751371336039 3.90625e-06 2211
1751371364778 3.90625e-06 2212
1751371393565 3.90625e-06 2213
1751371422299 3.90625e-06 2214
1751371450969 3.90625e-06 2215
1751371479670 3.90625e-06 2216
1751371508356 3.90625e-06 2217
1751371537054 3.90625e-06 2218
1751371565758 3.90625e-06 2219
1751371594476 3.90625e-06 2220
1751371623149 3.90625e-06 2221
1751371651898 3.90625e-06 2222
1751371680623 3.90625e-06 2223
1751371709309 3.90625e-06 2224
1751371738046 3.90625e-06 2225
1751371766749 3.90625e-06 2226
1751371795417 3.90625e-06 2227
1751371824111 3.90625e-06 2228
1751371852815 3.90625e-06 2229
1751371881496 3.90625e-06 2230
1751371910186 3.90625e-06 2231
1751371938836 3.90625e-06 2232
1751371967558 3.90625e-06 2233
1751371996207 3.90625e-06 2234
1751372024884 3.90625e-06 2235
1751372053593 3.90625e-06 2236
1751372082317 3.90625e-06 2237
1751372111035 3.90625e-06 2238
1751372139779 3.90625e-06 2239
1751373885328 3.90625e-06 2240
1751373914072 3.90625e-06 2241
1751373942804 3.90625e-06 2242
1751373971519 3.90625e-06 2243
1751374000207 3.90625e-06 2244
1751374028882 3.90625e-06 2245
1751374057624 3.90625e-06 2246
1751374086341 3.90625e-06 2247
1751374115055 3.90625e-06 2248
1751374143773 3.90625e-06 2249
1751374172516 3.90625e-06 2250
1751374201249 3.90625e-06 2251
1751374229911 3.90625e-06 2252
1751374258604 3.90625e-06 2253
1751374287288 3.90625e-06 2254
1751374316016 3.90625e-06 2255
1751374344714 3.90625e-06 2256
1751374373444 3.90625e-06 2257
1751374402160 3.90625e-06 2258
1751374430853 3.90625e-06 2259
1751374459572 3.90625e-06 2260
1751374488309 3.90625e-06 2261
1751374517061 3.90625e-06 2262
1751374545730 3.90625e-06 2263
1751374574428 3.90625e-06 2264
1751374603264 3.90625e-06 2265
1751374631951 3.90625e-06 2266
1751374660672 3.90625e-06 2267
1751374689391 3.90625e-06 2268
1751374718083 3.90625e-06 2269
1751374746820 3.90625e-06 2270
1751374775534 3.90625e-06 2271
1751374804203 3.90625e-06 2272
1751374832879 3.90625e-06 2273
1751374861565 3.90625e-06 2274
1751374890282 3.90625e-06 2275
1751374918992 3.90625e-06 2276
1751374947668 3.90625e-06 2277
1751374976399 3.90625e-06 2278
1751375005098 3.90625e-06 2279
1751376782130 3.90625e-06 2280
1751376810549 3.90625e-06 2281
1751376838893 3.90625e-06 2282
1751376867409 3.90625e-06 2283
1751376895801 3.90625e-06 2284
1751376924200 3.90625e-06 2285
1751376952636 3.90625e-06 2286
1751376981036 3.90625e-06 2287
1751377009412 3.90625e-06 2288
1751377037845 3.90625e-06 2289
1751377066301 3.90625e-06 2290
1751377094709 3.90625e-06 2291
1751377123097 3.90625e-06 2292
1751377151480 3.90625e-06 2293
1751377179930 3.90625e-06 2294
1751377208367 3.90625e-06 2295
1751377236792 3.90625e-06 2296
1751377265213 3.90625e-06 2297
1751377293630 3.90625e-06 2298
1751377322036 3.90625e-06 2299
1751377350506 3.90625e-06 2300
1751377378913 3.90625e-06 2301
1751377407283 3.90625e-06 2302
1751377435729 3.90625e-06 2303
1751377464165 3.90625e-06 2304
1751377492644 3.90625e-06 2305
1751377521035 3.90625e-06 2306
1751377549470 3.90625e-06 2307
1751377577918 3.90625e-06 2308
1751377606364 3.90625e-06 2309
1751377634768 3.90625e-06 2310
1751377663265 3.90625e-06 2311
1751377691698 3.90625e-06 2312
1751377720118 3.90625e-06 2313
1751377748594 3.90625e-06 2314
1751377776989 3.90625e-06 2315
1751377805377 3.90625e-06 2316
1751377833818 3.90625e-06 2317
1751377862268 3.90625e-06 2318
1751377890638 3.90625e-06 2319
1751379668551 1.953125e-06 2320
1751379696987 1.953125e-06 2321
1751379725390 1.953125e-06 2322
1751379753805 1.953125e-06 2323
1751379782203 1.953125e-06 2324
1751379810626 1.953125e-06 2325
1751379839004 1.953125e-06 2326
1751379867387 1.953125e-06 2327
1751379895782 1.953125e-06 2328
1751379924151 1.953125e-06 2329
1751379952584 1.953125e-06 2330
1751379981029 1.953125e-06 2331
1751380009513 1.953125e-06 2332
1751380037938 1.953125e-06 2333
1751380066317 1.953125e-06 2334
1751380094809 1.953125e-06 2335
1751380123207 1.953125e-06 2336
1751380151597 1.953125e-06 2337
1751380179948 1.953125e-06 2338
1751380208354 1.953125e-06 2339
1751380236747 1.953125e-06 2340
1751380265129 1.953125e-06 2341
1751380293552 1.953125e-06 2342
1751380321938 1.953125e-06 2343
1751380350356 1.953125e-06 2344
1751380378740 1.953125e-06 2345
1751380407156 1.953125e-06 2346
1751380435552 1.953125e-06 2347
1751380463937 1.953125e-06 2348
1751380492370 1.953125e-06 2349
1751380520814 1.953125e-06 2350
1751380549330 1.953125e-06 2351
1751380577787 1.953125e-06 2352
1751380606217 1.953125e-06 2353
1751380634704 1.953125e-06 2354
1751380663079 1.953125e-06 2355
1751380691577 1.953125e-06 2356
1751380719996 1.953125e-06 2357
1751380748401 1.953125e-06 2358
1751380776809 1.953125e-06 2359
1751382552570 1.953125e-06 2360
1751382580989 1.953125e-06 2361
1751382609408 1.953125e-06 2362
1751382637839 1.953125e-06 2363
1751382666221 1.953125e-06 2364
1751382694616 1.953125e-06 2365
1751382722989 1.953125e-06 2366
1751382751367 1.953125e-06 2367
1751382779774 1.953125e-06 2368
1751382808159 1.953125e-06 2369
1751382836644 1.953125e-06 2370
1751382865019 1.953125e-06 2371
1751382893408 1.953125e-06 2372
1751382921859 1.953125e-06 2373
1751382950295 1.953125e-06 2374
1751382978693 1.953125e-06 2375
1751383007062 1.953125e-06 2376
1751383035500 1.953125e-06 2377
1751383064320 1.953125e-06 2378
1751383092687 1.953125e-06 2379
1751383121063 1.953125e-06 2380
1751383149479 1.953125e-06 2381
1751383177854 1.953125e-06 2382
1751383206644 1.953125e-06 2383
1751383235416 1.953125e-06 2384
1751383263808 1.953125e-06 2385
1751383292233 1.953125e-06 2386
1751383320607 1.953125e-06 2387
1751383348990 1.953125e-06 2388
1751383377344 1.953125e-06 2389
1751383405735 1.953125e-06 2390
1751383434101 1.953125e-06 2391
1751383462507 1.953125e-06 2392
1751383490870 1.953125e-06 2393
1751383519231 1.953125e-06 2394
1751383547626 1.953125e-06 2395
1751383576061 1.953125e-06 2396
1751383604496 1.953125e-06 2397
1751383632889 1.953125e-06 2398
1751383661643 1.953125e-06 2399
1751385413651 1.953125e-06 2400
1751385442554 1.953125e-06 2401
1751385471381 1.953125e-06 2402
1751385499800 1.953125e-06 2403
1751385528574 1.953125e-06 2404
1751385557024 1.953125e-06 2405
1751385585808 1.953125e-06 2406
1751385614194 1.953125e-06 2407
1751385643016 1.953125e-06 2408
1751385671793 1.953125e-06 2409
1751385700567 1.953125e-06 2410
1751385729358 1.953125e-06 2411
1751385757755 1.953125e-06 2412
1751385786100 1.953125e-06 2413
1751385814864 1.953125e-06 2414
1751385843640 1.953125e-06 2415
1751385872435 1.953125e-06 2416
1751385901263 1.953125e-06 2417
1751385930066 1.953125e-06 2418
1751385958492 1.953125e-06 2419
1751385987264 1.953125e-06 2420
1751386015599 1.953125e-06 2421
1751386044388 1.953125e-06 2422
1751386073140 1.953125e-06 2423
1751386101965 1.953125e-06 2424
1751386130777 1.953125e-06 2425
1751386159528 1.953125e-06 2426
1751386188404 1.953125e-06 2427
1751386216791 1.953125e-06 2428
1751386245606 1.953125e-06 2429
1751386274349 1.953125e-06 2430
1751386302694 1.953125e-06 2431
1751386331503 1.953125e-06 2432
1751386360332 1.953125e-06 2433
1751386389158 1.953125e-06 2434
1751386417589 1.953125e-06 2435
1751386446457 1.953125e-06 2436
1751386474805 1.953125e-06 2437
1751386503584 1.953125e-06 2438
1751386532394 1.953125e-06 2439
1751388328259 1.953125e-06 2440
1751388357021 1.953125e-06 2441
1751388385718 1.953125e-06 2442
1751388414494 1.953125e-06 2443
1751388443297 1.953125e-06 2444
1751388472103 1.953125e-06 2445
1751388500869 1.953125e-06 2446
1751388529646 1.953125e-06 2447
1751388558450 1.953125e-06 2448
1751388587188 1.953125e-06 2449
1751388615984 1.953125e-06 2450
1751388644689 1.953125e-06 2451
1751388673484 1.953125e-06 2452
1751388702264 1.953125e-06 2453
1751388730972 1.953125e-06 2454
1751388759699 1.953125e-06 2455
1751388788408 1.953125e-06 2456
1751388817106 1.953125e-06 2457
1751388845930 1.953125e-06 2458
1751388874637 1.953125e-06 2459
1751388903370 1.953125e-06 2460
1751388932171 1.953125e-06 2461
1751388960958 1.953125e-06 2462
1751388989711 1.953125e-06 2463
1751389018499 1.953125e-06 2464
1751389047225 1.953125e-06 2465
1751389075982 1.953125e-06 2466
1751389104747 1.953125e-06 2467
1751389133468 1.953125e-06 2468
1751389163086 1.953125e-06 2469
1751389191852 1.953125e-06 2470
1751389220551 1.953125e-06 2471
1751389249284 1.953125e-06 2472
1751389278078 1.953125e-06 2473
1751389306925 1.953125e-06 2474
1751389335676 1.953125e-06 2475
