1746676953024 0.6956492811441422 0
1746676953944 0.695539802312851 1
1746676955030 0.6953932344913483 2
1746676955949 0.6952518373727798 3
1746676957240 0.6951133012771606 4
1746676958173 0.6949400305747986 5
1746676959261 0.6948341578245163 6
1746676960201 0.6946949064731598 7
1746676961289 0.6946070790290833 8
1746676962230 0.6945169568061829 9
1746676963318 0.694433331489563 10
1746676964250 0.6943259388208389 11
1746676965333 0.6942644417285919 12
1746676966266 0.6941651701927185 13
1746676967347 0.6941034197807312 14
1746676968277 0.694036528468132 15
1746676969366 0.6939577609300613 16
1746676970309 0.6939186900854111 17
1746676971402 0.6938648819923401 18
1746676972561 0.6937892585992813 19
1746676973640 0.693750873208046 20
1746676974577 0.6936632841825485 21
1746676975673 0.6936334818601608 22
1746676976612 0.6935729533433914 23
1746676977701 0.6935560405254364 24
1746676978646 0.6935306191444397 25
1746676979744 0.6934718489646912 26
1746676980690 0.6934473812580109 27
1746676981779 0.6933890581130981 28
1746676982715 0.693364828824997 29
1746676983805 0.6933249980211258 30
1746676984748 0.6932762414216995 31
1746676985697 0.6932540237903595 32
1746676986793 0.6932175904512405 33
1746676987892 0.6932051479816437 34
1746676988835 0.6931767165660858 35
1746676989944 0.6931674927473068 36
1746676990893 0.6931355595588684 37
1746676992197 0.6930921077728271 38
1746676993138 0.6930532157421112 39
1746677122923 0.6905209422111511 40
1746677123853 0.6905186176300049 41
1746677124789 0.6905197650194168 42
1746677125898 0.6904935389757156 43
1746677126847 0.6904522180557251 44
1746677127956 0.690474197268486 45
1746677128899 0.6904328465461731 46
1746677130012 0.6904046982526779 47
1746677130956 0.6904096752405167 48
1746677131897 0.690362274646759 49
1746677133009 0.6903841197490692 50
1746677133951 0.6903415024280548 51
1746677135069 0.6903359442949295 52
1746677136010 0.6903185844421387 53
1746677137117 0.6903174817562103 54
1746677138058 0.6902931183576584 55
1746677139175 0.690273329615593 56
1746677140117 0.6902704238891602 57
1746677141069 0.6902329176664352 58
1746677142402 0.6902286410331726 59
1746677143349 0.6902028918266296 60
1746677144471 0.6901826560497284 61
1746677145420 0.6902096122503281 62
1746677146538 0.6901727318763733 63
1746677147483 0.6901309639215469 64
1746677148592 0.69013711810112 65
1746677149541 0.6901416331529617 66
1746677150652 0.6901206821203232 67
1746677151598 0.6900865584611893 68
1746677152541 0.6900720596313477 69
1746677153659 0.6900468915700912 70
1746677154600 0.6900413781404495 71
1746677155717 0.6900323629379272 72
1746677156665 0.690013512969017 73
1746677157774 0.6900111883878708 74
1746677158721 0.6899815797805786 75
1746677159666 0.6899652779102325 76
1746677160793 0.6899518519639969 77
1746677161952 0.6899222135543823 78
1746677163064 0.6899026930332184 79
1746677294455 0.6884393990039825 80
1746677295581 0.688454881310463 81
1746677296542 0.6884072422981262 82
1746677297683 0.6883838325738907 83
1746677298648 0.6883758306503296 84
1746677299611 0.6883681416511536 85
1746677300751 0.6883841454982758 86
1746677301720 0.6883208602666855 87
1746677302850 0.6883021891117096 88
1746677303810 0.6882937550544739 89
1746677304947 0.6882666796445847 90
1746677305908 0.6882513165473938 91
1746677306879 0.6882918924093246 92
1746677308020 0.6882181763648987 93
1746677308985 0.6882257461547852 94
1746677310134 0.6881939470767975 95
1746677311110 0.6882049888372421 96
1746677312245 0.6881704926490784 97
1746677313214 0.6881400942802429 98
1746677314573 0.6881230920553207 99
1746677315533 0.6881291568279266 100
1746677316665 0.688117727637291 101
1746677317638 0.6880502700805664 102
1746677318600 0.6880687028169632 103
1746677319729 0.688042014837265 104
1746677320702 0.6880368888378143 105
1746677321834 0.688008263707161 106
1746677322795 0.6880287677049637 107
1746677323936 0.6879787594079971 108
1746677324903 0.6879753619432449 109
1746677326026 0.687981128692627 110
1746677326984 0.6879745274782181 111
1746677327948 0.6879132241010666 112
1746677329079 0.6878978908061981 113
1746677330045 0.6879077702760696 114
1746677331194 0.6878984272480011 115
1746677332171 0.6878945827484131 116
1746677333311 0.687864750623703 117
1746677334483 0.6878407299518585 118
1746677335600 0.6878458112478256 119
1746677466115 0.6869688928127289 120
1746677467070 0.6869356483221054 121
1746677468213 0.6869523376226425 122
1746677469183 0.686910554766655 123
1746677470325 0.6868696808815002 124
1746677471305 0.6868651509284973 125
1746677472458 0.6868955194950104 126
1746677473422 0.6868494600057602 127
1746677474396 0.6868139356374741 128
1746677475534 0.6868084967136383 129
1746677476508 0.6868127584457397 130
1746677477652 0.6867692023515701 131
1746677478630 0.6867683231830597 132
1746677479770 0.6867494285106659 133
1746677480755 0.6867647171020508 134
1746677481928 0.6867592632770538 135
1746677482911 0.6867626011371613 136
1746677483883 0.6867302805185318 137
1746677485022 0.6867490112781525 138
1746677486203 0.6867692768573761 139
1746677487336 0.6867200881242752 140
1746677488297 0.6866943389177322 141
1746677489441 0.6867157816886902 142
1746677490416 0.6867220997810364 143
1746677491562 0.686723917722702 144
1746677492537 0.6866982579231262 145
1746677493683 0.6867001801729202 146
1746677494653 0.6866897344589233 147
1746677495702 0.6867364943027496 148
1746677496846 0.6866758316755295 149
1746677497820 0.6867081671953201 150
1746677498959 0.6866797655820847 151
1746677499935 0.686681941151619 152
1746677501095 0.6867075711488724 153
1746677502081 0.6866705268621445 154
1746677503061 0.6866686940193176 155
1746677504208 0.6867079734802246 156
1746677505196 0.686663955450058 157
1746677506557 0.6867345422506332 158
1746677507535 0.686694547533989 159
1746677639134 0.6854279488325119 160
1746677640109 0.685438722372055 161
1746677641255 0.6853904277086258 162
1746677642221 0.6854386478662491 163
1746677643358 0.6854117065668106 164
1746677644345 0.6853105872869492 165
1746677645494 0.6853819936513901 166
1746677646464 0.6853261590003967 167
1746677647444 0.685331180691719 168
1746677648582 0.685246929526329 169
1746677649554 0.6853125542402267 170
1746677650705 0.6852656155824661 171
1746677651695 0.6852502524852753 172
1746677652852 0.6852787286043167 173
1746677653835 0.6851825267076492 174
1746677654997 0.685247391462326 175
1746677655987 0.6852385252714157 176
1746677656985 0.6852085292339325 177
1746677658147 0.6852025389671326 178
1746677659347 0.685210108757019 179
1746677660509 0.6851690858602524 180
1746677661498 0.6851957589387894 181
1746677662650 0.6852299869060516 182
1746677663627 0.6851715743541718 183
1746677664792 0.6851557642221451 184
1746677665772 0.685200646519661 185
1746677666756 0.6851729899644852 186
1746677667904 0.6851621866226196 187
1746677668888 0.6851591616868973 188
1746677670043 0.6851548105478287 189
1746677671033 0.6851508915424347 190
1746677672185 0.685099869966507 191
1746677673171 0.6851441413164139 192
1746677674323 0.6851697862148285 193
1746677675305 0.6851123571395874 194
1746677676288 0.6851169466972351 195
1746677677431 0.6851495951414108 196
1746677678409 0.6850911378860474 197
1746677679787 0.6850803941488266 198
1746677680777 0.6851714700460434 199
1746677812088 0.6835435032844543 200
1746677813064 0.6834555268287659 201
1746677814039 0.6835204660892487 202
1746677815193 0.6834442764520645 203
1746677816161 0.6834253072738647 204
1746677817300 0.6833572536706924 205
1746677818273 0.683390662074089 206
1746677819419 0.683327853679657 207
1746677820394 0.6833566278219223 208
1746677821545 0.6833385825157166 209
1746677822514 0.6833166182041168 210
1746677823654 0.6833094358444214 211
1746677824622 0.6832470893859863 212
1746677825768 0.6832019090652466 213
1746677826746 0.6832402050495148 214
1746677827722 0.6832579225301743 215
1746677828875 0.6832451224327087 216
1746677829860 0.6832951009273529 217
1746677831008 0.6831749379634857 218
1746677832192 0.6831900924444199 219
1746677833326 0.6831608563661575 220
1746677834305 0.683126762509346 221
1746677835451 0.683210551738739 222
1746677836431 0.6831957250833511 223
1746677837403 0.6831637769937515 224
1746677838548 0.6831303685903549 225
1746677839527 0.6830752789974213 226
1746677840672 0.6831391304731369 227
1746677841650 0.6831391751766205 228
1746677842788 0.6831062734127045 229
1746677843774 0.6831531375646591 230
1746677844934 0.6831696182489395 231
1746677845925 0.683109313249588 232
1746677846914 0.6831551790237427 233
1746677848071 0.6830704361200333 234
1746677849054 0.6831457018852234 235
1746677850207 0.6830727756023407 236
1746677851190 0.6831199526786804 237
1746677852560 0.6831181645393372 238
1746677853537 0.68312107026577 239
1746677985678 0.6818321198225021 240
1746677986655 0.6817916035652161 241
1746677987805 0.6817133724689484 242
1746677988792 0.681740403175354 243
1746677989944 0.6817026436328888 244
1746677990934 0.6816616654396057 245
1746677992088 0.6817050725221634 246
1746677993074 0.6816811710596085 247
1746677994223 0.6816835701465607 248
1746677995201 0.6816338151693344 249
1746677996358 0.6816090941429138 250
1746677997347 0.6816082000732422 251
1746677998339 0.6816557943820953 252
1746677999493 0.6815857738256454 253
1746678000482 0.6816164255142212 254
1746678001643 0.6815858632326126 255
1746678002624 0.6815676391124725 256
1746678003778 0.6815561652183533 257
1746678004764 0.6816369593143463 258
1746678006130 0.6815997958183289 259
1746678007120 0.6815217435359955 260
1746678008095 0.6815661191940308 261
1746678009255 0.6814953684806824 262
1746678010238 0.6815730482339859 263
1746678011391 0.6815691292285919 264
1746678012381 0.681506797671318 265
1746678013541 0.6815457791090012 266
1746678014517 0.6815745085477829 267
1746678015501 0.6815890967845917 268
1746678016657 0.6815297901630402 269
1746678017644 0.6815485656261444 270
1746678018789 0.6814833432435989 271
1746678019777 0.6815181076526642 272
1746678020941 0.6814676970243454 273
1746678021922 0.681512787938118 274
1746678023070 0.6815658062696457 275
1746678024057 0.6815419346094131 276
1746678025209 0.6815328747034073 277
1746678026399 0.6815187335014343 278
1746678027380 0.6814952492713928 279
1746678159830 0.6801908016204834 280
1746678160809 0.6801658272743225 281
1746678161967 0.6801843196153641 282
1746678162944 0.6801342219114304 283
1746678164089 0.6800951659679413 284
1746678165075 0.6800358444452286 285
1746678166065 0.6800865978002548 286
1746678167220 0.6800873428583145 287
1746678168208 0.6801039278507233 288
1746678169385 0.6800277978181839 289
1746678170369 0.679970994591713 290
1746678171526 0.6799901276826859 291
1746678172511 0.6799438744783401 292
1746678173674 0.6799251586198807 293
1746678174655 0.6798404604196548 294
1746678175641 0.6799022704362869 295
1746678176784 0.679845318198204 296
1746678177761 0.6798662096261978 297
1746678178904 0.6798542886972427 298
1746678180111 0.679829016327858 299
1746678181272 0.6797735691070557 300
1746678182249 0.6797094643115997 301
1746678183407 0.6797282546758652 302
1746678184395 0.6797122955322266 303
1746678185380 0.679756760597229 304
1746678186534 0.6797139197587967 305
1746678187518 0.6797549277544022 306
1746678188677 0.6796612739562988 307
1746678189661 0.6796809583902359 308
1746678190822 0.6797281950712204 309
1746678191824 0.6796989738941193 310
1746678192981 0.6796577870845795 311
1746678193973 0.679650291800499 312
1746678195129 0.6796469688415527 313
1746678196124 0.6796284765005112 314
1746678197113 0.6796015948057175 315
1746678198266 0.679694339632988 316
1746678199257 0.6796588003635406 317
1746678200639 0.6796785593032837 318
1746678201639 0.6797381788492203 319
1746678334996 0.6772885769605637 320
1746678335981 0.6772423833608627 321
1746678337148 0.6772588044404984 322
1746678338145 0.6772399097681046 323
1746678339298 0.6772343218326569 324
1746678340289 0.6771596074104309 325
1746678341286 0.6772454231977463 326
1746678342467 0.6772308349609375 327
1746678343467 0.6770744621753693 328
1746678344632 0.6771041750907898 329
1746678345627 0.67703877389431 330
1746678346790 0.6770467460155487 331
1746678347788 0.6770508587360382 332
1746678348958 0.6769333034753799 333
1746678349960 0.676939383149147 334
1746678350965 0.6769901216030121 335
1746678352137 0.6768233329057693 336
1746678353117 0.6768164485692978 337
1746678354289 0.6768056750297546 338
1746678355502 0.6768151223659515 339
1746678356661 0.6768121272325516 340
1746678357649 0.6767993271350861 341
1746678358813 0.6767228096723557 342
1746678359807 0.6767018884420395 343
1746678360799 0.6766376197338104 344
1746678361976 0.6767159998416901 345
1746678362988 0.6766994893550873 346
1746678364155 0.6766338646411896 347
1746678365150 0.6765196621417999 348
1746678366312 0.6765800714492798 349
1746678367314 0.676577165722847 350
1746678368468 0.6765772700309753 351
1746678369458 0.6765173226594925 352
1746678370453 0.6765534430742264 353
1746678371629 0.6763717234134674 354
1746678372645 0.6765075773000717 355
1746678373821 0.6762910336256027 356
1746678374819 0.6763406842947006 357
1746678376204 0.6762973219156265 358
1746678377192 0.6763223260641098 359
1746678511509 0.6736261248588562 360
1746678512692 0.6735626757144928 361
1746678513705 0.6735932230949402 362
1746678514721 0.6736461669206619 363
1746678515910 0.6735162734985352 364
1746678516926 0.673516646027565 365
1746678518104 0.6735307574272156 366
1746678519115 0.6733729839324951 367
1746678520308 0.6734544634819031 368
1746678521323 0.6735004633665085 369
1746678522512 0.6733879446983337 370
1746678523525 0.6732373088598251 371
1746678524538 0.6733377873897552 372
1746678525724 0.6732886582612991 373
1746678526733 0.6731775104999542 374
1746678527907 0.6732064634561539 375
1746678528907 0.6731709837913513 376
1746678530071 0.6731677502393723 377
1746678531077 0.6730962097644806 378
1746678532466 0.6731385588645935 379
1746678533456 0.6730930209159851 380
1746678534630 0.6730284690856934 381
1746678535630 0.6730390340089798 382
1746678536620 0.6730552315711975 383
1746678537793 0.673022672533989 384
1746678538792 0.6729999631643295 385
1746678539955 0.6728590577840805 386
1746678540961 0.6728188544511795 387
1746678542137 0.6727545261383057 388
1746678543141 0.6728319078683853 389
1746678544317 0.672718808054924 390
1746678545334 0.6726432144641876 391
1746678546330 0.6726468801498413 392
1746678547505 0.6726906895637512 393
1746678548517 0.6726964116096497 394
1746678549688 0.6726202815771103 395
1746678550684 0.6726030856370926 396
1746678551858 0.6725782752037048 397
1746678553080 0.6724339425563812 398
1746678554256 0.6725616753101349 399
1746678689594 0.6693148016929626 400
1746678690580 0.6693618446588516 401
1746678691581 0.6692876666784286 402
1746678692753 0.6692590713500977 403
1746678693760 0.6691312193870544 404
1746678694921 0.6691978126764297 405
1746678695917 0.6692872196435928 406
1746678697088 0.669099360704422 407
1746678698088 0.6691455841064453 408
1746678699255 0.6689502149820328 409
1746678700251 0.6690312623977661 410
1746678701249 0.6689748913049698 411
1746678702421 0.669015035033226 412
1746678703431 0.6688385307788849 413
1746678704610 0.6688482165336609 414
1746678705606 0.6689525544643402 415
1746678706784 0.6689123064279556 416
1746678707792 0.6688540428876877 417
1746678708964 0.6686800122261047 418
1746678710178 0.6686866730451584 419
1746678711163 0.668702095746994 420
1746678712335 0.6685909777879715 421
1746678713326 0.6686994135379791 422
1746678714500 0.668574333190918 423
1746678715504 0.6684751212596893 424
1746678716682 0.6685028225183487 425
1746678717678 0.6684538125991821 426
1746678718854 0.6685613095760345 427
1746678719845 0.6683876812458038 428
1746678720834 0.6685134619474411 429
1746678722010 0.6684548407793045 430
1746678723012 0.6683329194784164 431
1746678724179 0.6683551967144012 432
1746678725174 0.6682601571083069 433
1746678726344 0.668274775147438 434
1746678727348 0.6681952327489853 435
1746678728502 0.6683487594127655 436
1746678729497 0.6680742055177689 437
1746678730880 0.6681494265794754 438
1746678731879 0.6681376099586487 439
1746678866312 0.6650012731552124 440
1746678867313 0.6649116426706314 441
1746678868477 0.664997011423111 442
1746678869475 0.6647740006446838 443
1746678870632 0.6650432646274567 444
1746678871621 0.6648697108030319 445
1746678872621 0.6648411452770233 446
1746678873780 0.6647875010967255 447
1746678874765 0.6646291017532349 448
1746678875933 0.6646194159984589 449
1746678876918 0.6647610366344452 450
1746678878074 0.6648512780666351 451
1746678879078 0.6646349728107452 452
1746678880238 0.664529025554657 453
1746678881241 0.6646304279565811 454
1746678882250 0.6646214425563812 455
1746678883435 0.6644243448972702 456
1746678884448 0.6643716543912888 457
1746678885619 0.6643608659505844 458
1746678886857 0.6644964516162872 459
1746678888033 0.6642442345619202 460
1746678889035 0.6643548309803009 461
1746678890221 0.6643723696470261 462
1746678891227 0.6643923223018646 463
1746678892241 0.6641681343317032 464
1746678893428 0.6641996651887894 465
1746678894447 0.6640304923057556 466
1746678895617 0.6640388518571854 467
1746678896626 0.6640772074460983 468
1746678897809 0.6640685200691223 469
1746678898812 0.664094403386116 470
1746678899985 0.6639451235532761 471
1746678900982 0.6638961434364319 472
1746678901973 0.663829043507576 473
1746678903129 0.663951113820076 474
1746678904111 0.6637379378080368 475
1746678905267 0.6637287139892578 476
1746678906253 0.6636129021644592 477
1746678907616 0.6640041321516037 478
1746678908599 0.6637155115604401 479
1746679042420 0.6597806811332703 480
1746679043409 0.659693032503128 481
1746679044570 0.659741222858429 482
1746679045561 0.6597204357385635 483
1746679046732 0.6597262620925903 484
1746679047748 0.6595465242862701 485
1746679048914 0.6594440042972565 486
1746679049915 0.6595712304115295 487
1746679051085 0.6594828069210052 488
1746679052078 0.6594253927469254 489
1746679053078 0.6594603359699249 490
1746679054256 0.6592922508716583 491
1746679055263 0.6592915803194046 492
1746679056439 0.6593740880489349 493
1746679057440 0.6592990010976791 494
1746679058618 0.6591691672801971 495
1746679059611 0.6592341363430023 496
1746679060781 0.6591049134731293 497
1746679061794 0.6593110859394073 498
1746679063189 0.6589647829532623 499
1746679064169 0.6590977609157562 500
1746679065169 0.6590721756219864 501
1746679066335 0.6589284390211105 502
1746679067325 0.6592119038105011 503
1746679068492 0.6589363515377045 504
1746679069496 0.6586506068706512 505
1746679070661 0.6588143706321716 506
1746679071664 0.6589076817035675 507
1746679072838 0.658586785197258 508
1746679073850 0.6588565856218338 509
1746679074847 0.6584923416376114 510
1746679076017 0.6586275100708008 511
1746679077020 0.6587463766336441 512
1746679078179 0.6583476513624191 513
1746679079173 0.6585693061351776 514
1746679080345 0.6584894806146622 515
1746679081345 0.6585564166307449 516
1746679082364 0.6584430634975433 517
1746679083746 0.6584643423557281 518
1746679084738 0.6584115773439407 519
