1746676994446 1e-05 0
1746676995394 1e-05 1
1746676996495 1e-05 2
1746676997443 1e-05 3
1746676998393 1e-05 4
1746676999488 1e-05 5
1746677000597 1e-05 6
1746677001549 1e-05 7
1746677002645 1e-05 8
1746677003598 1e-05 9
1746677004699 1e-05 10
1746677005648 1e-05 11
1746677006596 1e-05 12
1746677007701 1e-05 13
1746677008811 1e-05 14
1746677009767 1e-05 15
1746677010874 1e-05 16
1746677011820 1e-05 17
1746677012919 1e-05 18
1746677014078 1e-05 19
1746677015172 1e-05 20
1746677016124 1e-05 21
1746677017233 1e-05 22
1746677018186 1e-05 23
1746677019298 1e-05 24
1746677020258 1e-05 25
1746677021362 1e-05 26
1746677022315 1e-05 27
1746677023266 1e-05 28
1746677024374 1e-05 29
1746677025484 1e-05 30
1746677026446 1e-05 31
1746677027555 1e-05 32
1746677028509 1e-05 33
1746677029620 1e-05 34
1746677030575 1e-05 35
1746677031533 1e-05 36
1746677032644 1e-05 37
1746677033962 1e-05 38
1746677034909 1e-05 39
1746677164257 1e-05 40
1746677165456 1e-05 41
1746677166413 1e-05 42
1746677167530 1e-05 43
1746677168470 1e-05 44
1746677169588 1e-05 45
1746677171011 1e-05 46
1746677172480 1e-05 47
1746677173441 1e-05 48
1746677174398 1e-05 49
1746677175529 1e-05 50
1746677176817 1e-05 51
1746677178140 1e-05 52
1746677179106 1e-05 53
1746677180236 1e-05 54
1746677181201 1e-05 55
1746677182157 5e-06 56
1746677183283 5e-06 57
1746677184243 5e-06 58
1746677185587 5e-06 59
1746677186540 5e-06 60
1746677187667 5e-06 61
1746677188625 5e-06 62
1746677189763 5e-06 63
1746677190727 5e-06 64
1746677191687 5e-06 65
1746677192813 5e-06 66
1746677193781 5e-06 67
1746677194904 5e-06 68
1746677195869 2.5e-06 69
1746677196998 2.5e-06 70
1746677197965 2.5e-06 71
1746677199091 2.5e-06 72
1746677200049 2.5e-06 73
1746677201192 2.5e-06 74
1746677202169 1.25e-06 75
1746677203144 1.25e-06 76
1746677204286 1.25e-06 77
1746677205464 1.25e-06 78
1746677206601 1.25e-06 79
1746677336782 1e-05 80
1746677337749 1e-05 81
1746677338888 1e-05 82
1746677339852 1e-05 83
1746677340981 1e-05 84
1746677341946 1e-05 85
1746677343079 1e-05 86
1746677344052 1e-05 87
1746677345184 5e-06 88
1746677346139 5e-06 89
1746677347105 5e-06 90
1746677348233 5e-06 91
1746677349204 5e-06 92
1746677350342 5e-06 93
1746677351315 5e-06 94
1746677352453 2.5e-06 95
1746677353421 2.5e-06 96
1746677354554 2.5e-06 97
1746677355529 2.5e-06 98
1746677356721 2.5e-06 99
1746677357844 2.5e-06 100
1746677358817 1.25e-06 101
1746677359954 1.25e-06 102
1746677360940 1.25e-06 103
1746677362088 1.25e-06 104
1746677363054 1.25e-06 105
1746677364189 1.25e-06 106
1746677365163 1.25e-06 107
1746677366132 1.25e-06 108
1746677367275 1.25e-06 109
1746677368237 1.25e-06 110
1746677369370 1.25e-06 111
1746677370335 6.25e-07 112
1746677371476 6.25e-07 113
1746677372447 6.25e-07 114
1746677373589 6.25e-07 115
1746677374562 6.25e-07 116
1746677375531 6.25e-07 117
1746677376881 3.125e-07 118
1746677377848 3.125e-07 119
1746677508901 1e-05 120
1746677509882 1e-05 121
1746677511035 1e-05 122
1746677512025 1e-05 123
1746677513170 1e-05 124
1746677514139 1e-05 125
1746677515271 1e-05 126
1746677516245 1e-05 127
1746677517209 1e-05 128
1746677518347 1e-05 129
1746677519321 5e-06 130
1746677520475 5e-06 131
1746677521451 5e-06 132
1746677522598 5e-06 133
1746677523571 5e-06 134
1746677524545 5e-06 135
1746677525697 5e-06 136
1746677526671 5e-06 137
1746677527822 5e-06 138
1746677529007 5e-06 139
1746677530135 5e-06 140
1746677531126 5e-06 141
1746677532274 5e-06 142
1746677533243 5e-06 143
1746677534378 2.5e-06 144
1746677535351 2.5e-06 145
1746677536314 2.5e-06 146
1746677537455 2.5e-06 147
1746677538434 2.5e-06 148
1746677539570 2.5e-06 149
1746677540550 1.25e-06 150
1746677541692 1.25e-06 151
1746677542675 1.25e-06 152
1746677543822 1.25e-06 153
1746677544795 1.25e-06 154
1746677545770 1.25e-06 155
1746677546920 1.25e-06 156
1746677547892 6.25e-07 157
1746677549262 6.25e-07 158
1746677550229 6.25e-07 159
1746677682146 1e-05 160
1746677683138 1e-05 161
1746677684288 1e-05 162
1746677685276 1e-05 163
1746677686272 1e-05 164
1746677687427 1e-05 165
1746677688411 1e-05 166
1746677689567 1e-05 167
1746677690560 1e-05 168
1746677691712 1e-05 169
1746677692709 1e-05 170
1746677693692 1e-05 171
1746677694851 1e-05 172
1746677695841 1e-05 173
1746677697010 1e-05 174
1746677698017 1e-05 175
1746677699163 1e-05 176
1746677700129 1e-05 177
1746677701283 1e-05 178
1746677702470 1e-05 179
1746677703596 1e-05 180
1746677704561 1e-05 181
1746677705535 1e-05 182
1746677706669 1e-05 183
1746677707642 1e-05 184
1746677708780 1e-05 185
1746677709753 1e-05 186
1746677710889 1e-05 187
1746677711859 1e-05 188
1746677712993 5e-06 189
1746677713968 5e-06 190
1746677714939 5e-06 191
1746677716088 5e-06 192
1746677717061 5e-06 193
1746677718199 5e-06 194
1746677719177 5e-06 195
1746677720328 5e-06 196
1746677721310 5e-06 197
1746677722661 5e-06 198
1746677723623 5e-06 199
1746677854913 1e-05 200
1746677855893 1e-05 201
1746677857033 1e-05 202
1746677858027 1e-05 203
1746677859186 1e-05 204
1746677860161 1e-05 205
1746677861145 1e-05 206
1746677862286 1e-05 207
1746677863276 1e-05 208
1746677864430 1e-05 209
1746677865412 1e-05 210
1746677866557 1e-05 211
1746677867552 1e-05 212
1746677868705 1e-05 213
1746677869678 1e-05 214
1746677870654 1e-05 215
1746677871804 5e-06 216
1746677872779 5e-06 217
1746677873941 5e-06 218
1746677875137 5e-06 219
1746677876291 5e-06 220
1746677877283 5e-06 221
1746677878427 5e-06 222
1746677879413 5e-06 223
1746677880395 5e-06 224
1746677881552 5e-06 225
1746677882535 5e-06 226
1746677883698 2.5e-06 227
1746677884690 2.5e-06 228
1746677885837 2.5e-06 229
1746677886823 2.5e-06 230
1746677887982 2.5e-06 231
1746677888971 2.5e-06 232
1746677889955 1.25e-06 233
1746677891114 1.25e-06 234
1746677892085 1.25e-06 235
1746677893233 1.25e-06 236
1746677894223 1.25e-06 237
1746677895587 1.25e-06 238
1746677896569 1.25e-06 239
1746678028759 1e-05 240
1746678029729 1e-05 241
1746678030884 1e-05 242
1746678031863 1e-05 243
1746678033020 1e-05 244
1746678034011 1e-05 245
1746678035172 1e-05 246
1746678036160 1e-05 247
1746678037139 1e-05 248
1746678038292 1e-05 249
1746678039275 1e-05 250
1746678040431 1e-05 251
1746678041420 1e-05 252
1746678042581 1e-05 253
1746678043568 1e-05 254
1746678044719 1e-05 255
1746678045700 5e-06 256
1746678046687 5e-06 257
1746678047845 5e-06 258
1746678049044 5e-06 259
1746678050198 5e-06 260
1746678051178 5e-06 261
1746678052327 5e-06 262
1746678053315 5e-06 263
1746678054463 5e-06 264
1746678055440 5e-06 265
1746678056429 5e-06 266
1746678057581 5e-06 267
1746678058561 5e-06 268
1746678059719 5e-06 269
1746678060705 5e-06 270
1746678061860 5e-06 271
1746678062847 5e-06 272
1746678064006 5e-06 273
1746678064991 5e-06 274
1746678065980 2.5e-06 275
1746678067133 2.5e-06 276
1746678068117 2.5e-06 277
1746678069491 2.5e-06 278
1746678070466 2.5e-06 279
1746678203023 1e-05 280
1746678204005 1e-05 281
1746678205176 1e-05 282
1746678206163 1e-05 283
1746678207146 1e-05 284
1746678208302 1e-05 285
1746678209302 1e-05 286
1746678210473 1e-05 287
1746678211479 1e-05 288
1746678212647 1e-05 289
1746678213631 1e-05 290
1746678214785 1e-05 291
1746678215775 1e-05 292
1746678216753 1e-05 293
1746678217912 1e-05 294
1746678218908 1e-05 295
1746678220068 1e-05 296
1746678221071 1e-05 297
1746678222241 1e-05 298
1746678223441 1e-05 299
1746678224593 1e-05 300
1746678225573 1e-05 301
1746678226563 1e-05 302
1746678227719 1e-05 303
1746678228691 1e-05 304
1746678229855 1e-05 305
1746678230861 1e-05 306
1746678232041 1e-05 307
1746678233046 1e-05 308
1746678234214 1e-05 309
1746678235203 1e-05 310
1746678236183 1e-05 311
1746678237339 1e-05 312
1746678238325 1e-05 313
1746678239484 1e-05 314
1746678240476 1e-05 315
1746678241644 1e-05 316
1746678242648 1e-05 317
1746678244007 1e-05 318
1746678244981 1e-05 319
1746678378586 1e-05 320
1746678379580 1e-05 321
1746678380745 1e-05 322
1746678381752 1e-05 323
1746678382769 1e-05 324
1746678383940 1e-05 325
1746678384940 1e-05 326
1746678386123 1e-05 327
1746678387117 1e-05 328
1746678388294 1e-05 329
1746678389294 1e-05 330
1746678390294 1e-05 331
1746678391471 1e-05 332
1746678392459 1e-05 333
1746678393609 1e-05 334
1746678394596 1e-05 335
1746678395760 1e-05 336
1746678396745 1e-05 337
1746678397739 1e-05 338
1746678399107 1e-05 339
1746678400097 1e-05 340
1746678401266 1e-05 341
1746678402261 1e-05 342
1746678403429 1e-05 343
1746678404415 1e-05 344
1746678405571 1e-05 345
1746678406563 1e-05 346
1746678407722 1e-05 347
1746678408709 1e-05 348
1746678409699 1e-05 349
1746678410862 1e-05 350
1746678411856 1e-05 351
1746678413013 1e-05 352
1746678414008 1e-05 353
1746678415170 1e-05 354
1746678416164 1e-05 355
1746678417306 1e-05 356
1746678418297 1e-05 357
1746678419518 1e-05 358
1746678420671 1e-05 359
1746678555483 1e-05 360
1746678556663 1e-05 361
1746678557667 1e-05 362
1746678558685 1e-05 363
1746678559870 1e-05 364
1746678560870 1e-05 365
1746678562053 1e-05 366
1746678563067 1e-05 367
1746678564245 1e-05 368
1746678565256 1e-05 369
1746678566442 1e-05 370
1746678567475 1e-05 371
1746678568494 1e-05 372
1746678569671 1e-05 373
1746678570686 1e-05 374
1746678571868 1e-05 375
1746678572880 1e-05 376
1746678574063 1e-05 377
1746678575085 1e-05 378
1746678576484 1e-05 379
1746678577479 1e-05 380
1746678578672 1e-05 381
1746678579693 1e-05 382
1746678580710 1e-05 383
1746678581904 1e-05 384
1746678582927 1e-05 385
1746678584107 1e-05 386
1746678585117 1e-05 387
1746678586297 1e-05 388
1746678587304 1e-05 389
1746678588480 1e-05 390
1746678589499 1e-05 391
1746678590512 1e-05 392
1746678591687 1e-05 393
1746678592705 1e-05 394
1746678593878 1e-05 395
1746678594870 1e-05 396
1746678596060 1e-05 397
1746678597282 1e-05 398
1746678598458 1e-05 399
1746678733092 1e-05 400
1746678734262 1e-05 401
1746678735257 1e-05 402
1746678736419 1e-05 403
1746678737424 1e-05 404
1746678738593 1e-05 405
1746678739590 1e-05 406
1746678740770 1e-05 407
1746678741783 1e-05 408
1746678742781 1e-05 409
1746678743964 1e-05 410
1746678744979 1e-05 411
1746678746152 1e-05 412
1746678747163 1e-05 413
1746678748333 1e-05 414
1746678749343 1e-05 415
1746678750515 1e-05 416
1746678751527 1e-05 417
1746678752526 1e-05 418
1746678753887 1e-05 419
1746678754868 1e-05 420
1746678756025 1e-05 421
1746678757007 1e-05 422
1746678758165 1e-05 423
1746678759158 1e-05 424
1746678760317 1e-05 425
1746678761318 1e-05 426
1746678762332 1e-05 427
1746678763510 1e-05 428
1746678764506 1e-05 429
1746678765699 1e-05 430
1746678766710 5e-06 431
1746678767891 5e-06 432
1746678768895 5e-06 433
1746678770089 5e-06 434
1746678771094 5e-06 435
1746678772112 5e-06 436
1746678773288 5e-06 437
1746678774518 5e-06 438
1746678775691 5e-06 439
1746678909977 1e-05 440
1746678910972 1e-05 441
1746678912143 1e-05 442
1746678913152 1e-05 443
1746678914320 1e-05 444
1746678915317 1e-05 445
1746678916315 1e-05 446
1746678917480 1e-05 447
1746678918478 1e-05 448
1746678919635 1e-05 449
1746678920633 1e-05 450
1746678921804 1e-05 451
1746678922804 1e-05 452
1746678923985 1e-05 453
1746678924983 1e-05 454
1746678925979 1e-05 455
1746678927149 1e-05 456
1746678928156 1e-05 457
1746678929313 1e-05 458
1746678930534 1e-05 459
1746678931699 5e-06 460
1746678932699 5e-06 461
1746678933860 5e-06 462
1746678934853 5e-06 463
1746678935847 5e-06 464
1746678937003 5e-06 465
1746678938000 5e-06 466
1746678939163 2.5e-06 467
1746678940161 2.5e-06 468
1746678941345 2.5e-06 469
1746678942349 2.5e-06 470
1746678943510 2.5e-06 471
1746678944508 2.5e-06 472
1746678945502 2.5e-06 473
1746678946672 2.5e-06 474
1746678947662 2.5e-06 475
1746678948842 2.5e-06 476
1746678949843 2.5e-06 477
1746678951219 2.5e-06 478
1746678952212 1.25e-06 479
1746679086128 1e-05 480
1746679087128 1e-05 481
1746679088298 1e-05 482
1746679089287 1e-05 483
1746679090453 1e-05 484
1746679091465 1e-05 485
1746679092648 1e-05 486
1746679093648 1e-05 487
1746679094644 1e-05 488
1746679095815 1e-05 489
1746679096808 1e-05 490
1746679097978 1e-05 491
1746679098974 1e-05 492
1746679100138 1e-05 493
1746679101139 1e-05 494
1746679102324 1e-05 495
1746679103333 1e-05 496
1746679104326 1e-05 497
1746679105497 1e-05 498
1746679106709 1e-05 499
1746679107875 1e-05 500
1746679108870 1e-05 501
1746679110052 1e-05 502
1746679111061 1e-05 503
