1746677078321 1e-05 0
1746677079278 1e-05 1
1746677080393 1e-05 2
1746677081353 1e-05 3
1746677082461 1e-05 4
1746677083410 1e-05 5
1746677084525 1e-05 6
1746677085492 1e-05 7
1746677086610 1e-05 8
1746677087564 1e-05 9
1746677088684 1e-05 10
1746677089645 1e-05 11
1746677090606 1e-05 12
1746677091729 1e-05 13
1746677092860 1e-05 14
1746677093825 1e-05 15
1746677094944 1e-05 16
1746677095905 1e-05 17
1746677097013 1e-05 18
1746677098183 1e-05 19
1746677099298 1e-05 20
1746677100258 1e-05 21
1746677101367 5e-06 22
1746677102328 5e-06 23
1746677103455 5e-06 24
1746677104415 5e-06 25
1746677105522 5e-06 26
1746677106483 5e-06 27
1746677107595 5e-06 28
1746677108550 2.5e-06 29
1746677109660 2.5e-06 30
1746677110618 2.5e-06 31
1746677111737 2.5e-06 32
1746677112691 2.5e-06 33
1746677113800 2.5e-06 34
1746677114759 1.25e-06 35
1746677115723 1.25e-06 36
1746677116833 1.25e-06 37
1746677118168 1.25e-06 38
1746677119129 1.25e-06 39
1746677250260 1e-05 40
1746677251387 1e-05 41
1746677252344 1e-05 42
1746677253309 1e-05 43
1746677254434 1e-05 44
1746677255385 1e-05 45
1746677256514 1e-05 46
1746677257470 1e-05 47
1746677258601 1e-05 48
1746677259559 1e-05 49
1746677260517 1e-05 50
1746677261657 1e-05 51
1746677262639 1e-05 52
1746677263794 1e-05 53
1746677264765 1e-05 54
1746677265901 1e-05 55
1746677266875 1e-05 56
1746677268010 1e-05 57
1746677268979 1e-05 58
1746677270313 1e-05 59
1746677271283 1e-05 60
1746677272258 1e-05 61
1746677273400 1e-05 62
1746677274351 1e-05 63
1746677275483 1e-05 64
1746677276446 1e-05 65
1746677277578 1e-05 66
1746677278535 1e-05 67
1746677279664 1e-05 68
1746677280635 1e-05 69
1746677281608 1e-05 70
1746677282743 1e-05 71
1746677283696 1e-05 72
1746677284831 1e-05 73
1746677285797 1e-05 74
1746677286938 1e-05 75
1746677287899 1e-05 76
1746677288848 1e-05 77
1746677290187 1e-05 78
1746677291149 1e-05 79
1746677421737 1e-05 80
1746677422701 1e-05 81
1746677423669 1e-05 82
1746677424800 1e-05 83
1746677425767 1e-05 84
1746677426899 1e-05 85
1746677427867 1e-05 86
1746677429003 1e-05 87
1746677429967 1e-05 88
1746677431116 1e-05 89
1746677432088 1e-05 90
1746677433224 1e-05 91
1746677434196 1e-05 92
1746677435155 1e-05 93
1746677436284 5e-06 94
1746677437249 5e-06 95
1746677438385 5e-06 96
1746677439349 5e-06 97
1746677440491 5e-06 98
1746677441684 5e-06 99
1746677442823 5e-06 100
1746677443787 5e-06 101
1746677444750 5e-06 102
1746677445891 2.5e-06 103
1746677446859 2.5e-06 104
1746677448007 2.5e-06 105
1746677448980 2.5e-06 106
1746677450113 2.5e-06 107
1746677451086 2.5e-06 108
1746677452065 1.25e-06 109
1746677453199 1.25e-06 110
1746677454167 1.25e-06 111
1746677455308 1.25e-06 112
1746677456277 1.25e-06 113
1746677457417 1.25e-06 114
1746677458378 6.25e-07 115
1746677459519 6.25e-07 116
1746677460494 6.25e-07 117
1746677461840 6.25e-07 118
1746677462805 6.25e-07 119
1746677594347 1e-05 120
1746677595322 1e-05 121
1746677596289 1e-05 122
1746677597424 1e-05 123
1746677598400 1e-05 124
1746677599536 1e-05 125
1746677600513 1e-05 126
1746677601657 1e-05 127
1746677602637 1e-05 128
1746677603775 1e-05 129
1746677604738 1e-05 130
1746677605709 1e-05 131
1746677606839 1e-05 132
1746677607815 1e-05 133
1746677608942 1e-05 134
1746677609920 1e-05 135
1746677611079 1e-05 136
1746677612051 1e-05 137
1746677613196 1e-05 138
1746677614372 1e-05 139
1746677615497 5e-06 140
1746677616460 5e-06 141
1746677617432 5e-06 142
1746677618581 5e-06 143
1746677619550 5e-06 144
1746677620703 5e-06 145
1746677621689 5e-06 146
1746677622837 2.5e-06 147
1746677623813 2.5e-06 148
1746677624787 2.5e-06 149
1746677625935 2.5e-06 150
1746677626911 2.5e-06 151
1746677628068 2.5e-06 152
1746677629040 2.5e-06 153
1746677630182 2.5e-06 154
1746677631162 2.5e-06 155
1746677632320 2.5e-06 156
1746677633308 2.5e-06 157
1746677634664 2.5e-06 158
1746677635644 2.5e-06 159
1746677767450 1e-05 160
1746677768590 1e-05 161
1746677769559 1e-05 162
1746677770688 1e-05 163
1746677771662 1e-05 164
1746677772801 1e-05 165
1746677773769 1e-05 166
1746677774738 1e-05 167
1746677775869 1e-05 168
1746677776836 1e-05 169
1746677777970 1e-05 170
1746677778943 1e-05 171
1746677780084 1e-05 172
1746677781055 1e-05 173
1746677782191 1e-05 174
1746677783153 5e-06 175
1746677784132 5e-06 176
1746677785274 5e-06 177
1746677786256 5e-06 178
1746677787614 5e-06 179
1746677788584 5e-06 180
1746677789732 5e-06 181
1746677790704 5e-06 182
1746677791667 5e-06 183
1746677792810 5e-06 184
1746677793794 2.5e-06 185
1746677794938 2.5e-06 186
1746677795906 2.5e-06 187
1746677797049 2.5e-06 188
1746677798018 2.5e-06 189
1746677799152 2.5e-06 190
1746677800119 1.25e-06 191
1746677801254 1.25e-06 192
1746677802229 1.25e-06 193
1746677803201 1.25e-06 194
1746677804342 1.25e-06 195
1746677805308 1.25e-06 196
1746677806435 1.25e-06 197
1746677807616 6.25e-07 198
1746677808754 6.25e-07 199
1746677940810 1e-05 200
1746677941794 1e-05 201
1746677942932 1e-05 202
1746677943923 1e-05 203
1746677945072 1e-05 204
1746677946056 1e-05 205
1746677947035 1e-05 206
1746677948184 1e-05 207
1746677949168 1e-05 208
1746677950306 1e-05 209
1746677951289 1e-05 210
1746677952436 1e-05 211
1746677953414 1e-05 212
1746677954567 5e-06 213
1746677955549 5e-06 214
1746677956526 5e-06 215
1746677957675 5e-06 216
1746677958664 5e-06 217
1746677959820 5e-06 218
1746677961016 2.5e-06 219
1746677962164 2.5e-06 220
1746677963142 2.5e-06 221
1746677964290 2.5e-06 222
1746677965266 2.5e-06 223
1746677966240 2.5e-06 224
1746677967400 2.5e-06 225
1746677968370 1.25e-06 226
1746677969514 1.25e-06 227
1746677970506 1.25e-06 228
1746677971648 1.25e-06 229
1746677972631 1.25e-06 230
1746677973791 1.25e-06 231
1746677974769 6.25e-07 232
1746677975741 6.25e-07 233
1746677976891 6.25e-07 234
1746677977870 6.25e-07 235
1746677979015 6.25e-07 236
1746677979997 6.25e-07 237
1746677981364 3.125e-07 238
1746677982336 3.125e-07 239
1746678114858 1e-05 240
1746678115844 1e-05 241
1746678116833 1e-05 242
1746678117995 1e-05 243
1746678118978 1e-05 244
1746678120125 1e-05 245
1746678121099 1e-05 246
1746678122248 1e-05 247
1746678123217 1e-05 248
1746678124198 5e-06 249
1746678125356 5e-06 250
1746678126343 5e-06 251
1746678127494 5e-06 252
1746678128475 5e-06 253
1746678129624 5e-06 254
1746678130602 5e-06 255
1746678131754 5e-06 256
1746678132737 5e-06 257
1746678133719 5e-06 258
1746678135090 5e-06 259
1746678136076 5e-06 260
1746678137223 5e-06 261
1746678138205 2.5e-06 262
1746678139351 2.5e-06 263
1746678140331 2.5e-06 264
1746678141486 2.5e-06 265
1746678142467 2.5e-06 266
1746678143618 2.5e-06 267
1746678144611 2.5e-06 268
1746678145594 2.5e-06 269
1746678146749 1.25e-06 270
1746678147731 1.25e-06 271
1746678148887 1.25e-06 272
1746678149873 1.25e-06 273
1746678151034 1.25e-06 274
1746678152011 1.25e-06 275
1746678152997 6.25e-07 276
1746678154146 6.25e-07 277
1746678155329 6.25e-07 278
1746678156477 6.25e-07 279
1746678289479 1e-05 280
1746678290619 1e-05 281
1746678291616 1e-05 282
1746678292769 1e-05 283
1746678293753 1e-05 284
1746678294900 1e-05 285
1746678295883 1e-05 286
1746678297044 1e-05 287
1746678298029 1e-05 288
1746678299015 1e-05 289
1746678300172 1e-05 290
1746678301162 1e-05 291
1746678302333 1e-05 292
1746678303333 1e-05 293
1746678304492 1e-05 294
1746678305470 1e-05 295
1746678306625 1e-05 296
1746678307614 1e-05 297
1746678308597 5e-06 298
1746678309972 5e-06 299
1746678310972 5e-06 300
1746678312145 5e-06 301
1746678313144 5e-06 302
1746678314310 5e-06 303
1746678315308 5e-06 304
1746678316475 2.5e-06 305
1746678317451 2.5e-06 306
1746678318447 2.5e-06 307
1746678319602 2.5e-06 308
1746678320590 2.5e-06 309
1746678321761 2.5e-06 310
1746678322764 2.5e-06 311
1746678323927 2.5e-06 312
1746678324930 1.25e-06 313
1746678326096 1.25e-06 314
1746678327089 1.25e-06 315
1746678328088 1.25e-06 316
1746678329257 1.25e-06 317
1746678330460 1.25e-06 318
1746678331623 1.25e-06 319
1746678465969 1e-05 320
1746678466973 1e-05 321
1746678468158 1e-05 322
1746678469178 1e-05 323
1746678470178 1e-05 324
1746678471359 1e-05 325
1746678472366 1e-05 326
1746678473533 1e-05 327
1746678474524 1e-05 328
1746678475687 1e-05 329
1746678476681 1e-05 330
1746678477828 1e-05 331
1746678478821 1e-05 332
1746678479815 1e-05 333
1746678480978 1e-05 334
1746678481976 1e-05 335
1746678483132 1e-05 336
1746678484118 1e-05 337
1746678485277 1e-05 338
1746678486489 1e-05 339
1746678487655 1e-05 340
1746678488650 1e-05 341
1746678489641 1e-05 342
1746678490807 1e-05 343
1746678491815 1e-05 344
1746678492993 1e-05 345
1746678493994 1e-05 346
1746678495173 1e-05 347
1746678496177 1e-05 348
1746678497341 5e-06 349
1746678498346 5e-06 350
1746678499334 5e-06 351
1746678500507 5e-06 352
1746678501517 5e-06 353
1746678502692 5e-06 354
1746678503706 5e-06 355
1746678504879 5e-06 356
1746678505880 5e-06 357
1746678507278 5e-06 358
1746678508288 5e-06 359
1746678643613 1e-05 360
1746678644807 1e-05 361
1746678645823 1e-05 362
1746678646822 1e-05 363
1746678648014 1e-05 364
1746678649024 1e-05 365
1746678650197 1e-05 366
1746678651204 1e-05 367
1746678652380 1e-05 368
1746678653393 1e-05 369
1746678654560 1e-05 370
1746678655556 1e-05 371
1746678656562 1e-05 372
1746678657734 1e-05 373
1746678658747 1e-05 374
1746678659926 1e-05 375
1746678660929 1e-05 376
1746678662099 1e-05 377
1746678663102 1e-05 378
1746678664474 1e-05 379
1746678665467 1e-05 380
1746678666637 1e-05 381
1746678667633 1e-05 382
1746678668619 1e-05 383
1746678669792 1e-05 384
1746678670798 1e-05 385
1746678671973 1e-05 386
1746678672972 1e-05 387
1746678674141 1e-05 388
1746678675136 1e-05 389
1746678676289 1e-05 390
1746678677304 1e-05 391
1746678678303 1e-05 392
1746678679462 1e-05 393
1746678680464 1e-05 394
1746678681651 1e-05 395
1746678682652 1e-05 396
1746678683838 1e-05 397
1746678685063 1e-05 398
1746678686241 1e-05 399
1746678820449 1e-05 400
1746678821618 1e-05 401
1746678822628 1e-05 402
1746678823810 1e-05 403
1746678824831 1e-05 404
1746678826019 1e-05 405
1746678827019 1e-05 406
1746678828032 1e-05 407
1746678829214 1e-05 408
1746678830205 1e-05 409
1746678831394 1e-05 410
1746678832423 1e-05 411
1746678833596 1e-05 412
1746678834592 1e-05 413
1746678835768 1e-05 414
1746678836779 1e-05 415
1746678837777 1e-05 416
1746678838939 1e-05 417
1746678839936 1e-05 418
1746678841304 1e-05 419
1746678842284 1e-05 420
1746678843433 1e-05 421
1746678844418 1e-05 422
1746678845585 1e-05 423
1746678846571 1e-05 424
1746678847552 1e-05 425
1746678848702 1e-05 426
1746678849682 1e-05 427
1746678850842 1e-05 428
1746678851842 1e-05 429
1746678853021 1e-05 430
1746678854026 1e-05 431
1746678855201 1e-05 432
1746678856193 1e-05 433
1746678857371 1e-05 434
1746678858382 1e-05 435
1746678859388 1e-05 436
1746678860561 1e-05 437
1746678861790 1e-05 438
1746678862939 1e-05 439
1746678996980 1e-05 440
1746678997958 1e-05 441
1746678999125 1e-05 442
1746679000127 1e-05 443
1746679001297 1e-05 444
1746679002290 1e-05 445
1746679003280 1e-05 446
1746679004448 1e-05 447
1746679005430 1e-05 448
1746679006601 1e-05 449
1746679007601 1e-05 450
1746679008768 1e-05 451
1746679009767 1e-05 452
1746679010942 1e-05 453
1746679011936 1e-05 454
1746679012939 1e-05 455
1746679014112 1e-05 456
1746679015105 1e-05 457
1746679016264 1e-05 458
1746679017471 1e-05 459
1746679018630 1e-05 460
1746679019628 1e-05 461
1746679020793 1e-05 462
1746679021794 1e-05 463
1746679022795 1e-05 464
1746679023944 1e-05 465
1746679024944 1e-05 466
1746679026108 1e-05 467
1746679027101 1e-05 468
1746679028257 1e-05 469
1746679029260 1e-05 470
1746679030413 1e-05 471
1746679031413 1e-05 472
1746679032405 1e-05 473
1746679033567 1e-05 474
1746679034547 1e-05 475
1746679035715 1e-05 476
1746679036699 1e-05 477
1746679038078 1e-05 478
1746679039070 1e-05 479
