1746677036233 1e-05 0
1746677037191 1e-05 1
1746677038306 1e-05 2
1746677039273 1e-05 3
1746677040382 1e-05 4
1746677041334 1e-05 5
1746677042453 1e-05 6
1746677043408 1e-05 7
1746677044515 1e-05 8
1746677045477 1e-05 9
1746677046593 1e-05 10
1746677047553 1e-05 11
1746677048670 1e-05 12
1746677049625 1e-05 13
1746677050738 1e-05 14
1746677051687 1e-05 15
1746677052643 1e-05 16
1746677053754 1e-05 17
1746677054862 1e-05 18
1746677056036 1e-05 19
1746677057142 1e-05 20
1746677058104 1e-05 21
1746677059215 1e-05 22
1746677060181 1e-05 23
1746677061296 1e-05 24
1746677062251 1e-05 25
1746677063366 1e-05 26
1746677064328 1e-05 27
1746677065444 1e-05 28
1746677066406 1e-05 29
1746677067520 1e-05 30
1746677068481 1e-05 31
1746677069433 1e-05 32
1746677070550 1e-05 33
1746677071667 1e-05 34
1746677072634 1e-05 35
1746677073748 1e-05 36
1746677074708 1e-05 37
1746677076030 1e-05 38
1746677076978 1e-05 39
1746677207780 1e-05 40
1746677208914 1e-05 41
1746677209877 1e-05 42
1746677211027 1e-05 43
1746677212000 1e-05 44
1746677212962 1e-05 45
1746677214096 1e-05 46
1746677215065 1e-05 47
1746677216203 1e-05 48
1746677217176 1e-05 49
1746677218318 1e-05 50
1746677219288 1e-05 51
1746677220423 1e-05 52
1746677221394 1e-05 53
1746677222358 1e-05 54
1746677223487 1e-05 55
1746677224448 1e-05 56
1746677225585 1e-05 57
1746677226546 1e-05 58
1746677227892 1e-05 59
1746677228853 1e-05 60
1746677229985 1e-05 61
1746677230965 1e-05 62
1746677231947 1e-05 63
1746677233094 1e-05 64
1746677234076 1e-05 65
1746677235232 1e-05 66
1746677236214 5e-06 67
1746677237360 5e-06 68
1746677238331 5e-06 69
1746677239482 5e-06 70
1746677240452 5e-06 71
1746677241434 5e-06 72
1746677242580 5e-06 73
1746677243548 5e-06 74
1746677244693 2.5e-06 75
1746677245651 2.5e-06 76
1746677246780 2.5e-06 77
1746677247956 2.5e-06 78
1746677249079 2.5e-06 79
1746677379203 1e-05 80
1746677380158 1e-05 81
1746677381301 1e-05 82
1746677382277 1e-05 83
1746677383418 1e-05 84
1746677384396 1e-05 85
1746677385548 1e-05 86
1746677386521 1e-05 87
1746677387493 1e-05 88
1746677388644 5e-06 89
1746677389614 5e-06 90
1746677390753 5e-06 91
1746677391727 5e-06 92
1746677392864 5e-06 93
1746677393831 5e-06 94
1746677394969 5e-06 95
1746677395938 5e-06 96
1746677396903 5e-06 97
1746677398043 5e-06 98
1746677399215 5e-06 99
1746677400352 5e-06 100
1746677401327 5e-06 101
1746677402476 2.5e-06 102
1746677403460 2.5e-06 103
1746677404594 2.5e-06 104
1746677405561 2.5e-06 105
1746677406540 2.5e-06 106
1746677407668 2.5e-06 107
1746677408643 2.5e-06 108
1746677409773 2.5e-06 109
1746677410758 2.5e-06 110
1746677411914 2.5e-06 111
1746677412897 2.5e-06 112
1746677414038 1.25e-06 113
1746677415008 1.25e-06 114
1746677415979 1.25e-06 115
1746677417117 1.25e-06 116
1746677418083 1.25e-06 117
1746677419426 1.25e-06 118
1746677420381 6.25e-07 119
1746677551592 1e-05 120
1746677552568 1e-05 121
1746677553715 1e-05 122
1746677554703 1e-05 123
1746677555675 1e-05 124
1746677556822 1e-05 125
1746677557805 1e-05 126
1746677558963 1e-05 127
1746677559939 1e-05 128
1746677561095 1e-05 129
1746677562066 1e-05 130
1746677563217 1e-05 131
1746677564192 1e-05 132
1746677565178 1e-05 133
1746677566327 1e-05 134
1746677567301 1e-05 135
1746677568460 1e-05 136
1746677569438 1e-05 137
1746677570594 1e-05 138
1746677571796 1e-05 139
1746677572944 1e-05 140
1746677573919 1e-05 141
1746677574896 1e-05 142
1746677576041 1e-05 143
1746677577013 1e-05 144
1746677578149 1e-05 145
1746677579116 5e-06 146
1746677580259 5e-06 147
1746677581238 5e-06 148
1746677582380 5e-06 149
1746677583360 5e-06 150
1746677584329 5e-06 151
1746677585463 5e-06 152
1746677586434 5e-06 153
1746677587569 2.5e-06 154
1746677588536 2.5e-06 155
1746677589679 2.5e-06 156
1746677590661 2.5e-06 157
1746677592022 2.5e-06 158
1746677592995 2.5e-06 159
1746677724810 1e-05 160
1746677725945 1e-05 161
1746677726913 1e-05 162
1746677728054 1e-05 163
1746677729031 1e-05 164
1746677730180 1e-05 165
1746677731160 1e-05 166
1746677732310 1e-05 167
1746677733284 1e-05 168
1746677734263 1e-05 169
1746677735399 1e-05 170
1746677736371 1e-05 171
1746677737522 1e-05 172
1746677738495 1e-05 173
1746677739629 1e-05 174
1746677740611 1e-05 175
1746677741765 1e-05 176
1746677742737 1e-05 177
1746677743703 1e-05 178
1746677745059 1e-05 179
1746677746024 1e-05 180
1746677747164 1e-05 181
1746677748132 1e-05 182
1746677749276 1e-05 183
1746677750253 1e-05 184
1746677751398 1e-05 185
1746677752377 1e-05 186
1746677753351 1e-05 187
1746677754489 1e-05 188
1746677755458 1e-05 189
1746677756594 1e-05 190
1746677757572 1e-05 191
1746677758709 1e-05 192
1746677759684 5e-06 193
1746677760829 5e-06 194
1746677761796 5e-06 195
1746677762776 5e-06 196
1746677763917 5e-06 197
1746677765105 5e-06 198
1746677766248 5e-06 199
1746677897940 1e-05 200
1746677898909 1e-05 201
1746677900049 1e-05 202
1746677901042 1e-05 203
1746677902192 1e-05 204
1746677903175 1e-05 205
1746677904148 1e-05 206
1746677905307 1e-05 207
1746677906285 1e-05 208
1746677907435 1e-05 209
1746677908416 1e-05 210
1746677909562 1e-05 211
1746677910547 1e-05 212
1746677911701 1e-05 213
1746677912686 1e-05 214
1746677913662 5e-06 215
1746677914806 5e-06 216
1746677915783 5e-06 217
1746677916936 5e-06 218
1746677918123 5e-06 219
1746677919273 5e-06 220
1746677920267 5e-06 221
1746677921417 2.5e-06 222
1746677922404 2.5e-06 223
1746677923386 2.5e-06 224
1746677924535 2.5e-06 225
1746677925504 2.5e-06 226
1746677926659 2.5e-06 227
1746677927641 2.5e-06 228
1746677928787 1.25e-06 229
1746677929773 1.25e-06 230
1746677930930 1.25e-06 231
1746677931907 1.25e-06 232
1746677932884 1.25e-06 233
1746677934030 1.25e-06 234
1746677935002 6.25e-07 235
1746677936141 6.25e-07 236
1746677937121 6.25e-07 237
1746677938477 6.25e-07 238
1746677939451 6.25e-07 239
1746678071833 1e-05 240
1746678072813 1e-05 241
1746678073797 1e-05 242
1746678074955 1e-05 243
1746678075937 1e-05 244
1746678077090 1e-05 245
1746678078074 5e-06 246
1746678079223 5e-06 247
1746678080197 5e-06 248
1746678081355 5e-06 249
1746678082341 5e-06 250
1746678083489 5e-06 251
1746678084477 5e-06 252
1746678085444 5e-06 253
1746678086590 5e-06 254
1746678087572 5e-06 255
1746678088733 5e-06 256
1746678089709 5e-06 257
1746678090863 2.5e-06 258
1746678092057 2.5e-06 259
1746678093200 2.5e-06 260
1746678094174 2.5e-06 261
1746678095168 2.5e-06 262
1746678096329 2.5e-06 263
1746678097318 2.5e-06 264
1746678098466 1.25e-06 265
1746678099440 1.25e-06 266
1746678100598 1.25e-06 267
1746678101574 1.25e-06 268
1746678102558 1.25e-06 269
1746678103717 1.25e-06 270
1746678104704 6.25e-07 271
1746678105866 6.25e-07 272
1746678106858 6.25e-07 273
1746678108021 6.25e-07 274
1746678109008 6.25e-07 275
1746678110168 6.25e-07 276
1746678111153 3.125e-07 277
1746678112512 3.125e-07 278
1746678113489 3.125e-07 279
1746678246361 1e-05 280
1746678247336 1e-05 281
1746678248323 1e-05 282
1746678249475 1e-05 283
1746678250457 1e-05 284
1746678251620 1e-05 285
1746678252613 1e-05 286
1746678253761 1e-05 287
1746678254750 1e-05 288
1746678255913 1e-05 289
1746678256899 1e-05 290
1746678257877 1e-05 291
1746678259029 1e-05 292
1746678260017 1e-05 293
1746678261186 1e-05 294
1746678262185 1e-05 295
1746678263342 1e-05 296
1746678264330 1e-05 297
1746678265482 1e-05 298
1746678266684 1e-05 299
1746678267835 1e-05 300
1746678268825 1e-05 301
1746678269815 1e-05 302
1746678270978 1e-05 303
1746678271972 1e-05 304
1746678273140 1e-05 305
1746678274154 1e-05 306
1746678275327 5e-06 307
1746678276321 5e-06 308
1746678277320 5e-06 309
1746678278487 5e-06 310
1746678279479 5e-06 311
1746678280644 5e-06 312
1746678281637 5e-06 313
1746678282794 2.5e-06 314
1746678283772 2.5e-06 315
1746678284938 2.5e-06 316
1746678285932 2.5e-06 317
1746678287299 2.5e-06 318
1746678288277 2.5e-06 319
1746678421876 1e-05 320
1746678423026 1e-05 321
1746678424017 1e-05 322
1746678425175 1e-05 323
1746678426154 1e-05 324
1746678427313 1e-05 325
1746678428300 1e-05 326
1746678429468 1e-05 327
1746678430456 1e-05 328
1746678431613 1e-05 329
1746678432628 5e-06 330
1746678433631 5e-06 331
1746678434817 5e-06 332
1746678435834 5e-06 333
1746678437009 5e-06 334
1746678438012 5e-06 335
1746678439194 5e-06 336
1746678440195 5e-06 337
1746678441201 5e-06 338
1746678442612 5e-06 339
1746678443616 5e-06 340
1746678444793 5e-06 341
1746678445810 5e-06 342
1746678446993 5e-06 343
1746678448002 5e-06 344
1746678449173 5e-06 345
1746678450179 5e-06 346
1746678451180 5e-06 347
1746678452363 2.5e-06 348
1746678453381 2.5e-06 349
1746678454554 2.5e-06 350
1746678455563 2.5e-06 351
1746678456751 2.5e-06 352
1746678457762 2.5e-06 353
1746678458947 2.5e-06 354
1746678459957 2.5e-06 355
1746678461137 2.5e-06 356
1746678462164 2.5e-06 357
1746678463556 1.25e-06 358
1746678464567 1.25e-06 359
1746678599672 1e-05 360
1746678600848 1e-05 361
1746678601865 1e-05 362
1746678602876 1e-05 363
1746678604031 1e-05 364
1746678605038 1e-05 365
1746678606203 1e-05 366
1746678607205 1e-05 367
1746678608371 1e-05 368
1746678609365 1e-05 369
1746678610527 1e-05 370
1746678611541 1e-05 371
1746678612550 1e-05 372
1746678613734 1e-05 373
1746678614735 1e-05 374
1746678615903 5e-06 375
1746678616897 5e-06 376
1746678618064 5e-06 377
1746678619067 5e-06 378
1746678620455 5e-06 379
1746678621459 5e-06 380
1746678622647 5e-06 381
1746678623663 5e-06 382
1746678624667 5e-06 383
1746678625864 5e-06 384
1746678626875 2.5e-06 385
1746678628050 2.5e-06 386
1746678629045 2.5e-06 387
1746678630222 2.5e-06 388
1746678631224 2.5e-06 389
1746678632397 2.5e-06 390
1746678633413 2.5e-06 391
1746678634421 1.25e-06 392
1746678635592 1.25e-06 393
1746678636607 1.25e-06 394
1746678637793 1.25e-06 395
1746678638793 1.25e-06 396
1746678639973 1.25e-06 397
1746678641202 6.25e-07 398
1746678642388 6.25e-07 399
1746678776911 1e-05 400
1746678778078 1e-05 401
1746678779081 1e-05 402
1746678780257 1e-05 403
1746678781264 1e-05 404
1746678782438 1e-05 405
1746678783417 5e-06 406
1746678784411 5e-06 407
1746678785562 5e-06 408
1746678786546 5e-06 409
1746678787701 5e-06 410
1746678788685 5e-06 411
1746678789835 5e-06 412
1746678790822 5e-06 413
1746678792001 5e-06 414
1746678793009 5e-06 415
1746678794020 2.5e-06 416
1746678795192 2.5e-06 417
1746678796209 2.5e-06 418
1746678797595 2.5e-06 419
1746678798584 2.5e-06 420
1746678799766 2.5e-06 421
1746678800780 1.25e-06 422
1746678801963 1.25e-06 423
1746678802981 1.25e-06 424
1746678804007 1.25e-06 425
1746678805166 1.25e-06 426
1746678806152 1.25e-06 427
1746678807320 1.25e-06 428
1746678808311 1.25e-06 429
1746678809476 6.25e-07 430
1746678810461 6.25e-07 431
1746678811613 6.25e-07 432
1746678812607 6.25e-07 433
1746678813769 6.25e-07 434
1746678814754 6.25e-07 435
1746678815744 3.125e-07 436
1746678816898 3.125e-07 437
1746678818100 3.125e-07 438
1746678819249 3.125e-07 439
1746678953592 1e-05 440
1746678954577 1e-05 441
1746678955735 1e-05 442
1746678956743 1e-05 443
1746678957913 1e-05 444
1746678958910 1e-05 445
1746678959899 1e-05 446
1746678961060 1e-05 447
1746678962039 1e-05 448
1746678963194 1e-05 449
1746678964182 1e-05 450
1746678965333 1e-05 451
1746678966322 1e-05 452
1746678967492 1e-05 453
1746678968490 1e-05 454
1746678969481 1e-05 455
1746678970633 1e-05 456
1746678971634 1e-05 457
1746678972787 1e-05 458
1746678973994 1e-05 459
1746678975154 1e-05 460
1746678976158 1e-05 461
1746678977332 1e-05 462
1746678978331 1e-05 463
1746678979330 1e-05 464
1746678980502 1e-05 465
1746678981493 1e-05 466
1746678982655 1e-05 467
1746678983641 1e-05 468
1746678984811 1e-05 469
1746678985821 1e-05 470
1746678986983 1e-05 471
1746678987975 1e-05 472
1746678988963 1e-05 473
1746678990117 1e-05 474
1746678991103 1e-05 475
1746678992266 1e-05 476
1746678993251 1e-05 477
1746678994621 1e-05 478
1746678995601 1e-05 479
