1747885824038 2.310485601425171 0
1747885826594 2.3039754954251377 1
1747885829361 2.3010901754552666 2
1747885831892 2.298885713924061 3
1747885834450 2.296011144464666 4
1747885837007 2.2929775931618432 5
1747885839558 2.28914119980552 6
1747885842308 2.2854660857807505 7
1747885844902 2.2810282707214355 8
1747885847490 2.274721535769376 9
1747885850050 2.268034414811568 10
1747885852816 2.260949871756814 11
1747885855389 2.2528763034126977 12
1747885857956 2.2443346110257236 13
1747885860512 2.2350502664392646 14
1747885863058 2.2250871008092705 15
1747885865816 2.2147860527038574 16
1747885868377 2.204656319184737 17
1747885870929 2.1956081173636695 18
1747885873893 2.1882423054088247 19
1747885876481 2.179548436945135 20
1747885879079 2.168936404314908 21
1747885881671 2.1614827026020396 22
1747885884252 2.156155087731101 23
1747885887050 2.1483961668881504 24
1747885889622 2.1381749239834873 25
1747885892198 2.133562781594016 26
1747885894760 2.133142601359974 27
1747885897566 2.127482696013017 28
1747885900162 2.1183739358728584 29
1747885902743 2.1159854151985864 30
1747885905328 2.118417891589078 31
1747885907924 2.116216442801736 32
1747885910711 2.109254988757047 33
1747885913309 2.1104715087197046 34
1747885915917 2.112456039948897 35
1747885918501 2.1061212799765845 36
1747885921305 2.105127464641224 37
1747885924099 2.107191887768832 38
1747885926689 2.10214656049555 39
1747886038678 2.6230404376983643 40
1747886041337 2.1029611934315073 41
1747886043985 2.372549057006836 42
1747886046624 2.215338100086559 43
1747886049252 2.105989391153509 44
1747886051890 2.1591948812658135 45
1747886054247 2.209211392836137 46
1747886056868 2.19888296994296 47
1747886059477 2.155239061875777 48
1747886062091 2.1331051262942227 49
1747886064722 2.1178840940648858 50
1747886067375 2.114213466644287 51
1747886070035 2.1204431273720483 52
1747886072682 2.130398013375022 53
1747886075318 2.137372385371815 54
1747886077934 2.1375689289786597 55
1747886080555 2.134623549201272 56
1747886083177 2.129509058865634 57
1747886085800 2.1235179901123047 58
1747886088607 2.117914221503518 59
1747886090955 2.1136959249323066 60
1747886093579 2.1123132705688477 61
1747886096216 2.111398610201749 62
1747886098850 2.110956387086348 63
1747886101479 2.1108790094202217 64
1747886104105 2.1110271974043413 65
1747886106758 2.1113056486303154 66
1747886109402 2.111416318199851 67
1747886112021 2.111491333354603 68
1747886114659 2.1114847443320532 69
1747886117323 2.1114097725261343 70
1747886119973 2.1112399101257324 71
1747886122625 2.111009814522483 72
1747886125010 2.1108419461683794 73
1747886127677 2.1106822707436304 74
1747886130335 2.110475843602961 75
1747886133010 2.1102560433474453 76
1747886135677 2.1100587194616143 77
1747886138550 2.1097793145613237 78
1747886141218 2.109674713828347 79
1747886254313 2.1404951268976387 80
1747886256724 2.334766149520874 81
1747886259404 2.1423141956329346 82
1747886262085 2.130222342231057 83
1747886264781 2.200336391275579 84
1747886267455 2.1895833882418545 85
1747886270137 2.1389425017616968 86
1747886272816 2.1133405295285312 87
1747886275538 2.131179679523815 88
1747886278229 2.155089421705766 89
1747886280912 2.155222632668235 90
1747886283602 2.1351523399353027 91
1747886286281 2.1159626353870737 92
1747886288962 2.1137402707880195 93
1747886291382 2.1249411322853784 94
1747886294071 2.128520380366932 95
1747886296756 2.126542481509122 96
1747886299454 2.1200317686254326 97
1747886302150 2.1123200980099766 98
1747886305045 2.1068356904116543 99
1747886307748 2.1055748462677 100
1747886310440 2.107667641206221 101
1747886313147 2.1104343587701972 102
1747886315851 2.1110724102367056 103
1747886318562 2.1084676439111885 104
1747886321272 2.1037440950220283 105
1747886323996 2.099351232702082 106
1747886326702 2.0974913727153432 107
1747886329374 2.098246921192516 108
1747886331775 2.0997303399172695 109
1747886334484 2.0996431870894 110
1747886337197 2.0973153764551338 111
1747886339909 2.094041195782748 112
1747886342611 2.091969533400102 113
1747886345313 2.092043486508456 114
1747886348011 2.092994950034402 115
1747886350694 2.0929087075320156 116
1747886353374 2.091142871163108 117
1747886356276 2.088960127397017 118
1747886358969 2.0880017930811103 119
1747886472992 2.093627842989835 120
1747886475691 2.4139099554582075 121
1747886478385 2.125933603806929 122
1747886481076 2.170354279604825 123
1747886483749 2.232286041433161 124
1747886486445 2.1595313982530073 125
1747886489153 2.098661097613248 126
1747886491834 2.108251224864613 127
1747886494539 2.1237105889753862 128
1747886496983 2.1317918083884497 129
1747886499694 2.1301243088462134 130
1747886502378 2.1214626919139516 131
1747886505095 2.1104058135639536 132
1747886507811 2.101775061000477 133
1747886510537 2.0994064157659356 134
1747886513245 2.0984757380052046 135
1747886515973 2.0987898219715464 136
1747886518684 2.099817167628895 137
1747886521398 2.100991292433305 138
1747886524311 2.1017060713334517 139
1747886527025 2.1017247330058706 140
1747886529723 2.10129451751709 141
1747886532437 2.1004719083959404 142
1747886535137 2.099410143765536 143
1747886537595 2.098188877105713 144
1747886540295 2.0969316309148613 145
1747886543005 2.0962831757285376 146
1747886545694 2.09568207914179 147
1747886548387 2.09510478106412 148
1747886551060 2.0945920944213867 149
1747886553740 2.094144279306585 150
1747886556415 2.0937568707899614 151
1747886559088 2.0935767130418257 152
1747886561758 2.0934325564991343 153
1747886564447 2.0932765007019043 154
1747886567124 2.0931482315063477 155
1747886569792 2.0930105556141245 156
1747886572189 2.0929053913463247 157
1747886575077 2.0927935513583096 158
1747886577785 2.0926733667200264 159
1747886691824 2.0957901694557886 160
1747886694513 2.3050476637753574 161
1747886697223 2.11680024320429 162
1747886699907 2.1345797885547984 163
1747886702596 2.1896672032096167 164
1747886705032 2.142093680121682 165
1747886707735 2.097821279005571 166
1747886710430 2.1066213087602095 167
1747886713108 2.118484236977317 168
1747886715808 2.1230792782523413 169
1747886718504 2.1190580888227983 170
1747886721198 2.1095288450067695 171
1747886723871 2.0998237133026123 172
1747886726582 2.094330657612194 173
1747886729297 2.093779780647971 174
1747886732003 2.0942790508270264 175
1747886734720 2.0952185934240166 176
1747886737435 2.0959080782803623 177
1747886740104 2.095929644324563 178
1747886742715 2.0950017842379483 179
1747886745407 2.093258012424816 180
1747886748115 2.091106588190252 181
1747886750816 2.0890357277610083 182
1747886753529 2.087390726262873 183
1747886756239 2.0864219665527344 184
1747886758946 2.086041645570235 185
1747886761649 2.0860060561786997 186
1747886764344 2.085914806886153 187
1747886767020 2.0855124430222944 188
1747886769698 2.0846661654385654 189
1747886772388 2.08347563310103 190
1747886775082 2.082217715003274 191
1747886777534 2.0811748071150347 192
1747886780232 2.0805262218822134 193
1747886782932 2.0802079764279453 194
1747886785607 2.080066594210538 195
1747886788267 2.0798674279993232 196
1747886790925 2.079393820329146 197
1747886793799 2.078718597238714 198
1747886796463 2.0779137394644995 199
1747886910413 2.0879642096432773 200
1747886913072 2.3354921991174873 201
1747886915745 2.1150043227455835 202
1747886918416 2.1215573874386875 203
1747886921078 2.1889011426405474 204
1747886923740 2.14294095472856 205
1747886926427 2.0912542126395484 206
1747886929082 2.0920856432481245 207
1747886931741 2.1031614433635366 208
1747886934406 2.109802722930908 209
1747886937069 2.1093301339582964 210
1747886939722 2.103073835372925 211
1747886942129 2.0945816473527388 212
1747886944798 2.087775707244873 213
1747886947462 2.085736859928478 214
1747886950123 2.0848107554695825 215
1747886952792 2.084820357235995 216
1747886955469 2.085373054851185 217
1747886958130 2.0860310901295054 218
1747886960984 2.0862956047058105 219
1747886963654 2.085902452468872 220
1747886966358 2.0848002433776855 221
1747886969065 2.0832100131294946 222
1747886971772 2.0822613022544165 223
1747886974213 2.0812388983639805 224
1747886976940 2.080240314657038 225
1747886979658 2.0793522704731333 226
1747886982375 2.07862173427235 227
1747886985095 2.078092575073242 228
1747886987829 2.0777266242287378 229
1747886990550 2.0774650356986304 230
1747886993272 2.077301263809204 231
1747886996003 2.0771354111758145 232
1747886998724 2.076952002265237 233
1747887001457 2.076668370853771 234
1747887004183 2.0763102878223765 235
1747887006909 2.0758585062893955 236
1747887009374 2.075353730808605 237
1747887012571 2.074803113937378 238
1747887015024 2.0742768591100518 239
1747887129701 2.0830020037564365 240
1747887132362 2.2827108123085718 241
1747887135048 2.1027792150324043 242
1747887137753 2.1069176197052 243
1747887140464 2.167924252423373 244
1747887142897 2.129408749667081 245
1747887145611 2.0839946269989014 246
1747887148310 2.0853969834067603 247
1747887151011 2.0954524387012827 248
1747887153720 2.101099274375222 249
1747887156429 2.0995736122131348 250
1747887159148 2.0925969210538 251
1747887161853 2.0839144099842417 252
1747887164539 2.077685594558716 253
1747887167237 2.076313105496493 254
1747887169921 2.075981378555298 255
1747887172598 2.0763679417696865 256
1747887175290 2.0769459117542612 257
1747887177770 2.077234398234974 258
1747887180956 2.0768406174399634 259
1747887183424 2.0757050080732866 260
1747887186129 2.074065230109475 261
1747887188858 2.072228019887751 262
1747887191559 2.0705891955982554 263
1747887194230 2.0693141980604692 264
1747887196931 2.0685606653040107 265
1747887199627 2.0682421814311636 266
1747887202331 2.0680217309431597 267
1747887205029 2.067748546600342 268
1747887207727 2.0672012025659736 269
1747887210424 2.066330064426769 270
1747887213117 2.065264181657271 271
1747887215807 2.0641802007501777 272
1747887218518 2.0632987889376553 273
1747887220960 2.0626882206309927 274
1747887223678 2.062290061603893 275
1747887226401 2.0619650103829126 276
1747887229150 2.0615931424227627 277
1747887232068 2.0610292824831875 278
1747887234773 2.060341878370805 279
1747887349578 2.0693246884779497 280
1747887352279 2.296984217383645 281
1747887354981 2.091438661922108 282
1747887357719 2.107397751374678 283
1747887360449 2.166262626647949 284
1747887363183 2.1165417541157114 285
1747887365902 2.06738298589533 286
1747887368616 2.073404485529119 287
1747887371337 2.1010818264701148 288
1747887374062 2.1113572987643154 289
1747887376791 2.0997390747070312 290
1747887379491 2.07973389192061 291
1747887381921 2.0674791769547896 292
1747887384626 2.070469552820379 293
1747887387350 2.0747125148773193 294
1747887390031 2.076695268804377 295
1747887392710 2.075142188505693 296
1747887395418 2.070678949356079 297
1747887398143 2.065184376456521 298
1747887401066 2.0608038902282715 299
1747887403742 2.0587738860737193 300
1747887406465 2.058849399740046 301
1747887409179 2.059887084093961 302
1747887411901 2.060446695847945 303
1747887414616 2.0594569986516778 304
1747887417348 2.056805220517245 305
1747887419807 2.0533441196788442 306
1747887422530 2.0504310347817163 307
1747887425250 2.0491664843125776 308
1747887427979 2.0493650869889692 309
1747887430689 2.0498338612643154 310
1747887433360 2.0492767854170366 311
1747887436067 2.0474117669192227 312
1747887438790 2.0449740236455742 313
1747887441497 2.0433299758217554 314
1747887444192 2.0428903753107246 315
1747887446875 2.0430698828263716 316
1747887449573 2.042737288908525 317
1747887452481 2.0415224812247534 318
1747887455182 2.039912050420588 319
1747887570147 2.056187152862549 320
1747887572878 2.369426293806596 321
1747887575606 2.0795201388272373 322
1747887578331 2.085343989458951 323
1747887581052 2.171563603661277 324
1747887583781 2.1591295545751397 325
1747887586243 2.09311749718406 326
1747887588955 2.0481923926960337 327
1747887591672 2.044667894190008 328
1747887594405 2.050685167312622 329
1747887597126 2.0596798983487217 330
1747887599848 2.065630717711015 331
1747887602556 2.0651520815762607 332
1747887605264 2.0591000643643467 333
1747887607984 2.050613273273815 334
1747887610714 2.043508442965421 335
1747887613431 2.0412829139015893 336
1747887616163 2.0400928367267954 337
1747887618894 2.0398471788926558 338
1747887621816 2.040342699397694 339
1747887624293 2.0410737341100518 340
1747887627025 2.0417011217637495 341
1747887629762 2.041914766485041 342
1747887632477 2.0415364395488393 343
1747887635181 2.040594686161388 344
1747887637894 2.0392424193295566 345
1747887640603 2.0384557247161865 346
1747887643308 2.037594296715476 347
1747887646019 2.03678373856978 348
1747887648738 2.035991820422086 349
1747887651454 2.035389553416859 350
1747887654189 2.034897500818426 351
1747887656642 2.034560376947576 352
1747887659382 2.034346168691462 353
1747887662109 2.0342050248926338 354
1747887664832 2.0341086170890113 355
1747887667567 2.0340173461220483 356
1747887670309 2.0339043790643867 357
1747887673240 2.0337057547135786 358
1747887675966 2.0334533127871426 359
1747887790978 2.0596352490511807 360
1747887793688 2.2450595769015225 361
1747887796400 2.068112546747381 362
1747887799105 2.059442780234597 363
1747887801794 2.119398420507258 364
1747887804486 2.113042701374401 365
1747887807201 2.0667941570281982 366
1747887809931 2.0418408567255195 367
1747887812651 2.0441712249409068 368
1747887815380 2.050739114934748 369
1747887817863 2.055531545118852 370
1747887820611 2.055220907384699 371
1747887823333 2.050117405978116 372
1747887826069 2.0430953069166704 373
1747887828804 2.03749587319114 374
1747887831531 2.03596509586681 375
1747887834257 2.0352955731478604 376
1747887836995 2.035319783470847 377
1747887839732 2.0357091426849365 378
1747887842687 2.036052270369096 379
1747887845419 2.0360588160428135 380
1747887848154 2.0355091961947354 381
1747887850893 2.034444137053056 382
1747887853637 2.033033240925182 383
1747887856370 2.0316267663782295 384
1747887859100 2.030439701947299 385
1747887861588 2.029592340642756 386
1747887864321 2.029178099198775 387
1747887867052 2.0290318835865366 388
1747887869787 2.028968160802668 389
1747887872507 2.028748642314564 390
1747887875241 2.02826848897067 391
1747887877961 2.0275448885830967 392
1747887880684 2.0267195268110796 393
1747887883393 2.0259382941506128 394
1747887886116 2.025301597335122 395
1747887888832 2.0249609730460425 396
1747887891570 2.0247670737179844 397
1747887894493 2.02459885857322 398
1747887897220 2.0243303775787354 399
1747888011749 2.0474464243108574 400
1747888014464 2.219021428715099 401
1747888017176 2.0884416536851362 402
1747888019893 2.055593165484342 403
1747888022605 2.082738161087036 404
1747888025312 2.084818059747869 405
1747888027763 2.0602780905636875 406
1747888030487 2.040159572254528 407
1747888033193 2.0342233180999756 408
1747888035887 2.030486128546975 409
1747888038605 2.0310323455116968 410
1747888041329 2.0343883471055464 411
1747888044032 2.036731719970703 412
1747888046754 2.035437497225675 413
1747888049491 2.030944585800171 414
1747888052209 2.025636066089977 415
1747888054923 2.0220280343836006 416
1747888057631 2.0214450359344482 417
1747888060351 2.0231517878445713 418
1747888063284 2.0251494862816553 419
1747888065745 2.0254715355959805 420
1747888068476 2.023485140366988 421
1747888071192 2.020024061203003 422
1747888073900 2.0167854482477363 423
1747888076605 2.015226732600819 424
1747888079334 2.015585487539118 425
1747888082072 2.016886971213601 426
1747888084788 2.017637263644825 427
1747888087528 2.0170082395726983 428
1747888090251 2.015147165818648 429
1747888092971 2.0130946961316196 430
1747888095705 2.011806910688227 431
1747888098435 2.0115225965326484 432
1747888100898 2.01189847425981 433
1747888103639 2.0121247985146264 434
1747888106355 2.011702147397128 435
1747888109098 2.0107899579134854 436
1747888111811 2.0096335085955532 437
1747888114750 2.0088202086361973 438
1747888117473 2.00844652002508 439
1747888232510 2.0425742756236684 440
1747888234963 2.1481410806829278 441
1747888237684 2.045420668341897 442
1747888240400 2.0255219502882524 443
1747888243109 2.0579778497869317 444
1747888245795 2.0540336045351895 445
1747888248519 2.027747631072998 446
1747888251229 2.015689156272195 447
1747888253949 2.024120417508212 448
1747888256661 2.0346583236347544 449
1747888259377 2.034606543454257 450
1747888262095 2.025190093300559 451
1747888264803 2.015415592627092 452
1747888267254 2.012492450800809 453
1747888269943 2.0156387090682983 454
1747888272614 2.019350442019376 455
1747888275289 2.0183114355260674 456
1747888277989 2.0125968889756636 457
1747888280690 2.007308147170327 458
1747888283580 2.0058777874166314 459
1747888286256 2.008001045747237 460
1747888288936 2.0089915990829468 461
1747888291596 2.006480412049727 462
1747888294268 2.002558014609597 463
1747888296954 2.000722809271379 464
1747888299664 2.0014275420795786 465
1747888302389 2.001751878044822 466
1747888304845 2.0001751509579746 467
1747888307567 1.9981117682023481 468
1747888310298 1.9975271658463911 469
1747888313019 1.9976456490429966 470
1747888315755 1.996708328073675 471
1747888318478 1.9951096881519665 472
1747888321205 1.9943920265544544 473
1747888323941 1.9943394335833462 474
1747888326668 1.993552803993225 475
1747888329401 1.991994240067222 476
1747888332094 1.991074096072804 477
1747888334981 1.991199959408153 478
1747888337695 1.9909336241808804 479
1747888452036 2.0520684719085693 480
1747888454705 2.183623357252641 481
1747888457383 2.071288152174516 482
1747888460112 2.054014205932617 483
1747888462811 2.0300334366885098 484
1747888465489 2.0207210670817983 485
1747888467941 2.052501678466797 486
1747888470659 2.045801184394143 487
1747888473379 2.0146646066145464 488
1747888476085 2.00066631490534 489
1747888478806 2.0108572353016245 490
1747888481527 2.0213216001337226 491
1747888484225 2.0196670185435903 492
1747888486919 2.01339654488997 493
1747888489638 2.0099523934451016 494
1747888492373 2.0080914172259243 495
1747888495099 2.004764892838218 496
1747888497820 2.0022861632433804 497
1747888500547 2.000105240128257 498
1747888503502 1.9995149915868586 499
1747888505958 2.0002577196468008 500
1747888508692 2.0007802031256934 501
1747888511433 1.9996943473815918 502
1747888514139 1.9970510331067173 503
1747888516846 1.9943548224189065 504
1747888519554 1.9930490905588323 505
1747888522244 1.9931822256608442 506
1747888524936 1.9938432411714033 507
1747888527625 1.9938970370726152 508
1747888530341 1.9930219867012717 509
1747888533060 1.9917088205164128 510
1747888535769 1.9906319596550681 511
1747888538236 1.990151351148432 512
1747888540963 1.9898843331770464 513
1747888543680 1.9893342364918103 514
1747888546397 1.9886626221916892 515
1747888549118 1.9881808324293657 516
1747888551844 1.9881752621043811 517
1747888554761 1.9881132190877742 518
1747888557468 1.9875633716583252 519
1747888671496 2.0615127086639404 520
1747888674220 2.146355000409213 521
1747888676930 2.067385586825284 522
1747888679670 2.0410557226701216 523
1747888682385 2.0483559261668813 524
1747888685101 2.0180176821621982 525
1747888687829 2.0091114694421943 526
1747888690566 2.0333704298192803 527
1747888693291 2.036698189648715 528
1747888696017 2.0157956210049717 529
1747888698494 1.9985721761530095 530
1747888701215 2.0008189136331733 531
1747888703921 2.0125011747533623 532
1747888706645 2.016609712080522 533
1747888709395 2.0106509815562856 534
1747888712129 2.0031640096144243 535
1747888714861 1.9998589645732532 536
1747888717603 1.9994419488039883 537
1747888720326 1.9986257769844749 538
1747888723261 1.9966429471969604 539
1747888725964 1.994592709974809 540
1747888728703 1.9934602000496604 541
1747888731401 1.9932767369530418 542
1747888734090 1.9930609573017468 543
1747888736783 1.9919128851457075 544
1747888739526 1.9898756308989092 545
1747888742010 1.9880466027693315 546
1747888744747 1.9872920188036831 547
1747888747461 1.9875601530075073 548
1747888750193 1.988037022677335 549
1747888752910 1.9876516407186335 550
1747888755601 1.9862996014681729 551
1747888758281 1.984731836752458 552
1747888760964 1.9838311888954856 553
1747888763623 1.9838713082400234 554
1747888766297 1.9840631918473677 555
1747888769028 1.983731909231706 556
1747888771768 1.9829353961077603 557
1747888774694 1.9821837490255183 558
1747888777420 1.9818219488317317 559
1747888892303 2.0832326195456763 560
1747888895037 2.1203289898959072 561
1747888897771 2.0748035474257036 562
1747888900504 2.027370647950606 563
1747888902941 2.0294540145180444 564
1747888905642 2.0320086695931177 565
1747888908364 2.0107544335451992 566
1747888911096 2.007326451214877 567
1747888913834 2.0212922529740767 568
1747888916562 2.02253718809648 569
1747888919268 2.0083300308747725 570
1747888921965 1.99547587741505 571
1747888924652 1.9953456791964443 572
1747888927359 2.0039914521304043 573
1747888930076 2.009571530602195 574
1747888932802 2.0056642293930054 575
1747888935511 1.9965786825526843 576
1747888938246 1.9904311245137996 577
1747888940712 1.9908914349295876 578
1747888943660 1.9941628846255215 579
1747888946366 1.9943106716329402 580
1747888949091 1.9903782389380715 581
1747888951815 1.9866991476579146 582
1747888954535 1.9857302145524458 583
1747888957249 1.9854444156993518 584
1747888959966 1.9841329401189631 585
1747888962686 1.9832049824974753 586
1747888965408 1.9832350015640259 587
1747888968122 1.982280677015131 588
1747888970873 1.979774366725575 589
1747888973605 1.9784261855212124 590
1747888976340 1.9794021303003484 591
1747888978818 1.9798661362041126 592
1747888981554 1.977882211858576 593
1747888984263 1.9758548194711858 594
1747888986984 1.9760457385670056 595
1747888989703 1.976577021858909 596
1747888992415 1.9754506566307761 597
1747888995306 1.9741337082602761 598
1747888997997 1.9739542657678777 599
1747889112746 2.1027354543859307 600
1747889115426 2.0933252464641225 601
1747889118112 2.078357761556452 602
1747889120847 2.01897394657135 603
1747889123568 2.0058235471898858 604
1747889126277 2.019328648393804 605
1747889129001 2.0115585002032192 606
1747889131755 2.0025883371179756 607
1747889134475 2.0067268176512285 608
1747889137218 2.0077163739637895 609
1747889139694 1.9985747337341309 610
1747889142428 1.9891669425097378 611
1747889145170 1.9883986819874158 612
1747889147897 1.9942091378298672 613
1747889150617 1.9980247670953923 614
1747889153352 1.994958834214644 615
1747889156087 1.9875510280782527 616
1747889158805 1.981903618032282 617
1747889161541 1.981978102163835 618
1747889164465 1.9854506687684492 619
1747889167198 1.9863917827606201 620
1747889169939 1.9826352162794634 621
1747889172672 1.978325605392456 622
1747889175386 1.9773499098691074 623
1747889178096 1.9782944484190508 624
1747889180829 1.9779864766381003 625
1747889183296 1.9762272292917424 626
1747889186020 1.9748553796248003 627
1747889188742 1.9740727923133157 628
1747889191484 1.973078359257091 629
1747889194212 1.972027225927873 630
1747889196939 1.9718621318990535 631
1747889199662 1.972112232988531 632
1747889202399 1.9712330102920532 633
1747889205127 1.969302079894326 634
1747889207885 1.9684437079863115 635
1747889210610 1.9691105430776423 636
1747889213346 1.969157338142395 637
1747889216292 1.967633930119601 638
1747889219028 1.9664178111336448 639
1747889333974 2.0878264253789727 640
1747889336703 2.0779281963001597 641
1747889339443 2.060222799127752 642
1747889342172 2.0033676732670176 643
1747889344912 1.9998506741090254 644
1747889347657 2.010714986107566 645
1747889350127 1.998467586257241 646
1747889352843 1.9924199039285833 647
1747889355532 1.9989364363930442 648
1747889358236 1.9981001832268455 649
1747889360961 1.987899292599071 650
1747889363682 1.9801734360781582 651
1747889366405 1.9813030416315252 652
1747889369109 1.9868188337846235 653
1747889371851 1.9888846332376653 654
1747889374574 1.9848197481848977 655
1747889377308 1.9777171936902134 656
1747889380038 1.9733913486654109 657
1747889382766 1.9745567386800593 658
1747889385706 1.9773809909820557 659
1747889388165 1.9766494252464988 660
1747889390896 1.9729655330831355 661
1747889393612 1.9705477194352583 662
1747889396315 1.9705718647349963 663
1747889399029 1.970207084308971 664
1747889401756 1.9685878320173784 665
1747889404494 1.9675249619917436 666
1747889407238 1.9674355550245806 667
1747889409976 1.9666136719963767 668
1747889412705 1.9649879715659402 669
1747889415440 1.9641888358376243 670
1747889418158 1.964512207291343 671
1747889420893 1.964200962673534 672
1747889423365 1.9625907052646985 673
1747889426100 1.961340221491727 674
1747889428841 1.9616034356030552 675
1747889431578 1.9617207050323486 676
1747889434310 1.9604201425205579 677
1747889437269 1.9591143889860674 678
1747889440005 1.9590802084315906 679
1747889555383 2.0815822644667192 680
1747889557849 2.0625499161806973 681
1747889560585 2.0499406944621694 682
1747889563328 1.9957323399457065 683
1747889566051 1.9920303604819558 684
1747889568783 2.000649267976934 685
1747889571505 1.9888576052405618 686
1747889574230 1.985687179998918 687
1747889576964 1.9924879507585005 688
1747889579697 1.989512476054105 689
1747889582443 1.9785311763936824 690
1747889585165 1.9720341617410833 691
1747889587909 1.9738690528002651 692
1747889590370 1.9784242673353716 693
1747889593100 1.9798666672273115 694
1747889595783 1.976325977932323 695
1747889598484 1.9696325605565852 696
1747889601225 1.965220039541071 697
1747889603982 1.9662054993889548 698
1747889606921 1.968866770917719 699
1747889609631 1.9684460813348943 700
1747889612366 1.9656031998721035 701
1747889615096 1.9633704749020664 702
1747889617817 1.9620554013685747 703
1747889620557 1.960792671550404 704
1747889623281 1.9601893099871548 705
1747889626005 1.9606131315231323 706
1747889628484 1.9601840431039983 707
1747889631220 1.9581619717858054 708
1747889633941 1.9565896554426714 709
1747889636641 1.9565425460988826 710
1747889639368 1.956908724524758 711
1747889642092 1.9560672044754028 712
1747889644817 1.9546112038872459 713
1747889647552 1.953937823122198 714
1747889650291 1.9539142413572832 715
1747889653038 1.9532890861684626 716
1747889655759 1.9524193135174839 717
1747889658682 1.9519887078892102 718
1747889661414 1.9515369913794778 719
1747889776506 2.0819336501034824 720
1747889779230 1.9670099128376355 721
1747889781933 1.9860001694072376 722
1747889784631 2.0003995353525337 723
1747889787310 1.9875538349151611 724
1747889790041 1.9709393544630571 725
1747889792499 1.964575550772927 726
1747889795205 1.9649387056177312 727
1747889797918 1.9643535614013672 728
1747889800652 1.962792385708202 729
1747889803370 1.9633689251813022 730
1747889806108 1.965132550759749 731
1747889808841 1.964451009576971 732
1747889811591 1.9607030370018699 733
1747889814312 1.9562440568750554 734
1747889817020 1.9537516073747114 735
1747889819734 1.9538155469027432 736
1747889822473 1.9553908434781162 737
1747889825184 1.9569708975878628 738
1747889828130 1.9572005488655784 739
1747889830585 1.9555201855572788 740
1747889833288 1.952689907767556 741
1747889835971 1.950467738238248 742
1747889838666 1.9499226483431729 743
1747889841386 1.9507188580252908 744
1747889844117 1.9516688693653454 745
1747889846842 1.9518979787826538 746
1747889849568 1.9512261369011619 747
1747889852298 1.9499013098803433 748
1747889855039 1.948561343279752 749
1747889857774 1.9477888345718384 750
1747889860479 1.947815396568992 751
1747889862912 1.948243032802235 752
1747889865600 1.9483681266958064 753
1747889868301 1.947737379507585 754
1747889871000 1.9468272924423218 755
1747889873704 1.9461651823737405 756
1747889876403 1.9458893104033037 757
1747889879327 1.9458449753847988 758
1747889882048 1.9457067901437932 759
1747889996615 1.9867077740755947 760
1747889999310 1.9663001949136907 761
1747890002025 1.973076657815413 762
1747890004722 1.958366784182462 763
1747890007400 1.9535876512527466 764
1747890010123 1.9557251605120571 765
