1747885824038 0.001 0
1747885826594 0.001 1
1747885829361 0.001 2
1747885831892 0.001 3
1747885834450 0.001 4
1747885837007 0.001 5
1747885839558 0.001 6
1747885842308 0.001 7
1747885844902 0.001 8
1747885847490 0.001 9
1747885850050 0.001 10
1747885852816 0.001 11
1747885855389 0.001 12
1747885857956 0.001 13
1747885860512 0.001 14
1747885863058 0.001 15
1747885865816 0.001 16
1747885868377 0.001 17
1747885870929 0.001 18
1747885873893 0.001 19
1747885876481 0.001 20
1747885879079 0.001 21
1747885881671 0.001 22
1747885884252 0.001 23
1747885887050 0.001 24
1747885889622 0.001 25
1747885892198 0.001 26
1747885894760 0.001 27
1747885897566 0.001 28
1747885900162 0.001 29
1747885902743 0.001 30
1747885905328 0.001 31
1747885907924 0.001 32
1747885910711 0.001 33
1747885913309 0.001 34
1747885915917 0.001 35
1747885918501 0.001 36
1747885921305 0.001 37
1747885924099 0.001 38
1747885926689 0.001 39
1747886038678 0.001 40
1747886041337 0.001 41
1747886043985 0.001 42
1747886046624 0.001 43
1747886049252 0.001 44
1747886051890 0.001 45
1747886054247 0.001 46
1747886056868 0.0005 47
1747886059477 0.0005 48
1747886062091 0.0005 49
1747886064722 0.0005 50
1747886067375 0.0005 51
1747886070035 0.0005 52
1747886072682 0.00025 53
1747886075318 0.00025 54
1747886077934 0.00025 55
1747886080555 0.00025 56
1747886083177 0.00025 57
1747886085800 0.00025 58
1747886088607 0.000125 59
1747886090955 0.000125 60
1747886093579 0.000125 61
1747886096216 0.000125 62
1747886098850 0.000125 63
1747886101479 0.000125 64
1747886104105 6.25e-05 65
1747886106758 6.25e-05 66
1747886109402 6.25e-05 67
1747886112021 6.25e-05 68
1747886114659 6.25e-05 69
1747886117323 6.25e-05 70
1747886119973 3.125e-05 71
1747886122625 3.125e-05 72
1747886125010 3.125e-05 73
1747886127677 3.125e-05 74
1747886130335 3.125e-05 75
1747886133010 3.125e-05 76
1747886135677 1.5625e-05 77
1747886138550 1.5625e-05 78
1747886141218 1.5625e-05 79
1747886254313 0.001 80
1747886256724 0.001 81
1747886259404 0.001 82
1747886262085 0.001 83
1747886264781 0.001 84
1747886267455 0.001 85
1747886270137 0.001 86
1747886272816 0.001 87
1747886275538 0.001 88
1747886278229 0.001 89
1747886280912 0.001 90
1747886283602 0.001 91
1747886286281 0.001 92
1747886288962 0.0005 93
1747886291382 0.0005 94
1747886294071 0.0005 95
1747886296756 0.0005 96
1747886299454 0.0005 97
1747886302150 0.0005 98
1747886305045 0.0005 99
1747886307748 0.0005 100
1747886310440 0.0005 101
1747886313147 0.0005 102
1747886315851 0.0005 103
1747886318562 0.0005 104
1747886321272 0.0005 105
1747886323996 0.0005 106
1747886326702 0.0005 107
1747886329374 0.0005 108
1747886331775 0.0005 109
1747886334484 0.0005 110
1747886337197 0.0005 111
1747886339909 0.0005 112
1747886342611 0.0005 113
1747886345313 0.0005 114
1747886348011 0.0005 115
1747886350694 0.0005 116
1747886353374 0.0005 117
1747886356276 0.0005 118
1747886358969 0.0005 119
1747886472992 0.001 120
1747886475691 0.001 121
1747886478385 0.001 122
1747886481076 0.001 123
1747886483749 0.001 124
1747886486445 0.001 125
1747886489153 0.0005 126
1747886491834 0.0005 127
1747886494539 0.0005 128
1747886496983 0.0005 129
1747886499694 0.0005 130
1747886502378 0.0005 131
1747886505095 0.00025 132
1747886507811 0.00025 133
1747886510537 0.00025 134
1747886513245 0.00025 135
1747886515973 0.00025 136
1747886518684 0.00025 137
1747886521398 0.000125 138
1747886524311 0.000125 139
1747886527025 0.000125 140
1747886529723 0.000125 141
1747886532437 0.000125 142
1747886535137 0.000125 143
1747886537595 6.25e-05 144
1747886540295 6.25e-05 145
1747886543005 6.25e-05 146
1747886545694 6.25e-05 147
1747886548387 6.25e-05 148
1747886551060 6.25e-05 149
1747886553740 3.125e-05 150
1747886556415 3.125e-05 151
1747886559088 3.125e-05 152
1747886561758 3.125e-05 153
1747886564447 3.125e-05 154
1747886567124 3.125e-05 155
1747886569792 3.125e-05 156
1747886572189 3.125e-05 157
1747886575077 3.125e-05 158
1747886577785 3.125e-05 159
1747886691824 0.001 160
1747886694513 0.001 161
1747886697223 0.001 162
1747886699907 0.001 163
1747886702596 0.001 164
1747886705032 0.001 165
1747886707735 0.0005 166
1747886710430 0.0005 167
1747886713108 0.0005 168
1747886715808 0.0005 169
1747886718504 0.0005 170
1747886721198 0.0005 171
1747886723871 0.00025 172
1747886726582 0.00025 173
1747886729297 0.00025 174
1747886732003 0.00025 175
1747886734720 0.00025 176
1747886737435 0.00025 177
1747886740104 0.00025 178
1747886742715 0.00025 179
1747886745407 0.00025 180
1747886748115 0.00025 181
1747886750816 0.00025 182
1747886753529 0.00025 183
1747886756239 0.00025 184
1747886758946 0.00025 185
1747886761649 0.00025 186
1747886764344 0.00025 187
1747886767020 0.00025 188
1747886769698 0.00025 189
1747886772388 0.00025 190
1747886775082 0.00025 191
1747886777534 0.00025 192
1747886780232 0.00025 193
1747886782932 0.00025 194
1747886785607 0.00025 195
1747886788267 0.00025 196
1747886790925 0.00025 197
1747886793799 0.00025 198
1747886796463 0.00025 199
1747886910413 0.001 200
1747886913072 0.001 201
1747886915745 0.001 202
1747886918416 0.001 203
1747886921078 0.001 204
1747886923740 0.001 205
1747886926427 0.0005 206
1747886929082 0.0005 207
1747886931741 0.0005 208
1747886934406 0.0005 209
1747886937069 0.0005 210
1747886939722 0.0005 211
1747886942129 0.00025 212
1747886944798 0.00025 213
1747886947462 0.00025 214
1747886950123 0.00025 215
1747886952792 0.00025 216
1747886955469 0.00025 217
1747886958130 0.00025 218
1747886960984 0.00025 219
1747886963654 0.00025 220
1747886966358 0.000125 221
1747886969065 0.000125 222
1747886971772 0.000125 223
1747886974213 0.000125 224
1747886976940 0.000125 225
1747886979658 0.000125 226
1747886982375 0.000125 227
1747886985095 0.000125 228
1747886987829 0.000125 229
1747886990550 0.000125 230
1747886993272 0.000125 231
1747886996003 0.000125 232
1747886998724 0.000125 233
1747887001457 0.000125 234
1747887004183 0.000125 235
1747887006909 0.000125 236
1747887009374 0.000125 237
1747887012571 0.000125 238
1747887015024 0.000125 239
1747887129701 0.001 240
1747887132362 0.001 241
1747887135048 0.001 242
1747887137753 0.001 243
1747887140464 0.001 244
1747887142897 0.001 245
1747887145611 0.0005 246
1747887148310 0.0005 247
1747887151011 0.0005 248
1747887153720 0.0005 249
1747887156429 0.0005 250
1747887159148 0.0005 251
1747887161853 0.00025 252
1747887164539 0.00025 253
1747887167237 0.00025 254
1747887169921 0.00025 255
1747887172598 0.00025 256
1747887175290 0.00025 257
1747887177770 0.00025 258
1747887180956 0.00025 259
1747887183424 0.00025 260
1747887186129 0.00025 261
1747887188858 0.00025 262
1747887191559 0.00025 263
1747887194230 0.00025 264
1747887196931 0.00025 265
1747887199627 0.00025 266
1747887202331 0.00025 267
1747887205029 0.00025 268
1747887207727 0.00025 269
1747887210424 0.00025 270
1747887213117 0.00025 271
1747887215807 0.00025 272
1747887218518 0.00025 273
1747887220960 0.00025 274
1747887223678 0.00025 275
1747887226401 0.00025 276
1747887229150 0.00025 277
1747887232068 0.00025 278
1747887234773 0.00025 279
1747887349578 0.001 280
1747887352279 0.001 281
1747887354981 0.001 282
1747887357719 0.001 283
1747887360449 0.001 284
1747887363183 0.001 285
1747887365902 0.001 286
1747887368616 0.001 287
1747887371337 0.001 288
1747887374062 0.001 289
1747887376791 0.001 290
1747887379491 0.001 291
1747887381921 0.0005 292
1747887384626 0.0005 293
1747887387350 0.0005 294
1747887390031 0.0005 295
1747887392710 0.0005 296
1747887395418 0.0005 297
1747887398143 0.0005 298
1747887401066 0.0005 299
1747887403742 0.0005 300
1747887406465 0.0005 301
1747887409179 0.0005 302
1747887411901 0.0005 303
1747887414616 0.0005 304
1747887417348 0.0005 305
1747887419807 0.0005 306
1747887422530 0.0005 307
1747887425250 0.0005 308
1747887427979 0.0005 309
1747887430689 0.0005 310
1747887433360 0.0005 311
1747887436067 0.0005 312
1747887438790 0.0005 313
1747887441497 0.0005 314
1747887444192 0.0005 315
1747887446875 0.0005 316
1747887449573 0.0005 317
1747887452481 0.0005 318
1747887455182 0.0005 319
1747887570147 0.001 320
1747887572878 0.001 321
1747887575606 0.001 322
1747887578331 0.001 323
1747887581052 0.001 324
1747887583781 0.001 325
1747887586243 0.0005 326
1747887588955 0.0005 327
1747887591672 0.0005 328
1747887594405 0.0005 329
1747887597126 0.0005 330
1747887599848 0.0005 331
1747887602556 0.0005 332
1747887605264 0.0005 333
1747887607984 0.00025 334
1747887610714 0.00025 335
1747887613431 0.00025 336
1747887616163 0.00025 337
1747887618894 0.00025 338
1747887621816 0.00025 339
1747887624293 0.00025 340
1747887627025 0.00025 341
1747887629762 0.00025 342
1747887632477 0.00025 343
1747887635181 0.000125 344
1747887637894 0.000125 345
1747887640603 0.000125 346
1747887643308 0.000125 347
1747887646019 0.000125 348
1747887648738 0.000125 349
1747887651454 0.000125 350
1747887654189 0.000125 351
1747887656642 0.000125 352
1747887659382 0.000125 353
1747887662109 0.000125 354
1747887664832 0.000125 355
1747887667567 0.000125 356
1747887670309 0.000125 357
1747887673240 0.000125 358
1747887675966 0.000125 359
1747887790978 0.001 360
1747887793688 0.001 361
1747887796400 0.001 362
1747887799105 0.001 363
1747887801794 0.001 364
1747887804486 0.001 365
1747887807201 0.0005 366
1747887809931 0.0005 367
1747887812651 0.0005 368
1747887815380 0.0005 369
1747887817863 0.0005 370
1747887820611 0.0005 371
1747887823333 0.0005 372
1747887826069 0.00025 373
1747887828804 0.00025 374
1747887831531 0.00025 375
1747887834257 0.00025 376
1747887836995 0.00025 377
1747887839732 0.00025 378
1747887842687 0.00025 379
1747887845419 0.00025 380
1747887848154 0.00025 381
1747887850893 0.00025 382
1747887853637 0.00025 383
1747887856370 0.00025 384
1747887859100 0.00025 385
1747887861588 0.00025 386
1747887864321 0.00025 387
1747887867052 0.00025 388
1747887869787 0.00025 389
1747887872507 0.00025 390
1747887875241 0.00025 391
1747887877961 0.00025 392
1747887880684 0.00025 393
1747887883393 0.00025 394
1747887886116 0.00025 395
1747887888832 0.00025 396
1747887891570 0.00025 397
1747887894493 0.00025 398
1747887897220 0.00025 399
1747888011749 0.001 400
1747888014464 0.001 401
1747888017176 0.001 402
1747888019893 0.001 403
1747888022605 0.001 404
1747888025312 0.001 405
1747888027763 0.0005 406
1747888030487 0.0005 407
1747888033193 0.0005 408
1747888035887 0.0005 409
1747888038605 0.0005 410
1747888041329 0.0005 411
1747888044032 0.0005 412
1747888046754 0.0005 413
1747888049491 0.0005 414
1747888052209 0.0005 415
1747888054923 0.0005 416
1747888057631 0.0005 417
1747888060351 0.0005 418
1747888063284 0.0005 419
1747888065745 0.0005 420
1747888068476 0.0005 421
1747888071192 0.0005 422
1747888073900 0.0005 423
1747888076605 0.0005 424
1747888079334 0.0005 425
1747888082072 0.0005 426
1747888084788 0.0005 427
1747888087528 0.0005 428
1747888090251 0.0005 429
1747888092971 0.0005 430
1747888095705 0.0005 431
1747888098435 0.0005 432
1747888100898 0.0005 433
1747888103639 0.0005 434
1747888106355 0.0005 435
1747888109098 0.0005 436
1747888111811 0.0005 437
1747888114750 0.0005 438
1747888117473 0.0005 439
1747888232510 0.001 440
1747888234963 0.001 441
1747888237684 0.001 442
1747888240400 0.001 443
1747888243109 0.001 444
1747888245795 0.001 445
1747888248519 0.001 446
1747888251229 0.001 447
1747888253949 0.001 448
1747888256661 0.001 449
1747888259377 0.001 450
1747888262095 0.001 451
1747888264803 0.001 452
1747888267254 0.001 453
1747888269943 0.001 454
1747888272614 0.001 455
1747888275289 0.001 456
1747888277989 0.001 457
1747888280690 0.001 458
1747888283580 0.001 459
1747888286256 0.001 460
1747888288936 0.001 461
1747888291596 0.001 462
1747888294268 0.001 463
1747888296954 0.001 464
1747888299664 0.001 465
1747888302389 0.001 466
1747888304845 0.001 467
1747888307567 0.001 468
1747888310298 0.001 469
1747888313019 0.001 470
1747888315755 0.001 471
1747888318478 0.001 472
1747888321205 0.001 473
1747888323941 0.001 474
1747888326668 0.001 475
1747888329401 0.001 476
1747888332094 0.001 477
1747888334981 0.001 478
1747888337695 0.001 479
1747888452036 0.001 480
1747888454705 0.001 481
1747888457383 0.001 482
1747888460112 0.001 483
1747888462811 0.001 484
1747888465489 0.001 485
1747888467941 0.001 486
1747888470659 0.001 487
1747888473379 0.001 488
1747888476085 0.001 489
1747888478806 0.001 490
1747888481527 0.001 491
1747888484225 0.001 492
1747888486919 0.001 493
1747888489638 0.001 494
1747888492373 0.0005 495
1747888495099 0.0005 496
1747888497820 0.0005 497
1747888500547 0.0005 498
1747888503502 0.0005 499
1747888505958 0.0005 500
1747888508692 0.0005 501
1747888511433 0.0005 502
1747888514139 0.0005 503
1747888516846 0.0005 504
1747888519554 0.0005 505
1747888522244 0.0005 506
1747888524936 0.0005 507
1747888527625 0.0005 508
1747888530341 0.0005 509
1747888533060 0.0005 510
1747888535769 0.0005 511
1747888538236 0.0005 512
1747888540963 0.0005 513
1747888543680 0.0005 514
1747888546397 0.0005 515
1747888549118 0.0005 516
1747888551844 0.0005 517
1747888554761 0.0005 518
1747888557468 0.0005 519
1747888671496 0.001 520
1747888674220 0.001 521
1747888676930 0.001 522
1747888679670 0.001 523
1747888682385 0.001 524
1747888685101 0.001 525
1747888687829 0.001 526
1747888690566 0.001 527
1747888693291 0.001 528
1747888696017 0.001 529
1747888698494 0.001 530
1747888701215 0.001 531
1747888703921 0.001 532
1747888706645 0.001 533
1747888709395 0.001 534
1747888712129 0.001 535
1747888714861 0.0005 536
1747888717603 0.0005 537
1747888720326 0.0005 538
1747888723261 0.0005 539
1747888725964 0.0005 540
1747888728703 0.0005 541
1747888731401 0.0005 542
1747888734090 0.0005 543
1747888736783 0.0005 544
1747888739526 0.0005 545
1747888742010 0.0005 546
1747888744747 0.0005 547
1747888747461 0.0005 548
1747888750193 0.0005 549
1747888752910 0.0005 550
1747888755601 0.0005 551
1747888758281 0.0005 552
1747888760964 0.0005 553
1747888763623 0.0005 554
1747888766297 0.0005 555
1747888769028 0.0005 556
1747888771768 0.0005 557
1747888774694 0.0005 558
1747888777420 0.0005 559
1747888892303 0.001 560
1747888895037 0.001 561
1747888897771 0.001 562
1747888900504 0.001 563
1747888902941 0.001 564
1747888905642 0.001 565
1747888908364 0.001 566
1747888911096 0.001 567
1747888913834 0.001 568
1747888916562 0.001 569
1747888919268 0.001 570
1747888921965 0.001 571
1747888924652 0.001 572
1747888927359 0.001 573
1747888930076 0.001 574
1747888932802 0.001 575
1747888935511 0.001 576
1747888938246 0.001 577
1747888940712 0.001 578
1747888943660 0.001 579
1747888946366 0.001 580
1747888949091 0.001 581
1747888951815 0.001 582
1747888954535 0.001 583
1747888957249 0.001 584
1747888959966 0.001 585
1747888962686 0.001 586
1747888965408 0.001 587
1747888968122 0.001 588
1747888970873 0.001 589
1747888973605 0.001 590
1747888976340 0.001 591
1747888978818 0.001 592
1747888981554 0.001 593
1747888984263 0.001 594
1747888986984 0.001 595
1747888989703 0.001 596
1747888992415 0.001 597
1747888995306 0.001 598
1747888997997 0.001 599
1747889112746 0.001 600
1747889115426 0.001 601
1747889118112 0.001 602
1747889120847 0.001 603
1747889123568 0.001 604
1747889126277 0.001 605
1747889129001 0.001 606
1747889131755 0.001 607
1747889134475 0.001 608
1747889137218 0.001 609
1747889139694 0.001 610
1747889142428 0.001 611
1747889145170 0.001 612
1747889147897 0.001 613
1747889150617 0.001 614
1747889153352 0.001 615
1747889156087 0.001 616
1747889158805 0.001 617
1747889161541 0.001 618
1747889164465 0.001 619
1747889167198 0.001 620
1747889169939 0.001 621
1747889172672 0.001 622
1747889175386 0.001 623
1747889178096 0.001 624
1747889180829 0.001 625
1747889183296 0.001 626
1747889186020 0.001 627
1747889188742 0.001 628
1747889191484 0.001 629
1747889194212 0.001 630
1747889196939 0.001 631
1747889199662 0.001 632
1747889202399 0.001 633
1747889205127 0.001 634
1747889207885 0.001 635
1747889210610 0.001 636
1747889213346 0.001 637
1747889216292 0.001 638
1747889219028 0.001 639
1747889333974 0.001 640
1747889336703 0.001 641
1747889339443 0.001 642
1747889342172 0.001 643
1747889344912 0.001 644
1747889347657 0.001 645
1747889350127 0.001 646
1747889352843 0.001 647
1747889355532 0.001 648
1747889358236 0.001 649
1747889360961 0.001 650
1747889363682 0.001 651
1747889366405 0.001 652
1747889369109 0.001 653
1747889371851 0.001 654
1747889374574 0.001 655
1747889377308 0.001 656
1747889380038 0.001 657
1747889382766 0.001 658
1747889385706 0.001 659
1747889388165 0.001 660
1747889390896 0.001 661
1747889393612 0.001 662
1747889396315 0.001 663
1747889399029 0.001 664
1747889401756 0.001 665
1747889404494 0.001 666
1747889407238 0.001 667
1747889409976 0.001 668
1747889412705 0.001 669
1747889415440 0.001 670
1747889418158 0.001 671
1747889420893 0.001 672
1747889423365 0.001 673
1747889426100 0.001 674
1747889428841 0.001 675
1747889431578 0.001 676
1747889434310 0.001 677
1747889437269 0.001 678
1747889440005 0.001 679
1747889555383 0.001 680
1747889557849 0.001 681
1747889560585 0.001 682
1747889563328 0.001 683
1747889566051 0.001 684
1747889568783 0.001 685
1747889571505 0.001 686
1747889574230 0.001 687
1747889576964 0.001 688
1747889579697 0.001 689
1747889582443 0.001 690
1747889585165 0.001 691
1747889587909 0.001 692
1747889590370 0.001 693
1747889593100 0.001 694
1747889595783 0.001 695
1747889598484 0.001 696
1747889601225 0.001 697
1747889603982 0.001 698
1747889606921 0.001 699
1747889609631 0.001 700
1747889612366 0.001 701
1747889615096 0.001 702
1747889617817 0.001 703
1747889620557 0.001 704
1747889623281 0.001 705
1747889626005 0.001 706
1747889628484 0.001 707
1747889631220 0.001 708
1747889633941 0.001 709
1747889636641 0.001 710
1747889639368 0.001 711
1747889642092 0.001 712
1747889644817 0.001 713
1747889647552 0.001 714
1747889650291 0.001 715
1747889653038 0.001 716
1747889655759 0.001 717
1747889658682 0.001 718
1747889661414 0.001 719
1747889776506 0.0005 720
1747889779230 0.0005 721
1747889781933 0.0005 722
1747889784631 0.0005 723
1747889787310 0.0005 724
1747889790041 0.0005 725
1747889792499 0.0005 726
1747889795205 0.0005 727
1747889797918 0.0005 728
1747889800652 0.0005 729
1747889803370 0.0005 730
1747889806108 0.0005 731
1747889808841 0.0005 732
1747889811591 0.0005 733
1747889814312 0.0005 734
1747889817020 0.0005 735
1747889819734 0.0005 736
1747889822473 0.0005 737
1747889825184 0.0005 738
1747889828130 0.0005 739
1747889830585 0.0005 740
1747889833288 0.0005 741
1747889835971 0.0005 742
1747889838666 0.0005 743
1747889841386 0.0005 744
1747889844117 0.0005 745
1747889846842 0.0005 746
1747889849568 0.0005 747
1747889852298 0.0005 748
1747889855039 0.0005 749
1747889857774 0.0005 750
1747889860479 0.0005 751
1747889862912 0.0005 752
1747889865600 0.0005 753
1747889868301 0.0005 754
1747889871000 0.0005 755
1747889873704 0.0005 756
1747889876403 0.0005 757
1747889879327 0.0005 758
1747889882048 0.0005 759
1747889996615 0.0005 760
1747889999310 0.0005 761
1747890002025 0.0005 762
1747890004722 0.0005 763
1747890007400 0.0005 764
1747890010123 0.0005 765
