1747887803043 0.2084 0
1747888256564 0.228 1
1747888718364 0.2304 2
1747889184269 0.2508 3
1747889655586 0.2542 4
1747890132219 0.2596 5
1747890614253 0.2626 6
1747891097538 0.2672 7
1747891587822 0.2716 8
1747892079559 0.2836 9
1747892572778 0.2852 10
1747893064252 0.2896 11
1747893557379 0.2896 12
1747894061002 0.2948 13
1747894556524 0.298 14
1747895083491 0.3022 15
1747895749056 0.3056 16
1747896428223 0.3088 17
1747897110151 0.3092 18
1747897794563 0.311 19
1747898472900 0.3114 20
1747899150985 0.3174 21
1747899831769 0.3202 22
1747900514255 0.3188 23
1747901195902 0.3186 24
1747901880774 0.3218 25
1747902564557 0.3204 26
1747903246592 0.3242 27
1747903930685 0.3258 28
1747904631570 0.3248 29
1747905312563 0.3242 30
1747905994278 0.3248 31
1747906679363 0.3264 32
1747907362814 0.328 33
1747908052271 0.3326 34
1747908739371 0.3292 35
1747909422468 0.3336 36
1747910101109 0.3336 37
1747910779600 0.336 38
1747911454507 0.3364 39
1747912133255 0.3388 40
1747912809809 0.3374 41
1747913485366 0.3386 42
1747914161808 0.3386 43
1747914841196 0.3408 44
1747915519825 0.3412 45
1747916214654 0.3444 46
1747916898032 0.3444 47
1747917580269 0.3442 48
1747918262339 0.3466 49
1747918946333 0.3482 50
1747919630642 0.3482 51
1747920314883 0.3486 52
1747921013339 0.3504 53
1747921697689 0.3544 54
1747922383763 0.3544 55
1747923087840 0.3538 56
1747923769233 0.3552 57
1747924453165 0.3566 58
1747925136960 0.3568 59
1747925835726 0.3556 60
1747926543799 0.3576 61
1747927214766 0.3598 62
1747927881907 0.363 63
1747928548115 0.3644 64
1747929212872 0.3646 65
1747929878901 0.366 66
1747930543115 0.367 67
1747931208905 0.369 68
1747931871807 0.3704 69
1747932539600 0.3734 70
1747933221708 0.3746 71
1747933871309 0.378 72
1747934490705 0.3776 73
1747935114750 0.378 74
1747935740607 0.3788 75
1747936377363 0.3796 76
1747937009927 0.3804 77
1747937641238 0.3814 78
1747938289477 0.3818 79
1747938916491 0.3834 80
1747939538358 0.3856 81
1747940165392 0.3872 82
1747940789522 0.387 83
1747941414823 0.3886 84
1747942040236 0.3906 85
1747942662727 0.3896 86
1747943278036 0.3892 87
1747943901410 0.3908 88
1747944525680 0.3922 89
1747945153174 0.3926 90
1747945797165 0.3942 91
1747946429147 0.3942 92
1747947054922 0.3946 93
1747947680406 0.3944 94
1747948308485 0.395 95
1747948939381 0.396 96
1747949579530 0.396 97
1747950210527 0.398 98
1747950830365 0.3974 99
1747951459925 0.3994 100
1747952090314 0.4014 101
1747952713197 0.401 102
1747953341078 0.4004 103
1747953974739 0.401 104
1747954594179 0.4024 105
1747955220085 0.405 106
1747955855736 0.4012 107
1747956494482 0.4048 108
1747957134411 0.4058 109
1747957769328 0.4072 110
1747958397347 0.408 111
1747959026096 0.4084 112
1747959646104 0.4088 113
1747960266343 0.4108 114
1747960891037 0.411 115
1747961513860 0.4112 116
1747962133642 0.4114 117
1747962758783 0.4112 118
1747963387850 0.4124 119
1747964019991 0.4128 120
1747964641484 0.414 121
1747965263429 0.4138 122
1747965885921 0.4146 123
1747966517055 0.4148 124
1747967144801 0.4148 125
1747967775030 0.4164 126
1747968398382 0.4174 127
1747969015038 0.4178 128
1747969637202 0.4182 129
1747970258671 0.4196 130
1747970889938 0.4192 131
1747971513100 0.4204 132
1747972164171 0.4218 133
1747972816519 0.4226 134
1747973464385 0.4234 135
