1749595018368 0.001 0
1749595025332 0.001 1
1749595031876 0.001 2
1749595038788 0.001 3
1749595045709 0.001 4
1749595052244 0.001 5
1749595059198 0.001 6
1749595065740 0.001 7
1749595072632 0.001 8
1749595079522 0.001 9
1749595186526 0.001 10
1749595193190 0.001 11
1749595199896 0.001 12
1749595207035 0.001 13
1749595213740 0.001 14
1749595220415 0.001 15
1749595227075 0.001 16
1749595233734 0.001 17
1749595240890 0.001 18
1749595247558 0.001 19
1749595344764 0.001 20
1749595351411 0.001 21
1749595358068 0.001 22
1749595364735 0.001 23
1749595371910 0.001 24
1749595378553 0.001 25
1749595385197 0.001 26
1749595391846 0.001 27
1749595398503 0.001 28
1749595405629 0.001 29
1749595501704 0.001 30
1749595508303 0.001 31
1749595514913 0.001 32
1749595521513 0.001 33
1749595528140 0.001 34
1749595534747 0.001 35
1749595541832 0.0005 36
1749595548440 0.0005 37
1749595555042 0.0005 38
1749595561641 0.0005 39
1749595660332 0.001 40
1749595666912 0.001 41
1749595673510 0.001 42
1749595680151 0.001 43
1749595686779 0.001 44
1749595693914 0.001 45
1749595700504 0.001 46
1749595707118 0.001 47
1749595713710 0.001 48
1749595720342 0.0005 49
1749595818657 0.001 50
1749595825243 0.001 51
1749595831843 0.001 52
1749595838930 0.001 53
1749595845515 0.001 54
1749595852117 0.001 55
1749595858753 0.0005 56
1749595865391 0.0005 57
1749595872515 0.0005 58
1749595879123 0.0005 59
1749595977577 0.001 60
1749595984182 0.001 61
1749595991255 0.001 62
1749595997879 0.001 63
1749596004472 0.001 64
1749596011057 0.001 65
1749596018149 0.0005 66
1749596024746 0.0005 67
1749596031337 0.0005 68
1749596037969 0.0005 69
1749596140228 0.001 70
1749596146803 0.001 71
1749596153882 0.001 72
1749596160469 0.001 73
1749596167074 0.001 74
1749596173709 0.001 75
1749596180352 0.0005 76
1749596187485 0.0005 77
1749596194074 0.0005 78
1749596200661 0.0005 79
1749596299158 0.001 80
1749596305674 0.001 81
1749596312212 0.001 82
1749596318700 0.001 83
1749596325214 0.001 84
1749596332199 0.001 85
1749596338751 0.0005 86
1749596345275 0.0005 87
1749596351831 0.0005 88
1749596358343 0.0005 89
1749596456164 0.001 90
1749596462678 0.001 91
1749596469180 0.001 92
1749596475730 0.001 93
1749596482717 0.001 94
1749596489221 0.001 95
1749596495744 0.001 96
1749596502284 0.001 97
1749596508785 0.001 98
1749596515343 0.001 99
1749596614231 0.001 100
1749596620754 0.001 101
1749596627257 0.001 102
1749596634263 0.001 103
1749596640781 0.001 104
1749596647340 0.001 105
1749596653839 0.0005 106
1749596660387 0.0005 107
1749596666909 0.0005 108
1749596673933 0.0005 109
1749596775031 0.001 110
1749596781553 0.001 111
1749596788104 0.001 112
1749596794607 0.001 113
1749596801170 0.001 114
1749596808156 0.001 115
1749596814667 0.001 116
1749596821190 0.001 117
1749596827723 0.001 118
1749596834245 0.001 119
1749596935916 0.001 120
1749596942424 0.001 121
1749596948988 0.001 122
1749596955487 0.001 123
1749596962051 0.001 124
1749596968564 0.001 125
1749596975569 0.001 126
1749596982058 0.001 127
1749596988612 0.001 128
1749596995122 0.001 129
1749597095586 0.001 130
1749597102564 0.001 131
1749597109114 0.001 132
1749597115621 0.001 133
1749597122188 0.001 134
1749597128686 0.001 135
1749597135683 0.0005 136
1749597142201 0.0005 137
1749597148716 0.0005 138
1749597155228 0.0005 139
1749597256068 0.001 140
1749597262627 0.001 141
1749597269616 0.001 142
1749597276121 0.001 143
1749597282669 0.001 144
1749597289175 0.001 145
1749597295716 0.0005 146
1749597302698 0.0005 147
1749597309213 0.0005 148
1749597315707 0.0005 149
1749597416742 0.001 150
1749597423269 0.001 151
1749597429759 0.001 152
1749597436774 0.001 153
1749597443302 0.001 154
1749597449799 0.001 155
1749597456306 0.0005 156
1749597462853 0.0005 157
1749597469821 0.0005 158
1749597476307 0.0005 159
1749597578400 0.001 160
1749597584894 0.001 161
1749597591867 0.001 162
1749597598413 0.001 163
1749597604913 0.001 164
1749597611456 0.001 165
1749597617949 0.0005 166
1749597624464 0.0005 167
1749597631488 0.0005 168
1749597638029 0.0005 169
1749597740682 0.001 170
1749597747194 0.001 171
1749597754157 0.001 172
1749597760712 0.001 173
1749597767216 0.001 174
1749597773738 0.001 175
1749597780249 0.0005 176
1749597787233 0.0005 177
1749597793746 0.0005 178
1749597800256 0.0005 179
1749597902396 0.001 180
1749597908921 0.001 181
1749597915882 0.001 182
1749597922432 0.001 183
1749597928941 0.001 184
1749597935493 0.001 185
1749597942006 0.0005 186
1749597949028 0.0005 187
1749597955565 0.0005 188
1749597962063 0.0005 189
1749598067403 0.001 190
1749598073921 0.001 191
1749598080442 0.001 192
1749598086941 0.001 193
1749598093928 0.001 194
1749598100448 0.001 195
1749598106947 0.0005 196
1749598113502 0.0005 197
1749598120011 0.0005 198
1749598127037 0.0005 199
1749598231944 0.001 200
1749598238918 0.001 201
1749598245436 0.001 202
1749598251955 0.001 203
1749598258506 0.001 204
1749598265004 0.001 205
1749598272016 0.0005 206
1749598278541 0.0005 207
1749598285045 0.0005 208
1749598291544 0.0005 209
1749598396867 0.001 210
1749598403375 0.001 211
1749598409886 0.001 212
1749598416391 0.001 213
1749598423358 0.001 214
1749598429857 0.001 215
1749598436362 0.0005 216
1749598442927 0.0005 217
1749598449450 0.0005 218
1749598456463 0.0005 219
1749598561518 0.001 220
1749598568501 0.001 221
1749598575019 0.001 222
1749598581539 0.001 223
1749598588059 0.001 224
1749598594616 0.001 225
1749598601587 0.0005 226
1749598608096 0.0005 227
1749598614604 0.0005 228
1749598621160 0.0005 229
1749598726613 0.001 230
1749598733128 0.001 231
1749598739615 0.001 232
1749598746560 0.001 233
1749598753097 0.001 234
1749598759615 0.001 235
1749598766183 0.0005 236
1749598772680 0.0005 237
1749598779703 0.0005 238
1749598786253 0.0005 239
1749598891623 0.001 240
1749598898132 0.001 241
1749598904658 0.001 242
1749598911176 0.001 243
1749598917686 0.001 244
1749598924700 0.001 245
1749598931249 0.0005 246
1749598937759 0.0005 247
1749598944319 0.0005 248
1749598950839 0.0005 249
1749599056223 0.001 250
1749599062738 0.001 251
1749599069752 0.001 252
1749599076317 0.001 253
1749599082835 0.001 254
1749599089407 0.001 255
1749599095906 0.0005 256
1749599102934 0.0005 257
1749599109494 0.0005 258
1749599116018 0.0005 259
1749599221539 0.001 260
1749599228059 0.001 261
1749599234621 0.001 262
1749599241150 0.001 263
1749599247672 0.001 264
1749599254663 0.001 265
1749599261149 0.0005 266
1749599267662 0.0005 267
1749599274221 0.0005 268
1749599280756 0.0005 269
1749599384706 0.001 270
1749599391217 0.001 271
1749599397733 0.001 272
1749599404243 0.001 273
1749599411271 0.001 274
1749599417814 0.001 275
1749599424326 0.0005 276
1749599430876 0.0005 277
1749599437870 0.0005 278
1749599444398 0.0005 279
1749599550661 0.001 280
1749599557214 0.001 281
1749599563731 0.001 282
1749599570295 0.001 283
1749599576829 0.001 284
1749599583827 0.001 285
1749599590406 0.0005 286
1749599596937 0.0005 287
1749599603449 0.0005 288
1749599609987 0.0005 289
1749599712641 0.001 290
1749599719198 0.001 291
1749599725766 0.001 292
1749599732295 0.001 293
1749599738858 0.001 294
1749599745830 0.001 295
1749599752338 0.0005 296
1749599758852 0.0005 297
1749599765386 0.0005 298
1749599771910 0.0005 299
1749599877355 0.001 300
1749599883887 0.001 301
1749599890391 0.001 302
1749599897417 0.001 303
1749599903976 0.001 304
1749599910500 0.001 305
1749599917064 0.0005 306
1749599923589 0.0005 307
1749599930595 0.0005 308
1749599937153 0.0005 309
1749600042622 0.001 310
1749600049147 0.001 311
1749600055663 0.001 312
1749600062219 0.001 313
1749600068737 0.001 314
1749600075761 0.001 315
1749600082286 0.0005 316
1749600088796 0.0005 317
1749600095295 0.0005 318
1749600101851 0.0005 319
1749600207237 0.001 320
1749600213755 0.001 321
1749600220300 0.001 322
1749600227283 0.001 323
1749600233798 0.001 324
1749600240321 0.001 325
1749600246880 0.0005 326
1749600253401 0.0005 327
1749600260419 0.0005 328
1749600266964 0.0005 329
1749600372394 0.001 330
1749600378914 0.001 331
1749600385485 0.001 332
1749600391993 0.001 333
1749600398560 0.001 334
1749600405564 0.001 335
1749600412077 0.0005 336
1749600418651 0.0005 337
1749600425165 0.0005 338
1749600431739 0.0005 339
1749600537267 0.001 340
1749600543776 0.001 341
1749600550319 0.001 342
1749600557306 0.001 343
1749600563868 0.001 344
1749600570376 0.001 345
1749600576940 0.0005 346
1749600583938 0.0005 347
1749600590466 0.0005 348
1749600597043 0.0005 349
1749600699903 0.001 350
1749600706433 0.001 351
1749600713406 0.001 352
1749600719935 0.001 353
1749600726480 0.001 354
1749600733001 0.001 355
1749600739521 0.0005 356
1749600746552 0.0005 357
1749600753118 0.0005 358
1749600759659 0.0005 359
1749600861407 0.001 360
1749600867937 0.001 361
1749600874459 0.001 362
1749600881493 0.001 363
1749600888059 0.001 364
1749600894569 0.001 365
1749600901133 0.0005 366
1749600907656 0.0005 367
1749600914232 0.0005 368
1749600921222 0.0005 369
1749601023480 0.001 370
1749601030011 0.001 371
1749601036511 0.001 372
1749601043494 0.001 373
1749601050009 0.001 374
1749601056531 0.001 375
1749601063061 0.0005 376
1749601069583 0.0005 377
1749601076609 0.0005 378
1749601083179 0.0005 379
1749601185437 0.001 380
1749601191975 0.001 381
1749601198490 0.001 382
1749601205531 0.001 383
1749601212098 0.001 384
1749601218631 0.001 385
1749601225199 0.0005 386
1749601231714 0.0005 387
1749601238700 0.0005 388
1749601245263 0.0005 389
1749601347584 0.001 390
1749601354115 0.001 391
1749601360649 0.001 392
1749601367642 0.001 393
1749601374203 0.001 394
1749601380714 0.001 395
1749601387286 0.0005 396
1749601393795 0.0005 397
1749601400845 0.0005 398
1749601407374 0.0005 399
1749601512472 0.001 400
1749601519503 0.001 401
1749601526078 0.001 402
1749601532601 0.001 403
1749601539139 0.001 404
1749601545666 0.001 405
1749601552652 0.0005 406
1749601559203 0.0005 407
1749601565724 0.0005 408
1749601572285 0.0005 409
1749601676852 0.001 410
1749601683377 0.001 411
1749601689918 0.001 412
1749601696435 0.001 413
1749601703429 0.001 414
1749601709963 0.001 415
1749601716544 0.0005 416
1749601723063 0.0005 417
1749601729588 0.0005 418
1749601736599 0.0005 419
1749601839505 0.001 420
1749601846030 0.001 421
1749601852551 0.001 422
1749601859574 0.001 423
1749601866139 0.001 424
1749601872665 0.001 425
1749601879234 0.0005 426
1749601885769 0.0005 427
1749601892779 0.0005 428
1749601899357 0.0005 429
1749602004989 0.001 430
1749602011526 0.001 431
1749602018037 0.001 432
1749602024583 0.001 433
1749602031113 0.001 434
1749602037645 0.001 435
1749602044645 0.0005 436
1749602051214 0.0005 437
1749602057752 0.0005 438
1749602064267 0.0005 439
1749602169833 0.001 440
1749602176368 0.001 441
1749602182934 0.001 442
1749602189931 0.001 443
1749602196453 0.001 444
1749602203047 0.001 445
1749602209582 0.0005 446
1749602216129 0.0005 447
1749602223144 0.0005 448
1749602229658 0.0005 449
1749602332025 0.001 450
1749602338571 0.001 451
1749602345083 0.001 452
1749602352082 0.001 453
1749602358592 0.001 454
1749602365152 0.001 455
1749602371684 0.0005 456
1749602378254 0.0005 457
1749602385234 0.0005 458
1749602391757 0.0005 459
1749602494250 0.0005 460
1749602500790 0.0005 461
1749602507375 0.0005 462
1749602514376 0.0005 463
1749602520911 0.0005 464
1749602527484 0.0005 465
1749602533999 0.00025 466
1749602540576 0.00025 467
1749602547116 0.00025 468
1749602554112 0.00025 469
1749602655411 0.0005 470
1749602661961 0.0005 471
1749602668492 0.0005 472
1749602675016 0.0005 473
1749602681586 0.0005 474
1749602688130 0.0005 475
1749602695131 0.00025 476
1749602701642 0.00025 477
1749602708169 0.00025 478
1749602714734 0.00025 479
1749602813766 0.0005 480
1749602820301 0.0005 481
1749602826830 0.0005 482
1749602833875 0.0005 483
1749602840439 0.0005 484
1749602846955 0.0005 485
1749602853518 0.00025 486
1749602860043 0.00025 487
1749602867060 0.00025 488
1749602873639 0.00025 489
1749602978785 0.0005 490
1749602985796 0.0005 491
1749602992328 0.0005 492
1749602998864 0.0005 493
1749603005413 0.0005 494
1749603011993 0.0005 495
1749603019003 0.00025 496
1749603025519 0.00025 497
1749603032098 0.00025 498
1749603038640 0.00025 499
1749603143164 0.0005 500
1749603149711 0.0005 501
1749603156283 0.0005 502
1749603162814 0.0005 503
1749603169360 0.0005 504
1749603176399 0.0005 505
1749603182964 0.00025 506
1749603189503 0.00025 507
1749603196075 0.00025 508
1749603202619 0.00025 509
1749603305554 0.0005 510
1749603312085 0.0005 511
1749603318635 0.0005 512
1749603325203 0.0005 513
1749603331725 0.0005 514
1749603338768 0.0005 515
1749603345320 0.00025 516
1749603351843 0.00025 517
1749603358395 0.00025 518
1749603364932 0.00025 519
1749603470701 0.0005 520
1749603477248 0.0005 521
1749603483771 0.0005 522
1749603490806 0.0005 523
1749603497380 0.0005 524
1749603503934 0.0005 525
1749603510474 0.00025 526
1749603517052 0.00025 527
1749603524063 0.00025 528
1749603530592 0.00025 529
1749603633696 0.0005 530
1749603640250 0.0005 531
1749603646819 0.0005 532
1749603653822 0.0005 533
1749603660364 0.0005 534
1749603666940 0.0005 535
1749603673530 0.00025 536
1749603680072 0.00025 537
1749603687105 0.00025 538
1749603693686 0.00025 539
1749603797802 0.0005 540
1749603804347 0.0005 541
1749603811400 0.0005 542
1749603817976 0.0005 543
1749603824516 0.0005 544
1749603831063 0.0005 545
1749603837597 0.00025 546
1749603844605 0.00025 547
1749603851151 0.00025 548
1749603857694 0.00025 549
1749603960722 0.0005 550
1749603967277 0.0005 551
1749603974329 0.0005 552
1749603980863 0.0005 553
1749603987405 0.0005 554
1749603993955 0.0005 555
1749604000468 0.00025 556
1749604007526 0.00025 557
1749604014051 0.00025 558
1749604020611 0.00025 559
1749604124357 0.0005 560
1749604131390 0.0005 561
1749604137978 0.0005 562
1749604144575 0.0005 563
1749604151124 0.0005 564
1749604157684 0.0005 565
1749604164273 0.00025 566
1749604171296 0.00025 567
1749604177835 0.00025 568
1749604184425 0.00025 569
1749604289065 0.0005 570
1749604295607 0.0005 571
1749604302149 0.0005 572
1749604308750 0.0005 573
1749604315334 0.0005 574
1749604322331 0.0005 575
1749604328884 0.00025 576
1749604335486 0.00025 577
1749604342082 0.00025 578
1749604348624 0.00025 579
1749604452265 0.0005 580
1749604458814 0.0005 581
1749604465415 0.0005 582
1749604471971 0.0005 583
1749604478537 0.0005 584
1749604485586 0.0005 585
1749604492159 0.00025 586
1749604498697 0.00025 587
1749604505244 0.00025 588
1749604512307 0.00025 589
1749604617298 0.0005 590
1749604623857 0.0005 591
1749604630398 0.0005 592
1749604637441 0.0005 593
1749604644028 0.0005 594
1749604650636 0.0005 595
1749604657197 0.00025 596
1749604663719 0.00025 597
1749604670749 0.00025 598
1749604677295 0.00025 599
1749604780403 0.0005 600
1749604786952 0.0005 601
1749604793494 0.0005 602
1749604800549 0.0005 603
1749604807110 0.0005 604
1749604813659 0.0005 605
1749604820203 0.00025 606
1749604826797 0.00025 607
1749604833815 0.00025 608
1749604840349 0.00025 609
1749604944015 0.0005 610
1749604950569 0.0005 611
1749604957643 0.0005 612
1749604964180 0.0005 613
1749604970733 0.0005 614
1749604977292 0.0005 615
1749604983868 0.00025 616
1749604990882 0.00025 617
1749604997421 0.00025 618
1749605004015 0.00025 619
1749605107701 0.0005 620
1749605114761 0.0005 621
1749605121331 0.0005 622
1749605127928 0.0005 623
1749605134532 0.0005 624
1749605141098 0.0005 625
1749605148122 0.00025 626
1749605154679 0.00025 627
1749605161280 0.00025 628
1749605167839 0.00025 629
1749605271061 0.0005 630
1749605278065 0.0005 631
1749605284611 0.0005 632
1749605291210 0.0005 633
1749605297761 0.0005 634
1749605304297 0.0005 635
1749605311331 0.00025 636
1749605317878 0.00025 637
1749605324427 0.00025 638
1749605331026 0.00025 639
1749605435257 0.0005 640
1749605441791 0.0005 641
1749605448325 0.0005 642
1749605454920 0.0005 643
1749605461475 0.0005 644
1749605468493 0.0005 645
1749605475037 0.00025 646
1749605481603 0.00025 647
1749605488146 0.00025 648
1749605494742 0.00025 649
1749605598509 0.0005 650
1749605605058 0.0005 651
1749605611620 0.0005 652
1749605618236 0.0005 653
1749605624787 0.0005 654
1749605631812 0.0005 655
1749605638346 0.00025 656
1749605644903 0.00025 657
1749605651469 0.00025 658
1749605658050 0.00025 659
1749605761827 0.0005 660
1749605768378 0.0005 661
1749605774910 0.0005 662
1749605781454 0.0005 663
1749605788026 0.0005 664
1749605795096 0.0005 665
1749605801670 0.00025 666
1749605808228 0.00025 667
1749605814797 0.00025 668
1749605821385 0.00025 669
1749605926286 0.0005 670
1749605932842 0.0005 671
1749605939454 0.0005 672
1749605946524 0.0005 673
1749605953113 0.0005 674
1749605959669 0.0005 675
1749605966220 0.00025 676
1749605972826 0.00025 677
1749605979849 0.00025 678
1749605986400 0.00025 679
1749606089746 0.0005 680
1749606096302 0.0005 681
1749606102859 0.0005 682
1749606109892 0.0005 683
1749606116453 0.0005 684
1749606123069 0.0005 685
1749606129609 0.00025 686
1749606136155 0.00025 687
1749606143235 0.00025 688
1749606149840 0.00025 689
1749606253182 0.0005 690
1749606259754 0.0005 691
1749606266305 0.0005 692
1749606273403 0.0005 693
1749606279950 0.0005 694
1749606286550 0.0005 695
1749606293101 0.00025 696
1749606299641 0.00025 697
1749606306649 0.00025 698
1749606313195 0.00025 699
1749606416575 0.0005 700
1749606423134 0.0005 701
1749606429706 0.0005 702
1749606436722 0.0005 703
1749606443274 0.0005 704
1749606449842 0.0005 705
1749606456402 0.00025 706
1749606463005 0.00025 707
1749606470076 0.00025 708
1749606476678 0.00025 709
1749606580004 0.0005 710
1749606586573 0.0005 711
1749606593119 0.0005 712
1749606600172 0.0005 713
1749606606769 0.0005 714
1749606613329 0.0005 715
1749606619872 0.00025 716
1749606626472 0.00025 717
1749606633510 0.00025 718
1749606640078 0.00025 719
1749606744045 0.0005 720
1749606750606 0.0005 721
1749606757206 0.0005 722
1749606764251 0.0005 723
1749606770816 0.0005 724
1749606777379 0.0005 725
1749606783984 0.00025 726
1749606790600 0.00025 727
1749606797206 0.00025 728
1749606804249 0.00025 729
1749606909873 0.0005 730
1749606916458 0.0005 731
1749606923494 0.0005 732
1749606930072 0.0005 733
1749606936641 0.0005 734
1749606943272 0.0005 735
1749606949885 0.00025 736
1749606956971 0.00025 737
1749606963581 0.00025 738
1749606970187 0.00025 739
1749607071031 0.0005 740
1749607077612 0.0005 741
1749607084193 0.0005 742
1749607090740 0.0005 743
1749607097795 0.0005 744
1749607104346 0.0005 745
1749607110909 0.00025 746
1749607117487 0.00025 747
1749607124090 0.00025 748
1749607131156 0.00025 749
1749607234673 0.0005 750
1749607241235 0.0005 751
1749607247795 0.0005 752
1749607254865 0.0005 753
1749607261464 0.0005 754
1749607268079 0.0005 755
1749607274646 0.00025 756
1749607281194 0.00025 757
1749607288282 0.00025 758
1749607294854 0.00025 759
1749607400562 0.0005 760
1749607407583 0.0005 761
1749607414152 0.0005 762
1749607420729 0.0005 763
1749607427338 0.0005 764
1749607433889 0.0005 765
1749607440932 0.00025 766
1749607447499 0.00025 767
1749607454102 0.00025 768
1749607460681 0.00025 769
1749607566771 0.00025 770
1749607573324 0.00025 771
1749607579888 0.00025 772
1749607586940 0.00025 773
1749607593514 0.00025 774
1749607600134 0.00025 775
1749607606740 0.000125 776
1749607613307 0.000125 777
1749607619886 0.000125 778
1749607626975 0.000125 779
1749607729250 0.00025 780
1749607735806 0.00025 781
1749607742360 0.00025 782
1749607748970 0.00025 783
1749607755571 0.00025 784
1749607762605 0.00025 785
1749607769173 0.000125 786
1749607775725 0.000125 787
1749607782338 0.000125 788
1749607788862 0.000125 789
1749607894946 0.00025 790
1749607901520 0.00025 791
1749607908529 0.00025 792
1749607915124 0.00025 793
1749607921731 0.00025 794
1749607928302 0.00025 795
1749607934874 0.000125 796
1749607941922 0.000125 797
1749607948483 0.000125 798
1749607955101 0.000125 799
1749608061241 0.00025 800
1749608067808 0.00025 801
1749608074422 0.00025 802
1749608081040 0.00025 803
1749608087635 0.00025 804
1749608094656 0.00025 805
1749608101220 0.000125 806
1749608107787 0.000125 807
1749608114419 0.000125 808
1749608121025 0.000125 809
1749608226569 0.00025 810
1749608233136 0.00025 811
1749608239724 0.00025 812
1749608246807 0.00025 813
1749608253401 0.00025 814
1749608260008 0.00025 815
1749608266579 0.000125 816
1749608273140 0.000125 817
1749608280237 0.000125 818
1749608286793 0.000125 819
1749608390821 0.00025 820
1749608397396 0.00025 821
1749608404435 0.00025 822
1749608410991 0.00025 823
1749608417567 0.00025 824
1749608424196 0.00025 825
1749608430798 0.000125 826
1749608437888 0.000125 827
1749608444490 0.000125 828
1749608451109 0.000125 829
1749608557294 0.00025 830
1749608563866 0.00025 831
1749608570452 0.00025 832
1749608577037 0.00025 833
1749608583616 0.00025 834
1749608590654 0.00025 835
1749608597220 0.000125 836
1749608603799 0.000125 837
1749608610417 0.000125 838
1749608617046 0.000125 839
1749608721090 0.00025 840
1749608727699 0.00025 841
1749608734334 0.00025 842
1749608740937 0.00025 843
1749608747510 0.00025 844
1749608754549 0.00025 845
1749608761106 0.000125 846
1749608767713 0.000125 847
1749608774342 0.000125 848
1749608780943 0.000125 849
1749608887038 0.00025 850
1749608893605 0.00025 851
1749608900212 0.00025 852
1749608907272 0.00025 853
1749608913858 0.00025 854
1749608920409 0.00025 855
1749608926985 0.000125 856
1749608933610 0.000125 857
1749608940219 0.000125 858
1749608947261 0.000125 859
1749609051364 0.00025 860
1749609057951 0.00025 861
1749609064562 0.00025 862
1749609071607 0.00025 863
1749609078207 0.00025 864
1749609084781 0.00025 865
1749609091369 0.000125 866
1749609097990 0.000125 867
1749609105075 0.000125 868
1749609111644 0.000125 869
1749609217435 0.00025 870
1749609224459 0.00025 871
1749609231021 0.00025 872
1749609237590 0.00025 873
1749609244219 0.00025 874
1749609250832 0.00025 875
1749609257890 0.000125 876
1749609264500 0.000125 877
1749609271112 0.000125 878
1749609277679 0.000125 879
1749609383913 0.00025 880
1749609390491 0.00025 881
1749609397066 0.00025 882
1749609404139 0.00025 883
1749609410754 0.00025 884
1749609417383 0.00025 885
1749609424007 0.000125 886
1749609430618 0.000125 887
1749609437667 0.000125 888
1749609444285 0.000125 889
1749609549939 0.00025 890
1749609556538 0.00025 891
1749609563611 0.00025 892
1749609570232 0.00025 893
1749609576841 0.00025 894
1749609583470 0.00025 895
1749609590046 0.000125 896
1749609597079 0.000125 897
1749609603644 0.000125 898
1749609610223 0.000125 899
1749609715860 0.00025 900
1749609722440 0.00025 901
1749609729015 0.00025 902
1749609735576 0.00025 903
1749609742183 0.00025 904
1749609749281 0.00025 905
1749609755857 0.000125 906
1749609762479 0.000125 907
1749609769030 0.000125 908
1749609775588 0.000125 909
1749609881935 0.00025 910
1749609888529 0.00025 911
1749609895106 0.00025 912
1749609901687 0.00025 913
1749609908782 0.00025 914
1749609915362 0.00025 915
1749609921967 0.000125 916
1749609928555 0.000125 917
1749609935112 0.000125 918
1749609942210 0.000125 919
1749610047976 0.00025 920
1749610054595 0.00025 921
1749610061696 0.00025 922
1749610068261 0.00025 923
1749610074878 0.00025 924
1749610081499 0.00025 925
1749610088078 0.000125 926
1749610095118 0.000125 927
1749610101690 0.000125 928
1749610108278 0.000125 929
1749610214517 0.00025 930
1749610221088 0.00025 931
1749610227708 0.00025 932
1749610234331 0.00025 933
1749610240952 0.00025 934
1749610248003 0.00025 935
1749610254567 0.000125 936
1749610261141 0.000125 937
1749610267719 0.000125 938
1749610274326 0.000125 939
1749610380603 0.00025 940
1749610387194 0.00025 941
1749610393773 0.00025 942
1749610400838 0.00025 943
1749610407419 0.00025 944
1749610414017 0.00025 945
1749610420590 0.000125 946
1749610427218 0.000125 947
1749610433839 0.000125 948
1749610440892 0.000125 949
1749610546731 0.00025 950
1749610553331 0.00025 951
1749610560405 0.00025 952
1749610567038 0.00025 953
1749610573653 0.00025 954
1749610580301 0.00025 955
1749610586940 0.000125 956
1749610594032 0.000125 957
1749610600598 0.000125 958
1749610607216 0.000125 959
1749610713463 0.00025 960
1749610720056 0.00025 961
1749610726655 0.00025 962
1749610733235 0.00025 963
1749610739819 0.00025 964
1749610746443 0.00025 965
1749610753536 0.000125 966
1749610760106 0.000125 967
1749610766726 0.000125 968
1749610773358 0.000125 969
1749610879560 0.00025 970
1749610886148 0.00025 971
1749610892720 0.00025 972
1749610899316 0.00025 973
1749610906363 0.00025 974
1749610912930 0.00025 975
1749610919557 0.000125 976
1749610926178 0.000125 977
1749610932776 0.000125 978
1749610939832 0.000125 979
1749611045690 0.00025 980
1749611052745 0.00025 981
1749611059370 0.00025 982
1749611066003 0.00025 983
1749611072609 0.00025 984
1749611079185 0.00025 985
1749611086229 0.000125 986
1749611092816 0.000125 987
1749611099401 0.000125 988
1749611106018 0.000125 989
1749611212357 0.00025 990
1749611218948 0.00025 991
1749611225522 0.00025 992
1749611232133 0.00025 993
1749611239239 0.00025 994
1749611245830 0.00025 995
1749611252455 0.000125 996
1749611259071 0.000125 997
1749611265648 0.000125 998
1749611272241 0.000125 999
1749611378519 0.00025 1000
1749611385129 0.00025 1001
1749611391702 0.00025 1002
1749611398755 0.00025 1003
1749611405323 0.00025 1004
1749611411949 0.00025 1005
1749611418578 0.000125 1006
1749611425200 0.000125 1007
1749611432273 0.000125 1008
1749611438885 0.000125 1009
1749611543573 0.00025 1010
1749611550677 0.00025 1011
1749611557257 0.00025 1012
1749611563849 0.00025 1013
1749611570429 0.00025 1014
1749611577051 0.00025 1015
1749611584128 0.000125 1016
1749611590755 0.000125 1017
1749611597387 0.000125 1018
1749611603990 0.000125 1019
1749611710274 0.00025 1020
1749611716863 0.00025 1021
1749611723474 0.00025 1022
1749611730056 0.00025 1023
1749611737119 0.00025 1024
1749611743709 0.00025 1025
1749611750300 0.000125 1026
1749611756875 0.000125 1027
1749611763491 0.000125 1028
1749611770067 0.000125 1029
1749611876523 0.00025 1030
1749611883111 0.00025 1031
1749611889677 0.00025 1032
1749611896758 0.00025 1033
1749611903330 0.00025 1034
1749611909952 0.00025 1035
1749611916581 0.000125 1036
1749611923220 0.000125 1037
1749611930317 0.000125 1038
1749611936901 0.000125 1039
1749612042849 0.00025 1040
1749612049906 0.00025 1041
1749612056478 0.00025 1042
1749612063060 0.00025 1043
1749612069689 0.00025 1044
1749612076337 0.00025 1045
1749612083390 0.000125 1046
1749612089981 0.000125 1047
1749612096635 0.000125 1048
1749612103251 0.000125 1049
1749612209767 0.00025 1050
1749612216356 0.00025 1051
1749612222938 0.00025 1052
1749612229567 0.00025 1053
1749612236679 0.00025 1054
1749612243258 0.00025 1055
1749612249852 0.000125 1056
1749612256480 0.000125 1057
1749612263098 0.000125 1058
1749612270164 0.000125 1059
1749612376103 0.000125 1060
1749612382683 0.000125 1061
1749612389260 0.000125 1062
1749612396358 0.000125 1063
1749612402940 0.000125 1064
1749612409577 0.000125 1065
1749612416216 0.000125 1066
1749612422832 0.000125 1067
1749612429934 0.000125 1068
1749612436501 0.000125 1069
1749612542417 0.000125 1070
1749612549535 0.000125 1071
1749612556120 0.000125 1072
1749612562710 0.000125 1073
1749612569294 0.000125 1074
1749612575933 0.000125 1075
1749612583018 0.000125 1076
1749612589617 0.000125 1077
1749612596253 0.000125 1078
1749612602886 0.000125 1079
1749612709507 0.000125 1080
1749612716104 0.000125 1081
1749612722728 0.000125 1082
1749612729359 0.000125 1083
1749612736453 0.000125 1084
1749612743079 0.000125 1085
1749612749716 0.000125 1086
1749612756351 0.000125 1087
1749612762982 0.000125 1088
1749612769630 0.000125 1089
1749612876076 0.000125 1090
1749612882677 0.000125 1091
1749612889293 0.000125 1092
1749612896390 0.000125 1093
1749612902966 0.000125 1094
1749612909606 0.000125 1095
1749612916249 0.000125 1096
1749612922870 0.000125 1097
1749612929970 0.000125 1098
1749612936576 0.000125 1099
1749613042593 0.000125 1100
1749613049713 0.000125 1101
1749613056291 0.000125 1102
1749613062892 0.000125 1103
1749613069488 0.000125 1104
1749613076115 0.000125 1105
1749613082755 0.000125 1106
1749613089855 0.000125 1107
1749613096436 0.000125 1108
1749613103070 0.000125 1109
1749613209657 0.000125 1110
1749613216246 0.000125 1111
1749613222841 0.000125 1112
1749613229439 0.000125 1113
1749613236018 0.000125 1114
1749613243130 0.000125 1115
1749613249717 0.000125 1116
1749613256364 0.000125 1117
1749613263000 0.000125 1118
1749613269629 0.000125 1119
1749613376139 0.000125 1120
1749613382746 0.000125 1121
1749613389331 0.000125 1122
1749613396415 0.000125 1123
1749613403014 0.000125 1124
1749613409608 0.000125 1125
1749613416234 0.000125 1126
1749613422873 0.000125 1127
1749613429490 0.000125 1128
1749613436612 0.000125 1129
1749613542672 0.000125 1130
1749613549753 0.000125 1131
1749613556348 0.000125 1132
1749613562947 0.000125 1133
1749613569557 0.000125 1134
1749613576166 0.000125 1135
1749613583225 0.000125 1136
1749613589815 0.000125 1137
1749613596462 0.000125 1138
1749613603064 0.000125 1139
1749613709594 0.000125 1140
1749613716177 0.000125 1141
1749613722750 0.000125 1142
1749613729375 0.000125 1143
1749613736498 0.000125 1144
1749613743080 0.000125 1145
1749613749725 0.000125 1146
1749613756346 0.000125 1147
1749613762977 0.000125 1148
1749613770093 0.000125 1149
1749613876127 0.000125 1150
1749613882716 0.000125 1151
1749613889328 0.000125 1152
1749613896441 0.000125 1153
1749613903036 0.000125 1154
1749613909642 0.000125 1155
1749613916251 0.000125 1156
1749613922874 0.000125 1157
1749613929986 0.000125 1158
1749613936583 0.000125 1159
1749614042609 0.000125 1160
1749614049730 0.000125 1161
1749614056327 0.000125 1162
1749614062905 0.000125 1163
1749614069502 0.000125 1164
1749614076149 0.000125 1165
1749614083255 0.000125 1166
1749614089853 0.000125 1167
1749614096462 0.000125 1168
1749614103106 0.000125 1169
1749614209822 0.000125 1170
1749614216438 0.000125 1171
1749614223027 0.000125 1172
1749614229615 0.000125 1173
1749614236732 0.000125 1174
1749614243343 0.000125 1175
1749614249942 0.000125 1176
1749614256533 0.000125 1177
1749614263183 0.000125 1178
1749614269824 0.000125 1179
1749614376323 0.000125 1180
1749614382923 0.000125 1181
1749614389499 0.000125 1182
1749614396604 0.000125 1183
1749614403204 0.000125 1184
1749614409844 0.000125 1185
1749614416495 0.000125 1186
1749614423085 0.000125 1187
1749614430192 0.000125 1188
1749614436788 0.000125 1189
1749614543291 0.000125 1190
1749614549882 0.000125 1191
1749614556477 0.000125 1192
1749614563105 0.000125 1193
1749614569738 0.000125 1194
1749614576383 0.000125 1195
1749614583471 0.000125 1196
1749614590060 0.000125 1197
1749614596660 0.000125 1198
1749614603309 0.000125 1199
1749614708182 0.000125 1200
1749614714778 0.000125 1201
1749614721369 0.000125 1202
1749614727998 0.000125 1203
1749614734639 0.000125 1204
1749614741285 0.000125 1205
1749614748378 0.000125 1206
1749614754952 0.000125 1207
1749614761581 0.000125 1208
1749614768211 0.000125 1209
1749614874681 0.000125 1210
1749614881269 0.000125 1211
1749614887898 0.000125 1212
1749614894528 0.000125 1213
1749614901630 0.000125 1214
1749614908230 0.000125 1215
1749614914877 0.000125 1216
1749614921503 0.000125 1217
1749614928150 0.000125 1218
1749614934788 0.000125 1219
1749615041241 0.000125 1220
1749615047851 0.000125 1221
1749615054462 0.000125 1222
1749615061583 0.000125 1223
1749615068147 0.000125 1224
1749615074784 0.000125 1225
1749615081425 0.000125 1226
1749615088033 0.000125 1227
1749615095126 0.000125 1228
1749615101723 0.000125 1229
1749615207709 0.000125 1230
1749615214763 0.000125 1231
1749615221398 0.000125 1232
1749615228030 0.000125 1233
1749615234663 0.000125 1234
1749615241294 0.000125 1235
1749615248375 0.000125 1236
1749615254999 0.000125 1237
1749615261633 0.000125 1238
1749615268261 0.000125 1239
1749615374952 0.000125 1240
1749615381554 0.000125 1241
1749615388147 0.000125 1242
1749615394781 0.000125 1243
1749615401396 0.000125 1244
1749615408468 0.000125 1245
1749615415096 6.25e-05 1246
1749615421742 6.25e-05 1247
1749615428386 6.25e-05 1248
1749615435008 6.25e-05 1249
1749615541632 0.000125 1250
1749615548226 0.000125 1251
1749615554851 0.000125 1252
1749615561935 0.000125 1253
1749615568572 0.000125 1254
1749615575216 0.000125 1255
1749615581837 0.000125 1256
1749615588466 0.000125 1257
1749615595578 0.000125 1258
1749615602175 0.000125 1259
1749615708357 0.000125 1260
1749615714933 0.000125 1261
1749615721984 0.000125 1262
1749615728578 0.000125 1263
1749615735177 0.000125 1264
1749615741767 0.000125 1265
1749615748369 0.000125 1266
1749615755486 0.000125 1267
1749615762085 0.000125 1268
1749615768674 0.000125 1269
1749615875202 0.000125 1270
1749615881798 0.000125 1271
1749615888390 0.000125 1272
1749615895028 0.000125 1273
1749615901672 0.000125 1274
1749615908324 0.000125 1275
1749615915395 0.000125 1276
1749615921975 0.000125 1277
1749615928603 0.000125 1278
1749615935241 0.000125 1279
1749616041898 0.000125 1280
1749616048480 0.000125 1281
1749616055136 0.000125 1282
1749616061779 0.000125 1283
1749616068900 0.000125 1284
1749616075495 0.000125 1285
1749616082087 0.000125 1286
1749616088740 0.000125 1287
1749616095356 0.000125 1288
1749616102461 0.000125 1289
1749616208515 0.000125 1290
1749616215106 0.000125 1291
1749616222161 0.000125 1292
1749616228750 0.000125 1293
1749616235348 0.000125 1294
1749616241974 0.000125 1295
1749616248623 0.000125 1296
1749616255275 0.000125 1297
1749616262331 0.000125 1298
1749616268930 0.000125 1299
1749616375130 0.000125 1300
1749616382193 0.000125 1301
1749616388784 0.000125 1302
1749616395438 0.000125 1303
1749616402075 0.000125 1304
1749616408706 0.000125 1305
1749616415359 0.000125 1306
1749616422476 0.000125 1307
1749616429053 0.000125 1308
1749616435653 0.000125 1309
1749616542113 0.000125 1310
1749616548709 0.000125 1311
1749616555347 0.000125 1312
1749616561986 0.000125 1313
1749616568606 0.000125 1314
1749616575717 0.000125 1315
1749616582300 0.000125 1316
1749616588933 0.000125 1317
1749616595563 0.000125 1318
1749616602179 0.000125 1319
1749616708892 0.000125 1320
1749616715489 0.000125 1321
1749616722114 0.000125 1322
1749616729216 0.000125 1323
1749616735821 0.000125 1324
1749616742420 0.000125 1325
1749616749043 0.000125 1326
1749616755682 0.000125 1327
1749616762776 0.000125 1328
1749616769380 0.000125 1329
1749616875419 0.000125 1330
1749616882056 0.000125 1331
1749616889134 0.000125 1332
1749616895719 0.000125 1333
1749616902306 0.000125 1334
1749616908960 0.000125 1335
1749616915608 0.000125 1336
1749616922664 0.000125 1337
1749616929263 0.000125 1338
1749616935895 0.000125 1339
1749617042593 0.000125 1340
1749617049184 0.000125 1341
1749617055794 0.000125 1342
1749617062387 0.000125 1343
1749617069030 0.000125 1344
1749617076143 0.000125 1345
1749617082739 0.000125 1346
1749617089330 0.000125 1347
1749617095956 0.000125 1348
1749617102591 0.000125 1349
1749617209087 0.000125 1350
1749617215673 0.000125 1351
1749617222304 0.000125 1352
1749617229413 0.000125 1353
1749617236012 0.000125 1354
1749617242641 0.000125 1355
1749617249273 0.000125 1356
1749617255901 0.000125 1357
1749617262534 0.000125 1358
1749617269646 0.000125 1359
1749617375818 0.000125 1360
1749617382469 0.000125 1361
1749617389532 0.000125 1362
1749617396127 0.000125 1363
1749617402709 0.000125 1364
1749617409347 0.000125 1365
1749617415984 0.000125 1366
1749617423105 0.000125 1367
1749617429697 0.000125 1368
1749617436348 0.000125 1369
1749617542559 0.000125 1370
1749617549660 0.000125 1371
1749617556261 0.000125 1372
1749617562857 0.000125 1373
1749617569467 0.000125 1374
1749617576109 0.000125 1375
1749617583173 0.000125 1376
1749617589771 0.000125 1377
1749617596393 0.000125 1378
1749617603031 0.000125 1379
1749617709755 0.000125 1380
1749617716368 0.000125 1381
1749617722964 0.000125 1382
1749617729575 0.000125 1383
1749617736639 0.000125 1384
1749617743224 0.000125 1385
1749617749861 0.000125 1386
1749617756522 0.000125 1387
1749617763139 0.000125 1388
1749617770278 0.000125 1389
1749617874862 0.000125 1390
1749617881461 0.000125 1391
1749617888069 0.000125 1392
1749617894673 0.000125 1393
1749617901800 0.000125 1394
1749617908395 0.000125 1395
1749617915016 0.000125 1396
1749617921630 0.000125 1397
1749617928263 0.000125 1398
1749617935392 0.000125 1399
1749618041607 0.000125 1400
1749618048213 0.000125 1401
1749618054828 0.000125 1402
1749618061898 0.000125 1403
1749618068503 0.000125 1404
1749618075115 0.000125 1405
1749618081724 0.000125 1406
1749618088368 0.000125 1407
1749618095476 0.000125 1408
1749618102087 0.000125 1409
1749618207174 0.000125 1410
1749618213770 0.000125 1411
1749618220841 0.000125 1412
1749618227438 0.000125 1413
1749618234050 0.000125 1414
1749618240644 0.000125 1415
1749618247247 0.000125 1416
1749618253904 0.000125 1417
1749618261040 0.000125 1418
1749618267649 0.000125 1419
1749618373836 0.000125 1420
1749618380962 0.000125 1421
1749618387561 0.000125 1422
1749618394180 0.000125 1423
1749618400803 0.000125 1424
1749618407401 0.000125 1425
1749618414461 0.000125 1426
1749618421058 0.000125 1427
1749618427664 0.000125 1428
1749618434326 0.000125 1429
1749618538386 0.000125 1430
1749618545452 0.000125 1431
1749618552060 0.000125 1432
1749618558668 0.000125 1433
1749618565297 0.000125 1434
1749618571907 0.000125 1435
1749618578521 0.000125 1436
1749618585642 0.000125 1437
1749618592236 0.000125 1438
1749618598832 0.000125 1439
1749618703882 0.000125 1440
1749618711005 0.000125 1441
1749618717610 0.000125 1442
1749618724228 0.000125 1443
1749618730832 0.000125 1444
1749618737439 0.000125 1445
1749618744047 0.000125 1446
1749618751173 0.000125 1447
1749618757791 0.000125 1448
1749618764400 0.000125 1449
1749618869083 0.000125 1450
1749618875692 0.000125 1451
1749618882780 0.000125 1452
1749618889431 0.000125 1453
1749618896076 0.000125 1454
1749618902732 0.000125 1455
1749618909382 0.000125 1456
1749618916456 0.000125 1457
1749618923063 0.000125 1458
1749618929682 0.000125 1459
1749619036401 0.000125 1460
1749619043016 0.000125 1461
1749619049637 0.000125 1462
1749619056253 0.000125 1463
1749619062870 0.000125 1464
1749619069497 0.000125 1465
1749619076592 0.000125 1466
1749619083205 0.000125 1467
1749619089810 0.000125 1468
1749619096423 0.000125 1469
1749619203194 0.000125 1470
1749619209812 0.000125 1471
1749619216432 0.000125 1472
1749619223047 0.000125 1473
1749619229664 0.000125 1474
1749619236745 0.000125 1475
1749619243332 0.000125 1476
1749619249935 0.000125 1477
1749619256560 0.000125 1478
1749619263161 0.000125 1479
1749619369905 0.000125 1480
1749619376518 0.000125 1481
1749619383135 0.000125 1482
1749619390229 0.000125 1483
1749619396884 0.000125 1484
1749619403540 0.000125 1485
1749619410190 0.000125 1486
1749619416798 0.000125 1487
1749619423442 0.000125 1488
1749619430571 0.000125 1489
1749619536904 0.000125 1490
1749619543501 0.000125 1491
1749619550626 0.000125 1492
1749619557227 0.000125 1493
1749619563839 0.000125 1494
1749619570498 0.000125 1495
1749619577098 0.000125 1496
1749619584222 0.000125 1497
1749619590825 0.000125 1498
1749619597445 0.000125 1499
1749619703651 0.000125 1500
1749619710770 0.000125 1501
1749619717369 0.000125 1502
1749619723988 0.000125 1503
1749619730595 0.000125 1504
1749619737209 0.000125 1505
1749619743814 0.000125 1506
1749619750952 0.000125 1507
1749619757561 0.000125 1508
1749619764171 0.000125 1509
1749619870944 0.000125 1510
1749619877530 0.000125 1511
1749619884142 0.000125 1512
1749619890755 0.000125 1513
1749619897354 0.000125 1514
1749619904414 0.000125 1515
1749619911022 6.25e-05 1516
1749619917621 6.25e-05 1517
1749619924229 6.25e-05 1518
1749619930865 6.25e-05 1519
1749620037645 0.000125 1520
1749620044260 0.000125 1521
1749620050855 0.000125 1522
1749620057932 0.000125 1523
1749620064548 0.000125 1524
1749620071175 0.000125 1525
1749620077774 0.000125 1526
1749620084383 0.000125 1527
1749620090999 0.000125 1528
1749620098078 0.000125 1529
1749620204348 0.000125 1530
1749620210959 0.000125 1531
1749620218054 0.000125 1532
1749620224722 0.000125 1533
1749620231319 0.000125 1534
1749620237958 0.000125 1535
1749620244605 0.000125 1536
1749620251279 0.000125 1537
1749620258366 0.000125 1538
1749620264971 0.000125 1539
1749620370691 0.000125 1540
1749620377305 0.000125 1541
1749620384377 0.000125 1542
1749620391027 0.000125 1543
1749620397693 0.000125 1544
1749620404295 0.000125 1545
1749620410935 0.000125 1546
1749620418081 0.000125 1547
1749620424687 0.000125 1548
1749620431304 0.000125 1549
1749620536058 0.000125 1550
1749620542660 0.000125 1551
1749620549785 0.000125 1552
1749620556383 0.000125 1553
1749620563034 0.000125 1554
1749620569630 0.000125 1555
1749620576283 0.000125 1556
1749620582943 0.000125 1557
1749620590026 0.000125 1558
1749620596642 0.000125 1559
1749620702884 0.000125 1560
1749620709972 0.000125 1561
1749620716594 0.000125 1562
1749620723205 0.000125 1563
1749620729832 0.000125 1564
1749620736425 0.000125 1565
1749620743490 0.000125 1566
1749620750088 0.000125 1567
1749620756700 0.000125 1568
1749620763332 0.000125 1569
1749620870212 0.000125 1570
1749620876833 0.000125 1571
1749620883438 0.000125 1572
1749620890048 0.000125 1573
1749620897181 0.000125 1574
1749620903791 0.000125 1575
1749620910418 0.000125 1576
1749620917035 0.000125 1577
1749620923655 0.000125 1578
1749620930261 0.000125 1579
1749621035386 0.000125 1580
1749621042006 0.000125 1581
1749621048616 0.000125 1582
1749621055241 0.000125 1583
1749621061863 0.000125 1584
1749621068954 0.000125 1585
1749621075546 0.000125 1586
1749621082166 0.000125 1587
1749621088777 0.000125 1588
1749621095387 0.000125 1589
1749621201625 0.000125 1590
1749621208239 0.000125 1591
1749621214870 0.000125 1592
1749621222014 0.000125 1593
1749621228616 0.000125 1594
1749621235235 0.000125 1595
1749621241827 0.000125 1596
1749621248453 0.000125 1597
1749621255112 0.000125 1598
1749621262213 0.000125 1599
1749621366280 0.000125 1600
1749621372867 0.000125 1601
1749621379472 0.000125 1602
1749621386084 0.000125 1603
1749621392713 0.000125 1604
1749621399785 0.000125 1605
1749621406386 0.000125 1606
1749621412996 0.000125 1607
1749621419612 0.000125 1608
1749621426237 0.000125 1609
1749621531349 0.000125 1610
1749621537964 0.000125 1611
1749621544571 0.000125 1612
1749621551172 0.000125 1613
1749621557760 0.000125 1614
1749621564879 0.000125 1615
1749621571485 0.000125 1616
1749621578108 0.000125 1617
1749621584715 0.000125 1618
1749621591360 0.000125 1619
1749621697113 0.000125 1620
1749621703714 0.000125 1621
1749621710310 0.000125 1622
1749621716908 0.000125 1623
1749621723516 0.000125 1624
1749621730600 0.000125 1625
1749621737193 0.000125 1626
1749621743785 0.000125 1627
1749621750432 0.000125 1628
1749621757092 0.000125 1629
1749621861608 0.000125 1630
1749621868218 0.000125 1631
1749621874840 0.000125 1632
1749621881455 0.000125 1633
1749621888072 0.000125 1634
1749621895148 0.000125 1635
1749621901746 0.000125 1636
1749621908364 0.000125 1637
1749621914947 0.000125 1638
1749621921593 0.000125 1639
1749622026179 0.000125 1640
1749622032806 0.000125 1641
1749622039437 0.000125 1642
1749622046088 0.000125 1643
1749622052746 0.000125 1644
1749622059395 0.000125 1645
1749622066512 0.000125 1646
1749622073114 0.000125 1647
1749622079721 0.000125 1648
1749622086342 0.000125 1649
1749622190396 0.000125 1650
1749622197532 0.000125 1651
1749622204187 0.000125 1652
1749622210860 0.000125 1653
1749622217474 0.000125 1654
1749622224131 0.000125 1655
1749622230748 0.000125 1656
1749622237878 0.000125 1657
1749622244475 0.000125 1658
1749622251088 0.000125 1659
1749622354478 0.000125 1660
1749622361092 0.000125 1661
1749622367708 0.000125 1662
1749622374838 0.000125 1663
1749622381451 0.000125 1664
1749622388074 0.000125 1665
1749622394702 0.000125 1666
1749622401304 0.000125 1667
1749622408439 0.000125 1668
1749622415025 0.000125 1669
1749622520154 0.000125 1670
1749622526771 0.000125 1671
1749622533898 0.000125 1672
1749622540522 0.000125 1673
1749622547141 0.000125 1674
1749622553765 0.000125 1675
1749622560406 0.000125 1676
1749622567069 0.000125 1677
1749622574145 0.000125 1678
1749622580741 0.000125 1679
1749622687511 0.000125 1680
1749622694133 0.000125 1681
1749622700800 0.000125 1682
1749622707431 0.000125 1683
1749622714094 0.000125 1684
1749622720736 0.000125 1685
1749622727830 0.000125 1686
1749622734434 0.000125 1687
1749622741044 0.000125 1688
1749622747674 0.000125 1689
1749622854355 0.000125 1690
1749622860961 0.000125 1691
1749622867567 0.000125 1692
1749622874175 0.000125 1693
1749622880768 0.000125 1694
1749622887885 0.000125 1695
1749622894498 0.000125 1696
1749622901110 0.000125 1697
1749622907703 0.000125 1698
1749622914354 0.000125 1699
1749623018385 0.000125 1700
1749623025033 0.000125 1701
1749623031618 0.000125 1702
1749623038263 0.000125 1703
1749623044880 0.000125 1704
1749623051538 0.000125 1705
1749623058626 0.000125 1706
1749623065234 0.000125 1707
1749623071844 0.000125 1708
1749623078498 0.000125 1709
1749623181560 0.000125 1710
1749623188163 0.000125 1711
1749623195253 0.000125 1712
1749623201853 0.000125 1713
1749623208467 0.000125 1714
1749623215081 0.000125 1715
1749623221683 0.000125 1716
1749623228342 0.000125 1717
1749623235430 0.000125 1718
1749623242031 0.000125 1719
1749623348325 0.000125 1720
1749623355411 0.000125 1721
1749623362105 0.000125 1722
1749623368736 0.000125 1723
1749623375340 0.000125 1724
1749623382010 0.000125 1725
1749623388640 0.000125 1726
1749623395813 0.000125 1727
1749623402428 0.000125 1728
1749623409049 0.000125 1729
1749623515259 0.000125 1730
1749623522370 0.000125 1731
1749623529029 0.000125 1732
1749623535696 0.000125 1733
1749623542306 0.000125 1734
1749623548906 0.000125 1735
1749623555577 0.000125 1736
1749623562651 0.000125 1737
1749623569246 0.000125 1738
1749623575867 0.000125 1739
1749623681577 0.000125 1740
1749623688651 0.000125 1741
1749623695299 0.000125 1742
1749623701958 0.000125 1743
1749623708625 0.000125 1744
1749623715216 0.000125 1745
1749623722351 0.000125 1746
1749623728951 0.000125 1747
1749623735546 0.000125 1748
1749623742191 0.000125 1749
1749623847373 0.000125 1750
1749623853984 0.000125 1751
1749623860648 0.000125 1752
1749623867293 0.000125 1753
1749623873938 0.000125 1754
1749623881068 0.000125 1755
1749623887702 0.000125 1756
1749623894313 0.000125 1757
1749623900929 0.000125 1758
1749623907562 0.000125 1759
1749624014322 0.000125 1760
1749624020942 0.000125 1761
1749624027609 0.000125 1762
1749624034268 0.000125 1763
1749624040888 0.000125 1764
1749624047985 0.000125 1765
1749624054585 0.000125 1766
1749624061202 0.000125 1767
1749624067826 0.000125 1768
1749624074471 0.000125 1769
1749624179645 0.000125 1770
1749624186265 0.000125 1771
1749624192930 0.000125 1772
1749624199551 0.000125 1773
1749624206215 0.000125 1774
1749624212826 0.000125 1775
1749624219955 0.000125 1776
1749624226561 0.000125 1777
1749624233175 0.000125 1778
1749624239808 0.000125 1779
1749624344516 0.000125 1780
1749624351606 0.000125 1781
1749624358263 0.000125 1782
1749624364886 0.000125 1783
1749624371482 0.000125 1784
1749624378158 0.000125 1785
1749624384765 0.000125 1786
1749624391901 0.000125 1787
1749624398506 0.000125 1788
1749624405118 0.000125 1789
1749624508669 6.25e-05 1790
1749624515306 6.25e-05 1791
1749624522431 6.25e-05 1792
1749624529045 6.25e-05 1793
1749624535658 6.25e-05 1794
1749624542264 6.25e-05 1795
1749624548931 6.25e-05 1796
1749624556019 6.25e-05 1797
1749624562623 6.25e-05 1798
1749624569255 6.25e-05 1799
1749624672188 6.25e-05 1800
1749624678817 6.25e-05 1801
1749624685486 6.25e-05 1802
1749624692111 6.25e-05 1803
1749624699257 6.25e-05 1804
1749624705875 6.25e-05 1805
1749624712507 6.25e-05 1806
1749624719117 6.25e-05 1807
1749624725733 6.25e-05 1808
1749624732825 6.25e-05 1809
1749624839134 6.25e-05 1810
1749624845755 6.25e-05 1811
1749624852399 6.25e-05 1812
1749624859550 6.25e-05 1813
1749624866172 6.25e-05 1814
1749624872798 6.25e-05 1815
1749624879419 6.25e-05 1816
1749624886039 6.25e-05 1817
1749624893142 6.25e-05 1818
1749624899779 6.25e-05 1819
1749625002197 6.25e-05 1820
1749625008818 6.25e-05 1821
1749625015446 6.25e-05 1822
1749625022073 6.25e-05 1823
1749625028704 6.25e-05 1824
1749625035310 6.25e-05 1825
1749625042397 6.25e-05 1826
1749625049066 6.25e-05 1827
1749625055742 6.25e-05 1828
1749625062354 6.25e-05 1829
1749625165384 6.25e-05 1830
1749625172014 6.25e-05 1831
1749625178642 6.25e-05 1832
1749625185734 6.25e-05 1833
1749625192354 6.25e-05 1834
1749625198956 6.25e-05 1835
1749625205576 6.25e-05 1836
1749625212245 6.25e-05 1837
1749625218871 6.25e-05 1838
1749625225969 6.25e-05 1839
1749625330142 6.25e-05 1840
1749625336777 6.25e-05 1841
1749625343398 6.25e-05 1842
1749625350512 6.25e-05 1843
1749625357127 6.25e-05 1844
1749625363753 6.25e-05 1845
1749625370354 6.25e-05 1846
1749625376979 6.25e-05 1847
1749625384090 6.25e-05 1848
1749625390728 6.25e-05 1849
1749625494458 6.25e-05 1850
1749625501095 6.25e-05 1851
1749625507721 6.25e-05 1852
1749625514342 6.25e-05 1853
1749625520963 6.25e-05 1854
1749625528065 6.25e-05 1855
1749625534668 6.25e-05 1856
1749625541306 6.25e-05 1857
1749625547938 6.25e-05 1858
1749625554582 6.25e-05 1859
1749625659873 6.25e-05 1860
1749625666506 6.25e-05 1861
1749625673173 6.25e-05 1862
1749625679838 6.25e-05 1863
1749625686516 6.25e-05 1864
1749625693632 6.25e-05 1865
1749625700248 6.25e-05 1866
1749625706868 6.25e-05 1867
1749625713501 6.25e-05 1868
1749625720131 6.25e-05 1869
1749625823675 6.25e-05 1870
1749625830351 6.25e-05 1871
1749625837451 6.25e-05 1872
1749625844067 6.25e-05 1873
1749625850683 6.25e-05 1874
1749625857315 6.25e-05 1875
1749625863918 6.25e-05 1876
1749625870997 6.25e-05 1877
1749625877612 6.25e-05 1878
1749625884234 6.25e-05 1879
1749625987810 6.25e-05 1880
1749625994444 6.25e-05 1881
1749626001056 6.25e-05 1882
1749626008164 6.25e-05 1883
1749626014800 6.25e-05 1884
1749626021413 6.25e-05 1885
1749626028036 6.25e-05 1886
1749626034658 6.25e-05 1887
1749626041309 6.25e-05 1888
1749626048414 6.25e-05 1889
1749626152027 6.25e-05 1890
1749626158657 6.25e-05 1891
1749626165282 6.25e-05 1892
1749626171921 6.25e-05 1893
1749626178548 6.25e-05 1894
1749626185642 6.25e-05 1895
1749626192299 6.25e-05 1896
1749626198964 6.25e-05 1897
1749626205628 6.25e-05 1898
1749626212246 6.25e-05 1899
1749626315975 6.25e-05 1900
1749626323074 6.25e-05 1901
1749626329682 6.25e-05 1902
1749626336361 6.25e-05 1903
1749626343000 6.25e-05 1904
1749626349618 6.25e-05 1905
1749626356713 6.25e-05 1906
1749626363343 6.25e-05 1907
1749626369970 6.25e-05 1908
1749626376577 6.25e-05 1909
1749626480104 6.25e-05 1910
1749626486715 6.25e-05 1911
1749626493808 6.25e-05 1912
1749626500490 6.25e-05 1913
1749626507117 6.25e-05 1914
1749626513737 6.25e-05 1915
1749626520402 6.25e-05 1916
1749626527508 6.25e-05 1917
1749626534141 6.25e-05 1918
1749626540788 6.25e-05 1919
1749626645505 6.25e-05 1920
1749626652143 6.25e-05 1921
1749626659240 6.25e-05 1922
1749626665879 6.25e-05 1923
1749626672517 6.25e-05 1924
1749626679149 6.25e-05 1925
1749626685773 6.25e-05 1926
1749626692402 6.25e-05 1927
1749626699495 6.25e-05 1928
1749626706123 6.25e-05 1929
1749626810214 6.25e-05 1930
1749626816847 6.25e-05 1931
1749626823494 6.25e-05 1932
1749626830611 6.25e-05 1933
1749626837240 6.25e-05 1934
1749626843848 6.25e-05 1935
1749626850472 6.25e-05 1936
1749626857103 6.25e-05 1937
1749626863735 6.25e-05 1938
1749626870849 6.25e-05 1939
1749626974924 6.25e-05 1940
1749626981555 6.25e-05 1941
1749626988223 6.25e-05 1942
1749626994873 6.25e-05 1943
1749627001973 6.25e-05 1944
1749627008587 6.25e-05 1945
1749627015241 6.25e-05 1946
1749627021879 6.25e-05 1947
1749627028499 6.25e-05 1948
1749627035143 6.25e-05 1949
1749627139847 6.25e-05 1950
1749627146473 6.25e-05 1951
1749627153143 6.25e-05 1952
1749627159780 6.25e-05 1953
1749627166416 6.25e-05 1954
1749627173511 6.25e-05 1955
1749627180141 6.25e-05 1956
1749627186773 6.25e-05 1957
1749627193383 6.25e-05 1958
1749627200022 6.25e-05 1959
1749627305341 6.25e-05 1960
1749627311968 6.25e-05 1961
1749627318655 6.25e-05 1962
1749627325345 6.25e-05 1963
1749627331975 6.25e-05 1964
1749627339087 6.25e-05 1965
1749627345731 6.25e-05 1966
1749627352388 6.25e-05 1967
1749627359020 6.25e-05 1968
1749627365657 6.25e-05 1969
1749627470397 6.25e-05 1970
1749627477037 6.25e-05 1971
1749627483657 6.25e-05 1972
1749627490280 6.25e-05 1973
1749627496920 6.25e-05 1974
1749627503574 6.25e-05 1975
1749627510676 6.25e-05 1976
1749627517363 6.25e-05 1977
1749627524040 6.25e-05 1978
1749627530675 6.25e-05 1979
1749627634874 6.25e-05 1980
1749627641550 6.25e-05 1981
1749627648657 6.25e-05 1982
1749627655327 6.25e-05 1983
1749627661999 6.25e-05 1984
1749627668634 6.25e-05 1985
1749627675265 6.25e-05 1986
1749627682379 6.25e-05 1987
1749627689027 6.25e-05 1988
1749627695663 6.25e-05 1989
1749627800005 6.25e-05 1990
1749627806627 6.25e-05 1991
1749627813226 6.25e-05 1992
1749627820342 6.25e-05 1993
1749627826959 6.25e-05 1994
1749627833579 6.25e-05 1995
1749627840217 6.25e-05 1996
1749627846844 6.25e-05 1997
1749627853461 6.25e-05 1998
1749627860575 6.25e-05 1999
1749627965309 6.25e-05 2000
1749627971948 6.25e-05 2001
1749627978568 6.25e-05 2002
1749627985246 6.25e-05 2003
1749627992353 6.25e-05 2004
1749627998976 6.25e-05 2005
1749628005605 6.25e-05 2006
1749628012234 6.25e-05 2007
1749628018877 6.25e-05 2008
1749628025998 6.25e-05 2009
1749628132454 6.25e-05 2010
1749628139076 6.25e-05 2011
1749628146182 6.25e-05 2012
1749628152824 6.25e-05 2013
1749628159444 6.25e-05 2014
1749628166087 6.25e-05 2015
1749628172709 6.25e-05 2016
1749628179828 6.25e-05 2017
1749628186503 6.25e-05 2018
1749628193158 6.25e-05 2019
1749628297349 6.25e-05 2020
1749628303978 6.25e-05 2021
1749628310677 6.25e-05 2022
1749628317783 6.25e-05 2023
1749628324407 6.25e-05 2024
1749628331051 6.25e-05 2025
1749628337684 6.25e-05 2026
1749628344310 6.25e-05 2027
1749628351434 6.25e-05 2028
1749628358112 6.25e-05 2029
1749628462027 6.25e-05 2030
1749628468645 6.25e-05 2031
1749628475317 6.25e-05 2032
1749628481995 6.25e-05 2033
1749628488636 6.25e-05 2034
1749628495736 6.25e-05 2035
1749628502355 6.25e-05 2036
1749628508975 6.25e-05 2037
1749628515617 6.25e-05 2038
1749628522250 6.25e-05 2039
1749628626798 3.125e-05 2040
1749628633405 3.125e-05 2041
1749628640056 3.125e-05 2042
1749628646725 3.125e-05 2043
1749628653347 3.125e-05 2044
1749628660434 3.125e-05 2045
1749628667057 3.125e-05 2046
1749628673692 3.125e-05 2047
1749628680301 3.125e-05 2048
1749628686927 3.125e-05 2049
1749628792127 3.125e-05 2050
1749628798747 3.125e-05 2051
1749628805416 3.125e-05 2052
1749628812048 3.125e-05 2053
1749628818677 3.125e-05 2054
1749628825788 3.125e-05 2055
1749628832424 3.125e-05 2056
1749628839061 3.125e-05 2057
1749628845689 3.125e-05 2058
1749628852330 3.125e-05 2059
1749628955879 3.125e-05 2060
1749628962510 3.125e-05 2061
1749628969599 3.125e-05 2062
1749628976215 3.125e-05 2063
1749628982838 3.125e-05 2064
1749628989468 3.125e-05 2065
1749628996082 3.125e-05 2066
1749629002719 3.125e-05 2067
1749629009809 3.125e-05 2068
1749629016432 3.125e-05 2069
1749629120612 3.125e-05 2070
1749629127234 3.125e-05 2071
1749629133864 3.125e-05 2072
1749629140489 3.125e-05 2073
1749629147576 3.125e-05 2074
1749629154200 3.125e-05 2075
1749629160820 3.125e-05 2076
1749629167422 3.125e-05 2077
1749629174055 3.125e-05 2078
1749629180680 3.125e-05 2079
1749629284939 3.125e-05 2080
1749629292031 3.125e-05 2081
1749629298647 3.125e-05 2082
1749629305280 3.125e-05 2083
1749629311907 3.125e-05 2084
1749629318527 3.125e-05 2085
1749629325628 3.125e-05 2086
1749629332239 3.125e-05 2087
1749629338864 3.125e-05 2088
1749629345503 3.125e-05 2089
1749629449672 3.125e-05 2090
1749629456307 3.125e-05 2091
1749629463415 3.125e-05 2092
1749629470026 3.125e-05 2093
1749629476639 3.125e-05 2094
1749629483268 3.125e-05 2095
1749629489904 3.125e-05 2096
1749629496988 3.125e-05 2097
1749629503619 3.125e-05 2098
1749629510252 3.125e-05 2099
1749629614921 3.125e-05 2100
1749629621552 3.125e-05 2101
1749629628213 3.125e-05 2102
1749629635322 3.125e-05 2103
1749629641929 3.125e-05 2104
1749629648563 3.125e-05 2105
1749629655168 3.125e-05 2106
1749629661781 3.125e-05 2107
1749629668887 3.125e-05 2108
1749629675509 3.125e-05 2109
1749629779628 3.125e-05 2110
1749629786254 3.125e-05 2111
1749629792925 3.125e-05 2112
1749629800040 3.125e-05 2113
1749629806668 3.125e-05 2114
1749629813300 3.125e-05 2115
1749629819922 3.125e-05 2116
1749629826553 3.125e-05 2117
1749629833168 3.125e-05 2118
1749629840271 3.125e-05 2119
1749629945115 3.125e-05 2120
1749629951744 3.125e-05 2121
1749629958369 3.125e-05 2122
1749629964997 3.125e-05 2123
1749629971620 3.125e-05 2124
1749629978706 3.125e-05 2125
1749629985356 3.125e-05 2126
1749629992031 3.125e-05 2127
1749629998707 3.125e-05 2128
1749630005318 3.125e-05 2129
1749630109993 3.125e-05 2130
1749630116618 3.125e-05 2131
1749630123231 3.125e-05 2132
1749630129854 3.125e-05 2133
1749630136476 3.125e-05 2134
1749630143575 3.125e-05 2135
1749630150207 3.125e-05 2136
1749630156840 3.125e-05 2137
1749630163460 3.125e-05 2138
1749630170079 3.125e-05 2139
1749630274723 3.125e-05 2140
1749630281338 3.125e-05 2141
1749630287953 3.125e-05 2142
1749630294581 3.125e-05 2143
1749630301219 3.125e-05 2144
1749630308318 3.125e-05 2145
1749630314956 3.125e-05 2146
1749630321593 3.125e-05 2147
1749630328200 3.125e-05 2148
1749630334836 3.125e-05 2149
1749630439176 3.125e-05 2150
1749630446329 3.125e-05 2151
1749630453008 3.125e-05 2152
1749630459663 3.125e-05 2153
1749630466286 3.125e-05 2154
1749630472938 3.125e-05 2155
1749630480057 3.125e-05 2156
1749630486682 3.125e-05 2157
1749630493314 3.125e-05 2158
1749630499944 3.125e-05 2159
1749630603694 3.125e-05 2160
1749630610328 3.125e-05 2161
1749630617417 3.125e-05 2162
1749630624039 3.125e-05 2163
1749630630675 3.125e-05 2164
1749630637304 3.125e-05 2165
1749630643934 3.125e-05 2166
1749630651025 3.125e-05 2167
1749630657655 3.125e-05 2168
1749630664294 3.125e-05 2169
1749630770845 3.125e-05 2170
1749630777475 3.125e-05 2171
1749630784583 3.125e-05 2172
1749630791217 3.125e-05 2173
1749630797845 3.125e-05 2174
1749630804471 3.125e-05 2175
1749630811102 3.125e-05 2176
1749630817742 3.125e-05 2177
1749630824856 3.125e-05 2178
1749630831515 3.125e-05 2179
1749630935884 3.125e-05 2180
1749630942531 3.125e-05 2181
1749630949162 3.125e-05 2182
1749630956330 3.125e-05 2183
1749630962961 3.125e-05 2184
1749630969605 3.125e-05 2185
1749630976237 3.125e-05 2186
1749630982873 3.125e-05 2187
1749630989510 3.125e-05 2188
1749630996640 3.125e-05 2189
1749631103152 3.125e-05 2190
1749631109782 3.125e-05 2191
1749631116406 3.125e-05 2192
1749631123521 3.125e-05 2193
1749631130197 3.125e-05 2194
1749631136839 3.125e-05 2195
1749631143459 3.125e-05 2196
1749631150095 3.125e-05 2197
1749631157211 3.125e-05 2198
1749631163843 3.125e-05 2199
1749631267664 3.125e-05 2200
1749631274312 3.125e-05 2201
1749631280965 3.125e-05 2202
1749631287659 3.125e-05 2203
1749631294794 3.125e-05 2204
1749631301443 3.125e-05 2205
1749631308093 3.125e-05 2206
1749631314720 3.125e-05 2207
1749631321360 3.125e-05 2208
1749631328466 3.125e-05 2209
1749631433002 3.125e-05 2210
1749631439645 3.125e-05 2211
1749631446352 3.125e-05 2212
1749631453006 3.125e-05 2213
1749631459660 3.125e-05 2214
1749631466313 3.125e-05 2215
1749631473436 3.125e-05 2216
1749631480122 3.125e-05 2217
1749631486768 3.125e-05 2218
1749631493421 3.125e-05 2219
1749631597925 3.125e-05 2220
1749631605043 3.125e-05 2221
1749631611677 3.125e-05 2222
1749631618305 3.125e-05 2223
1749631624937 3.125e-05 2224
1749631631588 3.125e-05 2225
1749631638236 3.125e-05 2226
1749631645363 3.125e-05 2227
1749631651980 3.125e-05 2228
1749631658610 3.125e-05 2229
1749631763192 3.125e-05 2230
1749631769844 3.125e-05 2231
1749631776495 3.125e-05 2232
1749631783634 3.125e-05 2233
1749631790287 3.125e-05 2234
1749631796950 3.125e-05 2235
1749631803604 3.125e-05 2236
1749631810245 3.125e-05 2237
1749631816873 3.125e-05 2238
1749631824000 3.125e-05 2239
1749631928924 3.125e-05 2240
1749631935585 3.125e-05 2241
1749631942206 3.125e-05 2242
1749631948843 3.125e-05 2243
1749631955954 3.125e-05 2244
1749631962644 3.125e-05 2245
1749631969282 3.125e-05 2246
1749631975925 3.125e-05 2247
1749631982577 3.125e-05 2248
1749631989235 3.125e-05 2249
1749632093235 3.125e-05 2250
1749632100343 3.125e-05 2251
1749632107039 3.125e-05 2252
1749632113686 3.125e-05 2253
1749632120319 3.125e-05 2254
1749632126968 3.125e-05 2255
1749632134101 3.125e-05 2256
1749632140760 3.125e-05 2257
1749632147461 3.125e-05 2258
1749632154110 3.125e-05 2259
1749632259686 3.125e-05 2260
1749632266861 3.125e-05 2261
1749632273552 3.125e-05 2262
1749632280256 3.125e-05 2263
1749632286911 3.125e-05 2264
1749632293555 3.125e-05 2265
1749632300226 3.125e-05 2266
1749632307372 3.125e-05 2267
1749632314031 3.125e-05 2268
1749632320690 3.125e-05 2269
1749632425137 3.125e-05 2270
1749632431782 3.125e-05 2271
1749632438477 3.125e-05 2272
1749632445605 3.125e-05 2273
1749632452245 3.125e-05 2274
1749632458902 3.125e-05 2275
1749632465562 3.125e-05 2276
1749632472246 3.125e-05 2277
1749632479415 3.125e-05 2278
1749632486062 3.125e-05 2279
1749632590633 3.125e-05 2280
1749632597279 3.125e-05 2281
1749632603930 3.125e-05 2282
1749632610578 3.125e-05 2283
1749632617691 3.125e-05 2284
1749632624333 3.125e-05 2285
1749632630974 3.125e-05 2286
1749632637633 3.125e-05 2287
1749632644264 3.125e-05 2288
1749632651371 3.125e-05 2289
1749632756549 3.125e-05 2290
1749632763198 3.125e-05 2291
1749632769834 3.125e-05 2292
1749632776497 3.125e-05 2293
1749632783618 3.125e-05 2294
1749632790259 3.125e-05 2295
1749632796914 3.125e-05 2296
1749632803550 3.125e-05 2297
1749632810198 3.125e-05 2298
1749632816868 3.125e-05 2299
1749632921811 3.125e-05 2300
1749632928519 3.125e-05 2301
1749632935169 3.125e-05 2302
1749632941824 3.125e-05 2303
1749632948475 3.125e-05 2304
1749632955139 3.125e-05 2305
1749632962296 3.125e-05 2306
1749632968924 3.125e-05 2307
1749632975561 3.125e-05 2308
1749632982207 3.125e-05 2309
1749633088873 3.125e-05 2310
1749633095505 3.125e-05 2311
1749633102197 3.125e-05 2312
1749633108864 3.125e-05 2313
1749633115504 3.125e-05 2314
1749633122645 3.125e-05 2315
1749633129343 3.125e-05 2316
1749633135981 3.125e-05 2317
1749633142625 3.125e-05 2318
1749633149278 3.125e-05 2319
1749633253776 3.125e-05 2320
1749633260437 3.125e-05 2321
1749633267567 3.125e-05 2322
1749633274215 3.125e-05 2323
1749633280852 3.125e-05 2324
1749633287500 3.125e-05 2325
1749633294138 3.125e-05 2326
1749633300802 3.125e-05 2327
1749633307945 3.125e-05 2328
1749633314622 3.125e-05 2329
1749633420270 3.125e-05 2330
1749633426915 3.125e-05 2331
1749633433565 3.125e-05 2332
1749633440685 3.125e-05 2333
1749633447374 3.125e-05 2334
1749633454025 3.125e-05 2335
1749633460692 3.125e-05 2336
1749633467351 3.125e-05 2337
1749633474007 3.125e-05 2338
1749633481166 3.125e-05 2339
1749633585699 3.125e-05 2340
1749633592349 3.125e-05 2341
1749633599002 3.125e-05 2342
1749633605661 3.125e-05 2343
1749633612302 3.125e-05 2344
1749633618950 3.125e-05 2345
1749633626081 3.125e-05 2346
1749633632773 3.125e-05 2347
1749633639420 3.125e-05 2348
1749633646044 3.125e-05 2349
1749633750569 3.125e-05 2350
1749633757223 3.125e-05 2351
1749633764395 3.125e-05 2352
1749633771045 3.125e-05 2353
1749633777707 3.125e-05 2354
1749633784410 3.125e-05 2355
1749633791049 3.125e-05 2356
1749633797704 3.125e-05 2357
1749633804840 3.125e-05 2358
1749633811485 3.125e-05 2359
1749633915881 3.125e-05 2360
1749633922536 3.125e-05 2361
1749633929216 3.125e-05 2362
1749633936398 3.125e-05 2363
1749633943060 3.125e-05 2364
1749633949759 3.125e-05 2365
1749633956384 3.125e-05 2366
1749633963028 3.125e-05 2367
1749633970158 3.125e-05 2368
1749633976817 3.125e-05 2369
1749634083589 3.125e-05 2370
1749634090234 3.125e-05 2371
1749634096878 3.125e-05 2372
1749634104004 3.125e-05 2373
1749634110646 3.125e-05 2374
1749634117303 3.125e-05 2375
1749634123926 3.125e-05 2376
1749634130571 3.125e-05 2377
1749634137231 3.125e-05 2378
1749634144352 3.125e-05 2379
1749634248406 3.125e-05 2380
1749634255102 3.125e-05 2381
1749634261762 3.125e-05 2382
1749634268396 3.125e-05 2383
1749634275046 3.125e-05 2384
1749634282199 3.125e-05 2385
1749634288852 3.125e-05 2386
1749634295524 3.125e-05 2387
1749634302174 3.125e-05 2388
1749634308819 3.125e-05 2389
1749634415899 3.125e-05 2390
1749634422570 3.125e-05 2391
1749634429234 3.125e-05 2392
1749634435878 3.125e-05 2393
1749634443019 3.125e-05 2394
1749634449720 3.125e-05 2395
1749634456388 3.125e-05 2396
1749634463044 3.125e-05 2397
1749634469700 3.125e-05 2398
1749634476843 3.125e-05 2399
1749634581235 3.125e-05 2400
1749634587879 3.125e-05 2401
1749634594569 3.125e-05 2402
1749634601217 3.125e-05 2403
1749634607868 3.125e-05 2404
1749634614995 3.125e-05 2405
1749634621680 3.125e-05 2406
1749634628374 3.125e-05 2407
1749634635021 3.125e-05 2408
1749634641678 3.125e-05 2409
1749634746150 3.125e-05 2410
1749634753277 3.125e-05 2411
1749634759917 3.125e-05 2412
1749634766560 3.125e-05 2413
1749634773221 3.125e-05 2414
1749634779884 3.125e-05 2415
1749634787013 3.125e-05 2416
1749634793683 3.125e-05 2417
1749634800328 3.125e-05 2418
1749634806976 3.125e-05 2419
1749634911449 3.125e-05 2420
1749634918101 3.125e-05 2421
1749634925283 3.125e-05 2422
1749634931951 3.125e-05 2423
1749634938628 3.125e-05 2424
1749634945305 3.125e-05 2425
1749634951966 3.125e-05 2426
1749634958597 3.125e-05 2427
1749634965739 3.125e-05 2428
1749634972433 3.125e-05 2429
1749635077487 3.125e-05 2430
1749635084146 3.125e-05 2431
1749635090789 3.125e-05 2432
1749635097918 3.125e-05 2433
1749635104607 3.125e-05 2434
1749635111270 3.125e-05 2435
1749635117932 3.125e-05 2436
1749635124575 3.125e-05 2437
1749635131212 3.125e-05 2438
1749635138329 3.125e-05 2439
1749635242783 3.125e-05 2440
1749635249431 3.125e-05 2441
1749635256086 3.125e-05 2442
1749635262756 3.125e-05 2443
1749635269404 3.125e-05 2444
1749635276068 3.125e-05 2445
1749635283199 3.125e-05 2446
1749635289835 3.125e-05 2447
1749635296488 3.125e-05 2448
1749635303113 3.125e-05 2449
1749635407002 3.125e-05 2450
1749635413650 3.125e-05 2451
1749635420342 3.125e-05 2452
1749635427499 3.125e-05 2453
1749635434150 3.125e-05 2454
1749635440807 3.125e-05 2455
1749635447494 3.125e-05 2456
1749635454140 3.125e-05 2457
1749635461281 3.125e-05 2458
1749635467936 3.125e-05 2459
1749635573484 3.125e-05 2460
1749635580139 3.125e-05 2461
1749635586763 3.125e-05 2462
1749635593898 3.125e-05 2463
1749635600584 3.125e-05 2464
1749635607231 3.125e-05 2465
1749635613876 3.125e-05 2466
1749635620531 3.125e-05 2467
1749635627171 3.125e-05 2468
1749635634296 3.125e-05 2469
1749635739875 3.125e-05 2470
1749635746520 3.125e-05 2471
1749635753210 3.125e-05 2472
1749635759841 3.125e-05 2473
1749635766489 3.125e-05 2474
1749635773612 3.125e-05 2475
1749635780242 3.125e-05 2476
1749635786876 3.125e-05 2477
1749635793511 3.125e-05 2478
1749635800140 3.125e-05 2479
1749635903933 1.5625e-05 2480
1749635910587 1.5625e-05 2481
1749635917713 1.5625e-05 2482
1749635924412 1.5625e-05 2483
1749635931057 1.5625e-05 2484
1749635937703 1.5625e-05 2485
1749635944333 1.5625e-05 2486
1749635951461 1.5625e-05 2487
1749635958165 1.5625e-05 2488
1749635964824 1.5625e-05 2489
1749636069890 1.5625e-05 2490
1749636076547 1.5625e-05 2491
1749636083183 1.5625e-05 2492
1749636090295 1.5625e-05 2493
1749636096966 1.5625e-05 2494
1749636103616 1.5625e-05 2495
1749636110273 1.5625e-05 2496
1749636116899 1.5625e-05 2497
1749636124024 1.5625e-05 2498
1749636130703 1.5625e-05 2499
1749636237270 1.5625e-05 2500
1749636243923 1.5625e-05 2501
1749636251101 1.5625e-05 2502
1749636257756 1.5625e-05 2503
1749636264411 1.5625e-05 2504
1749636271059 1.5625e-05 2505
1749636277762 1.5625e-05 2506
1749636284410 1.5625e-05 2507
1749636291549 1.5625e-05 2508
1749636298196 1.5625e-05 2509
1749636402554 1.5625e-05 2510
1749636409202 1.5625e-05 2511
1749636415840 1.5625e-05 2512
1749636422975 1.5625e-05 2513
1749636429644 1.5625e-05 2514
1749636436302 1.5625e-05 2515
1749636442937 1.5625e-05 2516
1749636449587 1.5625e-05 2517
1749636456237 1.5625e-05 2518
1749636463356 1.5625e-05 2519
1749636568331 1.5625e-05 2520
1749636574966 1.5625e-05 2521
1749636581607 1.5625e-05 2522
1749636588295 1.5625e-05 2523
1749636595471 1.5625e-05 2524
1749636602104 1.5625e-05 2525
1749636608749 1.5625e-05 2526
1749636615411 1.5625e-05 2527
1749636622095 1.5625e-05 2528
1749636629234 1.5625e-05 2529
1749636733701 1.5625e-05 2530
1749636740351 1.5625e-05 2531
1749636747042 1.5625e-05 2532
1749636753696 1.5625e-05 2533
1749636760331 1.5625e-05 2534
1749636767476 1.5625e-05 2535
1749636774176 1.5625e-05 2536
1749636780833 1.5625e-05 2537
1749636787489 1.5625e-05 2538
1749636794138 1.5625e-05 2539
1749636898522 1.5625e-05 2540
1749636905640 1.5625e-05 2541
1749636912334 1.5625e-05 2542
1749636918989 1.5625e-05 2543
1749636925631 1.5625e-05 2544
1749636932272 1.5625e-05 2545
1749636938921 1.5625e-05 2546
1749636946028 1.5625e-05 2547
1749636952668 1.5625e-05 2548
1749636959329 1.5625e-05 2549
1749637064229 1.5625e-05 2550
1749637070888 1.5625e-05 2551
1749637077542 1.5625e-05 2552
1749637084673 1.5625e-05 2553
1749637091357 1.5625e-05 2554
1749637097998 1.5625e-05 2555
1749637104627 1.5625e-05 2556
1749637111275 1.5625e-05 2557
1749637117927 1.5625e-05 2558
1749637125052 1.5625e-05 2559
1749637230577 1.5625e-05 2560
1749637237212 1.5625e-05 2561
1749637243865 1.5625e-05 2562
1749637250991 1.5625e-05 2563
1749637257689 1.5625e-05 2564
1749637264350 1.5625e-05 2565
1749637270983 1.5625e-05 2566
1749637277624 1.5625e-05 2567
1749637284269 1.5625e-05 2568
1749637291401 1.5625e-05 2569
1749637395848 1.5625e-05 2570
1749637402503 1.5625e-05 2571
1749637409139 1.5625e-05 2572
1749637415790 1.5625e-05 2573
1749637422454 1.5625e-05 2574
1749637429587 1.5625e-05 2575
1749637436268 1.5625e-05 2576
1749637442918 1.5625e-05 2577
1749637449579 1.5625e-05 2578
1749637456219 1.5625e-05 2579
1749637561878 1.5625e-05 2580
1749637568534 1.5625e-05 2581
1749637575231 1.5625e-05 2582
1749637581874 1.5625e-05 2583
1749637588532 1.5625e-05 2584
1749637595172 1.5625e-05 2585
1749637602307 1.5625e-05 2586
1749637609004 1.5625e-05 2587
1749637615660 1.5625e-05 2588
1749637622323 1.5625e-05 2589
1749637726852 1.5625e-05 2590
1749637733563 1.5625e-05 2591
1749637740700 1.5625e-05 2592
1749637747389 1.5625e-05 2593
1749637754047 1.5625e-05 2594
1749637760700 1.5625e-05 2595
1749637767346 1.5625e-05 2596
1749637773997 1.5625e-05 2597
1749637781122 1.5625e-05 2598
1749637787797 1.5625e-05 2599
1749637892172 1.5625e-05 2600
1749637898837 1.5625e-05 2601
1749637905490 1.5625e-05 2602
1749637912135 1.5625e-05 2603
1749637919281 1.5625e-05 2604
1749637925959 1.5625e-05 2605
1749637932676 1.5625e-05 2606
1749637939335 1.5625e-05 2607
1749637945983 1.5625e-05 2608
1749637953135 1.5625e-05 2609
1749638056705 1.5625e-05 2610
1749638063876 1.5625e-05 2611
1749638070544 1.5625e-05 2612
1749638077252 1.5625e-05 2613
1749638083884 1.5625e-05 2614
1749638090532 1.5625e-05 2615
1749638097696 1.5625e-05 2616
1749638104408 1.5625e-05 2617
1749638111041 1.5625e-05 2618
1749638117697 1.5625e-05 2619
1749638223559 1.5625e-05 2620
1749638230225 1.5625e-05 2621
1749638237370 1.5625e-05 2622
1749638244012 1.5625e-05 2623
1749638250673 1.5625e-05 2624
1749638257347 1.5625e-05 2625
1749638263975 1.5625e-05 2626
1749638271104 1.5625e-05 2627
1749638277764 1.5625e-05 2628
1749638284429 1.5625e-05 2629
1749638389073 1.5625e-05 2630
1749638395729 1.5625e-05 2631
1749638402387 1.5625e-05 2632
1749638409100 1.5625e-05 2633
1749638416233 1.5625e-05 2634
1749638422882 1.5625e-05 2635
1749638429532 1.5625e-05 2636
1749638436251 1.5625e-05 2637
1749638442902 1.5625e-05 2638
1749638450045 1.5625e-05 2639
1749638554715 1.5625e-05 2640
1749638561371 1.5625e-05 2641
1749638568033 1.5625e-05 2642
1749638574710 1.5625e-05 2643
1749638581377 1.5625e-05 2644
1749638588508 1.5625e-05 2645
1749638595165 1.5625e-05 2646
1749638601839 1.5625e-05 2647
1749638608488 1.5625e-05 2648
1749638615155 1.5625e-05 2649
1749638721418 1.5625e-05 2650
1749638728072 1.5625e-05 2651
1749638734737 1.5625e-05 2652
1749638741385 1.5625e-05 2653
1749638748043 1.5625e-05 2654
1749638755187 1.5625e-05 2655
1749638761898 1.5625e-05 2656
1749638768559 1.5625e-05 2657
1749638775224 1.5625e-05 2658
1749638781895 1.5625e-05 2659
1749638887045 1.5625e-05 2660
1749638893722 1.5625e-05 2661
1749638900867 1.5625e-05 2662
1749638907509 1.5625e-05 2663
1749638914169 1.5625e-05 2664
1749638920813 1.5625e-05 2665
1749638927483 1.5625e-05 2666
1749638934642 1.5625e-05 2667
1749638941310 1.5625e-05 2668
1749638947960 1.5625e-05 2669
1749639052555 1.5625e-05 2670
1749639059216 1.5625e-05 2671
1749639065870 1.5625e-05 2672
1749639073063 1.5625e-05 2673
1749639079721 1.5625e-05 2674
1749639086396 1.5625e-05 2675
1749639093099 1.5625e-05 2676
1749639099762 1.5625e-05 2677
1749639106430 1.5625e-05 2678
1749639113575 1.5625e-05 2679
1749639219394 1.5625e-05 2680
1749639226061 1.5625e-05 2681
1749639232731 1.5625e-05 2682
1749639239384 1.5625e-05 2683
1749639246518 1.5625e-05 2684
1749639253236 1.5625e-05 2685
1749639259935 1.5625e-05 2686
1749639266596 1.5625e-05 2687
1749639273327 1.5625e-05 2688
1749639279978 1.5625e-05 2689
1749639384633 1.5625e-05 2690
1749639391788 1.5625e-05 2691
1749639398443 1.5625e-05 2692
1749639405112 1.5625e-05 2693
1749639411776 1.5625e-05 2694
1749639418441 1.5625e-05 2695
1749639425600 1.5625e-05 2696
1749639432278 1.5625e-05 2697
1749639438925 1.5625e-05 2698
1749639445567 1.5625e-05 2699
1749639550298 1.5625e-05 2700
1749639556954 1.5625e-05 2701
1749639564094 1.5625e-05 2702
1749639570798 1.5625e-05 2703
1749639577457 1.5625e-05 2704
1749639584114 1.5625e-05 2705
1749639590778 1.5625e-05 2706
1749639597457 1.5625e-05 2707
1749639604631 1.5625e-05 2708
1749639611279 1.5625e-05 2709
1749639716417 1.5625e-05 2710
1749639723085 1.5625e-05 2711
1749639729725 1.5625e-05 2712
1749639736880 1.5625e-05 2713
1749639743548 1.5625e-05 2714
1749639750212 1.5625e-05 2715
1749639756876 1.5625e-05 2716
1749639763551 1.5625e-05 2717
1749639770697 1.5625e-05 2718
1749639777367 1.5625e-05 2719
1749639882750 7.8125e-06 2720
1749639889422 7.8125e-06 2721
1749639896084 7.8125e-06 2722
1749639902758 7.8125e-06 2723
1749639909935 7.8125e-06 2724
1749639916588 7.8125e-06 2725
1749639923263 7.8125e-06 2726
1749639930001 7.8125e-06 2727
1749639936664 7.8125e-06 2728
1749639943812 7.8125e-06 2729
1749640050618 7.8125e-06 2730
1749640057278 7.8125e-06 2731
1749640063972 7.8125e-06 2732
1749640071105 7.8125e-06 2733
1749640077820 7.8125e-06 2734
1749640084471 7.8125e-06 2735
1749640091133 7.8125e-06 2736
1749640097801 7.8125e-06 2737
1749640104437 7.8125e-06 2738
1749640111592 7.8125e-06 2739
1749640218518 7.8125e-06 2740
1749640225191 7.8125e-06 2741
1749640231894 7.8125e-06 2742
1749640239044 7.8125e-06 2743
1749640245706 7.8125e-06 2744
1749640252408 7.8125e-06 2745
1749640259058 7.8125e-06 2746
1749640265720 7.8125e-06 2747
1749640272401 7.8125e-06 2748
1749640279543 7.8125e-06 2749
1749640386362 7.8125e-06 2750
1749640393042 7.8125e-06 2751
1749640399696 7.8125e-06 2752
1749640406836 7.8125e-06 2753
1749640413526 7.8125e-06 2754
1749640420195 7.8125e-06 2755
1749640426848 7.8125e-06 2756
1749640433500 7.8125e-06 2757
1749640440650 7.8125e-06 2758
1749640447314 7.8125e-06 2759
1749640554282 7.8125e-06 2760
1749640560955 7.8125e-06 2761
1749640567613 7.8125e-06 2762
1749640574770 7.8125e-06 2763
1749640581465 7.8125e-06 2764
1749640588138 7.8125e-06 2765
1749640594806 7.8125e-06 2766
1749640601468 7.8125e-06 2767
1749640608603 7.8125e-06 2768
1749640615280 7.8125e-06 2769
1749640722300 7.8125e-06 2770
1749640728954 7.8125e-06 2771
1749640736092 7.8125e-06 2772
1749640742779 7.8125e-06 2773
1749640749450 7.8125e-06 2774
1749640756103 7.8125e-06 2775
1749640762767 7.8125e-06 2776
1749640769922 7.8125e-06 2777
1749640776589 7.8125e-06 2778
1749640783263 7.8125e-06 2779
1749640890261 7.8125e-06 2780
1749640896929 7.8125e-06 2781
1749640904083 7.8125e-06 2782
1749640910743 7.8125e-06 2783
1749640917410 7.8125e-06 2784
1749640924085 7.8125e-06 2785
1749640930782 7.8125e-06 2786
1749640937919 7.8125e-06 2787
1749640944601 7.8125e-06 2788
1749640951324 7.8125e-06 2789
1749641058271 7.8125e-06 2790
1749641064971 7.8125e-06 2791
1749641072112 7.8125e-06 2792
1749641078826 7.8125e-06 2793
1749641085495 7.8125e-06 2794
1749641092181 7.8125e-06 2795
1749641098844 7.8125e-06 2796
1749641105521 7.8125e-06 2797
1749641112705 7.8125e-06 2798
1749641119371 7.8125e-06 2799
1749641226388 7.8125e-06 2800
1749641233091 7.8125e-06 2801
1749641240247 7.8125e-06 2802
1749641246916 7.8125e-06 2803
1749641253637 7.8125e-06 2804
1749641260309 7.8125e-06 2805
1749641266981 7.8125e-06 2806
1749641273650 7.8125e-06 2807
1749641280841 7.8125e-06 2808
1749641287495 7.8125e-06 2809
1749641394541 7.8125e-06 2810
1749641401231 7.8125e-06 2811
1749641408395 7.8125e-06 2812
1749641415068 7.8125e-06 2813
1749641421781 7.8125e-06 2814
1749641428452 7.8125e-06 2815
1749641435136 7.8125e-06 2816
1749641442286 7.8125e-06 2817
1749641448980 7.8125e-06 2818
1749641455670 7.8125e-06 2819
1749641562608 7.8125e-06 2820
1749641569283 7.8125e-06 2821
1749641576433 7.8125e-06 2822
1749641583084 7.8125e-06 2823
1749641589756 7.8125e-06 2824
1749641596426 7.8125e-06 2825
1749641603077 7.8125e-06 2826
1749641610211 7.8125e-06 2827
1749641616892 7.8125e-06 2828
1749641623568 7.8125e-06 2829
1749641730526 7.8125e-06 2830
1749641737194 7.8125e-06 2831
1749641744340 7.8125e-06 2832
1749641750999 7.8125e-06 2833
1749641757667 7.8125e-06 2834
1749641764346 7.8125e-06 2835
1749641771012 7.8125e-06 2836
1749641777685 7.8125e-06 2837
1749641784877 7.8125e-06 2838
1749641791536 7.8125e-06 2839
1749641898523 3.90625e-06 2840
1749641905195 3.90625e-06 2841
1749641912384 3.90625e-06 2842
1749641919059 3.90625e-06 2843
1749641925737 3.90625e-06 2844
1749641932452 3.90625e-06 2845
1749641939123 3.90625e-06 2846
1749641945800 3.90625e-06 2847
1749641952952 3.90625e-06 2848
1749641959617 3.90625e-06 2849
1749642066478 3.90625e-06 2850
1749642073165 3.90625e-06 2851
1749642080351 3.90625e-06 2852
1749642087019 3.90625e-06 2853
1749642093723 3.90625e-06 2854
1749642100377 3.90625e-06 2855
1749642107045 3.90625e-06 2856
1749642114202 3.90625e-06 2857
1749642120903 3.90625e-06 2858
1749642127580 3.90625e-06 2859
1749642234532 3.90625e-06 2860
1749642241242 3.90625e-06 2861
1749642248396 3.90625e-06 2862
1749642255064 3.90625e-06 2863
1749642261735 3.90625e-06 2864
1749642268406 3.90625e-06 2865
1749642275065 3.90625e-06 2866
1749642282259 3.90625e-06 2867
1749642288919 3.90625e-06 2868
1749642295605 3.90625e-06 2869
1749642402552 3.90625e-06 2870
1749642409240 3.90625e-06 2871
1749642416431 3.90625e-06 2872
1749642423107 3.90625e-06 2873
1749642429845 3.90625e-06 2874
1749642436524 3.90625e-06 2875
1749642443185 3.90625e-06 2876
1749642449866 3.90625e-06 2877
1749642457072 3.90625e-06 2878
1749642463785 3.90625e-06 2879
1749642570673 3.90625e-06 2880
1749642577332 3.90625e-06 2881
1749642584484 3.90625e-06 2882
1749642591152 3.90625e-06 2883
1749642597823 3.90625e-06 2884
1749642604486 3.90625e-06 2885
1749642611152 3.90625e-06 2886
1749642617870 3.90625e-06 2887
1749642625014 3.90625e-06 2888
1749642631665 3.90625e-06 2889
1749642738633 3.90625e-06 2890
1749642745318 3.90625e-06 2891
1749642752504 3.90625e-06 2892
1749642759169 3.90625e-06 2893
1749642765854 3.90625e-06 2894
1749642772557 3.90625e-06 2895
1749642779222 3.90625e-06 2896
1749642786384 3.90625e-06 2897
1749642793084 3.90625e-06 2898
1749642799747 3.90625e-06 2899
1749642906795 3.90625e-06 2900
1749642913468 3.90625e-06 2901
1749642920662 3.90625e-06 2902
1749642927329 3.90625e-06 2903
1749642934038 3.90625e-06 2904
1749642940722 3.90625e-06 2905
1749642947381 3.90625e-06 2906
1749642954523 3.90625e-06 2907
1749642961233 3.90625e-06 2908
1749642967919 3.90625e-06 2909
1749643074833 3.90625e-06 2910
1749643081556 3.90625e-06 2911
1749643088692 3.90625e-06 2912
1749643095348 3.90625e-06 2913
1749643102014 3.90625e-06 2914
1749643108691 3.90625e-06 2915
1749643115364 3.90625e-06 2916
1749643122033 3.90625e-06 2917
1749643129225 3.90625e-06 2918
1749643135888 3.90625e-06 2919
1749643242873 3.90625e-06 2920
1749643249558 3.90625e-06 2921
1749643256755 3.90625e-06 2922
1749643263415 3.90625e-06 2923
1749643270123 3.90625e-06 2924
1749643276799 3.90625e-06 2925
1749643283474 3.90625e-06 2926
1749643290164 3.90625e-06 2927
1749643297348 3.90625e-06 2928
1749643304018 3.90625e-06 2929
1749643411033 3.90625e-06 2930
1749643417713 3.90625e-06 2931
1749643424420 3.90625e-06 2932
1749643431587 3.90625e-06 2933
1749643438319 3.90625e-06 2934
1749643444982 3.90625e-06 2935
1749643451669 3.90625e-06 2936
1749643458393 3.90625e-06 2937
1749643465552 3.90625e-06 2938
1749643472281 3.90625e-06 2939
1749643579390 3.90625e-06 2940
1749643586071 3.90625e-06 2941
1749643592799 3.90625e-06 2942
1749643599963 3.90625e-06 2943
1749643606624 3.90625e-06 2944
1749643613300 3.90625e-06 2945
1749643619981 3.90625e-06 2946
1749643626662 3.90625e-06 2947
1749643633385 3.90625e-06 2948
1749643640531 3.90625e-06 2949
1749643747638 1.953125e-06 2950
1749643754328 1.953125e-06 2951
1749643760970 1.953125e-06 2952
1749643768120 1.953125e-06 2953
1749643774796 1.953125e-06 2954
1749643781479 1.953125e-06 2955
1749643788123 1.953125e-06 2956
1749643794789 1.953125e-06 2957
1749643801996 1.953125e-06 2958
1749643808675 1.953125e-06 2959
1749643915822 1.953125e-06 2960
1749643922502 1.953125e-06 2961
1749643929162 1.953125e-06 2962
1749643936367 1.953125e-06 2963
1749643943035 1.953125e-06 2964
1749643949755 1.953125e-06 2965
1749643956437 1.953125e-06 2966
1749643963109 1.953125e-06 2967
1749643970258 1.953125e-06 2968
1749643976930 1.953125e-06 2969
1749644083995 1.953125e-06 2970
1749644090671 1.953125e-06 2971
1749644097395 1.953125e-06 2972
1749644104551 1.953125e-06 2973
1749644111263 1.953125e-06 2974
1749644117932 1.953125e-06 2975
1749644124626 1.953125e-06 2976
1749644131278 1.953125e-06 2977
1749644138489 1.953125e-06 2978
1749644145181 1.953125e-06 2979
1749644252414 1.953125e-06 2980
1749644259083 1.953125e-06 2981
1749644266224 1.953125e-06 2982
1749644272888 1.953125e-06 2983
1749644279616 1.953125e-06 2984
1749644286292 1.953125e-06 2985
1749644292953 1.953125e-06 2986
1749644299628 1.953125e-06 2987
1749644306820 1.953125e-06 2988
1749644313490 1.953125e-06 2989
1749644420833 1.953125e-06 2990
1749644427522 1.953125e-06 2991
1749644434717 1.953125e-06 2992
1749644441397 1.953125e-06 2993
1749644448131 1.953125e-06 2994
1749644454802 1.953125e-06 2995
1749644461475 1.953125e-06 2996
1749644468645 1.953125e-06 2997
1749644475338 1.953125e-06 2998
1749644482022 1.953125e-06 2999
1749644589218 1.953125e-06 3000
1749644595929 1.953125e-06 3001
1749644603149 1.953125e-06 3002
1749644609853 1.953125e-06 3003
1749644616523 1.953125e-06 3004
1749644623208 1.953125e-06 3005
1749644629877 1.953125e-06 3006
1749644637105 1.953125e-06 3007
1749644643836 1.953125e-06 3008
1749644650515 1.953125e-06 3009
1749644757614 9.765625e-07 3010
1749644764321 9.765625e-07 3011
1749644771489 9.765625e-07 3012
1749644778209 9.765625e-07 3013
1749644784882 9.765625e-07 3014
1749644791548 9.765625e-07 3015
1749644798231 9.765625e-07 3016
1749644804979 9.765625e-07 3017
1749644812128 9.765625e-07 3018
1749644818842 9.765625e-07 3019
1749644926017 9.765625e-07 3020
1749644932697 9.765625e-07 3021
1749644939866 9.765625e-07 3022
1749644946538 9.765625e-07 3023
1749644953237 9.765625e-07 3024
1749644959899 9.765625e-07 3025
1749644966618 9.765625e-07 3026
1749644973288 9.765625e-07 3027
1749644980439 9.765625e-07 3028
1749644987148 9.765625e-07 3029
1749645094222 9.765625e-07 3030
1749645100920 9.765625e-07 3031
1749645108122 9.765625e-07 3032
1749645114801 9.765625e-07 3033
1749645121533 9.765625e-07 3034
1749645128206 9.765625e-07 3035
1749645134896 9.765625e-07 3036
1749645141607 9.765625e-07 3037
1749645148766 9.765625e-07 3038
1749645155488 9.765625e-07 3039
1749645262648 9.765625e-07 3040
1749645269344 9.765625e-07 3041
1749645276517 9.765625e-07 3042
1749645283237 9.765625e-07 3043
1749645289924 9.765625e-07 3044
1749645296616 9.765625e-07 3045
1749645303337 9.765625e-07 3046
1749645310014 9.765625e-07 3047
1749645317180 9.765625e-07 3048
1749645323907 9.765625e-07 3049
1749645430980 9.765625e-07 3050
1749645437664 9.765625e-07 3051
1749645444373 9.765625e-07 3052
1749645451528 9.765625e-07 3053
1749645458244 9.765625e-07 3054
1749645464915 9.765625e-07 3055
1749645471595 9.765625e-07 3056
1749645478321 9.765625e-07 3057
1749645485500 9.765625e-07 3058
1749645492231 9.765625e-07 3059
1749645599376 9.765625e-07 3060
1749645606064 9.765625e-07 3061
1749645612733 9.765625e-07 3062
1749645619885 9.765625e-07 3063
1749645626543 9.765625e-07 3064
1749645633223 9.765625e-07 3065
1749645639888 9.765625e-07 3066
1749645646566 9.765625e-07 3067
1749645653288 9.765625e-07 3068
1749645660424 9.765625e-07 3069
1749645767624 4.8828125e-07 3070
1749645774319 4.8828125e-07 3071
1749645781010 4.8828125e-07 3072
1749645788182 4.8828125e-07 3073
1749645794889 4.8828125e-07 3074
1749645801571 4.8828125e-07 3075
1749645808260 4.8828125e-07 3076
1749645814998 4.8828125e-07 3077
1749645821681 4.8828125e-07 3078
1749645828849 4.8828125e-07 3079
1749645935903 4.8828125e-07 3080
1749645942585 4.8828125e-07 3081
1749645949244 4.8828125e-07 3082
1749645956400 4.8828125e-07 3083
1749645963063 4.8828125e-07 3084
1749645969743 4.8828125e-07 3085
1749645976432 4.8828125e-07 3086
1749645983158 4.8828125e-07 3087
1749645989842 4.8828125e-07 3088
1749645996983 4.8828125e-07 3089
1749646104168 4.8828125e-07 3090
1749646110872 4.8828125e-07 3091
1749646117550 4.8828125e-07 3092
1749646124233 4.8828125e-07 3093
1749646131433 4.8828125e-07 3094
1749646138102 4.8828125e-07 3095
1749646144778 4.8828125e-07 3096
1749646151498 4.8828125e-07 3097
1749646158176 4.8828125e-07 3098
1749646165337 4.8828125e-07 3099
1749646272438 4.8828125e-07 3100
1749646279109 4.8828125e-07 3101
1749646285830 4.8828125e-07 3102
1749646293004 4.8828125e-07 3103
1749646299717 4.8828125e-07 3104
1749646306407 4.8828125e-07 3105
1749646313082 4.8828125e-07 3106
1749646319777 4.8828125e-07 3107
1749646326501 4.8828125e-07 3108
1749646333651 4.8828125e-07 3109
