1749595088185 0.001 0
1749595094697 0.001 1
1749595101549 0.001 2
1749595108420 0.001 3
1749595114932 0.001 4
1749595121851 0.001 5
1749595128719 0.001 6
1749595135227 0.001 7
1749595142095 0.001 8
1749595148993 0.001 9
1749595256015 0.001 10
1749595263162 0.001 11
1749595269865 0.001 12
1749595276530 0.001 13
1749595283186 0.001 14
1749595289856 0.001 15
1749595296524 0.0005 16
1749595303720 0.0005 17
1749595310367 0.0005 18
1749595317014 0.0005 19
1749595414084 0.001 20
1749595420697 0.001 21
1749595427795 0.001 22
1749595434415 0.001 23
1749595441023 0.001 24
1749595447654 0.001 25
1749595454259 0.001 26
1749595461427 0.001 27
1749595468029 0.001 28
1749595474646 0.001 29
1749595571700 0.001 30
1749595578295 0.001 31
1749595584896 0.001 32
1749595592001 0.001 33
1749595598643 0.001 34
1749595605275 0.001 35
1749595611926 0.0005 36
1749595618551 0.0005 37
1749595625680 0.0005 38
1749595632273 0.0005 39
1749595730299 0.001 40
1749595736880 0.001 41
1749595743968 0.001 42
1749595750535 0.001 43
1749595757173 0.001 44
1749595763803 0.001 45
1749595770438 0.0005 46
1749595777557 0.0005 47
1749595784127 0.0005 48
1749595790722 0.0005 49
1749595888592 0.001 50
1749595895661 0.001 51
1749595902241 0.001 52
1749595908824 0.001 53
1749595915456 0.001 54
1749595922124 0.001 55
1749595929178 0.0005 56
1749595935775 0.0005 57
1749595942411 0.0005 58
1749595949038 0.0005 59
1749596047938 0.001 60
1749596054538 0.001 61
1749596061140 0.001 62
1749596067717 0.001 63
1749596074838 0.001 64
1749596081422 0.001 65
1749596088013 0.0005 66
1749596094655 0.0005 67
1749596101283 0.0005 68
1749596108408 0.0005 69
1749596210639 0.001 70
1749596217237 0.001 71
1749596223813 0.001 72
1749596230403 0.001 73
1749596237515 0.001 74
1749596244110 0.001 75
1749596250719 0.0005 76
1749596257301 0.0005 77
1749596263856 0.0005 78
1749596270846 0.0005 79
1749596368208 0.001 80
1749596374737 0.001 81
1749596381247 0.001 82
1749596388221 0.001 83
1749596394726 0.001 84
1749596401268 0.001 85
1749596407770 0.0005 86
1749596414263 0.0005 87
1749596421278 0.0005 88
1749596427831 0.0005 89
1749596525728 0.001 90
1749596532272 0.001 91
1749596539244 0.001 92
1749596545748 0.001 93
1749596552250 0.001 94
1749596558797 0.001 95
1749596565306 0.0005 96
1749596572300 0.0005 97
1749596578815 0.0005 98
1749596585361 0.0005 99
1749596683359 0.001 100
1749596690336 0.001 101
1749596696843 0.001 102
1749596703407 0.001 103
1749596709926 0.001 104
1749596716468 0.001 105
1749596723444 0.0005 106
1749596729947 0.0005 107
1749596736449 0.0005 108
1749596742999 0.0005 109
1749596844116 0.001 110
1749596850620 0.001 111
1749596857145 0.001 112
1749596864184 0.001 113
1749596870731 0.001 114
1749596877243 0.001 115
1749596883798 0.0005 116
1749596890798 0.0005 117
1749596897323 0.0005 118
1749596903845 0.0005 119
1749597004520 0.001 120
1749597011009 0.001 121
1749597017538 0.001 122
1749597024489 0.001 123
1749597031037 0.001 124
1749597037526 0.001 125
1749597044068 0.0005 126
1749597050546 0.0005 127
1749597057510 0.0005 128
1749597064002 0.0005 129
1749597166728 0.001 130
1749597173204 0.001 131
1749597180164 0.001 132
1749597186688 0.001 133
1749597193187 0.001 134
1749597199698 0.001 135
1749597206192 0.0005 136
1749597213168 0.0005 137
1749597219653 0.0005 138
1749597226149 0.0005 139
1749597325574 0.001 140
1749597332068 0.001 141
1749597338557 0.001 142
1749597345045 0.001 143
1749597352035 0.001 144
1749597358529 0.001 145
1749597365089 0.0005 146
1749597371580 0.0005 147
1749597378073 0.0005 148
1749597385089 0.0005 149
1749597487303 0.001 150
1749597493799 0.001 151
1749597500305 0.001 152
1749597506800 0.001 153
1749597513805 0.001 154
1749597520347 0.001 155
1749597526858 0.0005 156
1749597533401 0.0005 157
1749597539896 0.0005 158
1749597546849 0.0005 159
1749597649538 0.001 160
1749597656031 0.001 161
1749597662579 0.001 162
1749597669553 0.001 163
1749597676044 0.001 164
1749597682542 0.001 165
1749597689098 0.0005 166
1749597695598 0.0005 167
1749597702555 0.0005 168
1749597709067 0.0005 169
1749597811200 0.001 170
1749597817705 0.001 171
1749597824244 0.001 172
1749597831225 0.001 173
1749597837753 0.001 174
1749597844245 0.001 175
1749597850778 0.0005 176
1749597857280 0.0005 177
1749597864268 0.0005 178
1749597870770 0.0005 179
1749597975775 0.001 180
1749597982753 0.001 181
1749597989247 0.001 182
1749597995737 0.001 183
1749598002282 0.001 184
1749598008776 0.001 185
1749598015762 0.0005 186
1749598022250 0.0005 187
1749598028791 0.0005 188
1749598035293 0.0005 189
1749598140827 0.001 190
1749598147308 0.001 191
1749598153811 0.001 192
1749598160811 0.001 193
1749598167338 0.001 194
1749598173848 0.001 195
1749598180341 0.0005 196
1749598186884 0.0005 197
1749598193843 0.0005 198
1749598200347 0.0005 199
1749598305716 0.001 200
1749598312256 0.001 201
1749598318757 0.001 202
1749598325252 0.001 203
1749598331756 0.001 204
1749598338272 0.001 205
1749598345243 0.0005 206
1749598351801 0.0005 207
1749598358301 0.0005 208
1749598364816 0.0005 209
1749598470248 0.001 210
1749598476742 0.001 211
1749598483260 0.001 212
1749598490269 0.001 213
1749598496806 0.001 214
1749598503303 0.001 215
1749598509801 0.0005 216
1749598516825 0.0005 217
1749598523380 0.0005 218
1749598529891 0.0005 219
1749598635356 0.001 220
1749598641833 0.001 221
1749598648323 0.001 222
1749598654827 0.001 223
1749598661372 0.001 224
1749598668351 0.001 225
1749598674849 0.0005 226
1749598681357 0.0005 227
1749598687931 0.0005 228
1749598694434 0.0005 229
1749598799952 0.001 230
1749598806435 0.001 231
1749598813442 0.001 232
1749598819931 0.001 233
1749598826478 0.001 234
1749598832986 0.001 235
1749598839529 0.0005 236
1749598846501 0.0005 237
1749598853000 0.0005 238
1749598859505 0.0005 239
1749598965041 0.001 240
1749598971554 0.001 241
1749598978093 0.001 242
1749598984587 0.001 243
1749598991549 0.001 244
1749598998051 0.001 245
1749599004569 0.0005 246
1749599011111 0.0005 247
1749599017615 0.0005 248
1749599024623 0.0005 249
1749599129736 0.001 250
1749599136743 0.001 251
1749599143290 0.001 252
1749599149801 0.001 253
1749599156340 0.001 254
1749599162842 0.001 255
1749599169864 0.0005 256
1749599176415 0.0005 257
1749599182936 0.0005 258
1749599189439 0.0005 259
1749599293261 0.001 260
1749599299801 0.001 261
1749599306364 0.001 262
1749599312876 0.001 263
1749599319416 0.001 264
1749599326398 0.001 265
1749599332959 0.0005 266
1749599339496 0.0005 267
1749599346006 0.0005 268
1749599352511 0.0005 269
1749599458122 0.001 270
1749599464618 0.001 271
1749599471615 0.001 272
1749599478163 0.001 273
1749599484679 0.001 274
1749599491237 0.001 275
1749599497744 0.0005 276
1749599504772 0.0005 277
1749599511330 0.0005 278
1749599517832 0.0005 279
1749599621032 0.001 280
1749599627552 0.001 281
1749599634527 0.001 282
1749599641021 0.001 283
1749599647528 0.001 284
1749599654045 0.001 285
1749599660556 0.0005 286
1749599667531 0.0005 287
1749599674023 0.0005 288
1749599680541 0.0005 289
1749599786126 0.001 290
1749599792625 0.001 291
1749599799180 0.001 292
1749599805671 0.001 293
1749599812672 0.001 294
1749599819189 0.001 295
1749599825695 0.0005 296
1749599832203 0.0005 297
1749599838753 0.0005 298
1749599845740 0.0005 299
1749599950899 0.001 300
1749599957406 0.001 301
1749599964375 0.001 302
1749599970934 0.001 303
1749599977435 0.001 304
1749599983991 0.001 305
1749599990493 0.0005 306
1749599997509 0.0005 307
1749600004024 0.0005 308
1749600010532 0.0005 309
1749600116030 0.001 310
1749600122516 0.001 311
1749600129031 0.001 312
1749600135551 0.001 313
1749600142074 0.001 314
1749600149066 0.001 315
1749600155568 0.0005 316
1749600162072 0.0005 317
1749600168625 0.0005 318
1749600175139 0.0005 319
1749600280687 0.001 320
1749600287201 0.001 321
1749600294178 0.001 322
1749600300719 0.001 323
1749600307226 0.001 324
1749600313750 0.001 325
1749600320280 0.0005 326
1749600327251 0.0005 327
1749600333760 0.0005 328
1749600340275 0.0005 329
1749600445917 0.001 330
1749600452437 0.001 331
1749600458955 0.001 332
1749600465505 0.001 333
1749600472024 0.001 334
1749600479030 0.001 335
1749600485575 0.0005 336
1749600492087 0.0005 337
1749600498628 0.0005 338
1749600505617 0.0005 339
1749600608558 0.001 340
1749600615079 0.001 341
1749600621591 0.001 342
1749600628088 0.001 343
1749600635113 0.001 344
1749600641662 0.001 345
1749600648165 0.0005 346
1749600654733 0.0005 347
1749600661232 0.0005 348
1749600668259 0.0005 349
1749600770136 0.001 350
1749600776669 0.001 351
1749600783210 0.001 352
1749600789715 0.001 353
1749600796696 0.001 354
1749600803207 0.001 355
1749600809730 0.0005 356
1749600816243 0.0005 357
1749600822750 0.0005 358
1749600829784 0.0005 359
1749600932229 0.001 360
1749600938776 0.001 361
1749600945293 0.001 362
1749600951798 0.001 363
1749600958312 0.001 364
1749600965331 0.001 365
1749600971853 0.0005 366
1749600978372 0.0005 367
1749600984873 0.0005 368
1749600991425 0.0005 369
1749601094124 0.001 370
1749601100643 0.001 371
1749601107157 0.001 372
1749601113705 0.001 373
1749601120698 0.001 374
1749601127223 0.001 375
1749601133726 0.0005 376
1749601140281 0.0005 377
1749601146798 0.0005 378
1749601153362 0.0005 379
1749601256258 0.001 380
1749601262779 0.001 381
1749601269282 0.001 382
1749601275846 0.001 383
1749601282350 0.001 384
1749601289378 0.001 385
1749601295931 0.0005 386
1749601302432 0.0005 387
1749601308990 0.0005 388
1749601315504 0.0005 389
1749601421120 0.001 390
1749601427620 0.001 391
1749601434587 0.001 392
1749601441168 0.001 393
1749601447690 0.001 394
1749601454255 0.001 395
1749601460765 0.0005 396
1749601467784 0.0005 397
1749601474346 0.0005 398
1749601480851 0.0005 399
1749601586506 0.001 400
1749601593017 0.001 401
1749601599534 0.001 402
1749601606090 0.001 403
1749601612613 0.001 404
1749601619647 0.001 405
1749601626211 0.0005 406
1749601632722 0.0005 407
1749601639293 0.0005 408
1749601645800 0.0005 409
1749601748156 0.001 410
1749601754673 0.001 411
1749601761199 0.001 412
1749601767722 0.001 413
1749601774244 0.001 414
1749601780776 0.001 415
1749601787754 0.0005 416
1749601794301 0.0005 417
1749601800816 0.0005 418
1749601807327 0.0005 419
1749601913109 0.001 420
1749601919680 0.001 421
1749601926671 0.001 422
1749601933192 0.001 423
1749601939774 0.001 424
1749601946280 0.001 425
1749601952837 0.0005 426
1749601959840 0.0005 427
1749601966344 0.0005 428
1749601972904 0.0005 429
1749602078472 0.001 430
1749602084987 0.001 431
1749602091514 0.001 432
1749602098069 0.001 433
1749602104600 0.001 434
1749602111590 0.001 435
1749602118136 0.0005 436
1749602124656 0.0005 437
1749602131221 0.0005 438
1749602137731 0.0005 439
1749602240684 0.001 440
1749602247206 0.001 441
1749602253724 0.001 442
1749602260245 0.001 443
1749602266802 0.001 444
1749602273793 0.001 445
1749602280302 0.0005 446
1749602286852 0.0005 447
1749602293378 0.0005 448
1749602299940 0.0005 449
1749602402737 0.001 450
1749602409264 0.001 451
1749602415835 0.001 452
1749602422333 0.001 453
1749602429354 0.001 454
1749602435916 0.001 455
1749602442443 0.0005 456
1749602449011 0.0005 457
1749602455530 0.0005 458
1749602462564 0.0005 459
1749602563512 0.0005 460
1749602570501 0.0005 461
1749602577024 0.0005 462
1749602583588 0.0005 463
1749602590102 0.0005 464
1749602596661 0.0005 465
1749602603192 0.00025 466
1749602610223 0.00025 467
1749602616782 0.00025 468
1749602623307 0.00025 469
1749602724628 0.0005 470
1749602731156 0.0005 471
1749602737669 0.0005 472
1749602744675 0.0005 473
1749602751184 0.0005 474
1749602757751 0.0005 475
1749602764269 0.00025 476
1749602770825 0.00025 477
1749602777816 0.00025 478
1749602784349 0.00025 479
1749602887375 0.0005 480
1749602893889 0.0005 481
1749602900887 0.0005 482
1749602907420 0.0005 483
1749602913956 0.0005 484
1749602920483 0.0005 485
1749602927010 0.00025 486
1749602934016 0.00025 487
1749602940597 0.00025 488
1749602947130 0.00025 489
1749603051266 0.0005 490
1749603058239 0.0005 491
1749603064745 0.0005 492
1749603071296 0.0005 493
1749603077830 0.0005 494
1749603084398 0.0005 495
1749603091393 0.00025 496
1749603097926 0.00025 497
1749603104501 0.00025 498
1749603111027 0.00025 499
1749603213642 0.0005 500
1749603220617 0.0005 501
1749603227141 0.0005 502
1749603233674 0.0005 503
1749603240217 0.0005 504
1749603246750 0.0005 505
1749603253752 0.00025 506
1749603260283 0.00025 507
1749603266864 0.00025 508
1749603273382 0.00025 509
1749603379148 0.0005 510
1749603385677 0.0005 511
1749603392220 0.0005 512
1749603398789 0.0005 513
1749603405795 0.0005 514
1749603412326 0.0005 515
1749603418902 0.00025 516
1749603425433 0.00025 517
1749603432003 0.00025 518
1749603439032 0.00025 519
1749603542163 0.0005 520
1749603548694 0.0005 521
1749603555278 0.0005 522
1749603561799 0.0005 523
1749603568804 0.0005 524
1749603575374 0.0005 525
1749603581912 0.00025 526
1749603588431 0.00025 527
1749603594958 0.00025 528
1749603601994 0.00025 529
1749603706332 0.0005 530
1749603712876 0.0005 531
1749603719401 0.0005 532
1749603726395 0.0005 533
1749603732923 0.0005 534
1749603739507 0.0005 535
1749603746066 0.00025 536
1749603752602 0.00025 537
1749603759607 0.00025 538
1749603766142 0.00025 539
1749603869242 0.0005 540
1749603875767 0.0005 541
1749603882344 0.0005 542
1749603889357 0.0005 543
1749603895890 0.0005 544
1749603902427 0.0005 545
1749603908973 0.00025 546
1749603915513 0.00025 547
1749603922516 0.00025 548
1749603929062 0.00025 549
1749604032725 0.0005 550
1749604039271 0.0005 551
1749604045862 0.0005 552
1749604052908 0.0005 553
1749604059479 0.0005 554
1749604066029 0.0005 555
1749604072571 0.00025 556
1749604079100 0.00025 557
1749604086103 0.00025 558
1749604092685 0.00025 559
1749604197085 0.0005 560
1749604203617 0.0005 561
1749604210626 0.0005 562
1749604217185 0.0005 563
1749604223713 0.0005 564
1749604230263 0.0005 565
1749604236803 0.00025 566
1749604243813 0.00025 567
1749604250341 0.00025 568
1749604256878 0.00025 569
1749604360187 0.0005 570
1749604367211 0.0005 571
1749604373743 0.0005 572
1749604380345 0.0005 573
1749604386915 0.0005 574
1749604393452 0.0005 575
1749604400502 0.00025 576
1749604407078 0.00025 577
1749604413621 0.00025 578
1749604420138 0.00025 579
1749604525584 0.0005 580
1749604532118 0.0005 581
1749604538651 0.0005 582
1749604545230 0.0005 583
1749604552246 0.0005 584
1749604558781 0.0005 585
1749604565364 0.00025 586
1749604571945 0.00025 587
1749604578488 0.00025 588
1749604585086 0.00025 589
1749604688908 0.0005 590
1749604695451 0.0005 591
1749604701996 0.0005 592
1749604708565 0.0005 593
1749604715564 0.0005 594
1749604722093 0.0005 595
1749604728662 0.00025 596
1749604735191 0.00025 597
1749604741710 0.00025 598
1749604748699 0.00025 599
1749604852494 0.0005 600
1749604859035 0.0005 601
1749604865609 0.0005 602
1749604872624 0.0005 603
1749604879180 0.0005 604
1749604885704 0.0005 605
1749604892228 0.00025 606
1749604898807 0.00025 607
1749604905342 0.00025 608
1749604912351 0.00025 609
1749605016135 0.0005 610
1749605022675 0.0005 611
1749605029704 0.0005 612
1749605036250 0.0005 613
1749605042828 0.0005 614
1749605049355 0.0005 615
1749605055900 0.00025 616
1749605062915 0.00025 617
1749605069474 0.00025 618
1749605076015 0.00025 619
1749605179389 0.0005 620
1749605185928 0.0005 621
1749605192489 0.0005 622
1749605199523 0.0005 623
1749605206106 0.0005 624
1749605212638 0.0005 625
1749605219227 0.00025 626
1749605225798 0.00025 627
1749605232829 0.00025 628
1749605239363 0.00025 629
1749605343155 0.0005 630
1749605349710 0.0005 631
1749605356723 0.0005 632
1749605363246 0.0005 633
1749605369831 0.0005 634
1749605376370 0.0005 635
1749605383403 0.00025 636
1749605389962 0.00025 637
1749605396519 0.00025 638
1749605403060 0.00025 639
1749605506314 0.0005 640
1749605513369 0.0005 641
1749605519926 0.0005 642
1749605526511 0.0005 643
1749605533050 0.0005 644
1749605539609 0.0005 645
1749605546207 0.00025 646
1749605553227 0.00025 647
1749605559757 0.00025 648
1749605566335 0.00025 649
1749605669626 0.0005 650
1749605676681 0.0005 651
1749605683220 0.0005 652
1749605689833 0.0005 653
1749605696383 0.0005 654
1749605702926 0.0005 655
1749605709512 0.00025 656
1749605716520 0.00025 657
1749605723060 0.00025 658
1749605729642 0.00025 659
1749605834570 0.0005 660
1749605841152 0.0005 661
1749605847744 0.0005 662
1749605854360 0.0005 663
1749605860892 0.0005 664
1749605867922 0.0005 665
1749605874457 0.00025 666
1749605881001 0.00025 667
1749605887560 0.00025 668
1749605894130 0.00025 669
1749605997964 0.0005 670
1749606004515 0.0005 671
1749606011058 0.0005 672
1749606017640 0.0005 673
1749606024640 0.0005 674
1749606031190 0.0005 675
1749606037784 0.00025 676
1749606044351 0.00025 677
1749606050898 0.00025 678
1749606057975 0.00025 679
1749606161424 0.0005 680
1749606167982 0.0005 681
1749606174573 0.0005 682
1749606181177 0.0005 683
1749606188215 0.0005 684
1749606194758 0.0005 685
1749606201321 0.00025 686
1749606207925 0.00025 687
1749606214457 0.00025 688
1749606221487 0.00025 689
1749606324811 0.0005 690
1749606331360 0.0005 691
1749606337915 0.0005 692
1749606344492 0.0005 693
1749606351495 0.0005 694
1749606358041 0.0005 695
1749606364630 0.00025 696
1749606371200 0.00025 697
1749606377755 0.00025 698
1749606384785 0.00025 699
1749606488248 0.0005 700
1749606494818 0.0005 701
1749606501390 0.0005 702
1749606507934 0.0005 703
1749606514962 0.0005 704
1749606521530 0.0005 705
1749606528105 0.00025 706
1749606534657 0.00025 707
1749606541210 0.00025 708
1749606547794 0.00025 709
1749606652204 0.0005 710
1749606658770 0.0005 711
1749606665335 0.0005 712
1749606671960 0.0005 713
1749606679040 0.0005 714
1749606685594 0.0005 715
1749606692168 0.00025 716
1749606698711 0.00025 717
1749606705309 0.00025 718
1749606711879 0.00025 719
1749606818019 0.0005 720
1749606824591 0.0005 721
1749606831177 0.0005 722
1749606838208 0.0005 723
1749606844766 0.0005 724
1749606851316 0.0005 725
1749606857876 0.00025 726
1749606864434 0.00025 727
1749606871512 0.00025 728
1749606878068 0.00025 729
1749606981192 0.0005 730
1749606987746 0.0005 731
1749606994384 0.0005 732
1749607001002 0.0005 733
1749607008060 0.0005 734
1749607014640 0.0005 735
1749607021243 0.00025 736
1749607027790 0.00025 737
1749607034363 0.00025 738
1749607041446 0.00025 739
1749607142774 0.0005 740
1749607149335 0.0005 741
1749607155902 0.0005 742
1749607162488 0.0005 743
1749607169097 0.0005 744
1749607176153 0.0005 745
1749607182751 0.00025 746
1749607189325 0.00025 747
1749607195885 0.00025 748
1749607202491 0.00025 749
1749607308629 0.0005 750
1749607315201 0.0005 751
1749607322229 0.0005 752
1749607328835 0.0005 753
1749607335444 0.0005 754
1749607342039 0.0005 755
1749607348604 0.00025 756
1749607355631 0.00025 757
1749607362198 0.00025 758
1749607368818 0.00025 759
1749607474964 0.0005 760
1749607481512 0.0005 761
1749607488097 0.0005 762
1749607494712 0.0005 763
1749607501262 0.0005 764
1749607508280 0.0005 765
1749607514823 0.00025 766
1749607521376 0.00025 767
1749607527940 0.00025 768
1749607534543 0.00025 769
1749607637517 0.00025 770
1749607644534 0.00025 771
1749607651085 0.00025 772
1749607657639 0.00025 773
1749607664197 0.00025 774
1749607670742 0.00025 775
1749607677812 0.000125 776
1749607684402 0.000125 777
1749607691010 0.000125 778
1749607697587 0.000125 779
1749607803110 0.00025 780
1749607809668 0.00025 781
1749607816223 0.00025 782
1749607822773 0.00025 783
1749607829829 0.00025 784
1749607836434 0.00025 785
1749607843008 0.000125 786
1749607849570 0.000125 787
1749607856184 0.000125 788
1749607863240 0.000125 789
1749607968905 0.00025 790
1749607975990 0.00025 791
1749607982542 0.00025 792
1749607989092 0.00025 793
1749607995654 0.00025 794
1749608002182 0.00025 795
1749608009244 0.000125 796
1749608015837 0.000125 797
1749608022395 0.000125 798
1749608028966 0.000125 799
1749608134741 0.00025 800
1749608141279 0.00025 801
1749608147844 0.00025 802
1749608154445 0.00025 803
1749608161060 0.00025 804
1749608168083 0.00025 805
1749608174646 0.000125 806
1749608181204 0.000125 807
1749608187797 0.000125 808
1749608194353 0.000125 809
1749608298920 0.00025 810
1749608305478 0.00025 811
1749608312079 0.00025 812
1749608319124 0.00025 813
1749608325690 0.00025 814
1749608332257 0.00025 815
1749608338853 0.000125 816
1749608345415 0.000125 817
1749608351967 0.000125 818
1749608359046 0.000125 819
1749608464925 0.00025 820
1749608471947 0.00025 821
1749608478497 0.00025 822
1749608485101 0.00025 823
1749608491706 0.00025 824
1749608498275 0.00025 825
1749608505316 0.000125 826
1749608511858 0.000125 827
1749608518478 0.000125 828
1749608525105 0.000125 829
1749608628641 0.00025 830
1749608635675 0.00025 831
1749608642235 0.00025 832
1749608648847 0.00025 833
1749608655456 0.00025 834
1749608662081 0.00025 835
1749608668686 0.000125 836
1749608675720 0.000125 837
1749608682284 0.000125 838
1749608688846 0.000125 839
1749608795209 0.00025 840
1749608801761 0.00025 841
1749608808298 0.00025 842
1749608814858 0.00025 843
1749608821886 0.00025 844
1749608828457 0.00025 845
1749608835065 0.000125 846
1749608841662 0.000125 847
1749608848222 0.000125 848
1749608854779 0.000125 849
1749608959443 0.00025 850
1749608966003 0.00025 851
1749608972600 0.00025 852
1749608979170 0.00025 853
1749608985749 0.00025 854
1749608992821 0.00025 855
1749608999402 0.000125 856
1749609006000 0.000125 857
1749609012566 0.000125 858
1749609019121 0.000125 859
1749609125399 0.00025 860
1749609131955 0.00025 861
1749609139029 0.00025 862
1749609145629 0.00025 863
1749609152220 0.00025 864
1749609158787 0.00025 865
1749609165353 0.000125 866
1749609171978 0.000125 867
1749609179055 0.000125 868
1749609185651 0.000125 869
1749609291942 0.00025 870
1749609298542 0.00025 871
1749609305119 0.00025 872
1749609311742 0.00025 873
1749609318291 0.00025 874
1749609325326 0.00025 875
1749609331892 0.000125 876
1749609338499 0.000125 877
1749609345118 0.000125 878
1749609351690 0.000125 879
1749609458062 0.00025 880
1749609464618 0.00025 881
1749609471683 0.00025 882
1749609478280 0.00025 883
1749609484890 0.00025 884
1749609491445 0.00025 885
1749609498004 0.000125 886
1749609504616 0.000125 887
1749609511632 0.000125 888
1749609518185 0.000125 889
1749609623443 0.00025 890
1749609630016 0.00025 891
1749609637044 0.00025 892
1749609643605 0.00025 893
1749609650201 0.00025 894
1749609656764 0.00025 895
1749609663330 0.000125 896
1749609670450 0.000125 897
1749609677000 0.000125 898
1749609683614 0.000125 899
1749609789976 0.00025 900
1749609796539 0.00025 901
1749609803131 0.00025 902
1749609809740 0.00025 903
1749609816311 0.00025 904
1749609823346 0.00025 905
1749609829904 0.000125 906
1749609836520 0.000125 907
1749609843135 0.000125 908
1749609849742 0.000125 909
1749609956035 0.00025 910
1749609962596 0.00025 911
1749609969152 0.00025 912
1749609976188 0.00025 913
1749609982750 0.00025 914
1749609989368 0.00025 915
1749609995987 0.000125 916
1749610002594 0.000125 917
1749610009633 0.000125 918
1749610016209 0.000125 919
1749610122087 0.00025 920
1749610128658 0.00025 921
1749610135704 0.00025 922
1749610142264 0.00025 923
1749610148855 0.00025 924
1749610155493 0.00025 925
1749610162082 0.000125 926
1749610169136 0.000125 927
1749610175696 0.000125 928
1749610182251 0.000125 929
1749610288619 0.00025 930
1749610295206 0.00025 931
1749610301774 0.00025 932
1749610308349 0.00025 933
1749610314957 0.00025 934
1749610322005 0.00025 935
1749610328606 0.000125 936
1749610335172 0.000125 937
1749610341740 0.000125 938
1749610348366 0.000125 939
1749610454682 0.00025 940
1749610461263 0.00025 941
1749610467859 0.00025 942
1749610474941 0.00025 943
1749610481506 0.00025 944
1749610488089 0.00025 945
1749610494675 0.000125 946
1749610501226 0.000125 947
1749610508305 0.000125 948
1749610514918 0.000125 949
1749610620999 0.00025 950
1749610628048 0.00025 951
1749610634625 0.00025 952
1749610641186 0.00025 953
1749610647749 0.00025 954
1749610654340 0.00025 955
1749610660902 0.000125 956
1749610667986 0.000125 957
1749610674581 0.000125 958
1749610681193 0.000125 959
1749610787595 0.00025 960
1749610794183 0.00025 961
1749610800757 0.00025 962
1749610807317 0.00025 963
1749610813867 0.00025 964
1749610820923 0.00025 965
1749610827483 0.000125 966
1749610834101 0.000125 967
1749610840727 0.000125 968
1749610847333 0.000125 969
1749610953680 0.00025 970
1749610960245 0.00025 971
1749610966808 0.00025 972
1749610973880 0.00025 973
1749610980482 0.00025 974
1749610987080 0.00025 975
1749610993643 0.000125 976
1749611000222 0.000125 977
1749611007305 0.000125 978
1749611013882 0.000125 979
1749611119829 0.00025 980
1749611126864 0.00025 981
1749611133418 0.00025 982
1749611140021 0.00025 983
1749611146647 0.00025 984
1749611153256 0.00025 985
1749611160314 0.000125 986
1749611166918 0.000125 987
1749611173498 0.000125 988
1749611180076 0.000125 989
1749611286483 0.00025 990
1749611293062 0.00025 991
1749611299690 0.00025 992
1749611306272 0.00025 993
1749611313307 0.00025 994
1749611319880 0.00025 995
1749611326464 0.000125 996
1749611333091 0.000125 997
1749611339699 0.000125 998
1749611346748 0.000125 999
1749611451588 0.00025 1000
1749611458154 0.00025 1001
1749611464723 0.00025 1002
1749611471749 0.00025 1003
1749611478311 0.00025 1004
1749611484937 0.00025 1005
1749611491565 0.000125 1006
1749611498183 0.000125 1007
1749611505215 0.000125 1008
1749611511790 0.000125 1009
1749611617746 0.00025 1010
1749611624823 0.00025 1011
1749611631391 0.00025 1012
1749611637986 0.00025 1013
1749611644603 0.00025 1014
1749611651176 0.00025 1015
1749611658228 0.000125 1016
1749611664785 0.000125 1017
1749611671402 0.000125 1018
1749611678025 0.000125 1019
1749611784333 0.00025 1020
1749611790900 0.00025 1021
1749611797519 0.00025 1022
1749611804143 0.00025 1023
1749611811228 0.00025 1024
1749611817832 0.00025 1025
1749611824450 0.000125 1026
1749611831077 0.000125 1027
1749611837703 0.000125 1028
1749611844757 0.000125 1029
1749611950661 0.00025 1030
1749611957288 0.00025 1031
1749611964340 0.00025 1032
1749611970925 0.00025 1033
1749611977542 0.00025 1034
1749611984165 0.00025 1035
1749611990771 0.000125 1036
1749611997837 0.000125 1037
1749612004459 0.000125 1038
1749612011068 0.000125 1039
1749612117045 0.00025 1040
1749612124089 0.00025 1041
1749612130666 0.00025 1042
1749612137243 0.00025 1043
1749612143870 0.00025 1044
1749612150485 0.00025 1045
1749612157564 0.000125 1046
1749612164167 0.000125 1047
1749612170801 0.000125 1048
1749612177436 0.000125 1049
1749612283955 0.00025 1050
1749612290519 0.00025 1051
1749612297085 0.00025 1052
1749612303725 0.00025 1053
1749612310809 0.00025 1054
1749612317426 0.00025 1055
1749612324042 0.000125 1056
1749612330677 0.000125 1057
1749612337282 0.000125 1058
1749612344339 0.000125 1059
1749612450317 0.000125 1060
1749612456895 0.000125 1061
1749612463953 0.000125 1062
1749612470517 0.000125 1063
1749612477131 0.000125 1064
1749612483757 0.000125 1065
1749612490386 0.000125 1066
1749612497424 0.000125 1067
1749612504011 0.000125 1068
1749612510597 0.000125 1069
1749612617182 0.000125 1070
1749612623797 0.000125 1071
1749612630430 0.000125 1072
1749612637052 0.000125 1073
1749612643688 0.000125 1074
1749612650310 0.000125 1075
1749612657401 0.000125 1076
1749612663962 0.000125 1077
1749612670534 0.000125 1078
1749612677115 0.000125 1079
1749612783919 0.000125 1080
1749612790490 0.000125 1081
1749612797122 0.000125 1082
1749612803700 0.000125 1083
1749612810753 0.000125 1084
1749612817332 0.000125 1085
1749612823903 0.000125 1086
1749612830540 0.000125 1087
1749612837163 0.000125 1088
1749612844268 0.000125 1089
1749612950418 0.000125 1090
1749612957012 0.000125 1091
1749612964111 0.000125 1092
1749612970689 0.000125 1093
1749612977314 0.000125 1094
1749612983942 0.000125 1095
1749612990523 0.000125 1096
1749612997586 0.000125 1097
1749613004179 0.000125 1098
1749613010770 0.000125 1099
1749613116891 0.000125 1100
1749613123951 0.000125 1101
1749613130542 0.000125 1102
1749613137132 0.000125 1103
1749613143717 0.000125 1104
1749613150338 0.000125 1105
1749613157448 0.000125 1106
1749613164034 0.000125 1107
1749613170668 0.000125 1108
1749613177297 0.000125 1109
1749613284007 0.000125 1110
1749613290583 0.000125 1111
1749613297150 0.000125 1112
1749613303767 0.000125 1113
1749613310827 0.000125 1114
1749613317459 0.000125 1115
1749613324088 0.000125 1116
1749613330715 0.000125 1117
1749613337307 0.000125 1118
1749613343900 0.000125 1119
1749613450463 0.000125 1120
1749613457057 0.000125 1121
1749613463705 0.000125 1122
1749613470802 0.000125 1123
1749613477366 0.000125 1124
1749613483972 0.000125 1125
1749613490604 0.000125 1126
1749613497228 0.000125 1127
1749613504273 0.000125 1128
1749613510886 0.000125 1129
1749613616871 0.000125 1130
1749613623928 0.000125 1131
1749613630494 0.000125 1132
1749613637084 0.000125 1133
1749613643663 0.000125 1134
1749613650288 0.000125 1135
1749613657383 0.000125 1136
1749613664006 0.000125 1137
1749613670647 0.000125 1138
1749613677288 0.000125 1139
1749613783943 0.000125 1140
1749613790533 0.000125 1141
1749613797154 0.000125 1142
1749613803773 0.000125 1143
1749613810829 0.000125 1144
1749613817446 0.000125 1145
1749613824062 0.000125 1146
1749613830656 0.000125 1147
1749613837223 0.000125 1148
1749613844284 0.000125 1149
1749613950383 0.000125 1150
1749613956976 0.000125 1151
1749613964037 0.000125 1152
1749613970616 0.000125 1153
1749613977193 0.000125 1154
1749613983815 0.000125 1155
1749613990455 0.000125 1156
1749613997552 0.000125 1157
1749614004143 0.000125 1158
1749614010769 0.000125 1159
1749614117388 0.000125 1160
1749614124019 0.000125 1161
1749614130667 0.000125 1162
1749614137261 0.000125 1163
1749614143897 0.000125 1164
1749614150553 0.000125 1165
1749614157662 0.000125 1166
1749614164243 0.000125 1167
1749614170833 0.000125 1168
1749614177468 0.000125 1169
1749614284103 0.000125 1170
1749614290697 0.000125 1171
1749614297309 0.000125 1172
1749614303886 0.000125 1173
1749614310944 0.000125 1174
1749614317526 0.000125 1175
1749614324108 0.000125 1176
1749614330739 0.000125 1177
1749614337372 0.000125 1178
1749614344483 0.000125 1179
1749614450621 0.000125 1180
1749614457179 0.000125 1181
1749614464241 0.000125 1182
1749614470818 0.000125 1183
1749614477396 0.000125 1184
1749614484024 0.000125 1185
1749614490638 0.000125 1186
1749614497730 0.000125 1187
1749614504305 0.000125 1188
1749614510932 0.000125 1189
1749614615453 0.000125 1190
1749614622082 0.000125 1191
1749614629149 0.000125 1192
1749614635735 0.000125 1193
1749614642309 0.000125 1194
1749614648935 0.000125 1195
1749614655567 0.000125 1196
1749614662668 0.000125 1197
1749614669247 0.000125 1198
1749614675896 0.000125 1199
1749614782552 0.000125 1200
1749614789133 0.000125 1201
1749614795759 0.000125 1202
1749614802383 0.000125 1203
1749614808964 0.000125 1204
1749614816026 0.000125 1205
1749614822617 0.000125 1206
1749614829209 0.000125 1207
1749614835778 0.000125 1208
1749614842392 0.000125 1209
1749614949083 0.000125 1210
1749614955674 0.000125 1211
1749614962298 0.000125 1212
1749614968908 0.000125 1213
1749614975949 0.000125 1214
1749614982515 0.000125 1215
1749614989090 0.000125 1216
1749614995684 0.000125 1217
1749615002309 0.000125 1218
1749615009401 0.000125 1219
1749615115544 0.000125 1220
1749615122137 0.000125 1221
1749615128728 0.000125 1222
1749615135784 0.000125 1223
1749615142362 0.000125 1224
1749615148975 0.000125 1225
1749615155608 0.000125 1226
1749615162243 0.000125 1227
1749615169331 0.000125 1228
1749615175908 0.000125 1229
1749615282598 0.000125 1230
1749615289218 0.000125 1231
1749615295809 0.000125 1232
1749615302422 0.000125 1233
1749615309055 0.000125 1234
1749615315697 0.000125 1235
1749615322797 0.000125 1236
1749615329369 0.000125 1237
1749615336000 0.000125 1238
1749615342632 0.000125 1239
1749615449381 0.000125 1240
1749615455972 0.000125 1241
1749615462545 0.000125 1242
1749615469165 0.000125 1243
1749615475806 0.000125 1244
1749615482889 0.000125 1245
1749615489511 0.000125 1246
1749615496143 0.000125 1247
1749615502776 0.000125 1248
1749615509397 0.000125 1249
1749615616072 0.000125 1250
1749615622666 0.000125 1251
1749615629282 0.000125 1252
1749615636371 0.000125 1253
1749615642952 0.000125 1254
1749615649589 0.000125 1255
1749615656203 0.000125 1256
1749615662851 0.000125 1257
1749615669479 0.000125 1258
1749615676562 0.000125 1259
1749615782526 0.000125 1260
1749615789117 0.000125 1261
1749615796175 0.000125 1262
1749615802745 0.000125 1263
1749615809341 0.000125 1264
1749615815926 0.000125 1265
1749615822555 0.000125 1266
1749615829643 0.000125 1267
1749615836266 0.000125 1268
1749615842905 0.000125 1269
1749615949588 0.000125 1270
1749615956220 0.000125 1271
1749615962800 0.000125 1272
1749615969415 0.000125 1273
1749615976037 0.000125 1274
1749615983136 0.000125 1275
1749615989718 0.000125 1276
1749615996358 0.000125 1277
1749616002982 0.000125 1278
1749616009603 0.000125 1279
1749616116286 0.000125 1280
1749616122871 0.000125 1281
1749616129486 0.000125 1282
1749616136550 0.000125 1283
1749616143193 0.000125 1284
1749616149801 0.000125 1285
1749616156393 0.000125 1286
1749616162997 0.000125 1287
1749616169597 0.000125 1288
1749616176668 0.000125 1289
1749616282876 0.000125 1290
1749616289457 0.000125 1291
1749616296558 0.000125 1292
1749616303117 0.000125 1293
1749616309741 0.000125 1294
1749616316363 0.000125 1295
1749616322997 0.000125 1296
1749616330101 0.000125 1297
1749616336682 0.000125 1298
1749616343309 0.000125 1299
1749616449488 0.000125 1300
1749616456537 0.000125 1301
1749616463115 0.000125 1302
1749616469701 0.000125 1303
1749616476287 0.000125 1304
1749616482917 0.000125 1305
1749616490034 0.000125 1306
1749616496630 0.000125 1307
1749616503224 0.000125 1308
1749616509819 0.000125 1309
1749616616542 0.000125 1310
1749616623125 0.000125 1311
1749616629765 0.000125 1312
1749616636397 0.000125 1313
1749616643030 0.000125 1314
1749616650126 0.000125 1315
1749616656702 0.000125 1316
1749616663341 0.000125 1317
1749616669985 0.000125 1318
1749616676602 0.000125 1319
1749616783206 0.000125 1320
1749616789800 0.000125 1321
1749616796398 0.000125 1322
1749616803461 0.000125 1323
1749616810035 0.000125 1324
1749616816619 0.000125 1325
1749616823247 0.000125 1326
1749616829870 0.000125 1327
1749616836966 0.000125 1328
1749616843565 0.000125 1329
1749616949771 0.000125 1330
1749616956818 0.000125 1331
1749616963424 0.000125 1332
1749616970056 0.000125 1333
1749616976687 0.000125 1334
1749616983298 0.000125 1335
1749616990389 0.000125 1336
1749616996997 0.000125 1337
1749617003626 0.000125 1338
1749617010273 0.000125 1339
1749617116866 0.000125 1340
1749617123455 0.000125 1341
1749617130041 0.000125 1342
1749617136628 0.000125 1343
1749617143270 0.000125 1344
1749617150360 0.000125 1345
1749617156959 0.000125 1346
1749617163555 0.000125 1347
1749617170167 0.000125 1348
1749617176784 0.000125 1349
1749617283500 0.000125 1350
1749617290093 0.000125 1351
1749617296733 0.000125 1352
1749617303850 0.000125 1353
1749617310440 0.000125 1354
1749617317043 0.000125 1355
1749617323667 0.000125 1356
1749617330289 0.000125 1357
1749617337415 0.000125 1358
1749617343998 0.000125 1359
1749617450194 0.000125 1360
1749617456796 0.000125 1361
1749617463892 0.000125 1362
1749617470458 0.000125 1363
1749617477103 0.000125 1364
1749617483742 0.000125 1365
1749617490403 0.000125 1366
1749617497506 0.000125 1367
1749617504107 0.000125 1368
1749617510710 0.000125 1369
1749617617453 0.000125 1370
1749617624063 0.000125 1371
1749617630660 0.000125 1372
1749617637245 0.000125 1373
1749617643851 0.000125 1374
1749617650966 0.000125 1375
1749617657556 0.000125 1376
1749617664164 0.000125 1377
1749617670803 0.000125 1378
1749617677445 0.000125 1379
1749617782544 0.000125 1380
1749617789138 0.000125 1381
1749617795736 0.000125 1382
1749617802326 0.000125 1383
1749617808964 0.000125 1384
1749617816081 0.000125 1385
1749617822679 0.000125 1386
1749617829328 0.000125 1387
1749617835897 0.000125 1388
1749617842530 0.000125 1389
1749617949218 0.000125 1390
1749617955792 0.000125 1391
1749617962441 0.000125 1392
1749617969089 0.000125 1393
1749617976197 0.000125 1394
1749617982787 0.000125 1395
1749617989391 0.000125 1396
1749617996022 0.000125 1397
1749618002652 0.000125 1398
1749618009758 0.000125 1399
1749618114844 0.000125 1400
1749618121455 0.000125 1401
1749618128055 0.000125 1402
1749618135148 0.000125 1403
1749618141745 0.000125 1404
1749618148360 0.000125 1405
1749618154965 0.000125 1406
1749618161556 0.000125 1407
1749618168207 0.000125 1408
1749618175320 0.000125 1409
1749618281521 0.000125 1410
1749618288124 0.000125 1411
1749618295211 0.000125 1412
1749618301819 0.000125 1413
1749618308410 0.000125 1414
1749618315009 0.000125 1415
1749618321649 0.000125 1416
1749618328271 0.000125 1417
1749618335395 0.000125 1418
1749618341984 0.000125 1419
1749618446050 0.000125 1420
1749618452646 0.000125 1421
1749618459713 0.000125 1422
1749618466293 0.000125 1423
1749618472930 0.000125 1424
1749618479528 0.000125 1425
1749618486169 0.000125 1426
1749618493277 0.000125 1427
1749618499878 0.000125 1428
1749618506519 0.000125 1429
1749618611617 0.000125 1430
1749618618219 0.000125 1431
1749618625286 0.000125 1432
1749618631898 0.000125 1433
1749618638506 0.000125 1434
1749618645104 0.000125 1435
1749618651690 0.000125 1436
1749618658817 0.000125 1437
1749618665411 0.000125 1438
1749618672020 0.000125 1439
1749618776602 0.000125 1440
1749618783182 0.000125 1441
1749618790269 0.000125 1442
1749618796897 0.000125 1443
1749618803538 0.000125 1444
1749618810185 0.000125 1445
1749618816814 0.000125 1446
1749618823929 0.000125 1447
1749618830514 0.000125 1448
1749618837156 0.000125 1449
1749618943532 0.000125 1450
1749618950149 0.000125 1451
1749618957265 0.000125 1452
1749618963852 0.000125 1453
1749618970491 0.000125 1454
1749618977142 0.000125 1455
1749618983742 0.000125 1456
1749618990852 0.000125 1457
1749618997438 0.000125 1458
1749619004022 0.000125 1459
1749619110759 0.000125 1460
1749619117356 0.000125 1461
1749619123962 0.000125 1462
1749619130603 0.000125 1463
1749619137229 0.000125 1464
1749619144343 0.000125 1465
1749619150952 0.000125 1466
1749619157548 0.000125 1467
1749619164187 0.000125 1468
1749619170831 0.000125 1469
1749619277519 0.000125 1470
1749619284132 0.000125 1471
1749619290746 0.000125 1472
1749619297331 0.000125 1473
1749619304435 0.000125 1474
1749619311015 0.000125 1475
1749619317660 0.000125 1476
1749619324265 0.000125 1477
1749619330903 0.000125 1478
1749619338020 0.000125 1479
1749619444437 0.000125 1480
1749619451047 0.000125 1481
1749619457654 0.000125 1482
1749619464727 0.000125 1483
1749619471343 0.000125 1484
1749619477955 0.000125 1485
1749619484558 0.000125 1486
1749619491214 0.000125 1487
1749619497875 0.000125 1488
1749619504942 0.000125 1489
1749619611349 0.000125 1490
1749619617958 0.000125 1491
1749619625034 0.000125 1492
1749619631626 0.000125 1493
1749619638224 0.000125 1494
1749619644859 0.000125 1495
1749619651510 0.000125 1496
1749619658582 0.000125 1497
1749619665173 0.000125 1498
1749619671789 0.000125 1499
1749619778035 0.000125 1500
1749619785133 0.000125 1501
1749619791733 0.000125 1502
1749619798338 0.000125 1503
1749619804973 0.000125 1504
1749619811608 0.000125 1505
1749619818731 0.000125 1506
1749619825353 0.000125 1507
1749619831967 0.000125 1508
1749619838582 0.000125 1509
1749619945214 0.000125 1510
1749619951821 0.000125 1511
1749619958419 0.000125 1512
1749619965052 0.000125 1513
1749619971702 0.000125 1514
1749619978828 0.000125 1515
1749619985437 0.000125 1516
1749619992037 0.000125 1517
1749619998664 0.000125 1518
1749620005266 0.000125 1519
1749620111923 0.000125 1520
1749620118558 0.000125 1521
1749620125152 0.000125 1522
1749620132270 0.000125 1523
1749620138870 0.000125 1524
1749620145468 0.000125 1525
1749620152107 0.000125 1526
1749620158755 0.000125 1527
1749620165356 0.000125 1528
1749620172469 0.000125 1529
1749620278853 0.000125 1530
1749620285450 0.000125 1531
1749620292075 0.000125 1532
1749620299196 0.000125 1533
1749620305800 0.000125 1534
1749620312406 0.000125 1535
1749620319019 0.000125 1536
1749620325647 0.000125 1537
1749620332773 0.000125 1538
1749620339375 0.000125 1539
1749620443501 0.000125 1540
1749620450114 0.000125 1541
1749620456714 0.000125 1542
1749620463798 0.000125 1543
1749620470452 0.000125 1544
1749620477115 0.000125 1545
1749620483745 0.000125 1546
1749620490391 0.000125 1547
1749620497035 0.000125 1548
1749620504159 0.000125 1549
1749620610481 0.000125 1550
1749620617086 0.000125 1551
1749620623730 0.000125 1552
1749620630844 0.000125 1553
1749620637436 0.000125 1554
1749620644036 0.000125 1555
1749620650682 0.000125 1556
1749620657329 0.000125 1557
1749620664441 0.000125 1558
1749620671027 0.000125 1559
1749620777717 0.000125 1560
1749620784309 0.000125 1561
1749620790917 0.000125 1562
1749620797534 0.000125 1563
1749620804126 0.000125 1564
1749620811254 0.000125 1565
1749620817844 0.000125 1566
1749620824469 0.000125 1567
1749620831060 0.000125 1568
1749620837720 0.000125 1569
1749620942923 0.000125 1570
1749620949524 0.000125 1571
1749620956194 0.000125 1572
1749620962849 0.000125 1573
1749620969456 0.000125 1574
1749620976112 0.000125 1575
1749620983222 0.000125 1576
1749620989811 0.000125 1577
1749620996399 0.000125 1578
1749621003048 0.000125 1579
1749621109785 0.000125 1580
1749621116397 0.000125 1581
1749621122996 0.000125 1582
1749621129594 0.000125 1583
1749621136224 0.000125 1584
1749621143294 0.000125 1585
1749621149879 0.000125 1586
1749621156530 0.000125 1587
1749621163171 0.000125 1588
1749621169779 0.000125 1589
1749621276124 0.000125 1590
1749621282733 0.000125 1591
1749621289339 0.000125 1592
1749621296424 0.000125 1593
1749621303025 0.000125 1594
1749621309648 0.000125 1595
1749621316246 0.000125 1596
1749621322836 0.000125 1597
1749621329488 0.000125 1598
1749621336629 0.000125 1599
1749621438892 0.000125 1600
1749621445494 0.000125 1601
1749621452131 0.000125 1602
1749621458766 0.000125 1603
1749621465405 0.000125 1604
1749621472032 0.000125 1605
1749621479129 0.000125 1606
1749621485756 0.000125 1607
1749621492400 0.000125 1608
1749621499045 0.000125 1609
1749621604222 0.000125 1610
1749621611297 0.000125 1611
1749621617884 0.000125 1612
1749621624533 0.000125 1613
1749621631177 0.000125 1614
1749621637797 0.000125 1615
1749621644917 0.000125 1616
1749621651519 0.000125 1617
1749621658117 0.000125 1618
1749621664765 0.000125 1619
1749621768722 0.000125 1620
1749621775798 0.000125 1621
1749621782375 0.000125 1622
1749621789009 0.000125 1623
1749621795683 0.000125 1624
1749621802333 0.000125 1625
1749621809442 0.000125 1626
1749621816026 0.000125 1627
1749621822634 0.000125 1628
1749621829276 0.000125 1629
1749621933338 0.000125 1630
1749621940449 0.000125 1631
1749621947056 0.000125 1632
1749621953650 0.000125 1633
1749621960247 0.000125 1634
1749621966850 0.000125 1635
1749621973494 0.000125 1636
1749621980616 0.000125 1637
1749621987221 0.000125 1638
1749621993831 0.000125 1639
1749622097947 0.000125 1640
1749622104556 0.000125 1641
1749622111638 0.000125 1642
1749622118277 0.000125 1643
1749622124918 0.000125 1644
1749622131568 0.000125 1645
1749622138198 0.000125 1646
1749622145310 0.000125 1647
1749622151907 0.000125 1648
1749622158513 0.000125 1649
1749622263261 0.000125 1650
1749622269869 0.000125 1651
1749622276482 0.000125 1652
1749622283569 0.000125 1653
1749622290187 0.000125 1654
1749622296784 0.000125 1655
1749622303397 0.000125 1656
1749622309993 0.000125 1657
1749622317069 0.000125 1658
1749622323670 0.000125 1659
1749622427786 0.000125 1660
1749622434400 0.000125 1661
1749622441004 0.000125 1662
1749622448079 0.000125 1663
1749622454676 0.000125 1664
1749622461290 0.000125 1665
1749622467903 0.000125 1666
1749622474502 0.000125 1667
1749622481158 0.000125 1668
1749622488233 0.000125 1669
1749622594621 0.000125 1670
1749622601216 0.000125 1671
1749622608334 0.000125 1672
1749622614948 0.000125 1673
1749622621552 0.000125 1674
1749622628142 0.000125 1675
1749622634783 0.000125 1676
1749622641439 0.000125 1677
1749622648555 0.000125 1678
1749622655160 0.000125 1679
1749622762029 0.000125 1680
1749622768627 0.000125 1681
1749622775235 0.000125 1682
1749622781843 0.000125 1683
1749622788445 0.000125 1684
1749622795099 0.000125 1685
1749622802221 0.000125 1686
1749622808824 0.000125 1687
1749622815425 0.000125 1688
1749622822034 0.000125 1689
1749622928203 0.000125 1690
1749622934811 0.000125 1691
1749622941429 0.000125 1692
1749622948037 0.000125 1693
1749622954636 0.000125 1694
1749622961720 0.000125 1695
1749622968317 0.000125 1696
1749622974916 0.000125 1697
1749622981511 0.000125 1698
1749622988153 0.000125 1699
1749623090736 0.000125 1700
1749623097356 0.000125 1701
1749623104485 0.000125 1702
1749623111096 0.000125 1703
1749623117711 0.000125 1704
1749623124335 0.000125 1705
1749623130966 0.000125 1706
1749623138079 0.000125 1707
1749623144687 0.000125 1708
1749623151312 0.000125 1709
1749623255920 0.000125 1710
1749623262512 0.000125 1711
1749623269629 0.000125 1712
1749623276236 0.000125 1713
1749623282842 0.000125 1714
1749623289469 0.000125 1715
1749623296122 6.25e-05 1716
1749623303204 6.25e-05 1717
1749623309815 6.25e-05 1718
1749623316435 6.25e-05 1719
1749623422910 0.000125 1720
1749623430000 0.000125 1721
1749623436606 0.000125 1722
1749623443218 0.000125 1723
1749623449821 0.000125 1724
1749623456438 0.000125 1725
1749623463053 0.000125 1726
1749623470144 0.000125 1727
1749623476759 0.000125 1728
1749623483367 0.000125 1729
1749623589168 0.000125 1730
1749623596296 0.000125 1731
1749623602911 0.000125 1732
1749623609500 0.000125 1733
1749623616108 0.000125 1734
1749623622716 0.000125 1735
1749623629369 0.000125 1736
1749623636436 0.000125 1737
1749623643026 0.000125 1738
1749623649675 0.000125 1739
1749623754392 0.000125 1740
1749623761469 0.000125 1741
1749623768120 0.000125 1742
1749623774791 0.000125 1743
1749623781384 0.000125 1744
1749623788028 0.000125 1745
1749623795163 0.000125 1746
1749623801774 0.000125 1747
1749623808356 0.000125 1748
1749623814997 0.000125 1749
1749623921927 0.000125 1750
1749623928547 0.000125 1751
1749623935135 0.000125 1752
1749623941731 0.000125 1753
1749623948348 0.000125 1754
1749623955028 0.000125 1755
1749623962121 0.000125 1756
1749623968735 0.000125 1757
1749623975346 0.000125 1758
1749623981957 0.000125 1759
1749624086710 0.000125 1760
1749624093816 0.000125 1761
1749624100417 0.000125 1762
1749624107019 0.000125 1763
1749624113675 0.000125 1764
1749624120292 0.000125 1765
1749624127418 0.000125 1766
1749624134032 0.000125 1767
1749624140646 0.000125 1768
1749624147253 0.000125 1769
1749624252045 0.000125 1770
1749624259178 0.000125 1771
1749624265811 0.000125 1772
1749624272416 0.000125 1773
1749624279032 0.000125 1774
1749624285638 0.000125 1775
1749624292249 0.000125 1776
1749624299383 0.000125 1777
1749624305991 0.000125 1778
1749624312611 0.000125 1779
1749624416207 0.000125 1780
1749624422797 0.000125 1781
1749624429430 0.000125 1782
1749624436551 0.000125 1783
1749624443146 0.000125 1784
1749624449758 0.000125 1785
1749624456371 0.000125 1786
1749624462999 0.000125 1787
1749624470132 0.000125 1788
1749624476748 0.000125 1789
1749624579796 6.25e-05 1790
1749624586409 6.25e-05 1791
1749624593015 6.25e-05 1792
1749624599628 6.25e-05 1793
1749624606239 6.25e-05 1794
1749624613325 6.25e-05 1795
1749624619929 6.25e-05 1796
1749624626539 6.25e-05 1797
1749624633155 6.25e-05 1798
1749624639792 6.25e-05 1799
1749624746722 6.25e-05 1800
1749624753325 6.25e-05 1801
1749624759941 6.25e-05 1802
1749624766559 6.25e-05 1803
1749624773648 6.25e-05 1804
1749624780251 6.25e-05 1805
1749624786857 6.25e-05 1806
1749624793484 6.25e-05 1807
1749624800094 6.25e-05 1808
1749624807216 6.25e-05 1809
1749624911457 6.25e-05 1810
1749624918063 6.25e-05 1811
1749624924679 6.25e-05 1812
1749624931303 6.25e-05 1813
1749624937915 6.25e-05 1814
1749624945003 6.25e-05 1815
1749624951619 6.25e-05 1816
1749624958252 6.25e-05 1817
1749624964866 6.25e-05 1818
1749624971471 6.25e-05 1819
1749625072908 6.25e-05 1820
1749625079525 6.25e-05 1821
1749625086145 6.25e-05 1822
1749625092763 6.25e-05 1823
1749625099855 6.25e-05 1824
1749625106467 6.25e-05 1825
1749625113090 6.25e-05 1826
1749625119708 6.25e-05 1827
1749625126333 6.25e-05 1828
1749625133415 6.25e-05 1829
1749625238730 6.25e-05 1830
1749625245351 6.25e-05 1831
1749625252023 6.25e-05 1832
1749625258697 6.25e-05 1833
1749625265785 6.25e-05 1834
1749625272391 6.25e-05 1835
1749625279012 6.25e-05 1836
1749625285634 6.25e-05 1837
1749625292252 6.25e-05 1838
1749625299336 6.25e-05 1839
1749625401866 6.25e-05 1840
1749625408511 6.25e-05 1841
1749625415150 6.25e-05 1842
1749625421747 6.25e-05 1843
1749625428392 6.25e-05 1844
1749625435518 6.25e-05 1845
1749625442144 6.25e-05 1846
1749625448772 6.25e-05 1847
1749625455377 6.25e-05 1848
1749625461998 6.25e-05 1849
1749625566794 6.25e-05 1850
1749625573884 6.25e-05 1851
1749625580490 6.25e-05 1852
1749625587113 6.25e-05 1853
1749625593734 6.25e-05 1854
1749625600387 6.25e-05 1855
1749625607469 6.25e-05 1856
1749625614075 6.25e-05 1857
1749625620686 6.25e-05 1858
1749625627355 6.25e-05 1859
1749625731803 6.25e-05 1860
1749625738431 6.25e-05 1861
1749625745502 6.25e-05 1862
1749625752121 6.25e-05 1863
1749625758736 6.25e-05 1864
1749625765361 6.25e-05 1865
1749625771961 6.25e-05 1866
1749625779066 6.25e-05 1867
1749625785682 6.25e-05 1868
1749625792309 6.25e-05 1869
1749625895336 6.25e-05 1870
1749625901955 6.25e-05 1871
1749625908550 6.25e-05 1872
1749625915154 6.25e-05 1873
1749625922301 6.25e-05 1874
1749625928916 6.25e-05 1875
1749625935512 6.25e-05 1876
1749625942119 6.25e-05 1877
1749625948742 6.25e-05 1878
1749625955389 6.25e-05 1879
1749626061218 6.25e-05 1880
1749626067830 6.25e-05 1881
1749626074460 6.25e-05 1882
1749626081072 6.25e-05 1883
1749626088186 6.25e-05 1884
1749626094781 6.25e-05 1885
1749626101382 6.25e-05 1886
1749626108049 6.25e-05 1887
1749626114643 6.25e-05 1888
1749626121770 6.25e-05 1889
1749626223352 6.25e-05 1890
1749626230017 6.25e-05 1891
1749626237114 6.25e-05 1892
1749626243782 6.25e-05 1893
1749626250444 6.25e-05 1894
1749626257109 6.25e-05 1895
1749626263726 6.25e-05 1896
1749626270811 6.25e-05 1897
1749626277429 6.25e-05 1898
1749626284045 6.25e-05 1899
1749626387681 6.25e-05 1900
1749626394306 6.25e-05 1901
1749626400920 6.25e-05 1902
1749626408002 6.25e-05 1903
1749626414613 6.25e-05 1904
1749626421220 6.25e-05 1905
1749626427837 6.25e-05 1906
1749626434455 6.25e-05 1907
1749626441120 6.25e-05 1908
1749626448206 6.25e-05 1909
1749626553007 6.25e-05 1910
1749626559631 6.25e-05 1911
1749626566265 6.25e-05 1912
1749626572897 6.25e-05 1913
1749626579973 6.25e-05 1914
1749626586589 6.25e-05 1915
1749626593182 6.25e-05 1916
1749626599809 6.25e-05 1917
1749626606426 6.25e-05 1918
1749626613562 6.25e-05 1919
1749626717756 6.25e-05 1920
1749626724378 6.25e-05 1921
1749626731006 6.25e-05 1922
1749626737622 6.25e-05 1923
1749626744716 6.25e-05 1924
1749626751354 6.25e-05 1925
1749626757989 6.25e-05 1926
1749626764589 6.25e-05 1927
1749626771217 6.25e-05 1928
1749626778313 6.25e-05 1929
1749626882511 6.25e-05 1930
1749626889110 6.25e-05 1931
1749626895727 6.25e-05 1932
1749626902358 6.25e-05 1933
1749626908964 6.25e-05 1934
1749626916058 6.25e-05 1935
1749626922677 6.25e-05 1936
1749626929303 6.25e-05 1937
1749626935930 6.25e-05 1938
1749626942564 6.25e-05 1939
1749627046791 6.25e-05 1940
1749627053875 6.25e-05 1941
1749627060506 6.25e-05 1942
1749627067139 6.25e-05 1943
1749627073785 6.25e-05 1944
1749627080403 6.25e-05 1945
1749627087488 6.25e-05 1946
1749627094147 6.25e-05 1947
1749627100809 6.25e-05 1948
1749627107437 6.25e-05 1949
1749627212224 6.25e-05 1950
1749627219340 6.25e-05 1951
1749627225966 6.25e-05 1952
1749627232611 6.25e-05 1953
1749627239238 6.25e-05 1954
1749627245871 6.25e-05 1955
1749627252497 6.25e-05 1956
1749627259591 6.25e-05 1957
1749627266216 6.25e-05 1958
1749627272835 6.25e-05 1959
1749627377321 6.25e-05 1960
1749627383934 6.25e-05 1961
1749627391042 6.25e-05 1962
1749627397703 6.25e-05 1963
1749627404336 6.25e-05 1964
1749627410965 6.25e-05 1965
1749627417581 6.25e-05 1966
1749627424248 6.25e-05 1967
1749627431353 6.25e-05 1968
1749627437969 6.25e-05 1969
1749627542889 6.25e-05 1970
1749627549528 6.25e-05 1971
1749627556670 6.25e-05 1972
1749627563296 6.25e-05 1973
1749627569927 6.25e-05 1974
1749627576535 6.25e-05 1975
1749627583150 6.25e-05 1976
1749627590247 6.25e-05 1977
1749627596878 6.25e-05 1978
1749627603502 6.25e-05 1979
1749627707338 6.25e-05 1980
1749627713977 6.25e-05 1981
1749627720609 6.25e-05 1982
1749627727244 6.25e-05 1983
1749627734352 6.25e-05 1984
1749627741005 6.25e-05 1985
1749627747628 6.25e-05 1986
1749627754301 6.25e-05 1987
1749627760922 6.25e-05 1988
1749627768014 6.25e-05 1989
1749627872821 6.25e-05 1990
1749627879442 6.25e-05 1991
1749627886071 6.25e-05 1992
1749627892683 6.25e-05 1993
1749627899780 6.25e-05 1994
1749627906400 6.25e-05 1995
1749627913019 6.25e-05 1996
1749627919632 6.25e-05 1997
1749627926275 6.25e-05 1998
1749627932875 6.25e-05 1999
1749628039937 6.25e-05 2000
1749628046540 6.25e-05 2001
1749628053160 6.25e-05 2002
1749628060299 6.25e-05 2003
1749628066910 6.25e-05 2004
1749628073531 6.25e-05 2005
1749628080145 6.25e-05 2006
1749628086748 6.25e-05 2007
1749628093889 6.25e-05 2008
1749628100526 6.25e-05 2009
1749628204866 6.25e-05 2010
1749628211495 6.25e-05 2011
1749628218116 6.25e-05 2012
1749628224725 6.25e-05 2013
1749628231841 6.25e-05 2014
1749628238462 6.25e-05 2015
1749628245093 6.25e-05 2016
1749628251711 6.25e-05 2017
1749628258325 6.25e-05 2018
1749628265411 6.25e-05 2019
1749628369284 6.25e-05 2020
1749628375909 6.25e-05 2021
1749628382583 6.25e-05 2022
1749628389247 6.25e-05 2023
1749628395861 6.25e-05 2024
1749628402534 6.25e-05 2025
1749628409636 6.25e-05 2026
1749628416256 6.25e-05 2027
1749628422880 6.25e-05 2028
1749628429507 6.25e-05 2029
1749628533917 6.25e-05 2030
1749628541013 6.25e-05 2031
1749628547628 6.25e-05 2032
1749628554256 6.25e-05 2033
1749628560852 6.25e-05 2034
1749628567453 6.25e-05 2035
1749628574538 6.25e-05 2036
1749628581163 6.25e-05 2037
1749628587782 6.25e-05 2038
1749628594386 6.25e-05 2039
1749628699146 3.125e-05 2040
1749628706219 3.125e-05 2041
1749628712857 3.125e-05 2042
1749628719515 3.125e-05 2043
1749628726147 3.125e-05 2044
1749628732775 3.125e-05 2045
1749628739881 3.125e-05 2046
1749628746496 3.125e-05 2047
1749628753112 3.125e-05 2048
1749628759713 3.125e-05 2049
1749628863443 3.125e-05 2050
1749628870059 3.125e-05 2051
1749628876662 3.125e-05 2052
1749628883743 3.125e-05 2053
1749628890336 3.125e-05 2054
1749628896942 3.125e-05 2055
1749628903545 3.125e-05 2056
1749628910182 3.125e-05 2057
1749628917288 3.125e-05 2058
1749628923905 3.125e-05 2059
1749629028086 3.125e-05 2060
1749629034695 3.125e-05 2061
1749629041318 3.125e-05 2062
1749629047933 3.125e-05 2063
1749629055043 3.125e-05 2064
1749629061661 3.125e-05 2065
1749629068288 3.125e-05 2066
1749629074908 3.125e-05 2067
1749629081523 3.125e-05 2068
1749629088138 3.125e-05 2069
1749629192365 3.125e-05 2070
1749629199497 3.125e-05 2071
1749629206120 3.125e-05 2072
1749629212743 3.125e-05 2073
1749629219355 3.125e-05 2074
1749629225975 3.125e-05 2075
1749629233082 3.125e-05 2076
1749629239719 3.125e-05 2077
1749629246350 3.125e-05 2078
1749629252970 3.125e-05 2079
1749629357170 3.125e-05 2080
1749629363795 3.125e-05 2081
1749629370864 3.125e-05 2082
1749629377481 3.125e-05 2083
1749629384119 3.125e-05 2084
1749629390754 3.125e-05 2085
1749629397370 3.125e-05 2086
1749629403990 3.125e-05 2087
1749629411072 3.125e-05 2088
1749629417680 3.125e-05 2089
1749629522467 3.125e-05 2090
1749629529085 3.125e-05 2091
1749629535704 3.125e-05 2092
1749629542339 3.125e-05 2093
1749629549418 3.125e-05 2094
1749629556016 3.125e-05 2095
1749629562627 3.125e-05 2096
1749629569259 3.125e-05 2097
1749629575864 3.125e-05 2098
1749629582989 3.125e-05 2099
1749629687190 3.125e-05 2100
1749629693820 3.125e-05 2101
1749629700431 3.125e-05 2102
1749629707052 3.125e-05 2103
1749629713662 3.125e-05 2104
1749629720760 3.125e-05 2105
1749629727358 3.125e-05 2106
1749629733973 3.125e-05 2107
1749629740595 3.125e-05 2108
1749629747191 3.125e-05 2109
1749629852528 3.125e-05 2110
1749629859136 3.125e-05 2111
1749629865742 3.125e-05 2112
1749629872370 3.125e-05 2113
1749629879006 3.125e-05 2114
1749629886081 3.125e-05 2115
1749629892693 3.125e-05 2116
1749629899321 3.125e-05 2117
1749629905935 3.125e-05 2118
1749629912587 3.125e-05 2119
1749630017022 3.125e-05 2120
1749630024124 3.125e-05 2121
1749630030745 3.125e-05 2122
1749630037378 3.125e-05 2123
1749630043975 3.125e-05 2124
1749630050602 3.125e-05 2125
1749630057697 3.125e-05 2126
1749630064311 3.125e-05 2127
1749630070929 3.125e-05 2128
1749630077533 3.125e-05 2129
1749630181730 3.125e-05 2130
1749630188875 3.125e-05 2131
1749630195490 3.125e-05 2132
1749630202105 3.125e-05 2133
1749630208714 3.125e-05 2134
1749630215319 3.125e-05 2135
1749630222431 3.125e-05 2136
1749630229057 3.125e-05 2137
1749630235680 3.125e-05 2138
1749630242290 3.125e-05 2139
1749630346487 3.125e-05 2140
1749630353592 3.125e-05 2141
1749630360267 3.125e-05 2142
1749630366913 3.125e-05 2143
1749630373530 3.125e-05 2144
1749630380190 3.125e-05 2145
1749630386809 3.125e-05 2146
1749630393953 3.125e-05 2147
1749630400563 3.125e-05 2148
1749630407180 3.125e-05 2149
1749630511058 3.125e-05 2150
1749630517685 3.125e-05 2151
1749630524292 3.125e-05 2152
1749630531381 3.125e-05 2153
1749630538041 3.125e-05 2154
1749630544710 3.125e-05 2155
1749630551392 3.125e-05 2156
1749630558016 3.125e-05 2157
1749630564639 3.125e-05 2158
1749630571745 3.125e-05 2159
1749630678183 3.125e-05 2160
1749630684799 3.125e-05 2161
1749630691901 3.125e-05 2162
1749630698569 3.125e-05 2163
1749630705230 3.125e-05 2164
1749630711837 3.125e-05 2165
1749630718497 3.125e-05 2166
1749630725131 3.125e-05 2167
1749630732221 3.125e-05 2168
1749630738830 3.125e-05 2169
1749630843253 3.125e-05 2170
1749630849879 3.125e-05 2171
1749630856507 3.125e-05 2172
1749630863141 3.125e-05 2173
1749630870250 3.125e-05 2174
1749630876864 3.125e-05 2175
1749630883490 3.125e-05 2176
1749630890130 3.125e-05 2177
1749630896741 3.125e-05 2178
1749630903848 3.125e-05 2179
1749631010554 3.125e-05 2180
1749631017175 3.125e-05 2181
1749631023812 3.125e-05 2182
1749631030917 3.125e-05 2183
1749631037549 3.125e-05 2184
1749631044191 3.125e-05 2185
1749631050819 3.125e-05 2186
1749631057459 3.125e-05 2187
1749631064101 3.125e-05 2188
1749631071213 3.125e-05 2189
1749631174979 3.125e-05 2190
1749631181594 3.125e-05 2191
1749631188276 3.125e-05 2192
1749631194927 3.125e-05 2193
1749631201552 3.125e-05 2194
1749631208705 3.125e-05 2195
1749631215345 3.125e-05 2196
1749631221968 3.125e-05 2197
1749631228586 3.125e-05 2198
1749631235227 3.125e-05 2199
1749631340208 3.125e-05 2200
1749631346853 3.125e-05 2201
1749631353502 3.125e-05 2202
1749631360138 3.125e-05 2203
1749631366772 3.125e-05 2204
1749631373412 3.125e-05 2205
1749631380511 3.125e-05 2206
1749631387183 3.125e-05 2207
1749631393858 3.125e-05 2208
1749631400486 3.125e-05 2209
1749631505091 3.125e-05 2210
1749631511783 3.125e-05 2211
1749631518884 3.125e-05 2212
1749631525555 3.125e-05 2213
1749631532238 3.125e-05 2214
1749631538854 3.125e-05 2215
1749631545504 3.125e-05 2216
1749631552608 3.125e-05 2217
1749631559237 3.125e-05 2218
1749631565880 3.125e-05 2219
1749631670421 3.125e-05 2220
1749631677065 3.125e-05 2221
1749631683707 3.125e-05 2222
1749631690830 3.125e-05 2223
1749631697506 3.125e-05 2224
1749631704188 3.125e-05 2225
1749631710813 3.125e-05 2226
1749631717441 3.125e-05 2227
1749631724089 3.125e-05 2228
1749631731202 3.125e-05 2229
1749631836225 3.125e-05 2230
1749631842863 3.125e-05 2231
1749631849473 3.125e-05 2232
1749631856113 3.125e-05 2233
1749631862756 3.125e-05 2234
1749631869847 3.125e-05 2235
1749631876515 3.125e-05 2236
1749631883181 3.125e-05 2237
1749631889810 3.125e-05 2238
1749631896434 3.125e-05 2239
1749632000376 3.125e-05 2240
1749632007026 3.125e-05 2241
1749632014186 3.125e-05 2242
1749632020843 3.125e-05 2243
1749632027479 3.125e-05 2244
1749632034121 3.125e-05 2245
1749632040774 3.125e-05 2246
1749632047428 3.125e-05 2247
1749632054609 3.125e-05 2248
1749632061234 3.125e-05 2249
1749632166878 3.125e-05 2250
1749632173526 3.125e-05 2251
1749632180681 3.125e-05 2252
1749632187310 3.125e-05 2253
1749632193957 3.125e-05 2254
1749632200596 3.125e-05 2255
1749632207236 3.125e-05 2256
1749632214344 3.125e-05 2257
1749632221022 3.125e-05 2258
1749632227709 3.125e-05 2259
1749632332385 3.125e-05 2260
1749632339027 3.125e-05 2261
1749632345648 3.125e-05 2262
1749632352765 3.125e-05 2263
1749632359427 3.125e-05 2264
1749632366057 3.125e-05 2265
1749632372680 3.125e-05 2266
1749632379367 3.125e-05 2267
1749632386502 3.125e-05 2268
1749632393183 3.125e-05 2269
1749632497754 3.125e-05 2270
1749632504399 3.125e-05 2271
1749632511067 3.125e-05 2272
1749632517750 3.125e-05 2273
1749632524397 3.125e-05 2274
1749632531512 3.125e-05 2275
1749632538134 3.125e-05 2276
1749632544780 3.125e-05 2277
1749632551429 3.125e-05 2278
1749632558107 3.125e-05 2279
1749632663659 3.125e-05 2280
1749632670317 3.125e-05 2281
1749632676960 3.125e-05 2282
1749632683646 3.125e-05 2283
1749632690341 3.125e-05 2284
1749632697454 3.125e-05 2285
1749632704092 3.125e-05 2286
1749632710739 3.125e-05 2287
1749632717426 3.125e-05 2288
1749632724107 3.125e-05 2289
1749632828540 3.125e-05 2290
1749632835653 3.125e-05 2291
1749632842338 3.125e-05 2292
1749632848986 3.125e-05 2293
1749632855621 3.125e-05 2294
1749632862264 3.125e-05 2295
1749632869383 3.125e-05 2296
1749632876028 3.125e-05 2297
1749632882674 3.125e-05 2298
1749632889302 3.125e-05 2299
1749632996037 3.125e-05 2300
1749633002731 3.125e-05 2301
1749633009379 3.125e-05 2302
1749633016000 3.125e-05 2303
1749633022644 3.125e-05 2304
1749633029299 3.125e-05 2305
1749633036421 3.125e-05 2306
1749633043078 3.125e-05 2307
1749633049732 3.125e-05 2308
1749633056358 3.125e-05 2309
1749633160994 3.125e-05 2310
1749633167646 3.125e-05 2311
1749633174781 3.125e-05 2312
1749633181457 3.125e-05 2313
1749633188107 3.125e-05 2314
1749633194744 3.125e-05 2315
1749633201381 3.125e-05 2316
1749633208028 3.125e-05 2317
1749633215148 3.125e-05 2318
1749633221825 3.125e-05 2319
1749633327411 3.125e-05 2320
1749633334064 3.125e-05 2321
1749633340749 3.125e-05 2322
1749633347870 3.125e-05 2323
1749633354518 3.125e-05 2324
1749633361176 3.125e-05 2325
1749633367854 3.125e-05 2326
1749633374544 3.125e-05 2327
1749633381189 3.125e-05 2328
1749633388293 3.125e-05 2329
1749633492880 3.125e-05 2330
1749633499508 3.125e-05 2331
1749633506160 3.125e-05 2332
1749633512794 3.125e-05 2333
1749633519432 3.125e-05 2334
1749633526079 3.125e-05 2335
1749633533184 3.125e-05 2336
1749633539844 3.125e-05 2337
1749633546493 3.125e-05 2338
1749633553146 3.125e-05 2339
1749633657760 3.125e-05 2340
1749633664409 3.125e-05 2341
1749633671052 3.125e-05 2342
1749633678144 3.125e-05 2343
1749633684854 3.125e-05 2344
1749633691502 3.125e-05 2345
1749633698147 3.125e-05 2346
1749633704790 3.125e-05 2347
1749633711921 3.125e-05 2348
1749633718623 3.125e-05 2349
1749633823156 3.125e-05 2350
1749633829806 3.125e-05 2351
1749633836491 3.125e-05 2352
1749633843128 3.125e-05 2353
1749633850252 3.125e-05 2354
1749633856902 3.125e-05 2355
1749633863535 3.125e-05 2356
1749633870177 3.125e-05 2357
1749633876819 3.125e-05 2358
1749633883462 3.125e-05 2359
1749633990730 3.125e-05 2360
1749633997383 3.125e-05 2361
1749634004074 3.125e-05 2362
1749634011209 3.125e-05 2363
1749634017893 3.125e-05 2364
1749634024569 3.125e-05 2365
1749634031206 3.125e-05 2366
1749634037848 3.125e-05 2367
1749634044503 3.125e-05 2368
1749634051615 3.125e-05 2369
1749634155490 3.125e-05 2370
1749634162187 3.125e-05 2371
1749634168843 3.125e-05 2372
1749634175483 3.125e-05 2373
1749634182148 3.125e-05 2374
1749634188796 3.125e-05 2375
1749634195955 3.125e-05 2376
1749634202595 3.125e-05 2377
1749634209240 3.125e-05 2378
1749634215901 3.125e-05 2379
1749634323176 3.125e-05 2380
1749634329805 3.125e-05 2381
1749634336483 3.125e-05 2382
1749634343133 3.125e-05 2383
1749634349753 3.125e-05 2384
1749634356879 3.125e-05 2385
1749634363542 3.125e-05 2386
1749634370164 3.125e-05 2387
1749634376791 3.125e-05 2388
1749634383423 3.125e-05 2389
1749634488067 3.125e-05 2390
1749634495180 3.125e-05 2391
1749634501808 3.125e-05 2392
1749634508454 3.125e-05 2393
1749634515090 3.125e-05 2394
1749634521716 3.125e-05 2395
1749634528835 3.125e-05 2396
1749634535472 3.125e-05 2397
1749634542107 3.125e-05 2398
1749634548768 3.125e-05 2399
1749634653336 3.125e-05 2400
1749634660477 3.125e-05 2401
1749634667171 3.125e-05 2402
1749634673826 3.125e-05 2403
1749634680466 3.125e-05 2404
1749634687114 3.125e-05 2405
1749634693756 3.125e-05 2406
1749634700874 3.125e-05 2407
1749634707565 3.125e-05 2408
1749634714215 3.125e-05 2409
1749634818648 3.125e-05 2410
1749634825298 3.125e-05 2411
1749634831948 3.125e-05 2412
1749634839071 3.125e-05 2413
1749634845740 3.125e-05 2414
1749634852399 3.125e-05 2415
1749634859037 3.125e-05 2416
1749634865686 3.125e-05 2417
1749634872346 3.125e-05 2418
1749634879474 3.125e-05 2419
1749634984709 3.125e-05 2420
1749634991366 3.125e-05 2421
1749634998033 3.125e-05 2422
1749635004683 3.125e-05 2423
1749635011806 3.125e-05 2424
1749635018501 3.125e-05 2425
1749635025156 3.125e-05 2426
1749635031819 3.125e-05 2427
1749635038445 3.125e-05 2428
1749635045096 3.125e-05 2429
1749635149987 3.125e-05 2430
1749635156650 3.125e-05 2431
1749635163340 3.125e-05 2432
1749635169973 3.125e-05 2433
1749635176618 3.125e-05 2434
1749635183262 3.125e-05 2435
1749635190361 3.125e-05 2436
1749635196992 3.125e-05 2437
1749635203649 3.125e-05 2438
1749635210299 3.125e-05 2439
1749635314236 3.125e-05 2440
1749635320885 3.125e-05 2441
1749635327509 3.125e-05 2442
1749635334630 3.125e-05 2443
1749635341323 3.125e-05 2444
1749635347988 3.125e-05 2445
1749635354628 3.125e-05 2446
1749635361289 3.125e-05 2447
1749635367907 3.125e-05 2448
1749635375034 3.125e-05 2449
1749635480745 3.125e-05 2450
1749635487396 3.125e-05 2451
1749635494052 3.125e-05 2452
1749635500678 3.125e-05 2453
1749635507791 3.125e-05 2454
1749635514473 3.125e-05 2455
1749635521125 3.125e-05 2456
1749635527747 3.125e-05 2457
1749635534382 3.125e-05 2458
1749635541040 3.125e-05 2459
1749635647152 3.125e-05 2460
1749635653787 3.125e-05 2461
1749635660463 3.125e-05 2462
1749635667132 3.125e-05 2463
1749635673773 3.125e-05 2464
1749635680895 3.125e-05 2465
1749635687521 3.125e-05 2466
1749635694174 3.125e-05 2467
1749635700814 3.125e-05 2468
1749635707464 3.125e-05 2469
1749635811267 3.125e-05 2470
1749635817917 3.125e-05 2471
1749635825058 3.125e-05 2472
1749635831686 3.125e-05 2473
1749635838314 3.125e-05 2474
1749635844969 3.125e-05 2475
1749635851581 3.125e-05 2476
1749635858695 3.125e-05 2477
1749635865328 3.125e-05 2478
1749635871971 3.125e-05 2479
1749635977039 1.5625e-05 2480
1749635983666 1.5625e-05 2481
1749635990349 1.5625e-05 2482
1749635997472 1.5625e-05 2483
1749636004126 1.5625e-05 2484
1749636010783 1.5625e-05 2485
1749636017468 1.5625e-05 2486
1749636024156 1.5625e-05 2487
1749636030802 1.5625e-05 2488
1749636037918 1.5625e-05 2489
1749636144599 1.5625e-05 2490
1749636151248 1.5625e-05 2491
1749636157908 1.5625e-05 2492
1749636165013 1.5625e-05 2493
1749636171640 1.5625e-05 2494
1749636178271 1.5625e-05 2495
1749636184927 1.5625e-05 2496
1749636191581 1.5625e-05 2497
1749636198223 1.5625e-05 2498
1749636205335 1.5625e-05 2499
1749636309892 1.5625e-05 2500
1749636316525 1.5625e-05 2501
1749636323204 1.5625e-05 2502
1749636329846 1.5625e-05 2503
1749636336459 1.5625e-05 2504
1749636343598 1.5625e-05 2505
1749636350223 1.5625e-05 2506
1749636356853 1.5625e-05 2507
1749636363493 1.5625e-05 2508
1749636370125 1.5625e-05 2509
1749636475615 1.5625e-05 2510
1749636482261 1.5625e-05 2511
1749636488940 1.5625e-05 2512
1749636495620 1.5625e-05 2513
1749636502266 1.5625e-05 2514
1749636509379 1.5625e-05 2515
1749636516013 1.5625e-05 2516
1749636522651 1.5625e-05 2517
1749636529279 1.5625e-05 2518
1749636535920 1.5625e-05 2519
1749636640929 1.5625e-05 2520
1749636647560 1.5625e-05 2521
1749636654218 1.5625e-05 2522
1749636660891 1.5625e-05 2523
1749636667569 1.5625e-05 2524
1749636674206 1.5625e-05 2525
1749636681318 1.5625e-05 2526
1749636687956 1.5625e-05 2527
1749636694592 1.5625e-05 2528
1749636701238 1.5625e-05 2529
1749636805771 1.5625e-05 2530
1749636812439 1.5625e-05 2531
1749636819566 1.5625e-05 2532
1749636826238 1.5625e-05 2533
1749636832880 1.5625e-05 2534
1749636839489 1.5625e-05 2535
1749636846169 1.5625e-05 2536
1749636853279 1.5625e-05 2537
1749636859934 1.5625e-05 2538
1749636866569 1.5625e-05 2539
1749636971549 1.5625e-05 2540
1749636978204 1.5625e-05 2541
1749636984826 1.5625e-05 2542
1749636991485 1.5625e-05 2543
1749636998607 1.5625e-05 2544
1749637005245 1.5625e-05 2545
1749637011893 1.5625e-05 2546
1749637018512 1.5625e-05 2547
1749637025147 1.5625e-05 2548
1749637032270 1.5625e-05 2549
1749637137853 1.5625e-05 2550
1749637144475 1.5625e-05 2551
1749637151121 1.5625e-05 2552
1749637157769 1.5625e-05 2553
1749637164408 1.5625e-05 2554
1749637171519 1.5625e-05 2555
1749637178204 1.5625e-05 2556
1749637184838 1.5625e-05 2557
1749637191493 1.5625e-05 2558
1749637198121 1.5625e-05 2559
1749637303066 1.5625e-05 2560
1749637309703 1.5625e-05 2561
1749637316379 1.5625e-05 2562
1749637323026 1.5625e-05 2563
1749637329660 1.5625e-05 2564
1749637336779 1.5625e-05 2565
1749637343418 1.5625e-05 2566
1749637350061 1.5625e-05 2567
1749637356714 1.5625e-05 2568
1749637363361 1.5625e-05 2569
1749637468498 1.5625e-05 2570
1749637475630 1.5625e-05 2571
1749637482303 1.5625e-05 2572
1749637488944 1.5625e-05 2573
1749637495598 1.5625e-05 2574
1749637502246 1.5625e-05 2575
1749637509365 1.5625e-05 2576
1749637516023 1.5625e-05 2577
1749637522710 1.5625e-05 2578
1749637529342 1.5625e-05 2579
1749637634035 1.5625e-05 2580
1749637640690 1.5625e-05 2581
1749637647322 1.5625e-05 2582
1749637654424 1.5625e-05 2583
1749637661101 1.5625e-05 2584
1749637667748 1.5625e-05 2585
1749637674404 1.5625e-05 2586
1749637681041 1.5625e-05 2587
1749637688168 1.5625e-05 2588
1749637694860 1.5625e-05 2589
1749637799511 1.5625e-05 2590
1749637806147 1.5625e-05 2591
1749637812780 1.5625e-05 2592
1749637819410 1.5625e-05 2593
1749637826049 1.5625e-05 2594
1749637833158 1.5625e-05 2595
1749637839793 1.5625e-05 2596
1749637846435 1.5625e-05 2597
1749637853069 1.5625e-05 2598
1749637859712 1.5625e-05 2599
1749637963823 1.5625e-05 2600
1749637970993 1.5625e-05 2601
1749637977679 1.5625e-05 2602
1749637984306 1.5625e-05 2603
1749637990951 1.5625e-05 2604
1749637997603 1.5625e-05 2605
1749638004235 1.5625e-05 2606
1749638011361 1.5625e-05 2607
1749638018009 1.5625e-05 2608
1749638024662 1.5625e-05 2609
1749638130517 1.5625e-05 2610
1749638137164 1.5625e-05 2611
1749638144289 1.5625e-05 2612
1749638150945 1.5625e-05 2613
1749638157601 1.5625e-05 2614
1749638164303 1.5625e-05 2615
1749638170959 1.5625e-05 2616
1749638177617 1.5625e-05 2617
1749638184753 1.5625e-05 2618
1749638191459 1.5625e-05 2619
1749638296115 1.5625e-05 2620
1749638302768 1.5625e-05 2621
1749638309428 1.5625e-05 2622
1749638316100 1.5625e-05 2623
1749638322813 1.5625e-05 2624
1749638329960 1.5625e-05 2625
1749638336654 1.5625e-05 2626
1749638343354 1.5625e-05 2627
1749638349994 1.5625e-05 2628
1749638356640 1.5625e-05 2629
1749638461739 1.5625e-05 2630
1749638468388 1.5625e-05 2631
1749638475033 1.5625e-05 2632
1749638481682 1.5625e-05 2633
1749638488340 1.5625e-05 2634
1749638495001 1.5625e-05 2635
1749638502127 1.5625e-05 2636
1749638508820 1.5625e-05 2637
1749638515474 1.5625e-05 2638
1749638522141 1.5625e-05 2639
1749638627976 1.5625e-05 2640
1749638635109 1.5625e-05 2641
1749638641801 1.5625e-05 2642
1749638648452 1.5625e-05 2643
1749638655106 1.5625e-05 2644
1749638661766 1.5625e-05 2645
1749638668905 1.5625e-05 2646
1749638675596 1.5625e-05 2647
1749638682263 1.5625e-05 2648
1749638688905 1.5625e-05 2649
1749638794144 1.5625e-05 2650
1749638800769 1.5625e-05 2651
1749638807895 1.5625e-05 2652
1749638814544 1.5625e-05 2653
1749638821217 1.5625e-05 2654
1749638827876 1.5625e-05 2655
1749638834528 1.5625e-05 2656
1749638841170 1.5625e-05 2657
1749638848297 1.5625e-05 2658
1749638854977 1.5625e-05 2659
1749638959655 1.5625e-05 2660
1749638966307 1.5625e-05 2661
1749638972937 1.5625e-05 2662
1749638979593 1.5625e-05 2663
1749638986763 1.5625e-05 2664
1749638993401 1.5625e-05 2665
1749639000068 1.5625e-05 2666
1749639006695 1.5625e-05 2667
1749639013350 1.5625e-05 2668
1749639020006 1.5625e-05 2669
1749639126384 1.5625e-05 2670
1749639133041 1.5625e-05 2671
1749639139743 1.5625e-05 2672
1749639146392 1.5625e-05 2673
1749639153514 1.5625e-05 2674
1749639160167 1.5625e-05 2675
1749639166813 1.5625e-05 2676
1749639173464 1.5625e-05 2677
1749639180150 1.5625e-05 2678
1749639186851 1.5625e-05 2679
1749639291669 1.5625e-05 2680
1749639298809 1.5625e-05 2681
1749639305495 1.5625e-05 2682
1749639312171 1.5625e-05 2683
1749639318826 1.5625e-05 2684
1749639325481 1.5625e-05 2685
1749639332615 1.5625e-05 2686
1749639339292 1.5625e-05 2687
1749639345956 1.5625e-05 2688
1749639352595 1.5625e-05 2689
1749639457289 1.5625e-05 2690
1749639463938 1.5625e-05 2691
1749639470649 1.5625e-05 2692
1749639477782 1.5625e-05 2693
1749639484470 1.5625e-05 2694
1749639491120 1.5625e-05 2695
1749639497783 1.5625e-05 2696
1749639504423 1.5625e-05 2697
1749639511552 1.5625e-05 2698
1749639518251 1.5625e-05 2699
1749639623514 1.5625e-05 2700
1749639630155 1.5625e-05 2701
1749639636810 1.5625e-05 2702
1749639643955 1.5625e-05 2703
1749639650610 1.5625e-05 2704
1749639657266 1.5625e-05 2705
1749639663909 1.5625e-05 2706
1749639670566 1.5625e-05 2707
1749639677208 1.5625e-05 2708
1749639684354 1.5625e-05 2709
1749639789680 1.5625e-05 2710
1749639796354 1.5625e-05 2711
1749639803049 1.5625e-05 2712
1749639809716 1.5625e-05 2713
1749639816355 1.5625e-05 2714
1749639823489 1.5625e-05 2715
1749639830194 1.5625e-05 2716
1749639836866 1.5625e-05 2717
1749639843514 1.5625e-05 2718
1749639850149 1.5625e-05 2719
1749639957776 7.8125e-06 2720
1749639964427 7.8125e-06 2721
1749639971089 7.8125e-06 2722
1749639977758 7.8125e-06 2723
1749639984885 7.8125e-06 2724
1749639991547 7.8125e-06 2725
1749639998175 7.8125e-06 2726
1749640004823 7.8125e-06 2727
1749640011471 7.8125e-06 2728
1749640018136 7.8125e-06 2729
1749640125531 7.8125e-06 2730
1749640132183 7.8125e-06 2731
1749640138832 7.8125e-06 2732
1749640145976 7.8125e-06 2733
1749640152626 7.8125e-06 2734
1749640159289 7.8125e-06 2735
1749640165940 7.8125e-06 2736
1749640172600 7.8125e-06 2737
1749640179247 7.8125e-06 2738
1749640186368 7.8125e-06 2739
1749640293490 7.8125e-06 2740
1749640300124 7.8125e-06 2741
1749640306763 7.8125e-06 2742
1749640313896 7.8125e-06 2743
1749640320586 7.8125e-06 2744
1749640327223 7.8125e-06 2745
1749640333870 7.8125e-06 2746
1749640340528 7.8125e-06 2747
1749640347165 7.8125e-06 2748
1749640354314 7.8125e-06 2749
1749640461214 7.8125e-06 2750
1749640467881 7.8125e-06 2751
1749640474542 7.8125e-06 2752
1749640481718 7.8125e-06 2753
1749640488371 7.8125e-06 2754
1749640495038 7.8125e-06 2755
1749640501679 7.8125e-06 2756
1749640508335 7.8125e-06 2757
1749640515051 7.8125e-06 2758
1749640522186 7.8125e-06 2759
1749640629200 7.8125e-06 2760
1749640635868 7.8125e-06 2761
1749640642519 7.8125e-06 2762
1749640649680 7.8125e-06 2763
1749640656319 7.8125e-06 2764
1749640662995 7.8125e-06 2765
1749640669662 7.8125e-06 2766
1749640676370 7.8125e-06 2767
1749640683522 7.8125e-06 2768
1749640690238 7.8125e-06 2769
1749640797170 7.8125e-06 2770
1749640803839 7.8125e-06 2771
1749640811036 7.8125e-06 2772
1749640817701 7.8125e-06 2773
1749640824420 7.8125e-06 2774
1749640831086 7.8125e-06 2775
1749640837731 7.8125e-06 2776
1749640844397 7.8125e-06 2777
1749640851535 7.8125e-06 2778
1749640858176 7.8125e-06 2779
1749640965235 7.8125e-06 2780
1749640971882 7.8125e-06 2781
1749640979001 7.8125e-06 2782
1749640985697 7.8125e-06 2783
1749640992369 7.8125e-06 2784
1749640999004 7.8125e-06 2785
1749641005661 7.8125e-06 2786
1749641012815 7.8125e-06 2787
1749641019508 7.8125e-06 2788
1749641026162 7.8125e-06 2789
1749641133349 7.8125e-06 2790
1749641140005 7.8125e-06 2791
1749641147153 7.8125e-06 2792
1749641153850 7.8125e-06 2793
1749641160519 7.8125e-06 2794
1749641167168 7.8125e-06 2795
1749641173844 7.8125e-06 2796
1749641180520 7.8125e-06 2797
1749641187697 7.8125e-06 2798
1749641194365 7.8125e-06 2799
1749641301404 7.8125e-06 2800
1749641308067 7.8125e-06 2801
1749641315240 7.8125e-06 2802
1749641321911 7.8125e-06 2803
1749641328624 7.8125e-06 2804
1749641335266 7.8125e-06 2805
1749641341941 7.8125e-06 2806
1749641349072 7.8125e-06 2807
1749641355781 7.8125e-06 2808
1749641362459 7.8125e-06 2809
1749641469577 7.8125e-06 2810
1749641476272 7.8125e-06 2811
1749641483413 7.8125e-06 2812
1749641490117 7.8125e-06 2813
1749641496779 7.8125e-06 2814
1749641503450 7.8125e-06 2815
1749641510119 7.8125e-06 2816
1749641516773 7.8125e-06 2817
1749641523900 7.8125e-06 2818
1749641530552 7.8125e-06 2819
1749641637470 7.8125e-06 2820
1749641644112 7.8125e-06 2821
1749641651243 7.8125e-06 2822
1749641657902 7.8125e-06 2823
1749641664576 7.8125e-06 2824
1749641671234 7.8125e-06 2825
1749641677905 7.8125e-06 2826
1749641685090 7.8125e-06 2827
1749641691759 7.8125e-06 2828
1749641698431 7.8125e-06 2829
1749641805461 7.8125e-06 2830
1749641812111 7.8125e-06 2831
1749641819247 7.8125e-06 2832
1749641825905 7.8125e-06 2833
1749641832566 7.8125e-06 2834
1749641839262 7.8125e-06 2835
1749641845917 7.8125e-06 2836
1749641852595 7.8125e-06 2837
1749641859731 7.8125e-06 2838
1749641866430 7.8125e-06 2839
1749641973546 3.90625e-06 2840
1749641980182 3.90625e-06 2841
1749641987317 3.90625e-06 2842
1749641993971 3.90625e-06 2843
1749642000622 3.90625e-06 2844
1749642007255 3.90625e-06 2845
1749642013908 3.90625e-06 2846
1749642021050 3.90625e-06 2847
1749642027757 3.90625e-06 2848
1749642034432 3.90625e-06 2849
1749642141499 3.90625e-06 2850
1749642148169 3.90625e-06 2851
1749642155335 3.90625e-06 2852
1749642161983 3.90625e-06 2853
1749642168638 3.90625e-06 2854
1749642175306 3.90625e-06 2855
1749642182001 3.90625e-06 2856
1749642188674 3.90625e-06 2857
1749642195809 3.90625e-06 2858
1749642202498 3.90625e-06 2859
1749642309595 3.90625e-06 2860
1749642316231 3.90625e-06 2861
1749642323344 3.90625e-06 2862
1749642330041 3.90625e-06 2863
1749642336698 3.90625e-06 2864
1749642343332 3.90625e-06 2865
1749642349979 3.90625e-06 2866
1749642357116 3.90625e-06 2867
1749642363814 3.90625e-06 2868
1749642370469 3.90625e-06 2869
1749642477745 3.90625e-06 2870
1749642484389 3.90625e-06 2871
1749642491528 3.90625e-06 2872
1749642498181 3.90625e-06 2873
1749642504856 3.90625e-06 2874
1749642511493 3.90625e-06 2875
1749642518148 3.90625e-06 2876
1749642524810 3.90625e-06 2877
1749642531936 3.90625e-06 2878
1749642538623 3.90625e-06 2879
1749642645596 3.90625e-06 2880
1749642652251 3.90625e-06 2881
1749642659378 3.90625e-06 2882
1749642666026 3.90625e-06 2883
1749642672694 3.90625e-06 2884
1749642679386 3.90625e-06 2885
1749642686043 3.90625e-06 2886
1749642693181 3.90625e-06 2887
1749642699849 3.90625e-06 2888
1749642706559 3.90625e-06 2889
1749642813727 3.90625e-06 2890
1749642820441 3.90625e-06 2891
1749642827592 3.90625e-06 2892
1749642834285 3.90625e-06 2893
1749642840949 3.90625e-06 2894
1749642847599 3.90625e-06 2895
1749642854255 3.90625e-06 2896
1749642860923 3.90625e-06 2897
1749642868046 3.90625e-06 2898
1749642874691 3.90625e-06 2899
1749642981838 3.90625e-06 2900
1749642988464 3.90625e-06 2901
1749642995625 3.90625e-06 2902
1749643002265 3.90625e-06 2903
1749643008931 3.90625e-06 2904
1749643015580 3.90625e-06 2905
1749643022238 3.90625e-06 2906
1749643029439 3.90625e-06 2907
1749643036100 3.90625e-06 2908
1749643042753 3.90625e-06 2909
1749643149807 3.90625e-06 2910
1749643156463 3.90625e-06 2911
1749643163601 3.90625e-06 2912
1749643170271 3.90625e-06 2913
1749643176980 3.90625e-06 2914
1749643183654 3.90625e-06 2915
1749643190318 3.90625e-06 2916
1749643196978 3.90625e-06 2917
1749643204105 3.90625e-06 2918
1749643210803 3.90625e-06 2919
1749643317954 3.90625e-06 2920
1749643324604 3.90625e-06 2921
1749643331306 3.90625e-06 2922
1749643338437 3.90625e-06 2923
1749643345151 3.90625e-06 2924
1749643351813 3.90625e-06 2925
1749643358460 3.90625e-06 2926
1749643365118 3.90625e-06 2927
1749643372272 3.90625e-06 2928
1749643378936 3.90625e-06 2929
1749643486211 3.90625e-06 2930
1749643492886 3.90625e-06 2931
1749643499556 3.90625e-06 2932
1749643506754 3.90625e-06 2933
1749643513421 3.90625e-06 2934
1749643520146 3.90625e-06 2935
1749643526808 3.90625e-06 2936
1749643533464 3.90625e-06 2937
1749643540599 3.90625e-06 2938
1749643547301 3.90625e-06 2939
1749643654481 3.90625e-06 2940
1749643661125 3.90625e-06 2941
1749643667792 3.90625e-06 2942
1749643674933 3.90625e-06 2943
1749643681653 3.90625e-06 2944
1749643688318 3.90625e-06 2945
1749643694983 3.90625e-06 2946
1749643701674 3.90625e-06 2947
1749643708361 3.90625e-06 2948
1749643715515 3.90625e-06 2949
1749643822652 1.953125e-06 2950
1749643829319 1.953125e-06 2951
1749643835991 1.953125e-06 2952
1749643843192 1.953125e-06 2953
1749643849865 1.953125e-06 2954
1749643856587 1.953125e-06 2955
1749643863247 1.953125e-06 2956
1749643869907 1.953125e-06 2957
1749643876569 1.953125e-06 2958
1749643883713 1.953125e-06 2959
1749643990884 1.953125e-06 2960
1749643997566 1.953125e-06 2961
1749644004254 1.953125e-06 2962
1749644011389 1.953125e-06 2963
1749644018067 1.953125e-06 2964
1749644024780 1.953125e-06 2965
1749644031436 1.953125e-06 2966
1749644038104 1.953125e-06 2967
1749644045271 1.953125e-06 2968
1749644051943 1.953125e-06 2969
1749644159123 1.953125e-06 2970
1749644165785 1.953125e-06 2971
1749644172932 1.953125e-06 2972
1749644179651 1.953125e-06 2973
1749644186328 1.953125e-06 2974
1749644193001 1.953125e-06 2975
1749644199669 1.953125e-06 2976
1749644206392 1.953125e-06 2977
1749644213550 1.953125e-06 2978
1749644220251 1.953125e-06 2979
1749644327488 1.953125e-06 2980
1749644334150 1.953125e-06 2981
1749644341305 1.953125e-06 2982
1749644347973 1.953125e-06 2983
1749644354630 1.953125e-06 2984
1749644361298 1.953125e-06 2985
1749644367976 1.953125e-06 2986
1749644374667 1.953125e-06 2987
1749644381867 1.953125e-06 2988
1749644388581 1.953125e-06 2989
1749644495948 1.953125e-06 2990
1749644502606 1.953125e-06 2991
1749644509768 1.953125e-06 2992
1749644516490 1.953125e-06 2993
1749644523181 1.953125e-06 2994
1749644529843 1.953125e-06 2995
1749644536510 1.953125e-06 2996
1749644543194 1.953125e-06 2997
1749644550389 1.953125e-06 2998
1749644557045 1.953125e-06 2999
1749644664424 1.953125e-06 3000
1749644671070 1.953125e-06 3001
1749644678211 1.953125e-06 3002
1749644684883 1.953125e-06 3003
1749644691574 1.953125e-06 3004
1749644698244 1.953125e-06 3005
1749644704933 1.953125e-06 3006
1749644712091 1.953125e-06 3007
1749644718772 1.953125e-06 3008
1749644725489 1.953125e-06 3009
1749644832777 9.765625e-07 3010
1749644839451 9.765625e-07 3011
1749644846643 9.765625e-07 3012
1749644853322 9.765625e-07 3013
1749644860043 9.765625e-07 3014
1749644866700 9.765625e-07 3015
1749644873369 9.765625e-07 3016
1749644880042 9.765625e-07 3017
1749644887243 9.765625e-07 3018
1749644893905 9.765625e-07 3019
1749645001096 9.765625e-07 3020
1749645007753 9.765625e-07 3021
1749645014903 9.765625e-07 3022
1749645021563 9.765625e-07 3023
1749645028220 9.765625e-07 3024
1749645034897 9.765625e-07 3025
1749645041562 9.765625e-07 3026
1749645048259 9.765625e-07 3027
1749645055417 9.765625e-07 3028
1749645062108 9.765625e-07 3029
1749645169452 9.765625e-07 3030
1749645176108 9.765625e-07 3031
1749645183259 9.765625e-07 3032
1749645189929 9.765625e-07 3033
1749645196617 9.765625e-07 3034
1749645203290 9.765625e-07 3035
1749645210007 9.765625e-07 3036
1749645216676 9.765625e-07 3037
1749645223822 9.765625e-07 3038
1749645230535 9.765625e-07 3039
1749645337867 9.765625e-07 3040
1749645344544 9.765625e-07 3041
1749645351224 9.765625e-07 3042
1749645358366 9.765625e-07 3043
1749645365096 9.765625e-07 3044
1749645371762 9.765625e-07 3045
1749645378416 9.765625e-07 3046
1749645385085 9.765625e-07 3047
1749645392248 9.765625e-07 3048
1749645398927 9.765625e-07 3049
1749645506175 9.765625e-07 3050
1749645512859 9.765625e-07 3051
1749645519546 9.765625e-07 3052
1749645526701 9.765625e-07 3053
1749645533415 9.765625e-07 3054
1749645540080 9.765625e-07 3055
1749645546767 9.765625e-07 3056
1749645553431 9.765625e-07 3057
1749645560116 9.765625e-07 3058
1749645567299 9.765625e-07 3059
1749645674395 9.765625e-07 3060
1749645681059 9.765625e-07 3061
1749645687714 9.765625e-07 3062
1749645694867 9.765625e-07 3063
1749645701576 9.765625e-07 3064
1749645708226 9.765625e-07 3065
1749645714890 9.765625e-07 3066
1749645721569 9.765625e-07 3067
1749645728289 9.765625e-07 3068
1749645735451 9.765625e-07 3069
1749645842773 4.8828125e-07 3070
1749645849434 4.8828125e-07 3071
1749645856103 4.8828125e-07 3072
1749645863281 4.8828125e-07 3073
1749645869952 4.8828125e-07 3074
1749645876613 4.8828125e-07 3075
1749645883265 4.8828125e-07 3076
1749645889982 4.8828125e-07 3077
1749645896653 4.8828125e-07 3078
1749645903788 4.8828125e-07 3079
1749646010926 4.8828125e-07 3080
1749646017602 4.8828125e-07 3081
1749646024271 4.8828125e-07 3082
1749646031479 4.8828125e-07 3083
1749646038151 4.8828125e-07 3084
1749646044853 4.8828125e-07 3085
1749646051525 4.8828125e-07 3086
1749646058196 4.8828125e-07 3087
1749646064860 4.8828125e-07 3088
1749646072033 4.8828125e-07 3089
1749646179310 4.8828125e-07 3090
1749646185982 4.8828125e-07 3091
1749646192706 4.8828125e-07 3092
1749646199386 4.8828125e-07 3093
1749646206549 4.8828125e-07 3094
1749646213201 4.8828125e-07 3095
1749646219870 4.8828125e-07 3096
1749646226553 4.8828125e-07 3097
1749646233204 4.8828125e-07 3098
1749646240365 4.8828125e-07 3099
1749646347639 4.8828125e-07 3100
1749646354308 4.8828125e-07 3101
1749646360983 4.8828125e-07 3102
1749646367703 4.8828125e-07 3103
