1747305345066 2.3045408725738525 0
1747306059543 2.2967581748962402 1
1747306776433 2.286797046661377 2
1747307532283 2.274388313293457 3
1747308258958 2.260010600090027 4
1747308992437 2.243380904197693 5
1747309729919 2.2234296798706055 6
1747310470999 2.2027112245559692 7
1747311210781 2.1835659742355347 8
1747311952333 2.1678714752197266 9
1747312694577 2.15751314163208 10
1747313437931 2.148460865020752 11
1747314183501 2.1410069465637207 12
1747314931159 2.1363492012023926 13
1747315674467 2.1317481994628906 14
1747316420465 2.1271616220474243 15
1747317166449 2.1226420402526855 16
1747317914127 2.1181384325027466 17
1747318659363 2.1135878562927246 18
1747319407593 2.1092400550842285 19
1747320154002 2.1050833463668823 20
1747320895449 2.101225972175598 21
1747321641816 2.0975364446640015 22
1747322385674 2.094033718109131 23
1747323131421 2.090470314025879 24
1747323876080 2.087351083755493 25
1747324621966 2.0843746662139893 26
1747325369353 2.081299662590027 27
1747326118205 2.0776196718215942 28
1747326868895 2.074910044670105 29
1747327620673 2.0721938610076904 30
1747328371647 2.069570302963257 31
1747329121079 2.06677782535553 32
1747329868243 2.0637927055358887 33
1747330613011 2.060620427131653 34
1747331354455 2.0575318336486816 35
1747332101718 2.054147958755493 36
1747332843890 2.0493996143341064 37
1747333600121 2.044409394264221 38
1747334356497 2.03815758228302 39
1747335108792 2.030577778816223 40
1747335859940 2.0220168828964233 41
1747336610722 2.014362931251526 42
1747337365905 2.009758412837982 43
1747338111232 2.0074532628059387 44
1747338853017 2.0056167244911194 45
1747339596129 2.004251003265381 46
1747340336281 2.0033450722694397 47
