1749729895987 1.0 0
1749731162914 0.125 1
1749732431362 0.5 2
1749733700303 0.0625 3
1749734968895 0.25 4
1749736240206 0.25 5
1749737510376 0.25 6
1749738781720 0.25 7
1749740050086 0.25 8
1749741318406 0.25 9
1749742588579 0.25 10
1749743859231 0.5 11
1749745133238 0.125 12
1749746407953 0.25 13
1749747686269 0.25 14
1749748964426 0.25 15
1749750239280 0.25 16
1749751515344 0.125 17
1749752790174 0.5 18
1749754066198 0.25 19
1749755344752 0.25 20
1749756625310 0.125 21
1749757906496 0.125 22
1749759187950 0.25 23
1749760470624 0.125 24
1749761753189 0.125 25
1749763034496 0.25 26
1749764316476 0.25 27
1749765598998 0.25 28
1749766882785 0.25 29
1749768171611 0.125 30
1749769458143 0.25 31
1749770747585 0.25 32
1749772038904 0.125 33
1749773326451 0.25 34
1749774617884 0.25 35
1749775906840 0.25 36
1749777199285 0.125 37
1749778490357 0.25 38
1749779783008 0.125 39
1749781076066 0.25 40
1749782369899 0.125 41
1749783663926 0.125 42
1749784959163 0.125 43
1749786250440 0.25 44
1749787544531 0.25 45
1749788837071 0.25 46
1749790130988 0.25 47
1749791426242 0.125 48
1749792718980 0.125 49
1749794014757 0.125 50
1749795311737 0.125 51
1749796606454 0.0625 52
1749797904356 0.125 53
1749799200052 0.125 54
1749800493791 0.125 55
1749801790071 0.125 56
1749803087096 0.125 57
1749804381576 0.125 58
1749805696891 0.0625 59
1749806988659 0.125 60
1749808278582 0.125 61
1749809569190 0.125 62
1749810862902 0.0625 63
1749812158770 0.0009765625 64
1749813454278 0.125 65
1749814749996 0.125 66
1749816042251 0.0625 67
1749817335173 0.125 68
1749818631260 0.0078125 69
1749819926667 0.0625 70
1749821229071 0.0009765625 71
1749822524021 0.125 72
1749823821228 0.125 73
1749825114145 0.125 74
1749826412671 0.125 75
1749827708913 0.25 76
1749829007331 0.0009765625 77
1749830305115 0.125 78
1749831602013 0.125 79
1749832909293 0.03125 80
1749834208380 0.0625 81
1749835510835 0.03125 82
1749836813494 0.0009765625 83
1749838113252 0.0078125 84
1749839415580 0.0625 85
1749840718209 0.125 86
1749842024313 0.0009765625 87
1749843327743 0.0625 88
1749844629832 0.00390625 89
1749845936548 0.03125 90
1749847245306 0.0009765625 91
1749848548569 0.0009765625 92
1749849857630 0.0625 93
1749851164105 0.0009765625 94
1749852473899 0.0009765625 95
1749853777335 0.015625 96
1749855088426 0.001953125 97
1749856394109 0.125 98
1749857702909 0.0009765625 99
1749859012347 0.0009765625 100
1749860319059 0.0009765625 101
1749861627462 0.125 102
1749862938095 0.0009765625 103
1749864239832 0.0625 104
1749865553597 0.0009765625 105
1749866860039 0.03125 106
1749868165418 0.015625 107
1749869471759 0.0009765625 108
1749870779267 0.0009765625 109
1749872086921 0.0009765625 110
1749873392839 0.03125 111
1749874701593 0.0009765625 112
1749876008105 0.0009765625 113
1749877312836 0.0009765625 114
1749878613917 0.125 115
1749879912654 0.25 116
1749881214713 0.0009765625 117
1749882519577 0.0009765625 118
1749883827649 0.03125 119
1749885135798 0.0009765625 120
1749886442561 0.0009765625 121
1749887743713 0.0625 122
1749889044950 0.25 123
1749890350843 0.0009765625 124
1749891653477 0.03125 125
1749892959963 0.0009765625 126
1749894258583 0.125 127
1749895564742 0.0009765625 128
1749896869917 0.0009765625 129
1749898172193 0.125 130
1749899479352 0.0009765625 131
