1751911838855 0.20633333333333334 0
1751911866358 0.23737777777777777 1
1751911893919 0.2577333333333333 2
1751911921505 0.44482222222222223 3
1751911948996 0.48075555555555555 4
1751911976512 0.48075555555555555 5
1751912003967 0.4809333333333333 6
1751912031464 0.4802222222222222 7
1751912058976 0.4805333333333333 8
1751912086482 0.4808222222222222 9
1751914335609 0.4765111111111111 10
1751914363068 0.4942 11
1751914390526 0.4948444444444444 12
1751914418010 0.4953111111111111 13
1751914445466 0.4972888888888889 14
1751914472992 0.4983111111111111 15
1751914500458 0.4992888888888889 16
1751914527951 0.4988 17
1751914555417 0.4990222222222222 18
1751914582890 0.4988222222222222 19
1751916843057 0.48684444444444447 20
1751916870497 0.5070444444444444 21
1751916897948 0.5063333333333333 22
1751916925382 0.5062 23
1751916952827 0.5062222222222222 24
1751916980326 0.5062444444444445 25
1751917007781 0.5055777777777778 26
1751917035266 0.5054888888888889 27
1751917062720 0.5061111111111111 28
1751917090195 0.5057777777777778 29
1751919365447 0.5039777777777777 30
1751919392907 0.5168888888888888 31
1751919420347 0.5170888888888889 32
1751919447762 0.5171555555555556 33
1751919475216 0.5171333333333333 34
1751919502652 0.5169777777777778 35
1751919530149 0.5164888888888889 36
1751919557596 0.5163555555555556 37
1751919585025 0.5167555555555555 38
1751919612515 0.5166444444444445 39
1751921887774 0.5135111111111111 40
1751921915236 0.5288888888888889 41
1751921942691 0.5287333333333334 42
1751921970093 0.5291555555555556 43
1751921997505 0.5283555555555556 44
1751922024937 0.529 45
1751922052358 0.5291777777777777 46
1751922079813 0.5290888888888889 47
1751922107269 0.5294666666666666 48
1751922134695 0.5282888888888889 49
1751924395799 0.5148 50
1751924423436 0.5254888888888889 51
1751924451027 0.5255777777777778 52
1751924478650 0.5260666666666667 53
1751924506218 0.5262222222222223 54
1751924533841 0.5254222222222222 55
1751924561439 0.5250222222222222 56
1751924589023 0.5257777777777778 57
1751924616669 0.5262666666666667 58
1751924644272 0.5259333333333334 59
1751926900175 0.5221555555555556 60
1751926927767 0.5318444444444445 61
1751926955348 0.5322888888888889 62
1751926982923 0.5318222222222222 63
1751927010480 0.5311555555555556 64
1751927038082 0.5315333333333333 65
1751927065685 0.5314444444444445 66
1751927093284 0.5315777777777778 67
1751927120864 0.5316222222222222 68
1751927148472 0.5315555555555556 69
1751929402678 0.5270222222222222 70
1751929430207 0.5338888888888889 71
1751929457791 0.5340666666666667 72
1751929485373 0.5333333333333333 73
1751929512930 0.5342222222222223 74
1751929540496 0.5341111111111111 75
1751929568022 0.5331555555555556 76
1751929595622 0.5333777777777777 77
1751929623195 0.5332666666666667 78
1751929650745 0.5333333333333333 79
1751931917799 0.5255777777777778 80
1751931945333 0.5353555555555556 81
1751931972862 0.5352 82
1751932000456 0.5350444444444444 83
1751932027958 0.5353555555555556 84
1751932055572 0.5355333333333333 85
1751932083187 0.5354 86
1751932111593 0.5353333333333333 87
1751932139073 0.5346444444444445 88
1751932166652 0.5356666666666666 89
1751934446596 0.5223777777777778 90
1751934474078 0.5341777777777778 91
1751934501609 0.534 92
1751934529088 0.5344 93
1751934556616 0.5342 94
1751934584140 0.5339111111111111 95
1751934611665 0.5342 96
1751934639191 0.5345555555555556 97
1751934666692 0.5348222222222222 98
1751934694220 0.5345333333333333 99
1751937004997 0.5295111111111112 100
1751937032421 0.5357333333333333 101
1751937059778 0.5355333333333333 102
1751937087151 0.5355111111111112 103
1751937114513 0.5356666666666666 104
1751937142258 0.5358888888888889 105
1751937169613 0.5352888888888889 106
1751937197000 0.5358444444444445 107
1751937224806 0.5359555555555555 108
1751937252208 0.5361333333333334 109
1751939518187 0.5255777777777778 110
1751939545931 0.5326888888888889 111
1751939573657 0.5326666666666666 112
1751939601344 0.5321111111111111 113
1751939629064 0.5327777777777778 114
1751939656764 0.5320444444444444 115
1751939684511 0.5324 116
1751939712233 0.5327111111111111 117
1751939739950 0.5328888888888889 118
1751939767678 0.5326666666666666 119
1751942033961 0.5307555555555555 120
1751942061714 0.5401111111111111 121
1751942089691 0.5406222222222222 122
1751942117418 0.5399777777777778 123
1751942145133 0.5403111111111111 124
1751942172866 0.5407333333333333 125
1751942200612 0.5401111111111111 126
1751942228336 0.5403777777777777 127
1751942256049 0.5405555555555556 128
1751942284057 0.5397555555555555 129
1751944553411 0.5339333333333334 130
1751944581050 0.5412 131
1751944608622 0.5402444444444444 132
1751944636607 0.5412 133
1751944664209 0.5410222222222222 134
1751944691800 0.5407555555555555 135
1751944719424 0.541 136
1751944747497 0.5404888888888889 137
1751944775089 0.5403777777777777 138
1751944802749 0.5408444444444445 139
1751947088318 0.5370222222222222 140
1751947115962 0.5433555555555556 141
1751947143890 0.5437777777777778 142
1751947171502 0.5437555555555555 143
1751947199151 0.5440666666666667 144
1751947227113 0.544 145
1751947254844 0.5435777777777778 146
1751947282452 0.5435555555555556 147
1751947310024 0.5438444444444445 148
1751947337808 0.5439111111111111 149
1751949633768 0.5373777777777777 150
1751949661830 0.5429111111111111 151
1751949689415 0.5427111111111111 152
1751949716987 0.5433333333333333 153
1751949744583 0.5429555555555555 154
1751949772456 0.5423777777777777 155
1751949800076 0.5431555555555555 156
1751949827650 0.5426888888888889 157
1751949855770 0.5426888888888889 158
1751949883325 0.5425333333333333 159
1751952170636 0.536 160
1751952198070 0.5423111111111111 161
1751952225455 0.5426222222222222 162
1751952252866 0.5426 163
1751952280243 0.5424888888888889 164
1751952307756 0.5425777777777778 165
1751952335107 0.5426888888888889 166
1751952362480 0.5427111111111111 167
1751952389843 0.5423777777777777 168
1751952417412 0.5427555555555555 169
1751954687338 0.5373777777777777 170
1751954715273 0.5456222222222222 171
1751954743055 0.5463555555555556 172
1751954770877 0.5454222222222223 173
1751954798670 0.5459555555555555 174
1751954826417 0.5454 175
1751954854172 0.5456888888888889 176
1751954881919 0.5456888888888889 177
1751954909650 0.5458222222222222 178
1751954937456 0.5455555555555556 179
1751957203552 0.5388222222222222 180
1751957231314 0.5436 181
1751957259037 0.5438666666666667 182
1751957287122 0.5440444444444444 183
1751957314837 0.5435555555555556 184
1751957342609 0.5429111111111111 185
1751957370352 0.5434222222222223 186
1751957398085 0.5436444444444445 187
1751957425832 0.5428666666666667 188
1751957453563 0.5441111111111111 189
1751959719237 0.5369333333333334 190
1751959746935 0.5441555555555555 191
1751959774642 0.544 192
1751959802379 0.5441333333333334 193
1751959830552 0.5440222222222222 194
1751959858215 0.5439777777777778 195
1751959885912 0.5442222222222223 196
1751959913558 0.5439555555555555 197
1751959941275 0.5436666666666666 198
1751959968967 0.5436 199
1751962260332 0.5425333333333333 200
1751962287990 0.5472888888888889 201
1751962315659 0.5469777777777778 202
1751962343317 0.5468888888888889 203
1751962370996 0.5475333333333333 204
1751962398973 0.5471555555555555 205
1751962426655 0.5469333333333334 206
1751962454323 0.5471111111111111 207
1751962481960 0.5472888888888889 208
1751962509594 0.5479555555555555 209
1751964806912 0.5366888888888889 210
1751964835576 0.5406666666666666 211
1751964863209 0.5409333333333334 212
1751964890795 0.5421777777777778 213
1751964918409 0.5416 214
1751964946021 0.5410222222222222 215
1751964973719 0.5409555555555555 216
1751965001340 0.5417555555555555 217
1751965029003 0.5406666666666666 218
1751965056613 0.5419555555555555 219
1751967343749 0.5381333333333334 220
1751967371084 0.5454222222222223 221
1751967398450 0.5453111111111111 222
1751967425834 0.5461555555555555 223
1751967453177 0.5450222222222222 224
1751967480533 0.5458444444444445 225
1751967507912 0.5458666666666666 226
1751967535311 0.5458 227
1751967562750 0.5459777777777778 228
1751967590163 0.5453333333333333 229
1751969855019 0.5402 230
1751969882700 0.5466888888888889 231
1751969910431 0.5471111111111111 232
1751969938093 0.5468666666666666 233
1751969965805 0.5466666666666666 234
1751969993510 0.5470222222222222 235
1751970021244 0.5468888888888889 236
1751970048947 0.5470888888888888 237
1751970076704 0.5466888888888889 238
1751970104322 0.5469111111111111 239
1751972369000 0.5402222222222223 240
1751972396725 0.5444888888888889 241
1751972424455 0.5449555555555555 242
1751972452198 0.5435777777777778 243
1751972479891 0.5447333333333333 244
1751972507595 0.5443777777777777 245
1751972535277 0.5444666666666667 246
1751972563039 0.5443111111111111 247
1751972590787 0.5444222222222223 248
1751972618479 0.5436222222222222 249
1751974881659 0.5424 250
1751974909369 0.5473555555555556 251
1751974937040 0.5480666666666667 252
1751974964690 0.5477555555555556 253
1751974992375 0.5479555555555555 254
1751975020063 0.5482444444444444 255
1751975047731 0.5477333333333333 256
1751975075420 0.5478 257
1751975103120 0.5478666666666666 258
1751975130810 0.5478666666666666 259
1751977408126 0.5447333333333333 260
1751977435766 0.5487555555555556 261
1751977463429 0.5494444444444444 262
1751977491111 0.5492888888888889 263
1751977518805 0.5480444444444444 264
1751977546442 0.5497333333333333 265
1751977574062 0.5486888888888889 266
1751977601755 0.5488222222222222 267
1751977629818 0.5494888888888889 268
1751977657436 0.5498 269
1751979955105 0.5402444444444444 270
1751979982801 0.5498222222222222 271
1751980010456 0.5492888888888889 272
1751980038090 0.5491111111111111 273
1751980065714 0.5489555555555555 274
1751980093347 0.5496888888888889 275
1751980120977 0.5495777777777778 276
1751980148600 0.5489333333333334 277
1751980176240 0.5492222222222222 278
1751980203891 0.5492222222222222 279
1751982493100 0.5448888888888889 280
1751982520717 0.5521111111111111 281
1751982548254 0.552 282
1751982575846 0.5515111111111111 283
1751982603411 0.5524222222222223 284
1751982631008 0.5521333333333334 285
1751982658581 0.5524444444444444 286
1751982686396 0.5524666666666667 287
1751982713770 0.5518 288
1751982741162 0.5520888888888889 289
1751985007442 0.5481111111111111 290
1751985035123 0.5527777777777778 291
1751985062871 0.5526444444444445 292
1751985090604 0.5518 293
1751985118326 0.5525555555555556 294
1751985146090 0.5519555555555555 295
1751985173847 0.5520666666666667 296
1751985201604 0.5527555555555556 297
1751985229342 0.5522444444444444 298
1751985257057 0.5526444444444445 299
1751987534467 0.5505333333333333 300
1751987562120 0.5536222222222222 301
1751987589779 0.5539555555555555 302
1751987617485 0.5536888888888889 303
1751987645172 0.5536444444444445 304
1751987672846 0.5533333333333333 305
1751987700568 0.5547555555555556 306
1751987728229 0.5539777777777778 307
1751987755865 0.5534444444444444 308
1751987783553 0.5537333333333333 309
1751990047741 0.5480444444444444 310
1751990075443 0.5518666666666666 311
1751990103139 0.5514888888888889 312
1751990130839 0.5515555555555556 313
1751990158566 0.5514666666666667 314
1751990186212 0.5518444444444445 315
1751990213974 0.5512444444444444 316
1751990241637 0.5519111111111111 317
1751990269365 0.5517555555555556 318
1751990297002 0.5511111111111111 319
1751992570759 0.545 320
1751992598434 0.5493777777777777 321
1751992626135 0.5495777777777778 322
1751992653843 0.5502 323
1751992681452 0.5500444444444444 324
1751992709112 0.5496222222222222 325
1751992736767 0.5497555555555556 326
1751992764447 0.5502444444444444 327
1751992792139 0.5498666666666666 328
1751992819843 0.5493333333333333 329
1751995107639 0.5519111111111111 330
1751995135253 0.5551777777777778 331
1751995162897 0.5549555555555555 332
1751995190541 0.5550888888888889 333
1751995218219 0.5553555555555556 334
1751995245787 0.5551333333333334 335
1751995273361 0.5554444444444444 336
1751995301020 0.5549333333333333 337
1751995328639 0.5551555555555555 338
1751995356248 0.5548888888888889 339
1751997645471 0.5502 340
1751997673077 0.5539111111111111 341
1751997700692 0.5530666666666667 342
1751997728291 0.5537111111111112 343
1751997755967 0.5538444444444445 344
1751997783539 0.5538888888888889 345
1751997811143 0.5542 346
1751997838728 0.5536222222222222 347
1751997866344 0.5534888888888889 348
1751997893950 0.5539777777777778 349
1752000163817 0.5472444444444444 350
1752000191690 0.5517111111111112 351
1752000219061 0.5518444444444445 352
1752000246804 0.5516222222222222 353
1752000274222 0.5519777777777778 354
1752000301984 0.5512666666666667 355
1752000329743 0.5518444444444445 356
1752000357491 0.5522222222222222 357
1752000385239 0.5518444444444445 358
1752000412966 0.5519555555555555 359
1752002678770 0.551 360
1752002706480 0.5545777777777777 361
1752002734222 0.5537777777777778 362
1752002761942 0.5544 363
1752002789700 0.5540222222222222 364
1752002817463 0.5546222222222222 365
1752002845219 0.5546 366
1752002872942 0.5546666666666666 367
1752002900697 0.5544 368
1752002928486 0.5539333333333334 369
1752005195054 0.5453555555555556 370
1752005222709 0.5498444444444445 371
1752005250355 0.5493333333333333 372
1752005278051 0.5502222222222222 373
1752005305724 0.5496666666666666 374
1752005333408 0.5497777777777778 375
1752005361035 0.5494666666666667 376
1752005388693 0.5494666666666667 377
1752005416360 0.5496 378
1752005443988 0.5505111111111111 379
1752007716089 0.5521333333333334 380
1752007743700 0.5566 381
1752007771373 0.5559555555555555 382
1752007798997 0.5564888888888889 383
1752007826620 0.5566222222222222 384
1752007854304 0.5562 385
1752007881899 0.5563333333333333 386
1752007909710 0.5564666666666667 387
1752007937302 0.5562888888888889 388
1752007964886 0.5561555555555555 389
1752010253420 0.5522888888888889 390
1752010281084 0.5561111111111111 391
1752010308737 0.5558888888888889 392
1752010336369 0.5562888888888889 393
1752010364042 0.5559333333333333 394
1752010391733 0.5564222222222223 395
1752010419346 0.5558444444444445 396
1752010446956 0.5561555555555555 397
1752010474620 0.5568 398
1752010502223 0.5557333333333333 399
1752012807619 0.5522 400
1752012835266 0.5563555555555556 401
1752012862852 0.5564444444444444 402
1752012890521 0.5571333333333334 403
1752012918068 0.5568666666666666 404
1752012945672 0.5566222222222222 405
1752012973267 0.5560888888888889 406
1752013000844 0.5560666666666667 407
1752013028404 0.5565111111111111 408
1752013056053 0.5560444444444445 409
1752015330680 0.5505777777777778 410
1752015358061 0.5566444444444445 411
1752015385434 0.5569111111111111 412
1752015413238 0.5568 413
1752015441003 0.5565111111111111 414
1752015468780 0.5562444444444444 415
1752015496204 0.5564 416
1752015523633 0.5566666666666666 417
1752015551036 0.5564222222222223 418
1752015578369 0.5565333333333333 419
1752017842934 0.5488 420
1752017870629 0.5561111111111111 421
1752017898354 0.5569555555555555 422
1752017926041 0.5565111111111111 423
1752017953763 0.5566 424
1752017981489 0.5559111111111111 425
1752018009193 0.5567111111111112 426
1752018036886 0.5562444444444444 427
1752018064583 0.5564888888888889 428
1752018092284 0.5566666666666666 429
1752020356001 0.5520222222222222 430
1752020383717 0.5553555555555556 431
1752020411405 0.5551333333333334 432
1752020439092 0.5551777777777778 433
1752020466780 0.555 434
1752020494457 0.5555777777777777 435
1752020522171 0.5549333333333333 436
1752020549908 0.5551333333333334 437
1752020577596 0.5549555555555555 438
1752020605353 0.5549333333333333 439
1752022872109 0.5504666666666667 440
1752022899696 0.5545777777777777 441
1752022927393 0.5541111111111111 442
1752022955024 0.5546444444444445 443
1752022982649 0.5542888888888889 444
1752023010284 0.5548888888888889 445
1752023037927 0.5541777777777778 446
1752023065531 0.5545333333333333 447
1752023093181 0.5542666666666667 448
1752023120809 0.5541555555555555 449
1752025405617 0.5516444444444445 450
1752025433277 0.5566 451
1752025460910 0.5565777777777777 452
1752025488534 0.5567111111111112 453
1752025516215 0.5562888888888889 454
1752025543833 0.5568444444444445 455
1752025571463 0.5562444444444444 456
1752025599084 0.5571111111111111 457
1752025626734 0.5563333333333333 458
1752025654404 0.5568 459
1752027944675 0.5518222222222222 460
1752027972266 0.5554888888888889 461
1752027999830 0.5552666666666667 462
1752028027448 0.5558 463
1752028055032 0.5552888888888889 464
1752028082579 0.5552222222222222 465
1752028110148 0.5553777777777777 466
1752028137758 0.5553555555555556 467
1752028165305 0.5552666666666667 468
1752028192888 0.5550888888888889 469
1752030472703 0.5505111111111111 470
1752030500081 0.5552666666666667 471
1752030527475 0.5559555555555555 472
1752030554917 0.5558 473
1752030582339 0.5560888888888889 474
1752030609736 0.5552444444444444 475
1752030637138 0.5563333333333333 476
1752030664545 0.5557333333333333 477
1752030691953 0.5555777777777777 478
1752030719394 0.5556666666666666 479
1752032984540 0.555 480
1752033012322 0.5579111111111111 481
1752033040123 0.5579111111111111 482
1752033067882 0.5574666666666667 483
1752033095625 0.5580444444444445 484
1752033123379 0.5579333333333333 485
1752033151222 0.5578444444444445 486
1752033179006 0.5572222222222222 487
1752033206774 0.5572666666666667 488
1752033234553 0.5581111111111111 489
1752035498232 0.5532666666666667 490
1752035525942 0.5571555555555555 491
1752035553641 0.5573777777777777 492
1752035581329 0.5573333333333333 493
1752035609030 0.5576666666666666 494
1752035636684 0.5576 495
1752035664341 0.5572666666666667 496
1752035692016 0.5572444444444444 497
1752035719684 0.5578444444444445 498
1752035747395 0.5574666666666667 499
1752038022214 0.5545111111111111 500
1752038049879 0.5569777777777778 501
1752038077566 0.5574222222222223 502
1752038105290 0.5566444444444445 503
1752038132952 0.5579111111111111 504
1752038160610 0.5570222222222222 505
1752038188289 0.5576444444444445 506
1752038215985 0.5572888888888888 507
1752038243704 0.5569333333333333 508
1752038271397 0.5574888888888889 509
1752040552556 0.5531777777777778 510
1752040580238 0.5558666666666666 511
1752040607940 0.5556444444444445 512
1752040635609 0.5561111111111111 513
1752040663300 0.5558444444444445 514
1752040690948 0.556 515
1752040718632 0.5558666666666666 516
1752040746337 0.5554444444444444 517
1752040774018 0.5556222222222222 518
1752040801722 0.5558666666666666 519
1752043091867 0.5540888888888889 520
1752043119425 0.5577777777777778 521
1752043147029 0.5581111111111111 522
1752043174617 0.5578 523
1752043202165 0.5584222222222223 524
1752043229700 0.5578888888888889 525
1752043257229 0.5575555555555556 526
1752043284786 0.5580222222222222 527
1752043312378 0.5579333333333333 528
1752043339959 0.5578222222222222 529
1752045622895 0.5547333333333333 530
1752045650252 0.5571555555555555 531
1752045677655 0.5576444444444445 532
1752045705066 0.5568666666666666 533
1752045732392 0.5567555555555556 534
1752045759774 0.5573555555555556 535
1752045787178 0.5570444444444445 536
1752045814537 0.5572222222222222 537
1752045841874 0.5566888888888889 538
1752045869265 0.5569777777777778 539
1752048135659 0.5538666666666666 540
1752048163400 0.5562666666666667 541
1752048191172 0.5562222222222222 542
1752048218899 0.5565555555555556 543
1752048246652 0.5557555555555556 544
1752048274392 0.5558888888888889 545
1752048302129 0.5557555555555556 546
1752048329872 0.5559111111111111 547
1752048357612 0.5558888888888889 548
1752048385365 0.5562 549
1752050652260 0.5554 550
1752050679920 0.5565333333333333 551
1752050707590 0.5566222222222222 552
1752050735312 0.5565111111111111 553
1752050763027 0.5569333333333333 554
1752050790735 0.5572222222222222 555
1752050818392 0.5567555555555556 556
1752050846087 0.5571555555555555 557
1752050873778 0.5567555555555556 558
1752050901488 0.5566666666666666 559
1752053168604 0.5518444444444445 560
1752053196218 0.5556888888888889 561
1752053223890 0.5557777777777778 562
1752053251565 0.5563777777777777 563
1752053279277 0.5552 564
1752053306938 0.5563555555555556 565
1752053334589 0.5559777777777778 566
1752053372897 0.556 567
1752053400616 0.5555555555555556 568
1752053428303 0.5558444444444445 569
1752055720385 0.5525333333333333 570
1752055748294 0.555 571
1752055776228 0.5554666666666667 572
1752055803885 0.5549777777777778 573
1752055831528 0.5554888888888889 574
1752055859857 0.5551111111111111 575
1752055887936 0.5551555555555555 576
1752055915578 0.5546666666666666 577
1752055944075 0.5548888888888889 578
1752055972175 0.5553555555555556 579
1752058284344 0.5533333333333333 580
1752058311932 0.5550222222222222 581
1752058339560 0.5553333333333333 582
1752058367166 0.5552888888888889 583
1752058394801 0.5548888888888889 584
1752058422361 0.5548888888888889 585
1752058449969 0.5546444444444445 586
1752058477548 0.5552 587
1752058505101 0.5552 588
1752058532724 0.5548 589
1752060820871 0.5532666666666667 590
1752060848295 0.5550222222222222 591
1752060875728 0.5559111111111111 592
1752060903166 0.5558222222222222 593
1752060930575 0.5561555555555555 594
1752060957980 0.5561111111111111 595
1752060985370 0.5558888888888889 596
1752061012775 0.5560444444444445 597
1752061040189 0.5557111111111112 598
1752061067633 0.5562444444444444 599
1752063358447 0.5522222222222222 600
1752063386176 0.5554 601
1752063413918 0.555 602
1752063441639 0.5551777777777778 603
1752063469409 0.5548888888888889 604
1752063497122 0.5552222222222222 605
1752063524834 0.5550888888888889 606
1752063552600 0.5555111111111111 607
1752063580365 0.5552444444444444 608
1752063608078 0.5554444444444444 609
1752065874075 0.5531555555555555 610
1752065901768 0.5559777777777778 611
1752065929520 0.5564888888888889 612
1752065957264 0.5570222222222222 613
1752065984982 0.5567111111111112 614
1752066012738 0.5565555555555556 615
1752066040481 0.5565777777777777 616
1752066068189 0.5562222222222222 617
1752066095913 0.5569333333333333 618
1752066123647 0.5563111111111111 619
1752068389572 0.5514444444444444 620
1752068417360 0.5550888888888889 621
1752068444988 0.5545111111111111 622
1752068473240 0.5548888888888889 623
1752068500900 0.5540666666666667 624
1752068528543 0.5552 625
1752068556164 0.5542222222222222 626
1752068583862 0.5550666666666667 627
1752068611550 0.5547333333333333 628
1752068639205 0.5542666666666667 629
1752070914269 0.5524888888888889 630
1752070941936 0.5544888888888889 631
1752070969591 0.5545555555555556 632
1752070997208 0.5546444444444445 633
1752071024808 0.5542 634
1752071052481 0.5543555555555556 635
1752071080167 0.5549777777777778 636
1752071107781 0.5545333333333333 637
1752071135673 0.5542222222222222 638
1752071163289 0.5541333333333334 639
1752073460858 0.5546888888888889 640
1752073488566 0.5561777777777778 641
1752073516125 0.5559333333333333 642
1752073543756 0.5563111111111111 643
1752073571414 0.5556 644
1752073599359 0.5558888888888889 645
1752073627437 0.5561777777777778 646
1752073655113 0.5557111111111112 647
1752073682795 0.5560888888888889 648
1752073710847 0.5563111111111111 649
1752076006852 0.5526222222222222 650
1752076034426 0.5551111111111111 651
1752076061971 0.5552 652
1752076089581 0.5550444444444445 653
1752076117150 0.5550666666666667 654
1752076144682 0.5552 655
1752076172466 0.5553333333333333 656
1752076200371 0.555 657
1752076227962 0.5557111111111112 658
1752076255600 0.5554666666666667 659
1752078531025 0.5528888888888889 660
1752078558411 0.5550888888888889 661
1752078586150 0.5550666666666667 662
1752078613904 0.5552 663
1752078642072 0.5552 664
1752078669795 0.5551777777777778 665
1752078697539 0.5553333333333333 666
1752078725702 0.5555555555555556 667
1752078753488 0.5551777777777778 668
1752078781178 0.5548888888888889 669
1752081050365 0.5530888888888889 670
1752081078121 0.5542222222222222 671
1752081105827 0.5540888888888889 672
1752081133557 0.5542666666666667 673
1752081161228 0.5544 674
1752081188869 0.5542222222222222 675
1752081216603 0.5536666666666666 676
1752081244283 0.5539111111111111 677
1752081272025 0.5536222222222222 678
1752081299712 0.5537111111111112 679
