1747297813145 2.310552254319191 0
1747297815850 2.310213878750801 1
1747297818433 2.3098846673965454 2
1747297821016 2.309566304087639 3
1747297823855 2.309262230992317 4
1747297826423 2.3089703023433685 5
1747297829012 2.3086857348680496 6
1747297831599 2.308406740427017 7
1747297834433 2.308145523071289 8
1747297837012 2.307893753051758 9
1747297839602 2.30764502286911 10
1747297842189 2.3074059933423996 11
1747297844777 2.3071679025888443 12
1747297847624 2.3069383203983307 13
1747297850199 2.306713581085205 14
1747297852793 2.3064819127321243 15
1747297855378 2.3062469214200974 16
1747297858224 2.3059996962547302 17
1747297860806 2.3057419061660767 18
1747297863582 2.3054752945899963 19
1747297866167 2.3051958084106445 20
1747297869008 2.304902121424675 21
1747297871593 2.3046001344919205 22
1747297874174 2.3042976707220078 23
1747297876764 2.304013341665268 24
1747297879628 2.303748741745949 25
1747297882223 2.3035018295049667 26
1747297884829 2.303262323141098 27
1747297887441 2.3030333518981934 28
1747297890046 2.3028115928173065 29
1747297892893 2.3025952130556107 30
1747297895485 2.302386537194252 31
1747297898068 2.302183449268341 32
1747297900668 2.3019856959581375 33
1747297903529 2.3017915785312653 34
1747297906132 2.301602765917778 35
1747297908732 2.3014216870069504 36
1747297911329 2.301240622997284 37
1747297914373 2.3010669946670532 38
1747297917095 2.3008943349123 39
1747298037744 2.3034877628087997 40
1747298040496 2.3028440475463867 41
1747298043141 2.30224609375 42
1747298045783 2.3017061054706573 43
1747298048444 2.3012109249830246 44
1747298051106 2.3007496744394302 45
1747298053746 2.3003234416246414 46
1747298056380 2.299923002719879 47
1747298059065 2.299546539783478 48
1747298061730 2.2991845160722733 49
1747298064394 2.2988389283418655 50
1747298066727 2.298511415719986 51
1747298069397 2.2981914579868317 52
1747298072056 2.297879710793495 53
1747298074737 2.2975759357213974 54
1747298077387 2.2972836941480637 55
1747298080040 2.29700143635273 56
1747298082692 2.296732485294342 57
1747298085352 2.2964677959680557 58
1747298088187 2.2962114959955215 59
1747298090840 2.295964241027832 60
1747298093489 2.295720085501671 61
1747298096145 2.295485720038414 62
1747298098817 2.295253023505211 63
1747298101499 2.2950274646282196 64
1747298104159 2.2948071360588074 65
1747298106828 2.2945896089076996 66
1747298109201 2.294373244047165 67
1747298111902 2.2941617220640182 68
1747298114583 2.2939492613077164 69
1747298117277 2.2937385737895966 70
1747298119981 2.2935301810503006 71
1747298122688 2.293321043252945 72
1747298125373 2.293114021420479 73
1747298128077 2.292912542819977 74
1747298130754 2.2927087545394897 75
1747298133427 2.2925095707178116 76
1747298136107 2.292308807373047 77
1747298139000 2.2921103835105896 78
1747298141655 2.2919122129678726 79
1747298260888 2.294919639825821 80
1747298263589 2.2942001968622208 81
1747298266409 2.293530151247978 82
1747298269136 2.29291008412838 83
1747298271517 2.2923281639814377 84
1747298274233 2.2917928397655487 85
1747298276945 2.2912853360176086 86
1747298279677 2.290812835097313 87
1747298282399 2.290364131331444 88
1747298285118 2.2899413406848907 89
1747298287840 2.289538696408272 90
1747298290592 2.289157956838608 91
1747298293314 2.2887914925813675 92
1747298296033 2.2884424030780792 93
1747298298773 2.288103923201561 94
1747298301500 2.287780076265335 95
1747298304224 2.28746734559536 96
1747298306622 2.2871609330177307 97
1747298309326 2.2868551313877106 98
1747298312240 2.286555916070938 99
1747298314938 2.2862604409456253 100
1747298317646 2.285970985889435 101
1747298320349 2.2856775671243668 102
1747298323056 2.285402476787567 103
1747298325757 2.2851316779851913 104
1747298328474 2.2848667353391647 105
1747298331182 2.2846025228500366 106
1747298333888 2.28435081243515 107
1747298336588 2.2841027081012726 108
1747298339303 2.283860206604004 109
1747298342002 2.283623084425926 110
1747298344386 2.283391609787941 111
1747298347084 2.2831644266843796 112
1747298349782 2.2829408049583435 113
1747298352489 2.2827142477035522 114
1747298355183 2.2824935615062714 115
1747298357881 2.2822709679603577 116
1747298360588 2.2820499539375305 117
1747298363491 2.2818217873573303 118
1747298366186 2.2815954089164734 119
1747298485290 2.284960061311722 120
1747298488000 2.28414486348629 121
1747298490725 2.283376932144165 122
1747298493450 2.2826561331748962 123
1747298495855 2.2819883078336716 124
1747298498585 2.2813528329133987 125
1747298501305 2.280757263302803 126
1747298504029 2.280205115675926 127
1747298506748 2.279690772294998 128
1747298509479 2.27919702231884 129
1747298512202 2.2787296772003174 130
1747298514931 2.2782782316207886 131
1747298517638 2.2778551429510117 132
1747298520363 2.2774374037981033 133
1747298523083 2.277033492922783 134
1747298525807 2.276641935110092 135
1747298528524 2.2762571424245834 136
1747298531237 2.275876894593239 137
1747298533629 2.2754988968372345 138
1747298536552 2.2751262187957764 139
1747298539261 2.274759128689766 140
1747298541989 2.2743990272283554 141
1747298544764 2.2740395218133926 142
1747298547569 2.273700460791588 143
1747298550363 2.273373231291771 144
1747298553164 2.2730452120304108 145
1747298555968 2.2727308571338654 146
1747298558776 2.272427722811699 147
1747298561568 2.272131323814392 148
1747298564372 2.2718362659215927 149
1747298567167 2.271541550755501 150
1747298569973 2.2712339013814926 151
1747298572429 2.2709318846464157 152
1747298575227 2.2706170976161957 153
1747298578015 2.2702919840812683 154
1747298580966 2.2699539065361023 155
1747298583755 2.2696064561605453 156
1747298586567 2.26923730969429 157
1747298589567 2.26884925365448 158
1747298592357 2.268449902534485 159
1747298714673 2.272131934762001 160
1747298717574 2.2711202204227448 161
1747298720363 2.270172193646431 162
1747298723142 2.2693057507276535 163
1747298725936 2.2684871554374695 164
1747298728413 2.26771280169487 165
1747298731214 2.266986146569252 166
1747298734004 2.2663073539733887 167
1747298736797 2.2656430453062057 168
1747298739602 2.265020176768303 169
1747298742390 2.264413148164749 170
1747298745186 2.263837844133377 171
1747298747971 2.263269916176796 172
1747298750760 2.2627215534448624 173
1747298753568 2.2621984034776688 174
1747298756371 2.261680170893669 175
1747298759163 2.2611764818429947 176
1747298761962 2.2606873363256454 177
1747298764426 2.260212481021881 178
1747298767422 2.2597612738609314 179
1747298770220 2.2593173682689667 180
1747298773021 2.258893385529518 181
1747298775813 2.2584868371486664 182
1747298778614 2.258103147149086 183
1747298781412 2.2577142268419266 184
1747298784205 2.257338225841522 185
1747298787004 2.256973549723625 186
1747298789811 2.2566198110580444 187
1747298792614 2.2562582045793533 188
1747298795405 2.2559036314487457 189
1747298798207 2.255549982190132 190
1747298800690 2.255191594362259 191
1747298803495 2.2548347115516663 192
1747298806290 2.2544799894094467 193
1747298809103 2.2541070729494095 194
1747298811899 2.253748282790184 195
1747298814696 2.253381222486496 196
1747298817495 2.253005787730217 197
1747298820525 2.2526427507400513 198
1747298823325 2.2522669285535812 199
1747298945978 2.2565127462148666 200
1747298948758 2.255351260304451 201
1747298951542 2.254261463880539 202
1747298954323 2.253242239356041 203
1747298957115 2.2522845566272736 204
1747298959579 2.25138558447361 205
1747298962377 2.250519096851349 206
1747298965175 2.249701589345932 207
1747298967970 2.2489121556282043 208
1747298970762 2.2481586635112762 209
1747298973551 2.2474174946546555 210
1747298976344 2.2467288970947266 211
1747298979138 2.246043488383293 212
1747298981943 2.24539090692997 213
1747298984733 2.2447647601366043 214
1747298987540 2.2441638708114624 215
1747298990356 2.2435851842164993 216
1747298993152 2.2430362850427628 217
1747298995624 2.2424989491701126 218
1747298998958 2.2419921904802322 219
1747299001425 2.2414966374635696 220
1747299004216 2.2410221695899963 221
1747299007012 2.2405793368816376 222
1747299009812 2.240124985575676 223
1747299012603 2.2396913021802902 224
1747299015387 2.239259734749794 225
1747299018187 2.238840475678444 226
1747299021015 2.2384234815835953 227
1747299023842 2.238000676035881 228
1747299026676 2.2375952154397964 229
1747299029490 2.237190455198288 230
1747299032333 2.2367757707834244 231
1747299035155 2.2363629043102264 232
1747299037637 2.2359584867954254 233
1747299040474 2.23553104698658 234
1747299043292 2.2351109236478806 235
1747299046119 2.234693244099617 236
1747299048939 2.2342651784420013 237
1747299051959 2.2338448613882065 238
1747299054779 2.233421504497528 239
1747299178575 2.23839870095253 240
1747299181411 2.237076237797737 241
1747299184246 2.2358351796865463 242
1747299187067 2.2346698492765427 243
1747299189885 2.2335691303014755 244
1747299192717 2.232518717646599 245
1747299195541 2.23150697350502 246
1747299198033 2.230562746524811 247
1747299200853 2.2296318262815475 248
1747299203664 2.228760242462158 249
1747299206475 2.227898880839348 250
1747299209293 2.2270940095186234 251
1747299212137 2.226324215531349 252
1747299214959 2.2256006747484207 253
1747299217796 2.224894195795059 254
1747299220605 2.224238157272339 255
1747299223417 2.2236118614673615 256
1747299226238 2.223019689321518 257
1747299229065 2.222442463040352 258
1747299232093 2.2219046354293823 259
1747299234591 2.221376046538353 260
1747299237416 2.2208599150180817 261
1747299240243 2.2203664779663086 262
1747299243065 2.2198787927627563 263
1747299245890 2.219405621290207 264
1747299248718 2.218943700194359 265
1747299251544 2.218486398458481 266
1747299254367 2.2180337607860565 267
1747299257206 2.2175846844911575 268
1747299260037 2.2171330004930496 269
1747299262868 2.21669439971447 270
1747299265688 2.2162382900714874 271
1747299268522 2.215779200196266 272
1747299271034 2.2153309732675552 273
1747299273867 2.2149019092321396 274
1747299276709 2.214429095387459 275
1747299279534 2.213981404900551 276
1747299282368 2.2135208547115326 277
1747299285407 2.2130672484636307 278
1747299288227 2.2125957012176514 279
1747299412300 2.218800589442253 280
1747299415134 2.217339664697647 281
1747299417955 2.2159316688776016 282
1747299420787 2.2146135568618774 283
1747299423622 2.2133366763591766 284
1747299426448 2.212118610739708 285
1747299429284 2.210974559187889 286
1747299432104 2.209886148571968 287
1747299434594 2.20885893702507 288
1747299437398 2.207878515124321 289
1747299440212 2.2069681882858276 290
1747299443050 2.2060794830322266 291
1747299445852 2.2052446603775024 292
1747299448661 2.2044790536165237 293
1747299451486 2.203733429312706 294
1747299454314 2.2030438482761383 295
1747299457139 2.2023710906505585 296
1747299459956 2.201734349131584 297
1747299462769 2.2011330276727676 298
1747299465786 2.200570285320282 299
1747299468562 2.200005441904068 300
1747299471384 2.1994781345129013 301
1747299473861 2.1989490389823914 302
1747299476658 2.198459729552269 303
1747299479457 2.1979462653398514 304
1747299482254 2.1974650621414185 305
1747299485052 2.1969949305057526 306
1747299487846 2.196507543325424 307
1747299490671 2.196028083562851 308
1747299493491 2.1955563873052597 309
1747299496311 2.1950786858797073 310
1747299499131 2.1946151107549667 311
1747299501962 2.1941418200731277 312
1747299504792 2.1936823427677155 313
1747299507615 2.1932088881731033 314
1747299510110 2.1927347630262375 315
1747299512950 2.192252680659294 316
1747299515771 2.1917798221111298 317
1747299518804 2.191304385662079 318
1747299521619 2.190823584794998 319
1747299645178 2.198197066783905 320
1747299647991 2.1965666115283966 321
1747299650830 2.195021092891693 322
1747299653654 2.193548947572708 323
1747299656466 2.1921435743570328 324
1747299659278 2.190823554992676 325
1747299662113 2.1895825415849686 326
1747299664587 2.1884052455425262 327
1747299667391 2.1872972548007965 328
1747299670225 2.1862673461437225 329
1747299673043 2.1852720230817795 330
1747299675861 2.1843691617250443 331
1747299678677 2.1835162341594696 332
1747299681501 2.18269382417202 333
1747299684316 2.1819378584623337 334
1747299687146 2.1812391728162766 335
1747299689962 2.1805503964424133 336
1747299692777 2.1798969209194183 337
1747299695605 2.179290845990181 338
1747299698644 2.178691864013672 339
1747299701452 2.178122729063034 340
1747299703957 2.177564412355423 341
1747299706785 2.1770441830158234 342
1747299709612 2.1765280812978745 343
1747299712421 2.176027536392212 344
1747299715251 2.175527185201645 345
1747299718073 2.1750526428222656 346
1747299720892 2.174563765525818 347
1747299723683 2.1740979105234146 348
1747299726470 2.1736218333244324 349
1747299729261 2.1731630116701126 350
1747299732078 2.1726939976215363 351
1747299734916 2.172218382358551 352
1747299737742 2.171737253665924 353
1747299740225 2.171274647116661 354
1747299743042 2.170811176300049 355
1747299745859 2.1703428626060486 356
1747299748704 2.1698551028966904 357
1747299751721 2.1693860441446304 358
1747299754527 2.168911576271057 359
1747299878120 2.1782034635543823 360
1747299880942 2.1763150691986084 361
1747299883871 2.1746346950531006 362
1747299886689 2.1730788201093674 363
1747299889501 2.1715834885835648 364
1747299892319 2.1701652258634567 365
1747299895151 2.1688333302736282 366
1747299897968 2.167578026652336 367
1747299900778 2.16638720035553 368
1747299903257 2.165279731154442 369
1747299906065 2.164276644587517 370
1747299908873 2.163311645388603 371
1747299911684 2.1624192595481873 372
1747299914500 2.161566451191902 373
1747299917333 2.160791367292404 374
1747299920138 2.160066470503807 375
1747299922949 2.159395694732666 376
1747299925757 2.158755972981453 377
1747299928580 2.1581736654043198 378
1747299931610 2.157615438103676 379
1747299934429 2.157108172774315 380
1747299937249 2.156599670648575 381
1747299940081 2.15611931681633 382
1747299942567 2.1556627303361893 383
1747299945384 2.155209258198738 384
1747299948179 2.154772460460663 385
1747299950993 2.154323562979698 386
1747299953782 2.153929755091667 387
1747299956589 2.153493255376816 388
1747299959375 2.1530513912439346 389
1747299962174 2.152632713317871 390
1747299964981 2.1522157937288284 391
1747299967772 2.151814565062523 392
1747299970564 2.151372104883194 393
1747299973381 2.1509503722190857 394
1747299976181 2.150518238544464 395
1747299978994 2.1501026898622513 396
1747299981472 2.149653971195221 397
1747299984485 2.1492398232221603 398
1747299987275 2.148843228816986 399
1747300109939 2.1602106988430023 400
1747300112762 2.1579388827085495 401
1747300115567 2.1560723036527634 402
1747300118359 2.154373422265053 403
1747300121158 2.1528004854917526 404
1747300123969 2.1512826830148697 405
1747300126752 2.1498064547777176 406
1747300129542 2.1484382897615433 407
1747300132335 2.147150084376335 408
1747300134819 2.145989328622818 409
1747300137591 2.1449483782052994 410
1747300140384 2.143953263759613 411
1747300143169 2.143053188920021 412
1747300145951 2.1422102600336075 413
1747300148738 2.1414472609758377 414
1747300151520 2.140716314315796 415
1747300154296 2.140078827738762 416
1747300157073 2.139463022351265 417
1747300159857 2.1389524340629578 418
1747300162856 2.138439640402794 419
1747300165620 2.137972593307495 420
1747300168401 2.137503609061241 421
1747300170858 2.137083888053894 422
1747300173626 2.1367025673389435 423
1747300176404 2.136323094367981 424
1747300179188 2.1359406113624573 425
1747300181974 2.135589361190796 426
1747300184748 2.135238856077194 427
1747300187534 2.1349197924137115 428
1747300190332 2.1345580369234085 429
1747300193114 2.134216144680977 430
1747300195889 2.1338754445314407 431
1747300198683 2.1335524320602417 432
1747300201455 2.133207246661186 433
1747300204248 2.1328646391630173 434
1747300206692 2.132531628012657 435
1747300209467 2.132202669978142 436
1747300212245 2.131857603788376 437
1747300215240 2.1315207332372665 438
1747300218027 2.1311759054660797 439
1747300339856 2.1456803679466248 440
1747300342658 2.142983704805374 441
1747300345483 2.140860691666603 442
1747300348276 2.1390433460474014 443
1747300351075 2.1372861713171005 444
1747300353866 2.135593920946121 445
1747300356646 2.1339623779058456 446
1747300359435 2.1324627101421356 447
1747300361888 2.131049022078514 448
1747300364678 2.129774048924446 449
1747300367460 2.1286641657352448 450
1747300370237 2.127628430724144 451
1747300373023 2.1266743689775467 452
1747300375823 2.125770643353462 453
1747300378620 2.12499763071537 454
1747300381415 2.1242329329252243 455
1747300384214 2.123575985431671 456
1747300387016 2.1229862570762634 457
1747300389813 2.1224679052829742 458
1747300392831 2.1219910830259323 459
1747300395626 2.1215386986732483 460
1747300398423 2.121133953332901 461
1747300400890 2.1207294315099716 462
1747300403700 2.1203635036945343 463
1747300406499 2.1200519800186157 464
1747300409306 2.1197449415922165 465
1747300412117 2.1194713562726974 466
1747300414920 2.1191612035036087 467
1747300417710 2.1188909113407135 468
1747300420497 2.118622213602066 469
1747300423278 2.1183441281318665 470
1747300426065 2.1180700808763504 471
1747300428842 2.1178179532289505 472
1747300431622 2.1175644993782043 473
1747300434408 2.117292508482933 474
1747300437203 2.1169992685317993 475
1747300439653 2.1167427450418472 476
1747300442447 2.1164778620004654 477
1747300445429 2.1161918193101883 478
1747300448202 2.1159257143735886 479
1747300570027 2.134875565767288 480
1747300572825 2.1318182349205017 481
1747300575641 2.129409998655319 482
1747300578438 2.1273409724235535 483
1747300581226 2.125353157520294 484
1747300584044 2.1234022080898285 485
1747300586860 2.1215546876192093 486
1747300589657 2.119824916124344 487
1747300592124 2.1182863116264343 488
1747300594953 2.1168673932552338 489
1747300597767 2.115634724497795 490
1747300600588 2.114479422569275 491
1747300603413 2.113394543528557 492
1747300606226 2.1124167889356613 493
1747300609026 2.1115163415670395 494
1747300611828 2.110740214586258 495
1747300614627 2.1100304275751114 496
1747300617439 2.109468773007393 497
1747300620232 2.1089303344488144 498
1747300623256 2.1084300577640533 499
1747300626054 2.107974648475647 500
1747300628858 2.107642784714699 501
1747300631353 2.1072831004858017 502
1747300634161 2.106989786028862 503
1747300636977 2.106733351945877 504
1747300639791 2.106499433517456 505
1747300642609 2.1062746345996857 506
1747300645439 2.1060610115528107 507
1747300648231 2.1058507561683655 508
1747300651037 2.1056655049324036 509
1747300653840 2.1054890900850296 510
1747300656675 2.1052960455417633 511
1747300659487 2.1051128953695297 512
1747300662306 2.104910761117935 513
1747300664803 2.1047209948301315 514
1747300667638 2.104519337415695 515
1747300670440 2.1043393462896347 516
1747300673256 2.104133889079094 517
1747300676276 2.1039494276046753 518
1747300679080 2.103758990764618 519
1747300801869 2.1291953027248383 520
1747300804731 2.125921666622162 521
1747300807523 2.1232705116271973 522
1747300810327 2.120876207947731 523
1747300813140 2.118583172559738 524
1747300815926 2.1163611859083176 525
1747300818734 2.114290401339531 526
1747300821204 2.112373933196068 527
1747300824005 2.110652521252632 528
1747300826797 2.1091233789920807 529
1747300829592 2.1076879650354385 530
1747300832383 2.106381669640541 531
1747300835188 2.105168879032135 532
1747300837980 2.1040783524513245 533
1747300840776 2.103117525577545 534
1747300843570 2.102238342165947 535
1747300846367 2.1015181690454483 536
1747300849161 2.1008569449186325 537
1747300851957 2.1002684831619263 538
1747300854945 2.099737673997879 539
1747300857738 2.099287584424019 540
1747300860201 2.098879814147949 541
1747300863011 2.0985410511493683 542
1747300865825 2.098242163658142 543
1747300868642 2.0979728400707245 544
1747300871446 2.097726881504059 545
1747300874270 2.0975408405065536 546
1747300877082 2.097355544567108 547
1747300879919 2.0971663147211075 548
1747300882734 2.0969970673322678 549
1747300885545 2.09686978161335 550
1747300888348 2.096699610352516 551
1747300891133 2.0965460687875748 552
1747300893928 2.0964279919862747 553
1747300896397 2.0962577164173126 554
1747300899214 2.0960997194051743 555
1747300902007 2.0959569960832596 556
1747300904828 2.0958008021116257 557
1747300907855 2.095635876059532 558
1747300910648 2.095479115843773 559
1747301033149 2.126350075006485 560
1747301035956 2.1229445785284042 561
1747301038765 2.1201605051755905 562
1747301041591 2.11757031083107 563
1747301044402 2.1151101142168045 564
1747301047218 2.112768203020096 565
1747301050029 2.1105592250823975 566
1747301052529 2.1085512191057205 567
1747301055348 2.106720119714737 568
1747301058140 2.105036586523056 569
1747301060938 2.1035036742687225 570
1747301063744 2.1021187603473663 571
1747301066527 2.1008072048425674 572
1747301069318 2.0996367931365967 573
1747301072105 2.0986288487911224 574
1747301074913 2.097705587744713 575
1747301077725 2.09689798951149 576
1747301080529 2.0961880832910538 577
1747301083342 2.095542088150978 578
1747301086353 2.0949876457452774 579
1747301088831 2.09450301527977 580
1747301091652 2.0940926522016525 581
1747301094466 2.0937259197235107 582
1747301097283 2.0934169441461563 583
1747301100084 2.093152552843094 584
1747301102892 2.092903286218643 585
1747301105705 2.092684432864189 586
1747301108515 2.0924939066171646 587
1747301111326 2.092339262366295 588
1747301114138 2.0921710580587387 589
1747301116957 2.0920393019914627 590
1747301119768 2.0918717980384827 591
1747301122235 2.0917529314756393 592
1747301125054 2.0915791988372803 593
1747301127882 2.0914611369371414 594
1747301130693 2.09131620824337 595
1747301133505 2.091169908642769 596
1747301136323 2.091056525707245 597
1747301139344 2.090890571475029 598
1747301142160 2.0907576829195023 599
1747301264653 2.123453438282013 600
1747301267491 2.1202887147665024 601
1747301270288 2.1175396889448166 602
1747301273085 2.1149540841579437 603
1747301275554 2.1125582307577133 604
1747301278350 2.1102832555770874 605
1747301281142 2.108156144618988 606
1747301283953 2.1062392443418503 607
1747301286762 2.104496344923973 608
1747301289557 2.1028501838445663 609
1747301292351 2.1013685166835785 610
1747301295154 2.10001277923584 611
1747301297969 2.098854586482048 612
1747301300772 2.0977824926376343 613
1747301303565 2.0968092381954193 614
1747301306377 2.095959648489952 615
1747301309185 2.095225602388382 616
1747301311675 2.0945851653814316 617
1747301314485 2.0940387845039368 618
1747301317509 2.0935315638780594 619
1747301320311 2.0931160897016525 620
1747301323100 2.09275521337986 621
1747301325907 2.092431977391243 622
1747301328719 2.092147246003151 623
1747301331526 2.0919061452150345 624
1747301334325 2.091707795858383 625
1747301337151 2.091544896364212 626
1747301339958 2.0913533121347427 627
1747301342769 2.091220483183861 628
1747301345575 2.0910551697015762 629
1747301348399 2.09091517329216 630
1747301351209 2.090798780322075 631
1747301353696 2.0906411856412888 632
1747301356495 2.0905053913593292 633
1747301359313 2.0903985053300858 634
1747301362104 2.0902392864227295 635
1747301364909 2.09009912610054 636
1747301367718 2.089939758181572 637
1747301370748 2.089808687567711 638
1747301373545 2.089673399925232 639
1747301496669 2.1208833903074265 640
1747301499474 2.117881804704666 641
1747301502303 2.1151189506053925 642
1747301504768 2.112528011202812 643
1747301507562 2.1101139187812805 644
1747301510361 2.107880413532257 645
1747301513164 2.1058212369680405 646
1747301515973 2.1039286702871323 647
1747301518772 2.102185681462288 648
1747301521577 2.1006208658218384 649
1747301524383 2.099193289875984 650
1747301527205 2.097886487841606 651
1747301530013 2.0967370718717575 652
1747301532827 2.095738485455513 653
1747301535632 2.0948236286640167 654
1747301538124 2.09402959048748 655
1747301540932 2.093325436115265 656
1747301543750 2.0927224457263947 657
1747301546563 2.0922017693519592 658
1747301549583 2.0917661786079407 659
1747301552394 2.091355174779892 660
1747301555198 2.091021567583084 661
1747301558005 2.0907697826623917 662
1747301560817 2.0905178040266037 663
1747301563627 2.090288683772087 664
1747301566444 2.0901059061288834 665
1747301569242 2.0899422019720078 666
1747301572030 2.0897908955812454 667
1747301574823 2.089630648493767 668
1747301577308 2.0895116478204727 669
1747301580111 2.0893751084804535 670
1747301582910 2.0892383456230164 671
1747301585723 2.0890917032957077 672
1747301588523 2.088933825492859 673
1747301591332 2.0888305455446243 674
1747301594152 2.088667020201683 675
1747301596946 2.088530868291855 676
1747301599754 2.088388979434967 677
1747301602771 2.0882538557052612 678
1747301605561 2.088118925690651 679
1747301728409 2.1184083372354507 680
1747301730876 2.1155322790145874 681
1747301733673 2.112793415784836 682
1747301736486 2.110237881541252 683
1747301739284 2.107879728078842 684
1747301742076 2.1057401448488235 685
1747301744866 2.1037471294403076 686
1747301747677 2.1019438207149506 687
1747301750495 2.1002595871686935 688
1747301753308 2.0987566262483597 689
1747301756124 2.0973960608243942 690
1747301758945 2.09615920484066 691
1747301761777 2.0950657725334167 692
1747301764238 2.0941029489040375 693
1747301767065 2.0932575911283493 694
1747301769883 2.0925256460905075 695
1747301772702 2.091876208782196 696
1747301775512 2.0913009345531464 697
1747301778338 2.09083092212677 698
1747301781363 2.0904304683208466 699
1747301784160 2.090065360069275 700
1747301786984 2.0897844582796097 701
1747301789789 2.089530259370804 702
1747301792606 2.089302882552147 703
1747301795424 2.089114859700203 704
1747301798232 2.0889448076486588 705
1747301800710 2.0887912660837173 706
1747301803527 2.0886330753564835 707
1747301806352 2.0885048657655716 708
1747301809162 2.088355600833893 709
1747301811960 2.0882238298654556 710
1747301814762 2.0880850106477737 711
1747301817608 2.0879341065883636 712
1747301820440 2.0878135412931442 713
1747301823259 2.0876753330230713 714
1747301826088 2.0875216275453568 715
1747301828916 2.0873769223690033 716
1747301831715 2.0872016698122025 717
1747301834748 2.0870756059885025 718
1747301837567 2.0869201868772507 719
1747301959863 2.116813510656357 720
1747301962648 2.113790884613991 721
1747301965440 2.1110273897647858 722
1747301968224 2.10842564702034 723
1747301971006 2.106034576892853 724
1747301973785 2.1037973016500473 725
1747301976582 2.1017486453056335 726
1747301979399 2.0998620837926865 727
1747301982195 2.0981348007917404 728
1747301984984 2.096587285399437 729
1747301987459 2.0951373130083084 730
1747301990272 2.0938735008239746 731
1747301993079 2.092732295393944 732
1747301995876 2.0917321890592575 733
1747301998666 2.090803876519203 734
1747302001445 2.0899969041347504 735
1747302004241 2.089328095316887 736
1747302007031 2.0887220203876495 737
1747302009844 2.088198095560074 738
1747302012863 2.0877337753772736 739
1747302015681 2.087356612086296 740
1747302018496 2.086997777223587 741
1747302020972 2.0867432206869125 742
1747302023787 2.0864782631397247 743
1747302026599 2.0862674564123154 744
1747302029412 2.086036577820778 745
1747302032222 2.0858925580978394 746
1747302035017 2.0857378989458084 747
1747302037829 2.085580453276634 748
1747302040643 2.0854205787181854 749
1747302043452 2.085258901119232 750
1747302046262 2.085125520825386 751
1747302049078 2.0849920362234116 752
1747302051897 2.0848395377397537 753
1747302054709 2.084696441888809 754
1747302057198 2.084542363882065 755
1747302060023 2.0844136625528336 756
1747302062846 2.0842352211475372 757
1747302065856 2.084100306034088 758
1747302068659 2.0839655995368958 759
1747302191431 2.1147263199090958 760
1747302194238 2.1118111461400986 761
1747302197051 2.10909304022789 762
1747302199849 2.1065169125795364 763
1747302202643 2.1041725426912308 764
1747302205442 2.1019820272922516 765
1747302208238 2.0999685674905777 766
1747302210711 2.0980889350175858 767
1747302213511 2.0964222252368927 768
1747302216304 2.094897359609604 769
1747302219094 2.0935255587100983 770
1747302221891 2.0922688245773315 771
1747302224672 2.091134697198868 772
1747302227472 2.0901371389627457 773
1747302230265 2.0892628580331802 774
1747302233050 2.0884955525398254 775
1747302235828 2.0878175795078278 776
1747302238617 2.0872322618961334 777
1747302241420 2.0867395848035812 778
1747302244426 2.0862945169210434 779
1747302246877 2.085905447602272 780
1747302249687 2.085584506392479 781
1747302252504 2.0852820575237274 782
1747302255296 2.0850352197885513 783
1747302258100 2.0848187059164047 784
1747302260893 2.0846356451511383 785
1747302263684 2.0844341069459915 786
1747302266472 2.084247201681137 787
1747302269270 2.0840983539819717 788
1747302272060 2.0839617550373077 789
1747302274851 2.083817183971405 790
1747302277642 2.0836461782455444 791
1747302280118 2.083500638604164 792
1747302282903 2.0833517014980316 793
1747302285690 2.0832058787345886 794
1747302288479 2.0830462276935577 795
1747302291281 2.0828931033611298 796
1747302294064 2.0827584266662598 797
1747302297065 2.0826095044612885 798
1747302299853 2.0824755132198334 799
1747302422077 2.1130834817886353 800
1747302424845 2.1101406514644623 801
1747302427645 2.1073693484067917 802
1747302430117 2.10480697453022 803
1747302432936 2.102453276515007 804
1747302435722 2.1002424359321594 805
1747302438531 2.0981709957122803 806
1747302441315 2.096325159072876 807
1747302444099 2.094631105661392 808
1747302446880 2.0930850207805634 809
1747302449679 2.091685861349106 810
1747302452474 2.0904152393341064 811
1747302455256 2.089261829853058 812
1747302458052 2.0882675796747208 813
1747302460854 2.087363839149475 814
1747302463309 2.0865772515535355 815
1747302466108 2.085886925458908 816
1747302468899 2.08528670668602 817
1747302471712 2.084740549325943 818
1747302474720 2.084294080734253 819
1747302477528 2.0838973224163055 820
1747302480339 2.0835071206092834 821
1747302483136 2.083202600479126 822
1747302485928 2.082945376634598 823
1747302488730 2.0826972872018814 824
1747302491508 2.0825048685073853 825
1747302494292 2.082285702228546 826
1747302497068 2.082094758749008 827
1747302499884 2.0819126963615417 828
1747302502340 2.0817291885614395 829
1747302505140 2.0815698355436325 830
1747302507938 2.081399440765381 831
1747302510746 2.08127361536026 832
1747302513540 2.081097900867462 833
1747302516346 2.080943390727043 834
1747302519157 2.080783188343048 835
1747302521969 2.0806379169225693 836
1747302524765 2.0804887115955353 837
1747302527774 2.080355331301689 838
1747302530577 2.080227181315422 839
1747302652917 2.111373856663704 840
1747302655373 2.1084581315517426 841
1747302658196 2.105726480484009 842
1747302661011 2.103168085217476 843
1747302663830 2.100769981741905 844
1747302666635 2.0986290127038956 845
1747302669457 2.096579447388649 846
1747302672277 2.0946986377239227 847
1747302675090 2.092964679002762 848
1747302677899 2.0914327055215836 849
1747302680732 2.09002323448658 850
1747302683536 2.0887337625026703 851
1747302686325 2.0875862389802933 852
1747302688786 2.086555525660515 853
1747302691604 2.085625559091568 854
1747302694393 2.0848439037799835 855
1747302697200 2.084133818745613 856
1747302699994 2.0835195630788803 857
1747302702796 2.0829622000455856 858
1747302705803 2.0824588239192963 859
1747302708595 2.0820615142583847 860
1747302711413 2.0816712826490402 861
1747302714226 2.081348732113838 862
1747302717044 2.081044465303421 863
1747302719856 2.0807965844869614 864
1747302722676 2.0805470645427704 865
1747302725148 2.080334022641182 866
1747302727947 2.0800993591547012 867
1747302730770 2.079931288957596 868
1747302733578 2.0797485411167145 869
1747302736404 2.079565852880478 870
1747302739197 2.079378589987755 871
1747302741999 2.079210251569748 872
1747302744778 2.079037666320801 873
1747302747557 2.078869938850403 874
1747302750337 2.0787069648504257 875
1747302753117 2.0785599648952484 876
1747302755906 2.078427419066429 877
1747302758908 2.0782821476459503 878
1747302761699 2.0781797617673874 879
1747302883710 2.110021024942398 880
1747302886520 2.10704705119133 881
1747302889330 2.1043135970830917 882
1747302892150 2.1017205268144608 883
1747302894960 2.0993224382400513 884
1747302897779 2.0970679968595505 885
1747302900593 2.095049798488617 886
1747302903403 2.093123123049736 887
1747302906216 2.091387912631035 888
1747302908694 2.0898097157478333 889
1747302911510 2.088359609246254 890
1747302914329 2.087045505642891 891
1747302917152 2.0858541429042816 892
1747302919969 2.0848084688186646 893
1747302922789 2.0838633328676224 894
1747302925597 2.0829937756061554 895
1747302928410 2.082273468375206 896
1747302931217 2.081602558493614 897
1747302934041 2.0810126960277557 898
1747302937058 2.080455556511879 899
1747302939854 2.080023407936096 900
1747302942659 2.0796252638101578 901
1747302945147 2.079257905483246 902
1747302947956 2.0789343118667603 903
1747302950775 2.0786073952913284 904
1747302953592 2.0783580392599106 905
1747302956413 2.078108236193657 906
1747302959225 2.0778575986623764 907
1747302962040 2.077656641602516 908
1747302964844 2.0774285197257996 909
1747302967656 2.0772276669740677 910
1747302970471 2.077045649290085 911
1747302973290 2.0768420845270157 912
1747302976082 2.0766699612140656 913
1747302978889 2.0765027552843094 914
1747302981378 2.0763118118047714 915
1747302984207 2.076160490512848 916
1747302987028 2.0760259479284286 917
1747302990058 2.075881004333496 918
1747302992888 2.0757557153701782 919
1747303115854 2.1081107556819916 920
1747303118660 2.105232462286949 921
1747303121465 2.102538153529167 922
1747303124263 2.1000269651412964 923
1747303127053 2.097644343972206 924
1747303129846 2.0954911708831787 925
1747303132316 2.093466192483902 926
1747303135113 2.0916148275136948 927
1747303137894 2.089905083179474 928
1747303140718 2.0883274525403976 929
1747303143534 2.0869124084711075 930
1747303146345 2.085623189806938 931
1747303149162 2.084468796849251 932
1747303151970 2.083398327231407 933
1747303154765 2.082473412156105 934
1747303157555 2.0816290825605392 935
1747303160349 2.080879271030426 936
1747303163138 2.080230638384819 937
1747303165596 2.079652652144432 938
1747303168575 2.0791208744049072 939
1747303171366 2.0786547362804413 940
1747303174173 2.078235700726509 941
1747303176977 2.077860191464424 942
1747303179775 2.0775182098150253 943
1747303182593 2.077218621969223 944
1747303185408 2.0769224613904953 945
1747303188220 2.076671600341797 946
1747303191054 2.076399013400078 947
1747303193885 2.0761753618717194 948
1747303196721 2.0759472399950027 949
1747303199544 2.07572503387928 950
1747303202358 2.0755073577165604 951
1747303204845 2.0753543227910995 952
1747303207671 2.0751457661390305 953
1747303210483 2.0749458372592926 954
1747303213318 2.0747736990451813 955
1747303216124 2.074617937207222 956
1747303218930 2.0744486302137375 957
1747303221946 2.074326127767563 958
1747303224755 2.074191302061081 959
1747303347920 2.1064589768648148 960
1747303350400 2.1034857481718063 961
1747303353215 2.100870966911316 962
1747303356029 2.09832900762558 963
1747303358852 2.096037119626999 964
1747303361677 2.0938591361045837 965
1747303364492 2.0918763875961304 966
1747303367312 2.090008035302162 967
1747303370136 2.088302567601204 968
1747303372947 2.0867578387260437 969
1747303375740 2.085327133536339 970
1747303378548 2.0840534567832947 971
1747303381359 2.0828844904899597 972
1747303383840 2.0818308740854263 973
1747303386666 2.0808707624673843 974
1747303389468 2.0800115019083023 975
1747303392293 2.079239383339882 976
1747303395097 2.0785703659057617 977
1747303397907 2.0779610127210617 978
1747303400939 2.0774123072624207 979
1747303403746 2.0769162625074387 980
1747303406557 2.076502338051796 981
1747303409374 2.0760774314403534 982
1747303412206 2.0757273584604263 983
1747303415031 2.0754028260707855 984
1747303417839 2.075052857398987 985
1747303420659 2.074772462248802 986
1747303423149 2.0745149552822113 987
1747303425973 2.0742555260658264 988
1747303428787 2.074026495218277 989
1747303431607 2.0738063752651215 990
1747303434421 2.0735601037740707 991
1747303437241 2.073368862271309 992
1747303440064 2.073167994618416 993
1747303442888 2.0729644000530243 994
1747303445715 2.0727958977222443 995
1747303448524 2.072622686624527 996
1747303451348 2.072457030415535 997
1747303454379 2.072313278913498 998
1747303457195 2.072191759943962 999
1747303580007 2.104931026697159 1000
1747303582828 2.1018398702144623 1001
1747303585658 2.0991360247135162 1002
1747303588472 2.0966346859931946 1003
1747303591303 2.094223454594612 1004
1747303594116 2.0919304341077805 1005
1747303596942 2.0898575335741043 1006
1747303599760 2.087934374809265 1007
1747303602584 2.086159810423851 1008
1747303605408 2.0845275074243546 1009
1747303608230 2.0830198377370834 1010
1747303610704 2.081640213727951 1011
1747303613535 2.0803803503513336 1012
1747303616351 2.079226717352867 1013
1747303619167 2.078231632709503 1014
1747303621994 2.077293559908867 1015
1747303624820 2.076446995139122 1016
1747303627644 2.0756824016571045 1017
1747303630467 2.0750049501657486 1018
1747303633492 2.0744026452302933 1019
1747303636295 2.0738468021154404 1020
1747303639123 2.0733532309532166 1021
1747303641965 2.0729009956121445 1022
1747303644776 2.0724786520004272 1023
1747303647600 2.0721085369586945 1024
1747303650071 2.0717440247535706 1025
1747303652897 2.071415364742279 1026
1747303655704 2.0711247473955154 1027
1747303658517 2.070850357413292 1028
1747303661334 2.070585712790489 1029
1747303664163 2.07033634185791 1030
1747303666985 2.0700790882110596 1031
1747303669798 2.0698590129613876 1032
1747303672624 2.069661572575569 1033
1747303675451 2.0694559067487717 1034
1747303678270 2.069273501634598 1035
1747303680751 2.0690928399562836 1036
1747303683567 2.0689240396022797 1037
1747303686591 2.068766787648201 1038
1747303689399 2.0686233937740326 1039
1747303812626 2.102779507637024 1040
1747303815424 2.0996452271938324 1041
1747303818218 2.096979260444641 1042
1747303821041 2.0944428592920303 1043
1747303823862 2.092052936553955 1044
1747303826675 2.0897678285837173 1045
1747303829153 2.087672606110573 1046
1747303831965 2.0857300609350204 1047
1747303834793 2.0839948058128357 1048
1747303837611 2.0823352932929993 1049
1747303840421 2.0807919204235077 1050
1747303843239 2.0794257074594498 1051
1747303846048 2.0781288146972656 1052
1747303848859 2.077003449201584 1053
1747303851661 2.0759535431861877 1054
1747303854494 2.074993312358856 1055
1747303857314 2.074154108762741 1056
1747303860140 2.07338048517704 1057
1747303862634 2.072652190923691 1058
1747303865635 2.0720437318086624 1059
1747303868439 2.071479395031929 1060
1747303871272 2.070979580283165 1061
1747303874089 2.0704925656318665 1062
1747303876917 2.070064663887024 1063
1747303879745 2.069694757461548 1064
1747303882575 2.0693328976631165 1065
1747303885397 2.0690141767263412 1066
1747303888223 2.06871335208416 1067
1747303891029 2.0684023797512054 1068
1747303893856 2.068128615617752 1069
1747303896336 2.067886710166931 1070
1747303899144 2.0676561444997787 1071
1747303901950 2.06742924451828 1072
1747303904717 2.0672009140253067 1073
1747303907467 2.0670124739408493 1074
1747303910208 2.066808342933655 1075
1747303912943 2.0666392892599106 1076
1747303915675 2.0664940774440765 1077
1747303918637 2.066346898674965 1078
1747303921373 2.0661951899528503 1079
1747304040793 2.1005204170942307 1080
1747304043547 2.0973634123802185 1081
1747304046266 2.094625025987625 1082
1747304048987 2.092073008418083 1083
1747304051721 2.089581251144409 1084
1747304054457 2.087262198328972 1085
1747304057176 2.0851259976625443 1086
1747304059902 2.083158031105995 1087
1747304062641 2.0813199877738953 1088
1747304065400 2.079623281955719 1089
1747304068140 2.078071266412735 1090
1747304070559 2.076652929186821 1091
1747304073308 2.075329467654228 1092
1747304076057 2.0741546601057053 1093
1747304078796 2.073084309697151 1094
1747304081544 2.0721080601215363 1095
1747304084296 2.0711919218301773 1096
1747304087025 2.0703789442777634 1097
1747304089761 2.069680169224739 1098
1747304092695 2.0690334141254425 1099
1747304095432 2.068445712327957 1100
1747304098190 2.067891463637352 1101
1747304100933 2.0674077719449997 1102
1747304103681 2.066956266760826 1103
1747304106095 2.0665576457977295 1104
1747304108838 2.0661866068840027 1105
1747304111580 2.0658517479896545 1106
1747304114340 2.065509393811226 1107
1747304117077 2.0652050375938416 1108
1747304119830 2.0649484395980835 1109
1747304122580 2.064682736992836 1110
1747304125309 2.0644204020500183 1111
1747304128034 2.0642109364271164 1112
1747304130768 2.064006209373474 1113
1747304133519 2.063797101378441 1114
1747304136269 2.0636088252067566 1115
1747304138696 2.0634564608335495 1116
1747304141434 2.0633037388324738 1117
1747304144410 2.063132166862488 1118
1747304147158 2.062979817390442 1119
1747304267179 2.0980596989393234 1120
1747304269919 2.094901591539383 1121
1747304272656 2.092096120119095 1122
1747304275409 2.0894744843244553 1123
1747304278145 2.086980253458023 1124
1747304280882 2.0846365839242935 1125
1747304283313 2.082473799586296 1126
1747304286065 2.080487906932831 1127
1747304288806 2.0786224603652954 1128
