1747297922342 3e-05 0
1747297925222 3e-05 1
1747297927856 3e-05 2
1747297930466 3e-05 3
1747297933073 3e-05 4
1747297935951 3e-05 5
1747297938568 3e-05 6
1747297941222 3e-05 7
1747297943847 3e-05 8
1747297946465 3e-05 9
1747297949351 3e-05 10
1747297951987 3e-05 11
1747297954616 3e-05 12
1747297957241 3e-05 13
1747297960123 3e-05 14
1747297962746 3e-05 15
1747297965381 3e-05 16
1747297968020 3e-05 17
1747297970895 3e-05 18
1747297973724 3e-05 19
1747297976355 3e-05 20
1747297979105 3e-05 21
1747297982008 3e-05 22
1747297984646 3e-05 23
1747297987287 3e-05 24
1747297989931 3e-05 25
1747297992832 3e-05 26
1747297995462 3e-05 27
1747297998098 3e-05 28
1747298000731 3e-05 29
1747298003375 3e-05 30
1747298006271 3e-05 31
1747298008918 3e-05 32
1747298011562 3e-05 33
1747298014189 3e-05 34
1747298017070 3e-05 35
1747298019732 3e-05 36
1747298022381 3e-05 37
1747298025227 3e-05 38
1747298028136 3e-05 39
1747298146710 3e-05 40
1747298149443 3e-05 41
1747298152149 3e-05 42
1747298154864 3e-05 43
1747298157575 3e-05 44
1747298160302 3e-05 45
1747298162992 3e-05 46
1747298165699 3e-05 47
1747298168414 3e-05 48
1747298171139 3e-05 49
1747298173835 3e-05 50
1747298176553 3e-05 51
1747298179270 3e-05 52
1747298181995 3e-05 53
1747298184405 3e-05 54
1747298187123 3e-05 55
1747298189842 3e-05 56
1747298192555 3e-05 57
1747298195265 3e-05 58
1747298198175 3e-05 59
1747298200889 3e-05 60
1747298203610 3e-05 61
1747298206327 3e-05 62
1747298209049 3e-05 63
1747298211760 3e-05 64
1747298214474 3e-05 65
1747298217174 3e-05 66
1747298219912 3e-05 67
1747298222329 3e-05 68
1747298225044 3e-05 69
1747298227759 3e-05 70
1747298230502 3e-05 71
1747298233214 3e-05 72
1747298235940 3e-05 73
1747298238662 3e-05 74
1747298241399 3e-05 75
1747298244136 3e-05 76
1747298246867 3e-05 77
1747298249784 3e-05 78
1747298252506 3e-05 79
1747298371619 3e-05 80
1747298374334 3e-05 81
1747298377129 3e-05 82
1747298379530 3e-05 83
1747298382219 3e-05 84
1747298384922 3e-05 85
1747298387629 3e-05 86
1747298390350 3e-05 87
1747298393053 3e-05 88
1747298395768 3e-05 89
1747298398474 3e-05 90
1747298401192 3e-05 91
1747298403892 3e-05 92
1747298406604 3e-05 93
1747298409315 3e-05 94
1747298412022 3e-05 95
1747298414392 3e-05 96
1747298417095 3e-05 97
1747298419804 3e-05 98
1747298422726 3e-05 99
1747298425427 3e-05 100
1747298428139 3e-05 101
1747298430840 3e-05 102
1747298433545 3e-05 103
1747298436267 3e-05 104
1747298438974 3e-05 105
1747298441691 3e-05 106
1747298444402 3e-05 107
1747298447117 3e-05 108
1747298449821 3e-05 109
1747298452540 3e-05 110
1747298454940 3e-05 111
1747298457652 3e-05 112
1747298460378 3e-05 113
1747298463096 3e-05 114
1747298465803 3e-05 115
1747298468523 3e-05 116
1747298471234 3e-05 117
1747298474165 3e-05 118
1747298476880 3e-05 119
1747298597935 3e-05 120
1747298600737 3e-05 121
1747298603645 3e-05 122
1747298606444 3e-05 123
1747298609235 3e-05 124
1747298611691 3e-05 125
1747298614475 3e-05 126
1747298617266 3e-05 127
1747298620053 3e-05 128
1747298622840 3e-05 129
1747298625632 3e-05 130
1747298628405 3e-05 131
1747298631192 3e-05 132
1747298633986 3e-05 133
1747298636777 3e-05 134
1747298639554 3e-05 135
1747298642341 3e-05 136
1747298644797 3e-05 137
1747298647570 3e-05 138
1747298650544 3e-05 139
1747298653309 3e-05 140
1747298656092 3e-05 141
1747298658884 3e-05 142
1747298661686 3e-05 143
1747298664459 3e-05 144
1747298667264 3e-05 145
1747298670035 3e-05 146
1747298672832 3e-05 147
1747298675607 3e-05 148
1747298678375 3e-05 149
1747298681161 3e-05 150
1747298683608 3e-05 151
1747298686381 3e-05 152
1747298689162 3e-05 153
1747298691951 3e-05 154
1747298694731 3e-05 155
1747298697513 3e-05 156
1747298700312 3e-05 157
1747298703316 3e-05 158
1747298706107 3e-05 159
1747298828985 3e-05 160
1747298831765 3e-05 161
1747298834546 3e-05 162
1747298837327 3e-05 163
1747298840110 3e-05 164
1747298842564 3e-05 165
1747298845339 3e-05 166
1747298848127 3e-05 167
1747298850916 3e-05 168
1747298853708 3e-05 169
1747298856486 3e-05 170
1747298859272 3e-05 171
1747298862049 3e-05 172
1747298864844 3e-05 173
1747298867624 3e-05 174
1747298870403 3e-05 175
1747298873187 3e-05 176
1747298875975 3e-05 177
1747298878435 3e-05 178
1747298881763 3e-05 179
1747298884215 3e-05 180
1747298886989 3e-05 181
1747298889788 3e-05 182
1747298892572 3e-05 183
1747298895338 3e-05 184
1747298898130 3e-05 185
1747298900904 3e-05 186
1747298903693 3e-05 187
1747298906489 3e-05 188
1747298909271 3e-05 189
1747298912450 3e-05 190
1747298915234 3e-05 191
1747298918021 3e-05 192
1747298920476 3e-05 193
1747298923270 3e-05 194
1747298926053 3e-05 195
1747298928843 3e-05 196
1747298931625 3e-05 197
1747298934622 3e-05 198
1747298937397 3e-05 199
1747299060384 3e-05 200
1747299063332 3e-05 201
1747299066154 3e-05 202
1747299068960 3e-05 203
1747299071785 3e-05 204
1747299074597 3e-05 205
1747299077083 3e-05 206
1747299079920 3e-05 207
1747299082739 3e-05 208
1747299085555 3e-05 209
1747299088367 3e-05 210
1747299091188 3e-05 211
1747299094009 3e-05 212
1747299096827 3e-05 213
1747299099645 3e-05 214
1747299102463 3e-05 215
1747299105288 3e-05 216
1747299108108 3e-05 217
1747299110939 3e-05 218
1747299113982 3e-05 219
1747299116469 3e-05 220
1747299119290 3e-05 221
1747299122098 3e-05 222
1747299124897 3e-05 223
1747299127692 3e-05 224
1747299130500 3e-05 225
1747299133310 3e-05 226
1747299136129 3e-05 227
1747299138942 3e-05 228
1747299141766 3e-05 229
1747299144588 3e-05 230
1747299147414 3e-05 231
1747299150227 3e-05 232
1747299153050 3e-05 233
1747299155551 3e-05 234
1747299158357 3e-05 235
1747299161165 3e-05 236
1747299163977 3e-05 237
1747299166997 3e-05 238
1747299169810 3e-05 239
1747299293865 3e-05 240
1747299296701 3e-05 241
1747299299645 3e-05 242
1747299302465 3e-05 243
1747299305294 3e-05 244
1747299308126 3e-05 245
1747299310942 3e-05 246
1747299313439 3e-05 247
1747299316257 3e-05 248
1747299319061 3e-05 249
1747299321874 3e-05 250
1747299324697 3e-05 251
1747299327508 3e-05 252
1747299330336 3e-05 253
1747299333152 3e-05 254
1747299335989 3e-05 255
1747299338814 3e-05 256
1747299341645 3e-05 257
1747299344468 3e-05 258
1747299347514 3e-05 259
1747299350327 3e-05 260
1747299352817 3e-05 261
1747299355642 3e-05 262
1747299358463 3e-05 263
1747299361281 3e-05 264
1747299364100 3e-05 265
1747299366911 3e-05 266
1747299369740 3e-05 267
1747299372575 3e-05 268
1747299375395 3e-05 269
1747299378221 3e-05 270
1747299381043 3e-05 271
1747299383866 3e-05 272
1747299386695 3e-05 273
1747299389189 3e-05 274
1747299392024 3e-05 275
1747299394858 3e-05 276
1747299397681 3e-05 277
1747299400706 3e-05 278
1747299403518 3e-05 279
1747299527229 3e-05 280
1747299530050 3e-05 281
1747299532877 3e-05 282
1747299535692 3e-05 283
1747299538500 3e-05 284
1747299541325 3e-05 285
1747299544161 3e-05 286
1747299546663 3e-05 287
1747299549496 3e-05 288
1747299552325 3e-05 289
1747299555144 3e-05 290
1747299557951 3e-05 291
1747299560776 3e-05 292
1747299563584 3e-05 293
1747299566407 3e-05 294
1747299569228 3e-05 295
1747299572044 3e-05 296
1747299574859 3e-05 297
1747299577689 3e-05 298
1747299580718 3e-05 299
1747299583540 3e-05 300
1747299586364 3e-05 301
1747299589201 3e-05 302
1747299591706 3e-05 303
1747299594540 3e-05 304
1747299597363 3e-05 305
1747299600177 3e-05 306
1747299602976 3e-05 307
1747299605762 3e-05 308
1747299608538 3e-05 309
1747299611360 3e-05 310
1747299614177 3e-05 311
1747299616989 3e-05 312
1747299619797 3e-05 313
1747299622610 3e-05 314
1747299625109 3e-05 315
1747299627911 3e-05 316
1747299630726 3e-05 317
1747299633746 3e-05 318
1747299636547 3e-05 319
1747299760248 3e-05 320
1747299763041 3e-05 321
1747299765852 3e-05 322
1747299768645 3e-05 323
1747299771449 3e-05 324
1747299774264 3e-05 325
1747299777067 3e-05 326
1747299779860 3e-05 327
1747299782362 3e-05 328
1747299785192 3e-05 329
1747299787998 3e-05 330
1747299790824 3e-05 331
1747299793644 3e-05 332
1747299796463 3e-05 333
1747299799265 3e-05 334
1747299802083 3e-05 335
1747299804901 3e-05 336
1747299807697 3e-05 337
1747299810507 3e-05 338
1747299813538 3e-05 339
1747299816369 3e-05 340
1747299818867 3e-05 341
1747299821680 3e-05 342
1747299824499 3e-05 343
1747299827321 3e-05 344
1747299830145 3e-05 345
1747299832980 3e-05 346
1747299835796 3e-05 347
1747299838625 3e-05 348
1747299841441 3e-05 349
1747299844250 3e-05 350
1747299847056 3e-05 351
1747299849872 3e-05 352
1747299852368 3e-05 353
1747299855206 3e-05 354
1747299858021 3e-05 355
1747299860841 3e-05 356
1747299863657 3e-05 357
1747299866684 3e-05 358
1747299869502 3e-05 359
1747299992887 3e-05 360
1747299995810 3e-05 361
1747299998605 3e-05 362
1747300001419 3e-05 363
1747300004217 3e-05 364
1747300007020 3e-05 365
1747300009813 3e-05 366
1747300012622 3e-05 367
1747300015404 3e-05 368
1747300018202 3e-05 369
1747300020651 3e-05 370
1747300023459 3e-05 371
1747300026245 3e-05 372
1747300029034 3e-05 373
1747300031825 3e-05 374
1747300034606 3e-05 375
1747300037387 3e-05 376
1747300040171 3e-05 377
1747300042938 3e-05 378
1747300045931 3e-05 379
1747300048704 3e-05 380
1747300051492 3e-05 381
1747300054262 3e-05 382
1747300057043 3e-05 383
1747300059482 3e-05 384
1747300062280 3e-05 385
1747300065066 3e-05 386
1747300067844 3e-05 387
1747300070621 3e-05 388
1747300073397 3e-05 389
1747300076178 3e-05 390
1747300078965 3e-05 391
1747300081730 3e-05 392
1747300084514 3e-05 393
1747300087311 3e-05 394
1747300090101 3e-05 395
1747300092892 3e-05 396
1747300095374 3e-05 397
1747300098402 3e-05 398
1747300101205 3e-05 399
1747300223568 3e-05 400
1747300226336 3e-05 401
1747300229096 3e-05 402
1747300231880 3e-05 403
1747300234652 3e-05 404
1747300237433 3e-05 405
1747300240231 3e-05 406
1747300243016 3e-05 407
1747300245793 3e-05 408
1747300248242 3e-05 409
1747300251037 3e-05 410
1747300253829 3e-05 411
1747300256603 3e-05 412
1747300259378 3e-05 413
1747300262150 3e-05 414
1747300264929 3e-05 415
1747300267719 3e-05 416
1747300270505 3e-05 417
1747300273277 3e-05 418
1747300276275 3e-05 419
1747300279035 3e-05 420
1747300281809 3e-05 421
1747300284250 3e-05 422
1747300287014 3e-05 423
1747300289794 3e-05 424
1747300292577 3e-05 425
1747300295358 3e-05 426
1747300298134 3e-05 427
1747300300914 3e-05 428
1747300303685 3e-05 429
1747300306460 3e-05 430
1747300309237 3e-05 431
1747300312004 3e-05 432
1747300314789 3e-05 433
1747300317234 3e-05 434
1747300319998 3e-05 435
1747300322772 3e-05 436
1747300325544 3e-05 437
1747300328522 3e-05 438
1747300331291 3e-05 439
1747300453756 3e-05 440
1747300456578 3e-05 441
1747300459353 3e-05 442
1747300462112 3e-05 443
1747300464879 3e-05 444
1747300467643 3e-05 445
1747300470416 3e-05 446
1747300473194 3e-05 447
1747300475979 3e-05 448
1747300478413 3e-05 449
1747300481206 3e-05 450
1747300483976 3e-05 451
1747300486755 3e-05 452
1747300489530 3e-05 453
1747300492301 3e-05 454
1747300495074 3e-05 455
1747300497858 3e-05 456
1747300500645 3e-05 457
1747300503414 3e-05 458
1747300506386 3e-05 459
1747300509156 3e-05 460
1747300511934 3e-05 461
1747300514708 3e-05 462
1747300517146 3e-05 463
1747300519916 3e-05 464
1747300522691 3e-05 465
1747300525465 3e-05 466
1747300528254 3e-05 467
1747300531020 3e-05 468
1747300533782 3e-05 469
1747300536561 3e-05 470
1747300539352 3e-05 471
1747300542137 3e-05 472
1747300544897 3e-05 473
1747300547678 3e-05 474
1747300550453 3e-05 475
1747300552897 3e-05 476
1747300555671 3e-05 477
1747300558660 3e-05 478
1747300561426 3e-05 479
1747300684692 3e-05 480
1747300687504 3e-05 481
1747300690307 3e-05 482
1747300693162 3e-05 483
1747300695966 3e-05 484
1747300698757 3e-05 485
1747300701534 3e-05 486
1747300704006 3e-05 487
1747300706806 3e-05 488
1747300709574 3e-05 489
1747300712353 3e-05 490
1747300715137 3e-05 491
1747300717929 3e-05 492
1747300720703 3e-05 493
1747300723492 3e-05 494
1747300726282 3e-05 495
1747300729069 3e-05 496
1747300731854 3e-05 497
1747300734659 3e-05 498
1747300737661 3e-05 499
1747300740136 3e-05 500
1747300742933 3e-05 501
1747300745729 3e-05 502
1747300748530 3e-05 503
1747300751311 3e-05 504
1747300754113 3e-05 505
1747300756883 3e-05 506
1747300759660 3e-05 507
1747300762451 3e-05 508
1747300765444 3e-05 509
1747300768223 3e-05 510
1747300770993 3e-05 511
1747300773781 3e-05 512
1747300776240 3e-05 513
1747300779039 3e-05 514
1747300781834 3e-05 515
1747300784645 3e-05 516
1747300787439 3e-05 517
1747300790467 3e-05 518
1747300793270 3e-05 519
1747300916243 3e-05 520
1747300919082 3e-05 521
1747300921867 3e-05 522
1747300924674 3e-05 523
1747300927458 3e-05 524
1747300930237 3e-05 525
1747300933025 3e-05 526
1747300935508 3e-05 527
1747300938295 3e-05 528
1747300941097 3e-05 529
1747300943909 3e-05 530
1747300946721 3e-05 531
1747300949513 3e-05 532
1747300952322 3e-05 533
1747300955123 3e-05 534
1747300957931 3e-05 535
1747300960746 3e-05 536
1747300963564 3e-05 537
1747300966363 3e-05 538
1747300969340 3e-05 539
1747300971785 3e-05 540
1747300974591 3e-05 541
1747300977372 3e-05 542
1747300980159 3e-05 543
1747300982946 3e-05 544
1747300985729 3e-05 545
1747300988505 3e-05 546
1747300991276 3e-05 547
1747300994058 3e-05 548
1747300996847 3e-05 549
1747300999619 3e-05 550
1747301002397 3e-05 551
1747301005190 3e-05 552
1747301007971 3e-05 553
1747301010416 3e-05 554
1747301013197 3e-05 555
1747301016006 3e-05 556
1747301018783 3e-05 557
1747301021776 3e-05 558
1747301024562 3e-05 559
1747301147766 3e-05 560
1747301150579 3e-05 561
1747301153443 3e-05 562
1747301156244 3e-05 563
1747301159044 3e-05 564
1747301161509 3e-05 565
1747301164297 3e-05 566
1747301167080 3e-05 567
1747301169870 3e-05 568
1747301172659 3e-05 569
1747301175441 3e-05 570
1747301178243 3e-05 571
1747301181019 3e-05 572
1747301183817 3e-05 573
1747301186604 3e-05 574
1747301189386 3e-05 575
1747301192168 3e-05 576
1747301194962 3e-05 577
1747301197426 3e-05 578
1747301200757 3e-05 579
1747301203212 3e-05 580
1747301206000 3e-05 581
1747301208787 3e-05 582
1747301211554 3e-05 583
1747301214353 3e-05 584
1747301217144 3e-05 585
1747301219942 3e-05 586
1747301222722 3e-05 587
1747301225528 3e-05 588
1747301228311 3e-05 589
1747301231100 3e-05 590
1747301233903 3e-05 591
1747301236700 3e-05 592
1747301239158 3e-05 593
1747301241940 3e-05 594
1747301244737 3e-05 595
1747301247516 3e-05 596
1747301250296 3e-05 597
1747301253280 3e-05 598
1747301256067 3e-05 599
1747301379172 3e-05 600
1747301381948 3e-05 601
1747301384738 3e-05 602
1747301387546 3e-05 603
1747301390005 3e-05 604
1747301392801 3e-05 605
1747301395603 3e-05 606
1747301398405 3e-05 607
1747301401201 3e-05 608
1747301404402 3e-05 609
1747301407199 3e-05 610
1747301410002 3e-05 611
1747301412791 3e-05 612
1747301415587 3e-05 613
1747301418379 3e-05 614
1747301421189 3e-05 615
1747301423980 3e-05 616
1747301426453 3e-05 617
1747301429251 3e-05 618
1747301432265 3e-05 619
1747301435065 3e-05 620
1747301437856 3e-05 621
1747301440654 3e-05 622
1747301443451 3e-05 623
1747301446242 3e-05 624
1747301449027 3e-05 625
1747301451809 3e-05 626
1747301454609 3e-05 627
1747301457413 3e-05 628
1747301460226 3e-05 629
1747301462673 3e-05 630
1747301465474 3e-05 631
1747301468269 3e-05 632
1747301471064 3e-05 633
1747301473864 3e-05 634
1747301476669 3e-05 635
1747301479461 3e-05 636
1747301482271 3e-05 637
1747301485289 3e-05 638
1747301488072 3e-05 639
1747301611126 3e-05 640
1747301613902 3e-05 641
1747301616369 3e-05 642
1747301619173 3e-05 643
1747301621985 3e-05 644
1747301624795 3e-05 645
1747301627612 3e-05 646
1747301630398 3e-05 647
1747301633184 3e-05 648
1747301635977 3e-05 649
1747301638782 3e-05 650
1747301641594 3e-05 651
1747301644393 3e-05 652
1747301647192 3e-05 653
1747301649681 3e-05 654
1747301652485 3e-05 655
1747301655301 3e-05 656
1747301658110 3e-05 657
1747301660919 3e-05 658
1747301663943 3e-05 659
1747301666736 3e-05 660
1747301669540 3e-05 661
1747301672353 3e-05 662
1747301675159 3e-05 663
1747301677953 3e-05 664
1747301680741 3e-05 665
1747301683537 3e-05 666
1747301686011 3e-05 667
1747301688801 3e-05 668
1747301691607 3e-05 669
1747301694402 3e-05 670
1747301697211 3e-05 671
1747301700004 3e-05 672
1747301702802 3e-05 673
1747301705611 3e-05 674
1747301708395 3e-05 675
1747301711187 3e-05 676
1747301713980 3e-05 677
1747301716991 3e-05 678
1747301719787 3e-05 679
1747301842837 3e-05 680
1747301845649 3e-05 681
1747301848462 3e-05 682
1747301851280 3e-05 683
1747301854090 3e-05 684
1747301856915 3e-05 685
1747301859716 3e-05 686
1747301862529 3e-05 687
1747301865334 3e-05 688
1747301868163 3e-05 689
1747301870967 3e-05 690
1747301873442 3e-05 691
1747301876240 3e-05 692
1747301879046 3e-05 693
1747301881837 3e-05 694
1747301884613 3e-05 695
1747301887409 3e-05 696
1747301890193 3e-05 697
1747301892971 3e-05 698
1747301895970 3e-05 699
1747301898769 3e-05 700
1747301901587 3e-05 701
1747301904380 3e-05 702
1747301907175 3e-05 703
1747301909973 3e-05 704
1747301912423 3e-05 705
1747301915188 3e-05 706
1747301917995 3e-05 707
1747301920791 3e-05 708
1747301923575 3e-05 709
1747301926375 3e-05 710
1747301929166 3e-05 711
1747301931944 3e-05 712
1747301934714 3e-05 713
1747301937502 3e-05 714
1747301940307 3e-05 715
1747301943097 3e-05 716
1747301945870 3e-05 717
1747301948533 3e-05 718
1747301951307 3e-05 719
1747302074222 3e-05 720
1747302077019 3e-05 721
1747302079842 3e-05 722
1747302082646 3e-05 723
1747302085446 3e-05 724
1747302088266 3e-05 725
1747302091081 3e-05 726
1747302093881 3e-05 727
1747302096692 3e-05 728
1747302099169 3e-05 729
1747302101965 3e-05 730
1747302104772 3e-05 731
1747302107572 3e-05 732
1747302110375 3e-05 733
1747302113172 3e-05 734
1747302115965 3e-05 735
1747302118763 3e-05 736
1747302121561 3e-05 737
1747302124347 3e-05 738
1747302127350 3e-05 739
1747302130154 3e-05 740
1747302132951 3e-05 741
1747302135424 3e-05 742
1747302138219 3e-05 743
1747302141027 3e-05 744
1747302143817 3e-05 745
1747302146614 3e-05 746
1747302149402 3e-05 747
1747302152190 3e-05 748
1747302154990 3e-05 749
1747302157784 3e-05 750
1747302160583 3e-05 751
1747302163391 3e-05 752
1747302166205 3e-05 753
1747302168657 3e-05 754
1747302171456 3e-05 755
1747302174227 3e-05 756
1747302177034 3e-05 757
1747302180039 3e-05 758
1747302182845 3e-05 759
1747302305437 3e-05 760
1747302308231 3e-05 761
1747302311025 3e-05 762
1747302313817 3e-05 763
1747302316620 3e-05 764
1747302319081 3e-05 765
1747302321872 3e-05 766
1747302324651 3e-05 767
1747302327427 3e-05 768
1747302330230 3e-05 769
1747302333011 3e-05 770
1747302335788 3e-05 771
1747302338572 3e-05 772
1747302341391 3e-05 773
1747302344180 3e-05 774
1747302346972 3e-05 775
1747302349783 3e-05 776
1747302352243 3e-05 777
1747302355021 3e-05 778
1747302358006 3e-05 779
1747302360766 3e-05 780
1747302363533 3e-05 781
1747302366312 3e-05 782
1747302369092 3e-05 783
1747302371869 3e-05 784
1747302374621 3e-05 785
1747302377406 3e-05 786
1747302380201 3e-05 787
1747302382997 3e-05 788
1747302385761 3e-05 789
1747302388223 3e-05 790
1747302391018 3e-05 791
1747302393811 3e-05 792
1747302396592 3e-05 793
1747302399389 3e-05 794
1747302402189 3e-05 795
1747302404975 3e-05 796
1747302407764 3e-05 797
1747302410750 3e-05 798
1747302413513 3e-05 799
1747302536135 3e-05 800
1747302538948 3e-05 801
1747302541413 3e-05 802
1747302544235 3e-05 803
1747302547043 3e-05 804
1747302549850 3e-05 805
1747302552655 3e-05 806
1747302555445 3e-05 807
1747302558217 3e-05 808
1747302561005 3e-05 809
1747302563790 3e-05 810
1747302566559 3e-05 811
1747302569349 3e-05 812
1747302572142 3e-05 813
1747302574585 3e-05 814
1747302577375 3e-05 815
1747302580159 3e-05 816
1747302582940 3e-05 817
1747302585713 3e-05 818
1747302588720 3e-05 819
1747302591510 3e-05 820
1747302594282 3e-05 821
1747302597055 3e-05 822
1747302599842 3e-05 823
1747302602626 3e-05 824
1747302605412 3e-05 825
1747302608204 3e-05 826
1747302610668 3e-05 827
1747302613442 3e-05 828
1747302616222 3e-05 829
1747302619005 3e-05 830
1747302621794 3e-05 831
1747302624571 3e-05 832
1747302627367 3e-05 833
1747302630160 3e-05 834
1747302632940 3e-05 835
1747302635723 3e-05 836
1747302638511 3e-05 837
1747302641536 3e-05 838
1747302644327 3e-05 839
1747302766907 3e-05 840
1747302769719 3e-05 841
1747302772521 3e-05 842
1747302775324 3e-05 843
1747302778106 3e-05 844
1747302780893 3e-05 845
1747302783673 3e-05 846
1747302786441 3e-05 847
1747302789241 3e-05 848
1747302792057 3e-05 849
1747302794862 3e-05 850
1747302797303 3e-05 851
1747302800102 3e-05 852
1747302802896 3e-05 853
1747302805676 3e-05 854
1747302808465 3e-05 855
1747302811254 3e-05 856
1747302814037 3e-05 857
1747302816821 3e-05 858
1747302819807 3e-05 859
1747302822573 3e-05 860
1747302825363 3e-05 861
1747302828140 3e-05 862
1747302830920 3e-05 863
1747302833697 3e-05 864
1747302836133 3e-05 865
1747302838911 3e-05 866
1747302841705 3e-05 867
1747302844496 3e-05 868
1747302847276 3e-05 869
1747302850061 3e-05 870
1747302852858 3e-05 871
1747302855642 3e-05 872
1747302858437 3e-05 873
1747302861246 3e-05 874
1747302864050 3e-05 875
1747302866858 3e-05 876
1747302869328 3e-05 877
1747302872652 3e-05 878
1747302875129 3e-05 879
1747302998464 3e-05 880
1747303001274 3e-05 881
1747303004092 3e-05 882
1747303006909 3e-05 883
1747303009718 3e-05 884
1747303012529 3e-05 885
1747303015322 3e-05 886
1747303017789 3e-05 887
1747303020616 3e-05 888
1747303023446 3e-05 889
1747303026251 3e-05 890
1747303029068 3e-05 891
1747303031892 3e-05 892
1747303034731 3e-05 893
1747303037551 3e-05 894
1747303040383 3e-05 895
1747303043210 3e-05 896
1747303046022 3e-05 897
1747303048818 3e-05 898
1747303051842 3e-05 899
1747303054647 3e-05 900
1747303057101 3e-05 901
1747303059895 3e-05 902
1747303062695 3e-05 903
1747303065477 3e-05 904
1747303068256 3e-05 905
1747303071049 3e-05 906
1747303073833 3e-05 907
1747303076627 3e-05 908
1747303079417 3e-05 909
1747303082228 3e-05 910
1747303085029 3e-05 911
1747303087817 3e-05 912
1747303090633 3e-05 913
1747303093093 3e-05 914
1747303095891 3e-05 915
1747303098699 3e-05 916
1747303101502 3e-05 917
1747303104490 3e-05 918
1747303107279 3e-05 919
1747303230354 3e-05 920
1747303233161 3e-05 921
1747303235974 3e-05 922
1747303238786 3e-05 923
1747303241275 3e-05 924
1747303244075 3e-05 925
1747303246884 3e-05 926
1747303249679 3e-05 927
1747303252502 3e-05 928
1747303255318 3e-05 929
1747303258125 3e-05 930
1747303260941 3e-05 931
1747303263761 3e-05 932
1747303266586 3e-05 933
1747303269403 3e-05 934
1747303272209 3e-05 935
1747303274685 3e-05 936
1747303277494 3e-05 937
1747303280311 3e-05 938
1747303283332 3e-05 939
1747303286120 3e-05 940
1747303288925 3e-05 941
1747303291739 3e-05 942
1747303294539 3e-05 943
1747303297333 3e-05 944
1747303300131 3e-05 945
1747303302945 3e-05 946
1747303305753 3e-05 947
1747303308565 3e-05 948
1747303311043 3e-05 949
1747303313856 3e-05 950
1747303316671 3e-05 951
1747303319483 3e-05 952
1747303322287 3e-05 953
1747303325082 3e-05 954
1747303327884 3e-05 955
1747303330700 3e-05 956
1747303333507 3e-05 957
1747303336523 3e-05 958
1747303339317 3e-05 959
1747303462434 3e-05 960
1747303465248 3e-05 961
1747303468050 3e-05 962
1747303470882 3e-05 963
1747303473678 3e-05 964
1747303476493 3e-05 965
1747303479306 3e-05 966
1747303482136 3e-05 967
1747303484968 3e-05 968
1747303487783 3e-05 969
1747303490578 3e-05 970
1747303493063 3e-05 971
1747303495880 3e-05 972
1747303498691 3e-05 973
1747303501507 3e-05 974
1747303504304 3e-05 975
1747303507108 3e-05 976
1747303509911 3e-05 977
1747303512737 3e-05 978
1747303515754 3e-05 979
1747303518545 3e-05 980
1747303521358 3e-05 981
1747303524162 3e-05 982
1747303526956 3e-05 983
1747303529398 3e-05 984
1747303532216 3e-05 985
1747303535011 3e-05 986
1747303537810 3e-05 987
1747303540617 3e-05 988
1747303543431 3e-05 989
1747303546223 3e-05 990
1747303549027 3e-05 991
1747303551841 3e-05 992
1747303554661 3e-05 993
1747303557465 3e-05 994
1747303560273 3e-05 995
1747303563094 3e-05 996
1747303565569 3e-05 997
1747303568600 3e-05 998
1747303571407 3e-05 999
1747303694954 3e-05 1000
1747303697751 3e-05 1001
1747303700566 3e-05 1002
1747303703377 3e-05 1003
1747303706192 3e-05 1004
1747303708998 3e-05 1005
1747303711807 3e-05 1006
1747303714637 3e-05 1007
1747303717108 3e-05 1008
1747303719921 3e-05 1009
1747303722733 3e-05 1010
1747303725567 3e-05 1011
1747303728370 3e-05 1012
1747303731181 3e-05 1013
1747303734005 3e-05 1014
1747303736824 3e-05 1015
1747303739626 3e-05 1016
1747303742449 3e-05 1017
1747303745244 3e-05 1018
1747303748276 3e-05 1019
1747303751083 3e-05 1020
1747303753904 3e-05 1021
1747303756374 3e-05 1022
1747303759179 3e-05 1023
1747303761996 3e-05 1024
1747303764815 3e-05 1025
1747303767598 3e-05 1026
1747303770394 3e-05 1027
1747303773208 3e-05 1028
1747303776032 3e-05 1029
1747303778836 3e-05 1030
1747303781657 3e-05 1031
1747303784473 3e-05 1032
1747303786942 3e-05 1033
1747303789756 3e-05 1034
1747303792559 3e-05 1035
1747303795385 3e-05 1036
1747303798202 3e-05 1037
1747303801230 3e-05 1038
1747303804051 3e-05 1039
1747303926853 3e-05 1040
1747303929560 3e-05 1041
1747303931972 3e-05 1042
1747303934693 3e-05 1043
1747303937422 3e-05 1044
1747303940161 3e-05 1045
1747303942909 3e-05 1046
1747303945646 3e-05 1047
1747303948375 3e-05 1048
1747303951109 3e-05 1049
1747303953840 3e-05 1050
1747303956590 3e-05 1051
1747303959334 3e-05 1052
1747303962077 3e-05 1053
1747303964488 3e-05 1054
1747303967215 3e-05 1055
1747303969936 3e-05 1056
1747303972680 3e-05 1057
1747303975407 3e-05 1058
1747303978346 3e-05 1059
1747303981074 3e-05 1060
1747303983814 3e-05 1061
1747303986537 3e-05 1062
1747303989256 3e-05 1063
1747303991986 3e-05 1064
1747303994712 3e-05 1065
1747303997436 3e-05 1066
1747303999823 3e-05 1067
1747304002544 3e-05 1068
1747304005270 3e-05 1069
1747304007987 3e-05 1070
1747304010710 3e-05 1071
1747304013445 3e-05 1072
1747304016171 3e-05 1073
1747304018892 3e-05 1074
1747304021623 3e-05 1075
1747304024353 3e-05 1076
1747304027067 3e-05 1077
1747304029991 3e-05 1078
1747304032394 3e-05 1079
1747304152634 3e-05 1080
1747304155380 3e-05 1081
1747304158111 3e-05 1082
1747304160844 3e-05 1083
1747304163589 3e-05 1084
1747304166311 3e-05 1085
1747304169021 3e-05 1086
1747304171732 3e-05 1087
1747304174142 3e-05 1088
1747304176865 3e-05 1089
1747304179598 3e-05 1090
1747304182343 3e-05 1091
1747304185092 3e-05 1092
1747304187828 3e-05 1093
1747304190576 3e-05 1094
1747304193323 3e-05 1095
1747304196062 3e-05 1096
1747304198816 3e-05 1097
1747304201546 3e-05 1098
1747304204496 3e-05 1099
1747304207226 3e-05 1100
1747304209965 3e-05 1101
1747304212369 3e-05 1102
1747304215092 3e-05 1103
1747304217817 3e-05 1104
1747304220541 3e-05 1105
1747304223286 3e-05 1106
1747304226029 3e-05 1107
1747304228766 3e-05 1108
1747304231489 3e-05 1109
1747304234235 3e-05 1110
1747304236986 3e-05 1111
1747304239728 3e-05 1112
1747304242482 3e-05 1113
1747304244883 3e-05 1114
1747304247626 3e-05 1115
1747304250359 3e-05 1116
1747304253087 3e-05 1117
1747304256023 3e-05 1118
1747304258767 3e-05 1119
