1747297813145 3e-05 0
1747297815850 3e-05 1
1747297818433 3e-05 2
1747297821016 3e-05 3
1747297823855 3e-05 4
1747297826423 3e-05 5
1747297829012 3e-05 6
1747297831599 3e-05 7
1747297834433 3e-05 8
1747297837012 3e-05 9
1747297839602 3e-05 10
1747297842189 3e-05 11
1747297844777 3e-05 12
1747297847624 3e-05 13
1747297850199 3e-05 14
1747297852793 3e-05 15
1747297855378 3e-05 16
1747297858224 3e-05 17
1747297860806 3e-05 18
1747297863582 3e-05 19
1747297866167 3e-05 20
1747297869008 3e-05 21
1747297871593 3e-05 22
1747297874174 3e-05 23
1747297876764 3e-05 24
1747297879628 3e-05 25
1747297882223 3e-05 26
1747297884829 3e-05 27
1747297887441 3e-05 28
1747297890046 3e-05 29
1747297892893 3e-05 30
1747297895485 3e-05 31
1747297898068 3e-05 32
1747297900668 3e-05 33
1747297903529 3e-05 34
1747297906132 3e-05 35
1747297908732 3e-05 36
1747297911329 3e-05 37
1747297914373 3e-05 38
1747297917095 3e-05 39
1747298037744 3e-05 40
1747298040496 3e-05 41
1747298043141 3e-05 42
1747298045783 3e-05 43
1747298048444 3e-05 44
1747298051106 3e-05 45
1747298053746 3e-05 46
1747298056380 3e-05 47
1747298059065 3e-05 48
1747298061730 3e-05 49
1747298064394 3e-05 50
1747298066727 3e-05 51
1747298069397 3e-05 52
1747298072056 3e-05 53
1747298074737 3e-05 54
1747298077387 3e-05 55
1747298080040 3e-05 56
1747298082692 3e-05 57
1747298085352 3e-05 58
1747298088187 3e-05 59
1747298090840 3e-05 60
1747298093489 3e-05 61
1747298096145 3e-05 62
1747298098817 3e-05 63
1747298101499 3e-05 64
1747298104159 3e-05 65
1747298106828 3e-05 66
1747298109201 3e-05 67
1747298111902 3e-05 68
1747298114583 3e-05 69
1747298117277 3e-05 70
1747298119981 3e-05 71
1747298122688 3e-05 72
1747298125373 3e-05 73
1747298128077 3e-05 74
1747298130754 3e-05 75
1747298133427 3e-05 76
1747298136107 3e-05 77
1747298139000 3e-05 78
1747298141655 3e-05 79
1747298260888 3e-05 80
1747298263589 3e-05 81
1747298266409 3e-05 82
1747298269136 3e-05 83
1747298271517 3e-05 84
1747298274233 3e-05 85
1747298276945 3e-05 86
1747298279677 3e-05 87
1747298282399 3e-05 88
1747298285118 3e-05 89
1747298287840 3e-05 90
1747298290592 3e-05 91
1747298293314 3e-05 92
1747298296033 3e-05 93
1747298298773 3e-05 94
1747298301500 3e-05 95
1747298304224 3e-05 96
1747298306622 3e-05 97
1747298309326 3e-05 98
1747298312240 3e-05 99
1747298314938 3e-05 100
1747298317646 3e-05 101
1747298320349 3e-05 102
1747298323056 3e-05 103
1747298325757 3e-05 104
1747298328474 3e-05 105
1747298331182 3e-05 106
1747298333888 3e-05 107
1747298336588 3e-05 108
1747298339303 3e-05 109
1747298342002 3e-05 110
1747298344386 3e-05 111
1747298347084 3e-05 112
1747298349782 3e-05 113
1747298352489 3e-05 114
1747298355183 3e-05 115
1747298357881 3e-05 116
1747298360588 3e-05 117
1747298363491 3e-05 118
1747298366186 3e-05 119
1747298485290 3e-05 120
1747298488000 3e-05 121
1747298490725 3e-05 122
1747298493450 3e-05 123
1747298495855 3e-05 124
1747298498585 3e-05 125
1747298501305 3e-05 126
1747298504029 3e-05 127
1747298506748 3e-05 128
1747298509479 3e-05 129
1747298512202 3e-05 130
1747298514931 3e-05 131
1747298517638 3e-05 132
1747298520363 3e-05 133
1747298523083 3e-05 134
1747298525807 3e-05 135
1747298528524 3e-05 136
1747298531237 3e-05 137
1747298533629 3e-05 138
1747298536552 3e-05 139
1747298539261 3e-05 140
1747298541989 3e-05 141
1747298544764 3e-05 142
1747298547569 3e-05 143
1747298550363 3e-05 144
1747298553164 3e-05 145
1747298555968 3e-05 146
1747298558776 3e-05 147
1747298561568 3e-05 148
1747298564372 3e-05 149
1747298567167 3e-05 150
1747298569973 3e-05 151
1747298572429 3e-05 152
1747298575227 3e-05 153
1747298578015 3e-05 154
1747298580966 3e-05 155
1747298583755 3e-05 156
1747298586567 3e-05 157
1747298589567 3e-05 158
1747298592357 3e-05 159
1747298714673 3e-05 160
1747298717574 3e-05 161
1747298720363 3e-05 162
1747298723142 3e-05 163
1747298725936 3e-05 164
1747298728413 3e-05 165
1747298731214 3e-05 166
1747298734004 3e-05 167
1747298736797 3e-05 168
1747298739602 3e-05 169
1747298742390 3e-05 170
1747298745186 3e-05 171
1747298747971 3e-05 172
1747298750760 3e-05 173
1747298753568 3e-05 174
1747298756371 3e-05 175
1747298759163 3e-05 176
1747298761962 3e-05 177
1747298764426 3e-05 178
1747298767422 3e-05 179
1747298770220 3e-05 180
1747298773021 3e-05 181
1747298775813 3e-05 182
1747298778614 3e-05 183
1747298781412 3e-05 184
1747298784205 3e-05 185
1747298787004 3e-05 186
1747298789811 3e-05 187
1747298792614 3e-05 188
1747298795405 3e-05 189
1747298798207 3e-05 190
1747298800690 3e-05 191
1747298803495 3e-05 192
1747298806290 3e-05 193
1747298809103 3e-05 194
1747298811899 3e-05 195
1747298814696 3e-05 196
1747298817495 3e-05 197
1747298820525 3e-05 198
1747298823325 3e-05 199
1747298945978 3e-05 200
1747298948758 3e-05 201
1747298951542 3e-05 202
1747298954323 3e-05 203
1747298957115 3e-05 204
1747298959579 3e-05 205
1747298962377 3e-05 206
1747298965175 3e-05 207
1747298967970 3e-05 208
1747298970762 3e-05 209
1747298973551 3e-05 210
1747298976344 3e-05 211
1747298979138 3e-05 212
1747298981943 3e-05 213
1747298984733 3e-05 214
1747298987540 3e-05 215
1747298990356 3e-05 216
1747298993152 3e-05 217
1747298995624 3e-05 218
1747298998958 3e-05 219
1747299001425 3e-05 220
1747299004216 3e-05 221
1747299007012 3e-05 222
1747299009812 3e-05 223
1747299012603 3e-05 224
1747299015387 3e-05 225
1747299018187 3e-05 226
1747299021015 3e-05 227
1747299023842 3e-05 228
1747299026676 3e-05 229
1747299029490 3e-05 230
1747299032333 3e-05 231
1747299035155 3e-05 232
1747299037637 3e-05 233
1747299040474 3e-05 234
1747299043292 3e-05 235
1747299046119 3e-05 236
1747299048939 3e-05 237
1747299051959 3e-05 238
1747299054779 3e-05 239
1747299178575 3e-05 240
1747299181411 3e-05 241
1747299184246 3e-05 242
1747299187067 3e-05 243
1747299189885 3e-05 244
1747299192717 3e-05 245
1747299195541 3e-05 246
1747299198033 3e-05 247
1747299200853 3e-05 248
1747299203664 3e-05 249
1747299206475 3e-05 250
1747299209293 3e-05 251
1747299212137 3e-05 252
1747299214959 3e-05 253
1747299217796 3e-05 254
1747299220605 3e-05 255
1747299223417 3e-05 256
1747299226238 3e-05 257
1747299229065 3e-05 258
1747299232093 3e-05 259
1747299234591 3e-05 260
1747299237416 3e-05 261
1747299240243 3e-05 262
1747299243065 3e-05 263
1747299245890 3e-05 264
1747299248718 3e-05 265
1747299251544 3e-05 266
1747299254367 3e-05 267
1747299257206 3e-05 268
1747299260037 3e-05 269
1747299262868 3e-05 270
1747299265688 3e-05 271
1747299268522 3e-05 272
1747299271034 3e-05 273
1747299273867 3e-05 274
1747299276709 3e-05 275
1747299279534 3e-05 276
1747299282368 3e-05 277
1747299285407 3e-05 278
1747299288227 3e-05 279
1747299412300 3e-05 280
1747299415134 3e-05 281
1747299417955 3e-05 282
1747299420787 3e-05 283
1747299423622 3e-05 284
1747299426448 3e-05 285
1747299429284 3e-05 286
1747299432104 3e-05 287
1747299434594 3e-05 288
1747299437398 3e-05 289
1747299440212 3e-05 290
1747299443050 3e-05 291
1747299445852 3e-05 292
1747299448661 3e-05 293
1747299451486 3e-05 294
1747299454314 3e-05 295
1747299457139 3e-05 296
1747299459956 3e-05 297
1747299462769 3e-05 298
1747299465786 3e-05 299
1747299468562 3e-05 300
1747299471384 3e-05 301
1747299473861 3e-05 302
1747299476658 3e-05 303
1747299479457 3e-05 304
1747299482254 3e-05 305
1747299485052 3e-05 306
1747299487846 3e-05 307
1747299490671 3e-05 308
1747299493491 3e-05 309
1747299496311 3e-05 310
1747299499131 3e-05 311
1747299501962 3e-05 312
1747299504792 3e-05 313
1747299507615 3e-05 314
1747299510110 3e-05 315
1747299512950 3e-05 316
1747299515771 3e-05 317
1747299518804 3e-05 318
1747299521619 3e-05 319
1747299645178 3e-05 320
1747299647991 3e-05 321
1747299650830 3e-05 322
1747299653654 3e-05 323
1747299656466 3e-05 324
1747299659278 3e-05 325
1747299662113 3e-05 326
1747299664587 3e-05 327
1747299667391 3e-05 328
1747299670225 3e-05 329
1747299673043 3e-05 330
1747299675861 3e-05 331
1747299678677 3e-05 332
1747299681501 3e-05 333
1747299684316 3e-05 334
1747299687146 3e-05 335
1747299689962 3e-05 336
1747299692777 3e-05 337
1747299695605 3e-05 338
1747299698644 3e-05 339
1747299701452 3e-05 340
1747299703957 3e-05 341
1747299706785 3e-05 342
1747299709612 3e-05 343
1747299712421 3e-05 344
1747299715251 3e-05 345
1747299718073 3e-05 346
1747299720892 3e-05 347
1747299723683 3e-05 348
1747299726470 3e-05 349
1747299729261 3e-05 350
1747299732078 3e-05 351
1747299734916 3e-05 352
1747299737742 3e-05 353
1747299740225 3e-05 354
1747299743042 3e-05 355
1747299745859 3e-05 356
1747299748704 3e-05 357
1747299751721 3e-05 358
1747299754527 3e-05 359
1747299878120 3e-05 360
1747299880942 3e-05 361
1747299883871 3e-05 362
1747299886689 3e-05 363
1747299889501 3e-05 364
1747299892319 3e-05 365
1747299895151 3e-05 366
1747299897968 3e-05 367
1747299900778 3e-05 368
1747299903257 3e-05 369
1747299906065 3e-05 370
1747299908873 3e-05 371
1747299911684 3e-05 372
1747299914500 3e-05 373
1747299917333 3e-05 374
1747299920138 3e-05 375
1747299922949 3e-05 376
1747299925757 3e-05 377
1747299928580 3e-05 378
1747299931610 3e-05 379
1747299934429 3e-05 380
1747299937249 3e-05 381
1747299940081 3e-05 382
1747299942567 3e-05 383
1747299945384 3e-05 384
1747299948179 3e-05 385
1747299950993 3e-05 386
1747299953782 3e-05 387
1747299956589 3e-05 388
1747299959375 3e-05 389
1747299962174 3e-05 390
1747299964981 3e-05 391
1747299967772 3e-05 392
1747299970564 3e-05 393
1747299973381 3e-05 394
1747299976181 3e-05 395
1747299978994 3e-05 396
1747299981472 3e-05 397
1747299984485 3e-05 398
1747299987275 3e-05 399
1747300109939 3e-05 400
1747300112762 3e-05 401
1747300115567 3e-05 402
1747300118359 3e-05 403
1747300121158 3e-05 404
1747300123969 3e-05 405
1747300126752 3e-05 406
1747300129542 3e-05 407
1747300132335 3e-05 408
1747300134819 3e-05 409
1747300137591 3e-05 410
1747300140384 3e-05 411
1747300143169 3e-05 412
1747300145951 3e-05 413
1747300148738 3e-05 414
1747300151520 3e-05 415
1747300154296 3e-05 416
1747300157073 3e-05 417
1747300159857 3e-05 418
1747300162856 3e-05 419
1747300165620 3e-05 420
1747300168401 3e-05 421
1747300170858 3e-05 422
1747300173626 3e-05 423
1747300176404 3e-05 424
1747300179188 3e-05 425
1747300181974 3e-05 426
1747300184748 3e-05 427
1747300187534 3e-05 428
1747300190332 3e-05 429
1747300193114 3e-05 430
1747300195889 3e-05 431
1747300198683 3e-05 432
1747300201455 3e-05 433
1747300204248 3e-05 434
1747300206692 3e-05 435
1747300209467 3e-05 436
1747300212245 3e-05 437
1747300215240 3e-05 438
1747300218027 3e-05 439
1747300339856 3e-05 440
1747300342658 3e-05 441
1747300345483 3e-05 442
1747300348276 3e-05 443
1747300351075 3e-05 444
1747300353866 3e-05 445
1747300356646 3e-05 446
1747300359435 3e-05 447
1747300361888 3e-05 448
1747300364678 3e-05 449
1747300367460 3e-05 450
1747300370237 3e-05 451
1747300373023 3e-05 452
1747300375823 3e-05 453
1747300378620 3e-05 454
1747300381415 3e-05 455
1747300384214 3e-05 456
1747300387016 3e-05 457
1747300389813 3e-05 458
1747300392831 3e-05 459
1747300395626 3e-05 460
1747300398423 3e-05 461
1747300400890 3e-05 462
1747300403700 3e-05 463
1747300406499 3e-05 464
1747300409306 3e-05 465
1747300412117 3e-05 466
1747300414920 3e-05 467
1747300417710 3e-05 468
1747300420497 3e-05 469
1747300423278 3e-05 470
1747300426065 3e-05 471
1747300428842 3e-05 472
1747300431622 3e-05 473
1747300434408 3e-05 474
1747300437203 3e-05 475
1747300439653 3e-05 476
1747300442447 3e-05 477
1747300445429 3e-05 478
1747300448202 3e-05 479
1747300570027 3e-05 480
1747300572825 3e-05 481
1747300575641 3e-05 482
1747300578438 3e-05 483
1747300581226 3e-05 484
1747300584044 3e-05 485
1747300586860 3e-05 486
1747300589657 3e-05 487
1747300592124 3e-05 488
1747300594953 3e-05 489
1747300597767 3e-05 490
1747300600588 3e-05 491
1747300603413 3e-05 492
1747300606226 3e-05 493
1747300609026 3e-05 494
1747300611828 3e-05 495
1747300614627 3e-05 496
1747300617439 3e-05 497
1747300620232 3e-05 498
1747300623256 3e-05 499
1747300626054 3e-05 500
1747300628858 3e-05 501
1747300631353 3e-05 502
1747300634161 3e-05 503
1747300636977 3e-05 504
1747300639791 3e-05 505
1747300642609 3e-05 506
1747300645439 3e-05 507
1747300648231 3e-05 508
1747300651037 3e-05 509
1747300653840 3e-05 510
1747300656675 3e-05 511
1747300659487 3e-05 512
1747300662306 3e-05 513
1747300664803 3e-05 514
1747300667638 3e-05 515
1747300670440 3e-05 516
1747300673256 3e-05 517
1747300676276 3e-05 518
1747300679080 3e-05 519
1747300801869 3e-05 520
1747300804731 3e-05 521
1747300807523 3e-05 522
1747300810327 3e-05 523
1747300813140 3e-05 524
1747300815926 3e-05 525
1747300818734 3e-05 526
1747300821204 3e-05 527
1747300824005 3e-05 528
1747300826797 3e-05 529
1747300829592 3e-05 530
1747300832383 3e-05 531
1747300835188 3e-05 532
1747300837980 3e-05 533
1747300840776 3e-05 534
1747300843570 3e-05 535
1747300846367 3e-05 536
1747300849161 3e-05 537
1747300851957 3e-05 538
1747300854945 3e-05 539
1747300857738 3e-05 540
1747300860201 3e-05 541
1747300863011 3e-05 542
1747300865825 3e-05 543
1747300868642 3e-05 544
1747300871446 3e-05 545
1747300874270 3e-05 546
1747300877082 3e-05 547
1747300879919 3e-05 548
1747300882734 3e-05 549
1747300885545 3e-05 550
1747300888348 3e-05 551
1747300891133 3e-05 552
1747300893928 3e-05 553
1747300896397 3e-05 554
1747300899214 3e-05 555
1747300902007 3e-05 556
1747300904828 3e-05 557
1747300907855 3e-05 558
1747300910648 3e-05 559
1747301033149 3e-05 560
1747301035956 3e-05 561
1747301038765 3e-05 562
1747301041591 3e-05 563
1747301044402 3e-05 564
1747301047218 3e-05 565
1747301050029 3e-05 566
1747301052529 3e-05 567
1747301055348 3e-05 568
1747301058140 3e-05 569
1747301060938 3e-05 570
1747301063744 3e-05 571
1747301066527 3e-05 572
1747301069318 3e-05 573
1747301072105 3e-05 574
1747301074913 3e-05 575
1747301077725 3e-05 576
1747301080529 3e-05 577
1747301083342 3e-05 578
1747301086353 3e-05 579
1747301088831 3e-05 580
1747301091652 3e-05 581
1747301094466 3e-05 582
1747301097283 3e-05 583
1747301100084 3e-05 584
1747301102892 3e-05 585
1747301105705 3e-05 586
1747301108515 3e-05 587
1747301111326 3e-05 588
1747301114138 3e-05 589
1747301116957 3e-05 590
1747301119768 3e-05 591
1747301122235 3e-05 592
1747301125054 3e-05 593
1747301127882 3e-05 594
1747301130693 3e-05 595
1747301133505 3e-05 596
1747301136323 3e-05 597
1747301139344 3e-05 598
1747301142160 3e-05 599
1747301264653 3e-05 600
1747301267491 3e-05 601
1747301270288 3e-05 602
1747301273085 3e-05 603
1747301275554 3e-05 604
1747301278350 3e-05 605
1747301281142 3e-05 606
1747301283953 3e-05 607
1747301286762 3e-05 608
1747301289557 3e-05 609
1747301292351 3e-05 610
1747301295154 3e-05 611
1747301297969 3e-05 612
1747301300772 3e-05 613
1747301303565 3e-05 614
1747301306377 3e-05 615
1747301309185 3e-05 616
1747301311675 3e-05 617
1747301314485 3e-05 618
1747301317509 3e-05 619
1747301320311 3e-05 620
1747301323100 3e-05 621
1747301325907 3e-05 622
1747301328719 3e-05 623
1747301331526 3e-05 624
1747301334325 3e-05 625
1747301337151 3e-05 626
1747301339958 3e-05 627
1747301342769 3e-05 628
1747301345575 3e-05 629
1747301348399 3e-05 630
1747301351209 3e-05 631
1747301353696 3e-05 632
1747301356495 3e-05 633
1747301359313 3e-05 634
1747301362104 3e-05 635
1747301364909 3e-05 636
1747301367718 3e-05 637
1747301370748 3e-05 638
1747301373545 3e-05 639
1747301496669 3e-05 640
1747301499474 3e-05 641
1747301502303 3e-05 642
1747301504768 3e-05 643
1747301507562 3e-05 644
1747301510361 3e-05 645
1747301513164 3e-05 646
1747301515973 3e-05 647
1747301518772 3e-05 648
1747301521577 3e-05 649
1747301524383 3e-05 650
1747301527205 3e-05 651
1747301530013 3e-05 652
1747301532827 3e-05 653
1747301535632 3e-05 654
1747301538124 3e-05 655
1747301540932 3e-05 656
1747301543750 3e-05 657
1747301546563 3e-05 658
1747301549583 3e-05 659
1747301552394 3e-05 660
1747301555198 3e-05 661
1747301558005 3e-05 662
1747301560817 3e-05 663
1747301563627 3e-05 664
1747301566444 3e-05 665
1747301569242 3e-05 666
1747301572030 3e-05 667
1747301574823 3e-05 668
1747301577308 3e-05 669
1747301580111 3e-05 670
1747301582910 3e-05 671
1747301585723 3e-05 672
1747301588523 3e-05 673
1747301591332 3e-05 674
1747301594152 3e-05 675
1747301596946 3e-05 676
1747301599754 3e-05 677
1747301602771 3e-05 678
1747301605561 3e-05 679
1747301728409 3e-05 680
1747301730876 3e-05 681
1747301733673 3e-05 682
1747301736486 3e-05 683
1747301739284 3e-05 684
1747301742076 3e-05 685
1747301744866 3e-05 686
1747301747677 3e-05 687
1747301750495 3e-05 688
1747301753308 3e-05 689
1747301756124 3e-05 690
1747301758945 3e-05 691
1747301761777 3e-05 692
1747301764238 3e-05 693
1747301767065 3e-05 694
1747301769883 3e-05 695
1747301772702 3e-05 696
1747301775512 3e-05 697
1747301778338 3e-05 698
1747301781363 3e-05 699
1747301784160 3e-05 700
1747301786984 3e-05 701
1747301789789 3e-05 702
1747301792606 3e-05 703
1747301795424 3e-05 704
1747301798232 3e-05 705
1747301800710 3e-05 706
1747301803527 3e-05 707
1747301806352 3e-05 708
1747301809162 3e-05 709
1747301811960 3e-05 710
1747301814762 3e-05 711
1747301817608 3e-05 712
1747301820440 3e-05 713
1747301823259 3e-05 714
1747301826088 3e-05 715
1747301828916 3e-05 716
1747301831715 3e-05 717
1747301834748 3e-05 718
1747301837567 3e-05 719
1747301959863 3e-05 720
1747301962648 3e-05 721
1747301965440 3e-05 722
1747301968224 3e-05 723
1747301971006 3e-05 724
1747301973785 3e-05 725
1747301976582 3e-05 726
1747301979399 3e-05 727
1747301982195 3e-05 728
1747301984984 3e-05 729
1747301987459 3e-05 730
1747301990272 3e-05 731
1747301993079 3e-05 732
1747301995876 3e-05 733
1747301998666 3e-05 734
1747302001445 3e-05 735
1747302004241 3e-05 736
1747302007031 3e-05 737
1747302009844 3e-05 738
1747302012863 3e-05 739
1747302015681 3e-05 740
1747302018496 3e-05 741
1747302020972 3e-05 742
1747302023787 3e-05 743
1747302026599 3e-05 744
1747302029412 3e-05 745
1747302032222 3e-05 746
1747302035017 3e-05 747
1747302037829 3e-05 748
1747302040643 3e-05 749
1747302043452 3e-05 750
1747302046262 3e-05 751
1747302049078 3e-05 752
1747302051897 3e-05 753
1747302054709 3e-05 754
1747302057198 3e-05 755
1747302060023 3e-05 756
1747302062846 3e-05 757
1747302065856 3e-05 758
1747302068659 3e-05 759
1747302191431 3e-05 760
1747302194238 3e-05 761
1747302197051 3e-05 762
1747302199849 3e-05 763
1747302202643 3e-05 764
1747302205442 3e-05 765
1747302208238 3e-05 766
1747302210711 3e-05 767
1747302213511 3e-05 768
1747302216304 3e-05 769
1747302219094 3e-05 770
1747302221891 3e-05 771
1747302224672 3e-05 772
1747302227472 3e-05 773
1747302230265 3e-05 774
1747302233050 3e-05 775
1747302235828 3e-05 776
1747302238617 3e-05 777
1747302241420 3e-05 778
1747302244426 3e-05 779
1747302246877 3e-05 780
1747302249687 3e-05 781
1747302252504 3e-05 782
1747302255296 3e-05 783
1747302258100 3e-05 784
1747302260893 3e-05 785
1747302263684 3e-05 786
1747302266472 3e-05 787
1747302269270 3e-05 788
1747302272060 3e-05 789
1747302274851 3e-05 790
1747302277642 3e-05 791
1747302280118 3e-05 792
1747302282903 3e-05 793
1747302285690 3e-05 794
1747302288479 3e-05 795
1747302291281 3e-05 796
1747302294064 3e-05 797
1747302297065 3e-05 798
1747302299853 3e-05 799
1747302422077 3e-05 800
1747302424845 3e-05 801
1747302427645 3e-05 802
1747302430117 3e-05 803
1747302432936 3e-05 804
1747302435722 3e-05 805
1747302438531 3e-05 806
1747302441315 3e-05 807
1747302444099 3e-05 808
1747302446880 3e-05 809
1747302449679 3e-05 810
1747302452474 3e-05 811
1747302455256 3e-05 812
1747302458052 3e-05 813
1747302460854 3e-05 814
1747302463309 3e-05 815
1747302466108 3e-05 816
1747302468899 3e-05 817
1747302471712 3e-05 818
1747302474720 3e-05 819
1747302477528 3e-05 820
1747302480339 3e-05 821
1747302483136 3e-05 822
1747302485928 3e-05 823
1747302488730 3e-05 824
1747302491508 3e-05 825
1747302494292 3e-05 826
1747302497068 3e-05 827
1747302499884 3e-05 828
1747302502340 3e-05 829
1747302505140 3e-05 830
1747302507938 3e-05 831
1747302510746 3e-05 832
1747302513540 3e-05 833
1747302516346 3e-05 834
1747302519157 3e-05 835
1747302521969 3e-05 836
1747302524765 3e-05 837
1747302527774 3e-05 838
1747302530577 3e-05 839
1747302652917 3e-05 840
1747302655373 3e-05 841
1747302658196 3e-05 842
1747302661011 3e-05 843
1747302663830 3e-05 844
1747302666635 3e-05 845
1747302669457 3e-05 846
1747302672277 3e-05 847
1747302675090 3e-05 848
1747302677899 3e-05 849
1747302680732 3e-05 850
1747302683536 3e-05 851
1747302686325 3e-05 852
1747302688786 3e-05 853
1747302691604 3e-05 854
1747302694393 3e-05 855
1747302697200 3e-05 856
1747302699994 3e-05 857
1747302702796 3e-05 858
1747302705803 3e-05 859
1747302708595 3e-05 860
1747302711413 3e-05 861
1747302714226 3e-05 862
1747302717044 3e-05 863
1747302719856 3e-05 864
1747302722676 3e-05 865
1747302725148 3e-05 866
1747302727947 3e-05 867
1747302730770 3e-05 868
1747302733578 3e-05 869
1747302736404 3e-05 870
1747302739197 3e-05 871
1747302741999 3e-05 872
1747302744778 3e-05 873
1747302747557 3e-05 874
1747302750337 3e-05 875
1747302753117 3e-05 876
1747302755906 3e-05 877
1747302758908 3e-05 878
1747302761699 3e-05 879
1747302883710 3e-05 880
1747302886520 3e-05 881
1747302889330 3e-05 882
1747302892150 3e-05 883
1747302894960 3e-05 884
1747302897779 3e-05 885
1747302900593 3e-05 886
1747302903403 3e-05 887
1747302906216 3e-05 888
1747302908694 3e-05 889
1747302911510 3e-05 890
1747302914329 3e-05 891
1747302917152 3e-05 892
1747302919969 3e-05 893
1747302922789 3e-05 894
1747302925597 3e-05 895
1747302928410 3e-05 896
1747302931217 3e-05 897
1747302934041 3e-05 898
1747302937058 3e-05 899
1747302939854 3e-05 900
1747302942659 3e-05 901
1747302945147 3e-05 902
1747302947956 3e-05 903
1747302950775 3e-05 904
1747302953592 3e-05 905
1747302956413 3e-05 906
1747302959225 3e-05 907
1747302962040 3e-05 908
1747302964844 3e-05 909
1747302967656 3e-05 910
1747302970471 3e-05 911
1747302973290 3e-05 912
1747302976082 3e-05 913
1747302978889 3e-05 914
1747302981378 3e-05 915
1747302984207 3e-05 916
1747302987028 3e-05 917
1747302990058 3e-05 918
1747302992888 3e-05 919
1747303115854 3e-05 920
1747303118660 3e-05 921
1747303121465 3e-05 922
1747303124263 3e-05 923
1747303127053 3e-05 924
1747303129846 3e-05 925
1747303132316 3e-05 926
1747303135113 3e-05 927
1747303137894 3e-05 928
1747303140718 3e-05 929
1747303143534 3e-05 930
1747303146345 3e-05 931
1747303149162 3e-05 932
1747303151970 3e-05 933
1747303154765 3e-05 934
1747303157555 3e-05 935
1747303160349 3e-05 936
1747303163138 3e-05 937
1747303165596 3e-05 938
1747303168575 3e-05 939
1747303171366 3e-05 940
1747303174173 3e-05 941
1747303176977 3e-05 942
1747303179775 3e-05 943
1747303182593 3e-05 944
1747303185408 3e-05 945
1747303188220 3e-05 946
1747303191054 3e-05 947
1747303193885 3e-05 948
1747303196721 3e-05 949
1747303199544 3e-05 950
1747303202358 3e-05 951
1747303204845 3e-05 952
1747303207671 3e-05 953
1747303210483 3e-05 954
1747303213318 3e-05 955
1747303216124 3e-05 956
1747303218930 3e-05 957
1747303221946 3e-05 958
1747303224755 3e-05 959
1747303347920 3e-05 960
1747303350400 3e-05 961
1747303353215 3e-05 962
1747303356029 3e-05 963
1747303358852 3e-05 964
1747303361677 3e-05 965
1747303364492 3e-05 966
1747303367312 3e-05 967
1747303370136 3e-05 968
1747303372947 3e-05 969
1747303375740 3e-05 970
1747303378548 3e-05 971
1747303381359 3e-05 972
1747303383840 3e-05 973
1747303386666 3e-05 974
1747303389468 3e-05 975
1747303392293 3e-05 976
1747303395097 3e-05 977
1747303397907 3e-05 978
1747303400939 3e-05 979
1747303403746 3e-05 980
1747303406557 3e-05 981
1747303409374 3e-05 982
1747303412206 3e-05 983
1747303415031 3e-05 984
1747303417839 3e-05 985
1747303420659 3e-05 986
1747303423149 3e-05 987
1747303425973 3e-05 988
1747303428787 3e-05 989
1747303431607 3e-05 990
1747303434421 3e-05 991
1747303437241 3e-05 992
1747303440064 3e-05 993
1747303442888 3e-05 994
1747303445715 3e-05 995
1747303448524 3e-05 996
1747303451348 3e-05 997
1747303454379 3e-05 998
1747303457195 3e-05 999
1747303580007 3e-05 1000
1747303582828 3e-05 1001
1747303585658 3e-05 1002
1747303588472 3e-05 1003
1747303591303 3e-05 1004
1747303594116 3e-05 1005
1747303596942 3e-05 1006
1747303599760 3e-05 1007
1747303602584 3e-05 1008
1747303605408 3e-05 1009
1747303608230 3e-05 1010
1747303610704 3e-05 1011
1747303613535 3e-05 1012
1747303616351 3e-05 1013
1747303619167 3e-05 1014
1747303621994 3e-05 1015
1747303624820 3e-05 1016
1747303627644 3e-05 1017
1747303630467 3e-05 1018
1747303633492 3e-05 1019
1747303636295 3e-05 1020
1747303639123 3e-05 1021
1747303641965 3e-05 1022
1747303644776 3e-05 1023
1747303647600 3e-05 1024
1747303650071 3e-05 1025
1747303652897 3e-05 1026
1747303655704 3e-05 1027
1747303658517 3e-05 1028
1747303661334 3e-05 1029
1747303664163 3e-05 1030
1747303666985 3e-05 1031
1747303669798 3e-05 1032
1747303672624 3e-05 1033
1747303675451 3e-05 1034
1747303678270 3e-05 1035
1747303680751 3e-05 1036
1747303683567 3e-05 1037
1747303686591 3e-05 1038
1747303689399 3e-05 1039
1747303812626 3e-05 1040
1747303815424 3e-05 1041
1747303818218 3e-05 1042
1747303821041 3e-05 1043
1747303823862 3e-05 1044
1747303826675 3e-05 1045
1747303829153 3e-05 1046
1747303831965 3e-05 1047
1747303834793 3e-05 1048
1747303837611 3e-05 1049
1747303840421 3e-05 1050
1747303843239 3e-05 1051
1747303846048 3e-05 1052
1747303848859 3e-05 1053
1747303851661 3e-05 1054
1747303854494 3e-05 1055
1747303857314 3e-05 1056
1747303860140 3e-05 1057
1747303862634 3e-05 1058
1747303865635 3e-05 1059
1747303868439 3e-05 1060
1747303871272 3e-05 1061
1747303874089 3e-05 1062
1747303876917 3e-05 1063
1747303879745 3e-05 1064
1747303882575 3e-05 1065
1747303885397 3e-05 1066
1747303888223 3e-05 1067
1747303891029 3e-05 1068
1747303893856 3e-05 1069
1747303896336 3e-05 1070
1747303899144 3e-05 1071
1747303901950 3e-05 1072
1747303904717 3e-05 1073
1747303907467 3e-05 1074
1747303910208 3e-05 1075
1747303912943 3e-05 1076
1747303915675 3e-05 1077
1747303918637 3e-05 1078
1747303921373 3e-05 1079
1747304040793 3e-05 1080
1747304043547 3e-05 1081
1747304046266 3e-05 1082
1747304048987 3e-05 1083
1747304051721 3e-05 1084
1747304054457 3e-05 1085
1747304057176 3e-05 1086
1747304059902 3e-05 1087
1747304062641 3e-05 1088
1747304065400 3e-05 1089
1747304068140 3e-05 1090
1747304070559 3e-05 1091
1747304073308 3e-05 1092
1747304076057 3e-05 1093
1747304078796 3e-05 1094
1747304081544 3e-05 1095
1747304084296 3e-05 1096
1747304087025 3e-05 1097
1747304089761 3e-05 1098
1747304092695 3e-05 1099
1747304095432 3e-05 1100
1747304098190 3e-05 1101
1747304100933 3e-05 1102
1747304103681 3e-05 1103
1747304106095 3e-05 1104
1747304108838 3e-05 1105
1747304111580 3e-05 1106
1747304114340 3e-05 1107
1747304117077 3e-05 1108
1747304119830 3e-05 1109
1747304122580 3e-05 1110
1747304125309 3e-05 1111
1747304128034 3e-05 1112
1747304130768 3e-05 1113
1747304133519 3e-05 1114
1747304136269 3e-05 1115
1747304138696 3e-05 1116
1747304141434 3e-05 1117
1747304144410 3e-05 1118
1747304147158 3e-05 1119
1747304267179 3e-05 1120
1747304269919 3e-05 1121
1747304272656 3e-05 1122
1747304275409 3e-05 1123
1747304278145 3e-05 1124
1747304280882 3e-05 1125
1747304283313 3e-05 1126
1747304286065 3e-05 1127
1747304288806 3e-05 1128
