1750195755210 -0.030337586606659046 0
1750197347725 -0.004855950626902577 1
1750198917615 -0.00159066323007958 2
1750200437431 -0.0004024292647160136 3
1750201975120 -0.0002996301150652137 4
1750203559889 -0.00022996944223969084 5
1750205147548 0.00011571962992491637 6
1750206739450 0.00026643445200109326 7
1750208331367 0.00037975730117758075 8
1750209867376 -0.0007964610694322569 9
1750211398487 6.650400037445768e-05 10
1750212960078 -0.0005752340868046228 11
1750214551790 0.00014436981182355119 12
1750216147084 -0.0004898693355593495 13
1750217740903 -0.00019568108187396476 14
1750219307327 -0.0001067988822974665 15
1750220833442 9.792343270626882e-05 16
1750222376320 -0.00028919144881650344 17
1750223965103 -0.00014035642955435008 18
1750225579869 -0.000202627473238725 19
1750227175940 -0.000278749110759037 20
1750228758689 -0.00020684354607998962 21
1750230283041 -0.00016830598723265494 22
1750231825160 -4.679652049641652e-05 23
1750233411563 -8.195178064453358e-05 24
1750235003438 -3.5221963988369605e-05 25
1750236597826 1.218782945972238e-05 26
1750238190720 -0.00018890057043717198 27
1750239712633 -0.00012587940112715777 28
1750241275809 -0.0001955611593196122 29
1750242862847 -0.0001616363432596878 30
1750244454893 -0.00014791024975282903 31
1750246049072 -0.00011546609912311005 32
1750247642309 -0.0001520213243735402 33
1750249197372 -9.7401155477709e-05 34
1750250733838 -0.00016870742993263686 35
1750252291385 -3.9464554867164924e-05 36
1750253887233 -0.0001451771534004767 37
1750255483981 2.99186462894892e-05 38
1750257082353 -0.00011592636296738828 39
1750258680889 -3.699334448367691e-05 40
1750260214181 6.782422056364022e-05 41
1750261755644 1.0838688289785534e-05 42
1750263335380 -8.53470489244728e-05 43
1750264939393 -9.462343820025243e-05 44
1750266536044 -0.00010804426906385922 45
1750268136983 -1.914356308197645e-05 46
1750269703764 8.140533736371631e-06 47
1750271236071 3.267169385441991e-05 48
1750272782684 1.2635185345320865e-05 49
1750274376497 -0.00010438203097196496 50
1750275973467 -5.991547258855044e-05 51
1750277574505 -7.491070184058254e-05 52
1750279174682 -4.0854669077302757e-05 53
1750280702057 -6.079219180494675e-05 54
1750282244102 -5.7115345777488515e-05 55
1750283829427 -5.785952722218536e-05 56
1750285428274 -6.061646907470722e-05 57
1750287027537 -6.413896992540212e-05 58
1750288629675 -6.873410392045295e-05 59
1750290186434 -6.36944801851483e-05 60
1750291726493 -6.363513088187937e-05 61
1750293291181 -6.122607137044388e-05 62
1750294892104 -6.198829427983805e-05 63
1750296491647 -5.829475440205298e-05 64
1750298093274 -5.561930937756748e-05 65
1750299676887 -5.1601419395956694e-05 66
1750301207691 -5.17941288575814e-05 67
1750302751124 -5.909133583433652e-05 68
1750304346410 -6.59310919818456e-05 69
1750305947521 -5.7859119035795655e-05 70
1750307548587 -5.2247174597771526e-05 71
1750309150893 -2.9204987209876187e-05 72
1750310709867 -2.1808944730114063e-05 73
1750312247755 -1.2879003145093787e-05 74
1750313807146 -1.0416920479788221e-05 75
1750315407749 -9.160102134394761e-06 76
1750317005604 -9.6828915894438e-06 77
1750318605814 -1.1843028362327391e-05 78
1750320186526 -1.4167381878890192e-05 79
1750321713988 -1.9332015019370073e-05 80
1750323254585 -2.0476046878575832e-05 81
1750324844365 -3.490362871828376e-05 82
1750326441979 -2.3667664204261082e-05 83
1750328040120 -4.2776306621988133e-05 84
1750329639366 -1.8625217516428943e-05 85
1750331177393 -1.4762289523939222e-05 86
1750332720293 -5.7120449128667485e-06 87
1750334300236 -4.369795017572513e-06 88
1750335899348 -2.904739436862578e-06 89
1750337497430 -2.5773303027444686e-06 90
1750339099141 -2.1362380623574896e-06 91
1750340661573 -1.8770117470804185e-06 92
1750342197940 -2.311369348618056e-06 93
1750343751736 -1.7472545687821014e-06 94
1750345347374 -1.8014927918329451e-06 95
1750346946603 -1.8579073215333254e-06 96
1750348545746 -2.0915519864587993e-06 97
1750350144929 -3.013739032648645e-06 98
1750351671184 -3.754933267555391e-06 99
1750353210397 -5.329554111324434e-06 100
1750354787052 -7.344064003175187e-06 101
1750356384851 -1.2210386002812179e-05 102
1750357984121 -1.6804626020211313e-05 103
1750359582541 -2.1343529861239556e-05 104
1750361114058 -2.3898013415745335e-05 105
1750362650991 -2.1189170942856797e-05 106
1750364221114 -7.981057370200152e-06 107
1750365818625 -3.916359723382856e-06 108
1750367414777 -1.6753069898902493e-06 109
