1750195755210 -0.6416111588478088 0
1750197347725 -0.367730051279068 1
1750198917615 -0.17419393360614777 2
1750200437431 -0.12350790947675705 3
1750201975120 -0.11310926079750061 4
1750203559889 -0.08714522421360016 5
1750205147548 0.09572000056505203 6
1750206739450 0.45810356736183167 7
1750208331367 1.0200364589691162 8
1750209867376 -3.449592113494873 9
1750211398487 0.12022937834262848 10
1750212960078 -2.2920219898223877 11
1750214551790 0.45697519183158875 12
1750216147084 -2.6364316940307617 13
1750217740903 -0.23689302802085876 14
1750219307327 -0.25412219762802124 15
1750220833442 0.3067823052406311 16
1750222376320 -2.215996026992798 17
1750223965103 -0.24259430170059204 18
1750225579869 -0.5796161890029907 19
1750227175940 -1.5697519779205322 20
1750228758689 -0.8991111516952515 21
1750230283041 -0.7152462005615234 22
1750231825160 -0.193667471408844 23
1750233411563 -0.3928695321083069 24
1750235003438 -0.2560964822769165 25
1750236597826 0.11994290351867676 26
1750238190720 -1.7656607627868652 27
1750239712633 -0.7172620296478271 28
1750241275809 -2.1483380794525146 29
1750242862847 -1.0305919647216797 30
1750244454893 -1.0011217594146729 31
1750246049072 -0.7061566710472107 32
1750247642309 -1.5467393398284912 33
1750249197372 -0.783993124961853 34
1750250733838 -1.393845558166504 35
1750252291385 -0.28455936908721924 36
1750253887233 -1.2204642295837402 37
1750255483981 0.3222777545452118 38
1750257082353 -1.6624181270599365 39
1750258680889 -0.13964955508708954 40
1750260214181 0.4557717442512512 41
1750261755644 0.07257076352834702 42
1750263335380 -1.1526530981063843 43
1750264939393 -1.255688190460205 44
1750266536044 -1.4021083116531372 45
1750268136983 -0.07395054399967194 46
1750269703764 0.038270629942417145 47
1750271236071 0.3140222728252411 48
1750272782684 0.09905008226633072 49
1750274376497 -1.2630608081817627 50
1750275973467 -0.9127280116081238 51
1750277574505 -0.8059743642807007 52
1750279174682 -0.40624237060546875 53
1750280702057 -0.6433881521224976 54
1750282244102 -0.7449982762336731 55
1750283829427 -0.5388879179954529 56
1750285428274 -0.8706204295158386 57
1750287027537 -0.7161459922790527 58
1750288629675 -1.271787166595459 59
1750290186434 -0.8390481472015381 60
1750291726493 -1.2002238035202026 61
1750293291181 -0.7594296932220459 62
1750294892104 -1.1943470239639282 63
1750296491647 -0.7151345610618591 64
1750298093274 -1.094787836074829 65
1750299676887 -0.5906668901443481 66
1750301207691 -0.9538813829421997 67
1750302751124 -0.8812044858932495 68
1750304346410 -1.7561798095703125 69
1750305947521 -1.0215543508529663 70
1750307548587 -0.9674246311187744 71
1750309150893 -0.4597805142402649 72
1750310709867 -0.31429344415664673 73
1750312247755 -0.10937760025262833 74
1750313807146 -0.07476531714200974 75
1750315407749 -0.05515532195568085 76
1750317005604 -0.06063400208950043 77
1750318605814 -0.07075665891170502 78
1750320186526 -0.10722889006137848 79
1750321713988 -0.1231430172920227 80
1750323254585 -0.24685777723789215 81
1750324844365 -0.5037670731544495 82
1750326441979 -0.4499598443508148 83
1750328040120 -1.3588790893554688 84
1750329639366 -0.38520389795303345 85
1750331177393 -0.3563467264175415 86
1750332720293 -0.06230786442756653 87
1750334300236 -0.03311677277088165 88
1750335899348 -0.02061612531542778 89
1750337497430 -0.014022940769791603 90
1750339099141 -0.013250967487692833 91
1750340661573 -0.00969749130308628 92
1750342197940 -0.013756971806287766 93
1750343751736 -0.008903044275939465 94
1750345347374 -0.010002104565501213 95
1750346946603 -0.009584452956914902 96
1750348545746 -0.0119696706533432 97
1750350144929 -0.016939368098974228 98
1750351671184 -0.026211807504296303 99
1750353210397 -0.0394819900393486 100
1750354787052 -0.06399835646152496 101
1750356384851 -0.16465941071510315 102
1750357984121 -0.24924945831298828 103
1750359582541 -0.685531497001648 104
1750361114058 -0.6778424978256226 105
1750362650991 -1.051034688949585 106
1750364221114 -0.2091691642999649 107
1750365818625 -0.06843701750040054 108
1750367414777 -0.01469588465988636 109
