1750195755210 10.627150535583496 0
1750197347725 50.04018783569336 1
1750198917615 90.01377868652344 2
1750200437431 130.0061798095703 3
1750201975120 170.00335693359375 4
1750203559889 210.0020294189453 5
1750205147548 250.00140380859375 6
1750206739450 290.00128173828125 7
1750208331367 330.0017395019531 8
1750209867376 370.0009765625 9
1750211398487 410.00079345703125 10
1750212960078 450.000732421875 11
1750214551790 490.0011291503906 12
1750216147084 530.0006713867188 13
1750217740903 570.000244140625 14
1750219307327 610.0003662109375 15
1750220833442 650.0005493164062 16
1750222376320 690.0003662109375 17
1750223965103 730.0003662109375 18
1750225579869 770.0005493164062 19
1750227175940 810.0006103515625 20
1750228758689 850.0003051757812 21
1750230283041 890.0003051757812 22
1750231825160 930.0001831054688 23
1750233411563 970.000244140625 24
1750235003438 1010.0003662109375 25
1750236597826 1050.0003662109375 26
1750238190720 1090.000244140625 27
1750239712633 1130.000244140625 28
1750241275809 1170.0003662109375 29
1750242862847 1210.000244140625 30
1750244454893 1250.000244140625 31
1750246049072 1290.000244140625 32
1750247642309 1330.000244140625 33
1750249197372 1370.0001220703125 34
1750250733838 1410.0001220703125 35
1750252291385 1450.0001220703125 36
1750253887233 1490.0001220703125 37
1750255483981 1530.0001220703125 38
1750257082353 1570.0001220703125 39
1750258680889 1610.0 40
1750260214181 1650.0001220703125 41
1750261755644 1690.0001220703125 42
1750263335380 1730.000244140625 43
1750264939393 1770.000244140625 44
1750266536044 1810.0001220703125 45
1750268136983 1850.0 46
1750269703764 1890.0 47
1750271236071 1930.0001220703125 48
1750272782684 1970.0001220703125 49
1750274376497 2010.000244140625 50
1750275973467 2050.0 51
1750277574505 2090.0 52
1750279174682 2130.0 53
1750280702057 2170.0 54
1750282244102 2210.0 55
1750283829427 2250.0 56
1750285428274 2290.0 57
1750287027537 2330.0 58
1750288629675 2370.0 59
1750290186434 2410.0 60
1750291726493 2450.0 61
1750293291181 2490.0 62
1750294892104 2530.0 63
1750296491647 2570.0 64
1750298093274 2610.0 65
1750299676887 2650.0 66
1750301207691 2690.0 67
1750302751124 2730.0 68
1750304346410 2770.0 69
1750305947521 2810.0 70
1750307548587 2850.0 71
1750309150893 2890.0 72
1750310709867 2930.0 73
1750312247755 2970.0 74
1750313807146 3010.0 75
1750315407749 3050.0 76
1750317005604 3090.0 77
1750318605814 3130.0 78
1750320186526 3170.0 79
1750321713988 3210.0 80
1750323254585 3250.0 81
1750324844365 3290.0 82
1750326441979 3330.0 83
1750328040120 3370.0 84
1750329639366 3410.0 85
1750331177393 3450.0 86
1750332720293 3490.0 87
1750334300236 3530.0 88
1750335899348 3570.0 89
1750337497430 3610.0 90
1750339099141 3650.0 91
1750340661573 3690.0 92
1750342197940 3730.0 93
1750343751736 3770.0 94
1750345347374 3810.0 95
1750346946603 3850.0 96
1750348545746 3890.0 97
1750350144929 3930.0 98
1750351671184 3970.0 99
1750353210397 4010.0 100
1750354787052 4050.0 101
1750356384851 4090.0 102
1750357984121 4130.0 103
1750359582541 4170.0 104
1750361114058 4210.0 105
1750362650991 4250.0 106
1750364221114 4290.0 107
1750365818625 4330.0 108
1750367414777 4370.0 109
