1750196512498 -0.0009503104514215588 0
1750198099936 -0.0013625357458947962 1
1750199635752 -0.0006612631051282232 2
1750201164575 -0.00017837105091868824 3
1750202726022 -0.00013233291742331143 4
1750204313967 -7.359437439150924e-05 5
1750205901795 -9.146504837280186e-05 6
1750207494139 -6.89007605277664e-05 7
1750209068722 -7.4661388032897e-05 8
1750210592139 0.00018041622558090964 9
1750212130424 -1.619777114045116e-05 10
1750213715883 0.0001077600715498499 11
1750215309852 -3.86120507007281e-05 12
1750216902356 0.00011978817419233774 13
1750218495548 2.0914343682545984e-07 14
1750220028637 -6.2159076278479985e-06 15
1750221562174 -8.163941523259801e-06 16
1750223128635 5.679010008787605e-05 17
1750224743983 1.807413505523194e-06 18
1750226337470 1.4447405728187642e-05 19
1750227930993 1.674985277842447e-05 20
1750229479417 1.88231765602266e-05 21
1750231014386 1.0131257155648856e-05 22
1750232575861 -5.431905841955288e-06 23
1750234167268 2.822308906516456e-06 24
1750235759133 -8.90934270841317e-06 25
1750237352287 2.9534027685323105e-06 26
1750238911195 1.882791440723731e-05 27
1750240462912 5.938355121945051e-06 28
1750242025966 2.1353988933172437e-05 29
1750243619152 1.2744582217287948e-05 30
1750245210764 1.3684500460875676e-05 31
1750246803611 2.179980948791714e-06 32
1750248396934 1.4510538596687174e-05 33
1750249924227 5.602948499069676e-06 34
1750251465501 1.8862774611282347e-05 35
1750253048817 -5.620557073873306e-07 36
1750254644891 8.138269499776644e-06 37
1750256241090 -5.432563656768185e-06 38
1750257839523 2.380498567348227e-05 39
1750259410098 4.760222388657649e-06 40
1750260944965 -1.595045970048458e-05 41
1750262495230 -5.014809453856403e-07 42
1750264099022 3.5473083456846915e-06 43
1750265697019 1.1500744936865857e-05 44
1750267294092 1.8090434200685282e-05 45
1750268894170 1.8252179369260672e-06 46
1750270427978 2.1731958004762843e-06 47
1750271967597 -4.9125208899138315e-06 48
1750273537017 1.790629175393406e-06 49
1750275134406 7.734723126410559e-06 50
1750276731895 5.179965513901922e-06 51
1750278332444 6.8538829841694666e-06 52
1750279897282 2.6666375992936305e-06 53
1750281433608 6.083173759073613e-06 54
1750282988327 5.5542522255086875e-06 55
1750284588495 5.949729324046974e-06 56
1750286186795 5.423492067267113e-06 57
1750287786667 5.658234341607781e-06 58
1750289384407 6.4189063067234266e-06 59
1750290915323 5.16778091695953e-06 60
1750292459261 4.64350565417989e-06 61
1750294050981 5.916178380194368e-06 62
1750295651445 4.9253469620658585e-06 63
1750297249890 5.471159100029101e-06 64
1750298852070 6.066880373179647e-06 65
1750300399874 4.131500834289805e-06 66
1750301939953 4.506990595297455e-06 67
1750303506143 4.684887822851228e-06 68
1750305106555 5.838947379723922e-06 69
1750306707075 5.010768518016634e-06 70
1750308307803 3.953114077611179e-06 71
1750309906656 1.6286317469983358e-06 72
1750311437980 3.049191738956239e-07 73
1750312980317 1.9201086254076637e-06 74
1750314566638 1.8166059288015526e-06 75
1750316166514 2.4952389351219835e-06 76
1750317764315 2.17095215627368e-06 77
1750319363008 3.0336730133865093e-06 78
1750320908314 1.699120225885248e-06 79
1750322445220 3.972462033394002e-06 80
1750324005213 1.622234055272448e-06 81
1750325602984 3.641416931665971e-06 82
1750327200409 1.2570256617249133e-06 83
1750328797856 3.219546756258185e-06 84
1750330373662 1.0672151283622713e-06 85
1750331909187 5.612145190943511e-07 86
1750333461332 7.745583159088849e-07 87
1750335059073 1.3121810118789298e-06 88
1750336658303 1.8307379356801166e-06 89
1750338256491 1.6499339538936093e-06 90
1750339857069 1.330274766832288e-06 91
1750341387985 1.8449951525347945e-06 92
1750342929686 1.715675179395503e-06 93
1750344507271 1.3443605254174763e-06 94
1750346107044 1.71098737455516e-06 95
1750347704620 1.6240860823636522e-06 96
1750349303360 1.3345494918061123e-06 97
1750350866836 1.5476116843746582e-06 98
1750352401012 1.4597529126367664e-06 99
1750353946931 1.0234605014565937e-06 100
1750355546043 1.4697622170966712e-06 101
1750357142800 1.3127315315051134e-06 102
1750358741532 1.5772915382057688e-06 103
1750360312832 1.2318407001520838e-06 104
1750361841566 8.695137215164103e-07 105
1750363383247 8.607529612651297e-07 106
1750364979881 4.0953507059577826e-07 107
1750366576772 2.3023191489465047e-07 108
