1750196512515 10.624907493591309 0
1750198099949 50.10162353515625 1
1750199635764 90.03987121582031 2
1750201164587 130.0166015625 3
1750202726035 170.00885009765625 4
1750204313980 210.00498962402344 5
1750205901807 250.00341796875 6
1750207494152 290.001953125 7
1750209068735 330.0021667480469 8
1750210592152 370.0014953613281 9
1750212130436 410.0011901855469 10
1750213715896 450.0010986328125 11
1750215309865 490.00115966796875 12
1750216902369 530.0009155273438 13
1750218495561 570.00048828125 14
1750220028650 610.0006103515625 15
1750221562187 650.0006713867188 16
1750223128648 690.0005493164062 17
1750224743996 730.0003662109375 18
1750226337482 770.0005493164062 19
1750227931005 810.0006713867188 20
1750229479430 850.0004272460938 21
1750231014399 890.0003051757812 22
1750232575874 930.000244140625 23
1750234167281 970.000244140625 24
1750235759146 1010.0003662109375 25
1750237352300 1050.00048828125 26
1750238911208 1090.0003662109375 27
1750240462925 1130.000244140625 28
1750242025979 1170.00048828125 29
1750243619165 1210.000244140625 30
1750245210777 1250.000244140625 31
1750246803624 1290.000244140625 32
1750248396947 1330.000244140625 33
1750249924240 1370.000244140625 34
1750251465515 1410.0001220703125 35
1750253048830 1450.0001220703125 36
1750254644904 1490.0001220703125 37
1750256241103 1530.0001220703125 38
1750257839535 1570.0001220703125 39
1750259410111 1610.0001220703125 40
1750260944980 1650.0001220703125 41
1750262495243 1690.0001220703125 42
1750264099035 1730.000244140625 43
1750265697032 1770.000244140625 44
1750267294105 1810.0001220703125 45
1750268894183 1850.0001220703125 46
1750270427991 1890.0 47
1750271967610 1930.0001220703125 48
1750273537031 1970.0001220703125 49
1750275134419 2010.000244140625 50
1750276731908 2050.0 51
1750278332458 2090.0 52
1750279897295 2130.0 53
1750281433621 2170.0 54
1750282988340 2210.0 55
1750284588508 2250.0 56
1750286186808 2290.0 57
1750287786680 2330.0 58
1750289384420 2370.0 59
1750290915336 2410.0 60
1750292459274 2450.0 61
1750294050994 2490.0 62
1750295651459 2530.0 63
1750297249904 2570.0 64
1750298852084 2610.0 65
1750300399887 2650.0 66
1750301939967 2690.0 67
1750303506157 2730.0 68
1750305106569 2770.0 69
1750306707088 2810.0 70
1750308307816 2850.0 71
1750309906670 2890.0 72
1750311437994 2930.0 73
1750312980330 2970.0 74
1750314566651 3010.0 75
1750316166527 3050.0 76
1750317764328 3090.0 77
1750319363021 3130.0 78
1750320908327 3170.0 79
1750322445233 3210.0 80
1750324005226 3250.0 81
1750325602997 3290.0 82
1750327200423 3330.0 83
1750328797870 3370.0 84
1750330373675 3410.0 85
1750331909200 3450.0 86
1750333461346 3490.0 87
1750335059086 3530.0 88
1750336658316 3570.0 89
1750338256504 3610.0 90
1750339857082 3650.0 91
1750341387998 3690.0 92
1750342929700 3730.0 93
1750344507284 3770.0 94
1750346107057 3810.0 95
1750347704634 3850.0 96
1750349303373 3890.0 97
1750350866849 3930.0 98
1750352401025 3970.0 99
1750353946944 4010.0 100
1750355546057 4050.0 101
1750357142813 4090.0 102
1750358741545 4130.0 103
1750360312845 4170.0 104
1750361841579 4210.0 105
1750363383261 4250.0 106
1750364979895 4290.0 107
1750366576786 4330.0 108
