1747885926899 2.062691807746887 0
1747886141426 2.0798468589782715 1
1747886359186 2.0496379137039185 2
1747886578264 2.058188557624817 3
1747886796676 2.0345046520233154 4
1747887015504 2.032833218574524 5
1747887234994 2.0135812759399414 6
1747887455402 1.9797154664993286 7
1747887676183 1.9817429184913635 8
1747887897438 1.9563588500022888 9
1747888117687 1.944908618927002 10
1747888337914 1.9178428053855896 11
1747888557685 1.912066400051117 12
1747888777641 1.9054465293884277 13
1747888998221 1.8918461203575134 14
1747889219251 1.883499801158905 15
1747889440224 1.874143123626709 16
1747889661632 1.865267038345337 17
1747889882271 1.859047532081604 18
