1751912086488 1.0126360654830933 0
1751914582894 0.8630631566047668 1
1751917090199 0.6779326796531677 2
1751919612521 0.5508930087089539 3
1751922134700 0.5818968415260315 4
1751924644277 0.294840931892395 5
1751927148479 0.48491358757019043 6
1751929650751 0.43582916259765625 7
1751932166658 0.2854381799697876 8
1751934694227 0.3911302983760834 9
1751937252213 0.4770064651966095 10
1751939767684 0.45838457345962524 11
1751942284062 0.2192205935716629 12
1751944802754 0.4609396457672119 13
1751947337814 0.38378018140792847 14
1751949883330 0.3891229033470154 15
1751952417417 0.4238205552101135 16
1751954937464 0.36834728717803955 17
1751957453569 0.34309080243110657 18
1751959968972 0.24942050874233246 19
1751962509599 0.41668713092803955 20
1751965056618 0.4995909631252289 21
1751967590168 0.3113718032836914 22
1751970104329 0.4044061005115509 23
1751972618484 0.3727129101753235 24
1751975130815 0.23873968422412872 25
1751977657442 0.39627981185913086 26
1751980203897 0.2810966968536377 27
1751982741168 0.46863213181495667 28
1751985257064 0.28464746475219727 29
1751987783559 0.3669579029083252 30
1751990297008 0.2637960910797119 31
1751992819848 0.4632154405117035 32
1751995356253 0.3294706344604492 33
1751997893955 0.3791726529598236 34
1752000412971 0.20761612057685852 35
1752002928492 0.30127379298210144 36
1752005443993 0.30453360080718994 37
1752007964890 0.36626994609832764 38
1752010502228 0.3211846947669983 39
1752013056058 0.3807563781738281 40
1752015578375 0.392795205116272 41
1752018092290 0.22002752125263214 42
1752020605358 0.2858591675758362 43
1752023120815 0.3612068295478821 44
1752025654410 0.27246326208114624 45
1752028192893 0.3522748053073883 46
1752030719400 0.18875496089458466 47
1752033234560 0.36244088411331177 48
1752035747400 0.3679834306240082 49
1752038271402 0.367259681224823 50
1752040801727 0.18776172399520874 51
1752043339964 0.2360532283782959 52
1752045869270 0.2982977330684662 53
1752048385371 0.2730245292186737 54
1752050901493 0.3107023239135742 55
1752053428310 0.3528565764427185 56
1752055972183 0.29803478717803955 57
1752058532732 0.35330888628959656 58
1752061067640 0.3300166428089142 59
1752063608085 0.2423379272222519 60
1752066123656 0.3360407054424286 61
1752068639216 0.27482157945632935 62
1752071163296 0.3457704782485962 63
1752073710856 0.32263779640197754 64
1752076255609 0.32355421781539917 65
1752078781208 0.3137590289115906 66
1752081299721 0.33413541316986084 67
