1751912246393 -0.023385249078273773 0
1751915066969 0.6804019808769226 1
1751917896363 0.45005467534065247 2
1751920739339 0.41382119059562683 3
1751923581086 0.5093411207199097 4
1751926407613 0.3039510250091553 5
1751929229269 0.13457901775836945 6
1751932051205 0.11515093594789505 7
1751934887011 0.10789158195257187 8
1751937736174 0.21960172057151794 9
1751940590399 0.19226305186748505 10
1751943427531 0.11018969863653183 11
1751946263888 0.06842116266489029 12
1751949106392 0.02196071483194828 13
1751951968358 0.08300580829381943 14
1751954827187 0.06957577168941498 15
1751957668596 0.09946718066930771 16
1751960507443 0.06973125040531158 17
1751963343257 0.08137961477041245 18
1751966188955 0.09334858506917953 19
1751969056465 0.20068292319774628 20
1751971912248 0.049841687083244324 21
1751974750736 0.0453094057738781 22
1751977586264 0.015726236626505852 23
1751980425562 0.06469964981079102 24
1751983265156 0.06886506825685501 25
1751986123810 0.08993987739086151 26
1751988979731 0.04347560927271843 27
1751991818222 0.06054668128490448 28
1751994652469 0.036067571491003036 29
1751997493500 0.02028227411210537 30
1752000335303 0.048423029482364655 31
1752003192771 0.009314779192209244 32
1752006051020 -0.06702476739883423 33
1752008889238 0.06301577389240265 34
1752011723463 0.034427981823682785 35
1752014555058 0.003350817831233144 36
1752017392819 0.032637063413858414 37
1752020249649 0.01740536466240883 38
1752023105223 -0.010904800146818161 39
1752025952494 0.014289746060967445 40
1752028789615 0.020114745944738388 41
1752031623941 0.008566835895180702 42
1752034464026 0.016729746013879776 43
1752037322092 0.03114062361419201 44
1752040181354 0.03900932893157005 45
1752043021505 -0.01882200688123703 46
1752045858208 0.003669283352792263 47
1752048693665 0.012301124632358551 48
1752051535538 0.0073052458465099335 49
1752054411811 0.0017723198980093002 50
1752057290885 -0.009053206071257591 51
1752060133538 0.014768749475479126 52
1752062971570 -0.008499008603394032 53
1752065806722 -0.021596712991595268 54
1752068650615 0.02912931889295578 55
1752071516930 0.04196703061461449 56
1752074383088 0.027515584602952003 57
1752077231468 0.03618103265762329 58
1752080075519 0.004308677278459072 59
