1751912246397 1.0232168436050415 0
1751915066972 0.3448268175125122 1
1751917896366 0.5130005478858948 2
1751920739341 0.351249098777771 3
1751923581088 0.2778671383857727 4
1751926407616 0.16709960997104645 5
1751929229271 0.2565663456916809 6
1751932051207 0.12527932226657867 7
1751934887014 0.1524103283882141 8
1751937736177 0.13629649579524994 9
1751940590402 0.11902967840433121 10
1751943427533 0.14715324342250824 11
1751946263890 0.08899908512830734 12
1751949106394 0.08167558908462524 13
1751951968361 0.052568480372428894 14
1751954827189 0.16183239221572876 15
1751957668598 0.016507580876350403 16
1751960507445 0.1469234973192215 17
1751963343262 0.08001631498336792 18
1751966188957 0.06829883903265 19
1751969056468 0.11660764366388321 20
1751971912250 0.05962441489100456 21
1751974750739 0.058561842888593674 22
1751977586266 0.05171644315123558 23
1751980425564 0.08716744184494019 24
1751983265159 0.012727400287985802 25
1751986123812 0.07962531596422195 26
1751988979734 -0.02683270163834095 27
1751991818224 0.05456232279539108 28
1751994652472 0.025071758776903152 29
1751997493503 0.015197541564702988 30
1752000335306 -0.007434365805238485 31
1752003192773 0.05389809235930443 32
1752006051025 0.03928513824939728 33
1752008889240 0.0052229491993784904 34
1752011723466 -0.06102687492966652 35
1752014555060 0.023610524833202362 36
1752017392822 -0.005251550581306219 37
1752020249651 0.024867892265319824 38
1752023105225 0.011695158667862415 39
1752025952496 -0.017861321568489075 40
1752028789618 0.018017131835222244 41
1752031623944 -0.005226664245128632 42
1752034464028 -0.0021081354934722185 43
1752037322094 -0.007786686532199383 44
1752040181357 0.030626267194747925 45
1752043021508 -0.0049753692001104355 46
1752045858211 -0.009512977674603462 47
1752048693668 0.004289273172616959 48
1752051535540 0.00425349548459053 49
1752054411832 0.03888535127043724 50
1752057290889 0.022485248744487762 51
1752060133543 0.0050837816670536995 52
1752062971575 -0.01170257292687893 53
1752065806726 0.002318496350198984 54
1752068650631 -0.009906782768666744 55
1752071516950 0.050642117857933044 56
1752074383103 0.001646724995225668 57
1752077231489 0.021109605208039284 58
1752080075541 -0.004534292966127396 59
