1747891255370 0.1042 0
1747891307214 0.204 19
1747891359316 0.21 38
1747891478787 0.2088 40
1747891531043 0.2144 59
1747891583144 0.218 78
1747891702905 0.1482 80
1747891755298 0.2172 99
1747891808084 0.2334 118
1747891928936 0.192 120
1747891982220 0.2316 139
1747892034809 0.243 158
1747892155589 0.158 160
1747892208891 0.2366 179
1747892262261 0.2434 198
1747892383663 0.1726 200
1747892437298 0.2446 219
1747892490690 0.2602 238
1747892612795 0.175 240
1747892666769 0.2586 259
1747892720316 0.2644 278
1747892842393 0.1814 280
1747892895984 0.2616 299
1747892949617 0.2684 318
1747893072306 0.1878 320
1747893126233 0.2626 339
1747893179410 0.2758 358
1747893302303 0.1812 360
1747893356275 0.2738 379
1747893410248 0.2776 398
1747893532821 0.196 400
1747893586202 0.2786 419
1747893639639 0.2876 438
1747893762288 0.217 440
1747893825833 0.2854 459
1747893881027 0.2882 478
1747894003308 0.238 480
1747894057073 0.2942 499
1747894110666 0.2938 518
1747894233117 0.2468 520
1747894286480 0.2902 539
1747894339805 0.297 558
1747894461888 0.253 560
1747894515275 0.2968 579
1747894569113 0.3022 598
1747894691036 0.304 600
1747894744134 0.298 619
1747894796926 0.3038 638
1747894917695 0.2914 640
1747894976656 0.3026 659
1747895055608 0.3086 678
1747895235150 0.297 680
1747895312884 0.306 699
1747895391407 0.3096 718
1747895569725 0.3026 720
1747895648473 0.3098 739
1747895726169 0.3114 758
1747895903634 0.3068 760
1747895982211 0.3138 779
1747896059847 0.316 798
1747896240205 0.3114 800
1747896317950 0.3192 819
1747896396336 0.3182 838
1747896573137 0.3138 840
1747896650871 0.322 859
1747896728116 0.323 878
1747896906078 0.318 880
1747896983684 0.3248 899
1747897061904 0.3258 918
1747897240550 0.3224 920
1747897319228 0.3258 939
1747897397223 0.327 958
1747897576537 0.3246 960
1747897655103 0.3286 979
1747897733577 0.331 998
1747897912960 0.3242 1000
1747897991351 0.3318 1019
1747898069202 0.3324 1038
1747898248355 0.3244 1040
1747898326754 0.3302 1059
1747898404633 0.334 1078
1747898583825 0.3266 1080
1747898661847 0.3336 1099
1747898740553 0.3376 1118
1747898920028 0.3284 1120
1747898998525 0.3402 1139
1747899076487 0.3426 1158
1747899255847 0.329 1160
1747899333220 0.3432 1179
1747899411143 0.3402 1198
1747899589696 0.3282 1200
1747899667877 0.3432 1219
1747899745790 0.3438 1238
1747899924437 0.3294 1240
1747900002784 0.344 1259
1747900081470 0.3462 1278
1747900260479 0.3304 1280
1747900338382 0.3462 1299
1747900410348 0.3478 1318
1747900538701 0.3354 1320
1747900592883 0.3488 1339
1747900646637 0.3514 1358
1747900768251 0.339 1360
1747900820970 0.3508 1379
1747900873829 0.352 1398
1747900995860 0.343 1400
1747901049495 0.3518 1419
1747901102950 0.3542 1438
1747901224768 0.3406 1440
1747901278106 0.3538 1459
1747901331686 0.354 1478
1747901454376 0.3488 1480
1747901510410 0.3544 1499
1747901566599 0.352 1518
1747901695127 0.3456 1520
1747901751110 0.356 1539
1747901807319 0.356 1558
1747901935753 0.3528 1560
1747901991444 0.3544 1579
1747902047675 0.3538 1598
1747902175800 0.3516 1600
1747902232013 0.3592 1619
1747902288697 0.3538 1638
1747902418550 0.3542 1640
1747902475277 0.3592 1659
1747902532526 0.3558 1678
1747902662071 0.3566 1680
1747902718777 0.3602 1699
1747902775262 0.357 1718
1747902905928 0.3562 1720
1747902962991 0.3586 1739
1747903020605 0.358 1758
1747903151071 0.3574 1760
1747903208055 0.3634 1779
1747903264577 0.3604 1798
1747903393807 0.3626 1800
1747903450535 0.3608 1819
1747903507492 0.36 1838
1747903637507 0.3614 1840
1747903694622 0.359 1859
1747903751914 0.3628 1878
1747903882264 0.3618 1880
1747903938675 0.3608 1899
1747903995781 0.3642 1918
1747904126472 0.3618 1920
1747904183892 0.3624 1939
1747904241016 0.366 1958
1747904371566 0.3624 1960
1747904428342 0.3656 1979
1747904503365 0.365 1998
1747904645142 0.3634 2000
1747904703028 0.3664 2019
1747904759568 0.3678 2038
1747904889895 0.3622 2040
1747904946991 0.3666 2059
1747905004191 0.3686 2078
1747905134237 0.3644 2080
1747905191286 0.3664 2099
1747905248224 0.3704 2118
1747905378674 0.366 2120
1747905437177 0.3678 2139
1747905494354 0.3696 2158
1747905625018 0.3696 2160
1747905682271 0.3694 2179
1747905739082 0.3708 2198
1747905869615 0.371 2200
1747905927217 0.3702 2219
1747905984600 0.3718 2238
1747906115050 0.3718 2240
1747906172169 0.3726 2259
1747906229088 0.3736 2278
1747906359231 0.3716 2280
1747906416867 0.3738 2299
1747906474130 0.374 2318
1747906604862 0.3684 2320
1747906661523 0.3744 2339
1747906718673 0.3758 2358
1747906848974 0.376 2360
1747906905837 0.3764 2379
1747906962861 0.3782 2398
1747907092967 0.3772 2400
1747907149972 0.3778 2419
1747907207101 0.3796 2438
1747907337132 0.3768 2440
1747907394992 0.3792 2459
1747907452306 0.3804 2478
1747907582165 0.3772 2480
1747907638987 0.381 2499
1747907696131 0.381 2518
1747907827833 0.3784 2520
1747907884861 0.3818 2539
1747907941866 0.3826 2558
1747908071795 0.3804 2560
1747908128246 0.3818 2579
1747908185328 0.3832 2598
1747908314899 0.3812 2600
1747908371616 0.3826 2619
1747908428655 0.3832 2638
1747908558635 0.382 2640
1747908615219 0.382 2659
1747908672461 0.384 2678
1747908802286 0.3816 2680
1747908858861 0.3828 2699
1747908916255 0.3838 2718
1747909046005 0.3812 2720
1747909102388 0.3826 2739
1747909159278 0.3844 2758
1747909287911 0.383 2760
1747909343878 0.384 2779
1747909400943 0.3852 2798
1747909530410 0.3832 2800
1747909587197 0.384 2819
1747909643836 0.3856 2838
1747909772923 0.3842 2840
1747909829645 0.386 2859
1747909886464 0.3852 2878
1747910016358 0.3842 2880
1747910073129 0.3854 2899
1747910130116 0.3864 2918
1747910260410 0.385 2920
1747910316911 0.3878 2939
1747910374206 0.3862 2958
1747910503072 0.3874 2960
1747910559609 0.388 2979
1747910615908 0.3884 2998
1747910745550 0.3874 3000
1747910801873 0.3902 3019
1747910858736 0.3888 3038
1747910987271 0.3884 3040
1747911043577 0.3892 3059
1747911100114 0.3896 3078
1747911228959 0.3892 3080
1747911286119 0.3902 3099
1747911342801 0.39 3118
1747911471986 0.39 3120
1747911528344 0.3904 3139
1747911584724 0.3916 3158
1747911715193 0.39 3160
1747911773129 0.3892 3179
1747911830725 0.3926 3198
1747911962843 0.3908 3200
1747912020874 0.3908 3219
1747912078245 0.392 3238
1747912210185 0.3908 3240
1747912268184 0.3902 3259
1747912325365 0.393 3278
1747912457590 0.3914 3280
1747912515269 0.391 3299
1747912572990 0.3934 3318
1747912704589 0.3932 3320
1747912761942 0.3916 3339
1747912818582 0.392 3358
1747912948493 0.3932 3360
1747913005546 0.392 3379
1747913062539 0.3948 3398
1747913196139 0.3938 3400
1747913255949 0.3934 3419
1747913315780 0.3968 3438
1747913452144 0.3934 3440
1747913511868 0.3936 3459
1747913572036 0.396 3478
1747913708413 0.3942 3480
1747913768174 0.3946 3499
1747913828440 0.3972 3518
1747913965266 0.3956 3520
1747914025660 0.394 3539
1747914086066 0.3972 3558
1747914222487 0.3952 3560
1747914282301 0.3944 3579
1747914342439 0.3968 3598
1747914479044 0.396 3600
1747914539167 0.3942 3619
1747914599002 0.3976 3638
1747914735595 0.3962 3640
1747914795028 0.3964 3659
1747914854867 0.3986 3678
1747914991590 0.3952 3680
1747915051808 0.397 3699
1747915111720 0.3988 3718
1747915248527 0.3946 3720
1747915307939 0.3984 3739
1747915367470 0.399 3758
1747915503915 0.3948 3760
1747915564429 0.3978 3779
1747915625312 0.398 3798
1747915764029 0.3946 3800
1747915824704 0.398 3819
1747915885905 0.3986 3838
1747916025415 0.3958 3840
1747916110631 0.3996 3859
1747916171960 0.4 3878
1747916310900 0.3948 3880
1747916371732 0.3998 3899
1747916432679 0.3998 3918
1747916571383 0.3954 3920
1747916632348 0.4004 3939
1747916693085 0.4004 3958
1747916832300 0.3964 3960
1747916893235 0.401 3979
1747916954116 0.4034 3998
1747917093255 0.3966 4000
1747917154418 0.3998 4019
1747917215929 0.4032 4038
1747917354977 0.3974 4040
1747917416091 0.4018 4059
1747917476735 0.4024 4078
1747917614738 0.3976 4080
1747917675225 0.4036 4099
1747917735309 0.4036 4118
1747917872667 0.3988 4120
1747917932419 0.4048 4139
1747917992353 0.4026 4158
1747918129258 0.3986 4160
1747918189194 0.405 4179
1747918249402 0.4034 4198
1747918386154 0.3992 4200
1747918446431 0.404 4219
1747918507199 0.4028 4238
1747918645971 0.3982 4240
1747918706975 0.4042 4259
1747918768060 0.403 4278
1747918906964 0.4 4280
1747918968218 0.4028 4299
1747919029109 0.4046 4318
1747919168099 0.4004 4320
1747919228641 0.4014 4339
1747919289732 0.4048 4358
1747919429110 0.401 4360
1747919490222 0.4028 4379
1747919550965 0.4042 4398
1747919689568 0.4002 4400
1747919750477 0.4046 4419
1747919811855 0.405 4438
1747919951048 0.4 4440
1747920012276 0.4042 4459
1747920073360 0.4064 4478
1747920212710 0.4012 4480
1747920273609 0.4056 4499
1747920334299 0.4064 4518
1747920473043 0.4012 4520
1747920534213 0.4052 4539
1747920611629 0.4078 4558
1747920750484 0.4006 4560
1747920811530 0.4064 4579
1747920872263 0.4068 4598
1747921011673 0.4008 4600
1747921072855 0.407 4619
1747921133502 0.4062 4638
1747921271619 0.4014 4640
1747921332050 0.4072 4659
1747921392810 0.4074 4678
1747921530567 0.4018 4680
1747921590699 0.4066 4699
1747921651008 0.408 4718
1747921788824 0.402 4720
1747921849681 0.4058 4739
1747921910460 0.4076 4758
1747922048013 0.4026 4760
1747922108614 0.4066 4779
1747922169413 0.4078 4798
1747922306720 0.4032 4800
1747922367504 0.4074 4819
1747922453466 0.4082 4838
1747922591949 0.4038 4840
1747922652398 0.4084 4859
1747922713256 0.4082 4878
1747922851863 0.4036 4880
1747922912416 0.4096 4899
1747922973875 0.4076 4918
1747923112113 0.4048 4920
1747923172687 0.409 4939
1747923233703 0.4084 4958
1747923372862 0.405 4960
1747923433852 0.4084 4979
1747923494738 0.4082 4998
1747923632764 0.4046 5000
1747923698279 0.4086 5019
1747923777251 0.4086 5038
1747923954499 0.4044 5040
1747924032269 0.4082 5059
1747924110648 0.4088 5078
1747924288922 0.4052 5080
1747924367257 0.4084 5099
1747924445872 0.4084 5118
1747924624018 0.4064 5120
1747924701923 0.4106 5139
1747924780277 0.409 5158
1747924958485 0.4068 5160
1747925036419 0.4098 5179
1747925114702 0.4098 5198
1747925293161 0.4072 5200
1747925371645 0.4118 5219
1747925449458 0.41 5238
1747925646593 0.408 5240
1747925724817 0.411 5259
1747925803496 0.4106 5278
1747925982006 0.409 5280
1747926060069 0.4118 5299
1747926141932 0.4108 5318
1747926344684 0.4094 5320
1747926438307 0.4116 5339
1747926517190 0.412 5358
1747926696294 0.4104 5360
1747926774511 0.411 5379
1747926852970 0.4112 5398
1747927031456 0.41 5400
1747927109437 0.4096 5419
1747927187993 0.4132 5438
1747927366247 0.4124 5440
1747927444755 0.413 5459
1747927523031 0.4134 5478
1747927700998 0.41 5480
1747927778479 0.4144 5499
1747927856411 0.4144 5518
1747928034534 0.4118 5520
1747928112750 0.4142 5539
1747928190339 0.4156 5558
1747928368124 0.4126 5560
1747928446622 0.4148 5579
1747928525207 0.4152 5598
1747928703257 0.4128 5600
1747928781135 0.4148 5619
1747928859493 0.416 5638
1747929037602 0.412 5640
1747929115268 0.4162 5659
1747929192920 0.4166 5678
1747929371157 0.4124 5680
1747929448911 0.4164 5699
1747929527287 0.4172 5718
1747929704407 0.413 5720
1747929782748 0.4218 5739
1747929860353 0.4166 5758
1747930037826 0.4136 5760
1747930115672 0.4176 5779
1747930193373 0.4164 5798
1747930371399 0.4148 5800
1747930449478 0.4174 5819
1747930527447 0.4166 5838
1747930705109 0.4144 5840
1747930782486 0.4186 5859
1747930860542 0.4178 5878
1747931038113 0.415 5880
1747931116128 0.4186 5899
1747931193356 0.4178 5918
1747931370764 0.4142 5920
1747931448905 0.4184 5939
1747931527039 0.4192 5958
1747931704323 0.415 5960
1747931781856 0.4194 5979
1747931859332 0.419 5998
1747932036802 0.4156 6000
1747932114852 0.42 6019
1747932192286 0.4194 6038
1747932369221 0.4156 6040
1747932447137 0.4208 6059
1747932524257 0.4198 6078
1747932700598 0.4152 6080
1747932778113 0.4208 6099
1747932855393 0.421 6118
1747933032081 0.4154 6120
1747933109922 0.4216 6139
1747933188073 0.421 6158
1747933364985 0.4148 6160
1747933442517 0.4212 6179
1747933520310 0.4214 6198
1747933698471 0.4164 6200
1747933775769 0.4216 6219
1747933854019 0.4214 6238
1747934032217 0.4166 6240
1747934109989 0.421 6259
1747934188397 0.422 6278
1747934366882 0.4172 6280
1747934444746 0.4208 6299
1747934523173 0.4226 6318
1747934701195 0.4172 6320
1747934779605 0.4216 6339
1747934857053 0.4232 6358
1747935035157 0.418 6360
1747935113180 0.4208 6379
1747935191005 0.4226 6398
1747935369235 0.419 6400
1747935447493 0.4214 6419
1747935525405 0.423 6438
1747935705103 0.419 6440
1747935783615 0.4218 6459
1747935862219 0.4228 6478
1747936040991 0.4196 6480
1747936119212 0.4232 6499
1747936198158 0.4234 6518
1747936377733 0.4198 6520
1747936456069 0.4242 6539
1747936534896 0.4236 6558
1747936714805 0.419 6560
1747936793930 0.4258 6579
1747936872198 0.4234 6598
1747937053365 0.423 6600
1747937131753 0.4256 6619
1747937210772 0.4232 6638
1747937390927 0.4236 6640
1747937469563 0.4242 6659
1747937548861 0.4238 6678
1747937728148 0.4244 6680
1747937806789 0.4232 6699
1747937886374 0.424 6718
1747938066652 0.4244 6720
1747938167434 0.424 6739
1747938246754 0.424 6758
1747938426496 0.4244 6760
1747938505255 0.4248 6779
1747938584378 0.424 6798
1747938764384 0.4238 6800
1747938843802 0.4252 6819
1747938922571 0.424 6838
1747939102792 0.4236 6840
1747939181992 0.4252 6859
1747939260105 0.4234 6878
1747939439795 0.423 6880
1747939518848 0.4246 6899
1747939598019 0.4234 6918
1747939777324 0.4238 6920
1747939855607 0.4244 6939
1747939934733 0.4236 6958
1747940114529 0.4242 6960
1747940192993 0.4254 6979
1747940271962 0.4238 6998
1747940452145 0.423 7000
1747940531546 0.4256 7019
1747940609903 0.4242 7038
1747940788934 0.4232 7040
1747940867749 0.425 7059
1747940946086 0.4244 7078
1747941125849 0.4232 7080
1747941204563 0.4264 7099
1747941282773 0.4252 7118
1747941461977 0.425 7120
1747941540854 0.425 7139
1747941618835 0.4244 7158
1747941795458 0.4246 7160
1747941872941 0.4252 7179
1747941950854 0.4248 7198
1747942128459 0.425 7200
1747942206065 0.4246 7219
1747942284214 0.4244 7238
1747942461636 0.4244 7240
1747942539526 0.4258 7259
1747942616917 0.4248 7278
1747942794762 0.424 7280
1747942872904 0.4258 7299
1747942950351 0.4252 7318
1747943127393 0.424 7320
1747943205533 0.4256 7339
1747943283160 0.4254 7358
1747943461012 0.4242 7360
1747943539251 0.4262 7379
1747943616763 0.4252 7398
1747943795051 0.4248 7400
1747943873425 0.426 7419
1747943951738 0.4246 7438
1747944129405 0.4244 7440
1747944206521 0.4258 7459
1747944284957 0.4252 7478
1747944463534 0.424 7480
1747944541358 0.4254 7499
1747944619681 0.425 7518
1747944799998 0.424 7520
1747944877668 0.4268 7539
1747944954731 0.4262 7558
1747945127000 0.424 7560
1747945203046 0.4266 7579
1747945278540 0.4246 7598
1747945467554 0.424 7600
1747945542543 0.4264 7619
1747945618307 0.4256 7638
1747945790514 0.4248 7640
1747945865652 0.4262 7659
1747945941336 0.4258 7678
1747946112384 0.4244 7680
1747946187283 0.4256 7699
1747946262208 0.425 7718
1747946433009 0.4248 7720
1747946508394 0.4252 7739
1747946583013 0.4244 7758
1747946754354 0.425 7760
1747946829216 0.4254 7779
1747946903773 0.4248 7798
1747947075894 0.4248 7800
1747947151407 0.4248 7819
1747947225846 0.4242 7838
1747947397999 0.4238 7840
1747947472895 0.4254 7859
1747947547672 0.4242 7878
1747947718410 0.4246 7880
1747947793371 0.4248 7899
1747947867921 0.4246 7918
1747948038825 0.4232 7920
1747948114137 0.4244 7939
1747948189554 0.4238 7958
1747948361421 0.4238 7960
1747948436277 0.4244 7979
1747948511664 0.425 7998
1747948684324 0.4236 8000
1747948758968 0.4246 8019
1747948834419 0.424 8038
1747949005635 0.4246 8040
1747949079911 0.4238 8059
1747949154479 0.4234 8078
1747949325460 0.424 8080
1747949400279 0.4248 8099
1747949475333 0.4246 8118
1747949645541 0.4238 8120
1747949719825 0.4244 8139
1747949794853 0.4238 8158
1747949965759 0.425 8160
1747950040429 0.4248 8179
1747950115564 0.4244 8198
1747950286715 0.4244 8200
1747950361106 0.4246 8219
1747950436009 0.4252 8238
1747950607191 0.4238 8240
1747950681497 0.4256 8259
1747950756548 0.4244 8278
1747950927169 0.425 8280
1747951001894 0.4258 8299
1747951076866 0.4252 8318
1747951246645 0.4242 8320
1747951320775 0.4258 8339
1747951395318 0.4254 8358
1747951566075 0.4244 8360
1747951640970 0.4256 8379
1747951715504 0.4246 8398
1747951886795 0.4256 8400
1747951961939 0.4258 8419
1747952036169 0.4252 8438
1747952207094 0.4248 8440
1747952282138 0.4264 8459
1747952356761 0.4258 8478
1747952527940 0.425 8480
1747952602981 0.4254 8499
1747952677709 0.4254 8518
1747952847971 0.426 8520
1747952922505 0.4264 8539
1747952996981 0.4262 8558
1747953168273 0.4258 8560
1747953243776 0.426 8579
1747953318685 0.426 8598
1747953490329 0.425 8600
1747953569773 0.426 8619
1747953644661 0.426 8638
1747953816406 0.4254 8640
1747953892000 0.4272 8659
1747953967347 0.4262 8678
1747954138602 0.425 8680
1747954213255 0.427 8699
1747954288655 0.4254 8718
1747954460072 0.4254 8720
1747954535234 0.4272 8739
1747954610679 0.425 8758
1747954781950 0.4258 8760
1747954857179 0.4266 8779
1747954931617 0.4258 8798
1747955103180 0.4258 8800
1747955178616 0.4262 8819
1747955253324 0.4268 8838
1747955425094 0.4266 8840
1747955500747 0.4264 8859
1747955576373 0.4254 8878
1747955748225 0.426 8880
1747955823370 0.4266 8899
1747955899000 0.4272 8918
1747956070511 0.4266 8920
1747956146257 0.4262 8939
1747956221518 0.4258 8958
1747956392754 0.427 8960
1747956468241 0.4268 8979
1747956543269 0.426 8998
1747956715764 0.4272 9000
1747956791307 0.4288 9019
1747956866377 0.4264 9038
1747957038710 0.4274 9040
1747957113915 0.4266 9059
1747957189210 0.4266 9078
1747957360593 0.4272 9080
1747957435380 0.4284 9099
1747957510967 0.4274 9118
1747957682361 0.427 9120
1747957757454 0.4268 9139
1747957832990 0.4266 9158
1747958003858 0.427 9160
1747958079357 0.427 9179
1747958154699 0.4262 9198
1747958326089 0.4274 9200
1747958400794 0.4272 9219
1747958475845 0.4262 9238
1747958645623 0.427 9240
1747958720851 0.4268 9259
1747958796129 0.4282 9278
1747958966464 0.4266 9280
1747959041416 0.4262 9299
1747959116378 0.426 9318
1747959287403 0.4274 9320
1747959361687 0.4282 9339
1747959436601 0.4266 9358
1747959607243 0.4264 9360
1747959682443 0.426 9379
1747959757718 0.4266 9398
1747959928787 0.4272 9400
1747960002980 0.4266 9419
1747960077918 0.4266 9438
1747960248442 0.427 9440
1747960323667 0.4264 9459
1747960399023 0.4268 9478
1747960570013 0.4274 9480
1747960645529 0.427 9499
1747960720510 0.4274 9518
1747960891907 0.4264 9520
1747960967357 0.427 9539
1747961041951 0.4272 9558
1747961213188 0.427 9560
1747961288231 0.4268 9579
1747961363197 0.4272 9598
1747961534031 0.4276 9600
1747961608181 0.4276 9619
1747961683139 0.4274 9638
1747961854328 0.4272 9640
1747961928798 0.4276 9659
1747962003459 0.427 9678
1747962174155 0.4276 9680
1747962249252 0.428 9699
1747962324639 0.4274 9718
1747962495484 0.4272 9720
1747962569950 0.4284 9739
1747962645405 0.428 9758
1747962816720 0.4278 9760
1747962891353 0.4284 9779
1747962966491 0.427 9798
1747963137827 0.4274 9800
1747963212239 0.4286 9819
1747963287148 0.4282 9838
1747963456814 0.4274 9840
1747963532228 0.429 9859
1747963607609 0.4276 9878
1747963779539 0.427 9880
1747963854520 0.428 9899
1747963930053 0.4282 9918
1747964101396 0.427 9920
1747964176325 0.4294 9939
1747964251956 0.4282 9958
1747964423692 0.4272 9960
1747964498358 0.4294 9979
1747964573788 0.4284 9998
1747964743219 0.4274 10000
1747964817694 0.4292 10019
1747964892041 0.428 10038
1747965061764 0.4272 10040
1747965135330 0.4288 10059
1747965209727 0.429 10078
1747965379322 0.4266 10080
1747965453837 0.4296 10099
1747965528989 0.429 10118
1747965699289 0.427 10120
1747965772657 0.4292 10139
1747965846604 0.4284 10158
1747966016053 0.4268 10160
1747966089508 0.428 10179
1747966163633 0.4286 10198
1747966331887 0.4274 10200
1747966405902 0.4294 10219
1747966479703 0.4294 10238
1747966649158 0.4264 10240
1747966723502 0.428 10259
1747966798529 0.43 10278
1747966974544 0.427 10280
1747967053134 0.429 10299
1747967131648 0.4298 10318
1747967311439 0.4272 10320
1747967390373 0.428 10339
1747967468706 0.4286 10358
1747967648791 0.4272 10360
1747967727778 0.4296 10379
1747967806319 0.4296 10398
1747967985469 0.4264 10400
1747968064435 0.429 10419
1747968142411 0.429 10438
1747968322122 0.4274 10440
1747968401111 0.4284 10459
1747968478996 0.4292 10478
1747968658869 0.4274 10480
1747968737394 0.4298 10499
1747968816123 0.43 10518
1747968996035 0.4274 10520
1747969074425 0.43 10539
1747969153351 0.4286 10558
1747969333306 0.4282 10560
1747969411849 0.4286 10579
1747969491065 0.4296 10598
1747969671096 0.428 10600
1747969749847 0.4296 10619
1747969828932 0.4298 10638
1747970009020 0.428 10640
1747970087310 0.4302 10659
1747970166087 0.4302 10678
1747970345805 0.4286 10680
1747970424263 0.4298 10699
1747970503165 0.4304 10718
1747970682647 0.4284 10720
1747970760983 0.43 10739
1747970839996 0.4298 10758
1747971012360 0.4284 10760
1747971088295 0.4304 10779
1747971164024 0.4298 10798
1747971336849 0.4288 10800
1747971413357 0.429 10819
1747971488932 0.43 10838
1747971664478 0.4288 10840
1747971741371 0.4308 10859
1747971817863 0.4298 10878
1747971993736 0.429 10880
1747972070542 0.429 10899
1747972146944 0.43 10918
1747972324840 0.4298 10920
1747972402754 0.431 10939
1747972479697 0.43 10958
1747972656699 0.4292 10960
1747972734637 0.431 10979
1747972811566 0.4298 10998
1747972988919 0.4294 11000
1747973066199 0.4312 11019
1747973144432 0.4302 11038
1747973321969 0.4298 11040
1747973399186 0.431 11059
1747973477116 0.4304 11078
1747973654411 0.43 11080
1747973731669 0.4312 11099
1747973809455 0.4306 11118
1747973986203 0.4306 11120
1747974063511 0.4316 11139
1747974141276 0.431 11158
1747974317537 0.4312 11160
1747974395436 0.4312 11179
1747974473281 0.4306 11198
1747974649855 0.4304 11200
1747974727447 0.4318 11219
1747974804545 0.4304 11238
1747974982003 0.4306 11240
1747975059367 0.4312 11259
1747975137254 0.4312 11278
1747975314787 0.4326 11280
1747975391802 0.4314 11299
1747975469621 0.4302 11318
1747975646586 0.431 11320
1747975724766 0.4318 11339
1747975802076 0.4308 11358
1747975979480 0.4322 11360
1747976057512 0.4314 11379
1747976134855 0.4306 11398
1747976311970 0.4322 11400
1747976389776 0.4322 11419
1747976467168 0.4316 11438
1747976644363 0.4326 11440
1747976722260 0.432 11459
1747976799456 0.4312 11478
1747976975998 0.4326 11480
1747977054022 0.4322 11499
1747977130958 0.4316 11518
1747977308344 0.433 11520
1747977385817 0.4324 11539
1747977463573 0.432 11558
