1747891255370 2.302175283432007 0
1747891307214 2.1483871936798096 19
1747891359316 2.0615488290786743 38
1747891478787 2.060599207878113 40
1747891531043 2.0817623138427734 59
1747891583144 2.0793585777282715 78
1747891702905 2.247437357902527 80
1747891755298 2.0703728199005127 99
1747891808084 2.040830969810486 118
1747891928936 2.1265320777893066 120
1747891982220 2.039518117904663 139
1747892034809 2.025947093963623 158
1747892155589 2.3990299701690674 160
1747892208891 2.0413256883621216 179
1747892262261 2.0273213386535645 198
1747892383663 2.276310920715332 200
1747892437298 2.0194833278656006 219
1747892490690 1.9955624341964722 238
1747892612795 2.291132092475891 240
1747892666769 2.0025885105133057 259
1747892720316 1.9938721656799316 278
1747892842393 2.132158637046814 280
1747892895984 1.9890334010124207 299
1747892949617 1.9747121334075928 318
1747893072306 2.1004241704940796 320
1747893126233 1.9776042699813843 339
1747893179410 1.9580886960029602 358
1747893302303 2.2265089750289917 360
1747893356275 1.983685314655304 379
1747893410248 1.9604426622390747 398
1747893532821 2.1462037563323975 400
1747893586202 1.9589146971702576 419
1747893639639 1.9285492897033691 438
1747893762288 2.105027437210083 440
1747893825833 1.9480383396148682 459
1747893881027 1.9239065051078796 478
1747894003308 2.059235095977783 480
1747894057073 1.9331291317939758 499
1747894110666 1.9084277153015137 518
1747894233117 2.0215463638305664 520
1747894286480 1.9258686304092407 539
1747894339805 1.9046050310134888 558
1747894461888 2.007463812828064 560
1747894515275 1.9171419143676758 579
1747894569113 1.8954259753227234 598
1747894691036 1.887794315814972 600
1747894744134 1.9110512733459473 619
1747894796926 1.885090708732605 638
1747894917695 1.910106122493744 640
1747894976656 1.8833319544792175 659
1747895055608 1.874316394329071 678
1747895235150 1.8973680138587952 680
1747895312884 1.8743350505828857 699
1747895391407 1.8676415085792542 718
1747895569725 1.884584128856659 720
1747895648473 1.8656816482543945 739
1747895726169 1.8603180646896362 758
1747895903634 1.8752571940422058 760
1747895982211 1.8582432270050049 779
1747896059847 1.8531603813171387 798
1747896240205 1.865757405757904 800
1747896317950 1.8514384031295776 819
1747896396336 1.8468176126480103 838
1747896573137 1.8572347164154053 840
1747896650871 1.8446227312088013 859
1747896728116 1.8396291136741638 878
1747896906078 1.849634051322937 880
1747896983684 1.8381186127662659 899
1747897061904 1.8328505754470825 918
1747897240550 1.843071460723877 920
1747897319228 1.832118809223175 939
1747897397223 1.8270601034164429 958
1747897576537 1.8380281925201416 960
1747897655103 1.8269984126091003 979
1747897733577 1.8219627737998962 998
1747897912960 1.8334773778915405 1000
1747897991351 1.8224987387657166 1019
1747898069202 1.8171020150184631 1038
1747898248355 1.8281345963478088 1040
1747898326754 1.8180472254753113 1059
1747898404633 1.8127832412719727 1078
1747898583825 1.8222486972808838 1080
1747898661847 1.8139029741287231 1099
1747898740553 1.808761715888977 1118
1747898920028 1.8169596791267395 1120
1747898998525 1.8102393746376038 1139
1747899076487 1.8044506907463074 1158
1747899255847 1.8123263120651245 1160
1747899333220 1.8064543008804321 1179
1747899411143 1.80080246925354 1198
1747899589696 1.8086444735527039 1200
1747899667877 1.8026413917541504 1219
1747899745790 1.7967222332954407 1238
1747899924437 1.8051773309707642 1240
1747900002784 1.7984686493873596 1259
1747900081470 1.7923765778541565 1278
1747900260479 1.8011645078659058 1280
1747900338382 1.7937448620796204 1299
1747900410348 1.788091003894806 1318
1747900538701 1.7965010404586792 1320
1747900592883 1.788861334323883 1339
1747900646637 1.7834900617599487 1358
1747900768251 1.7913578748703003 1360
1747900820970 1.7835723757743835 1379
1747900873829 1.7789873480796814 1398
1747900995860 1.7866764664649963 1400
1747901049495 1.7786933779716492 1419
1747901102950 1.7746010422706604 1438
1747901224768 1.784774124622345 1440
1747901278106 1.7758356928825378 1459
1747901331686 1.7713400721549988 1478
1747901454376 1.777463972568512 1480
1747901510410 1.772275149822235 1499
1747901566599 1.7726689577102661 1518
1747901695127 1.7788023948669434 1520
1747901751110 1.7696727514266968 1539
1747901807319 1.7649105191230774 1558
1747901935753 1.7683327198028564 1560
1747901991444 1.7689905166625977 1579
1747902047675 1.7654926180839539 1598
1747902175800 1.7704745531082153 1600
1747902232013 1.7646485567092896 1619
1747902288697 1.7644445896148682 1638
1747902418550 1.7669023275375366 1640
1747902475277 1.7648977637290955 1659
1747902532526 1.7626727223396301 1678
1747902662071 1.763658046722412 1680
1747902718777 1.7632590532302856 1699
1747902775262 1.7609115839004517 1718
1747902905928 1.760974109172821 1720
1747902962991 1.762937843799591 1739
1747903020605 1.758961796760559 1758
1747903151071 1.7688663601875305 1760
1747903208055 1.7578707933425903 1779
1747903264577 1.7550761699676514 1798
1747903393807 1.7543981671333313 1800
1747903450535 1.7528448700904846 1819
1747903507492 1.7507290244102478 1838
1747903637507 1.7483611106872559 1840
1747903694622 1.750861406326294 1859
1747903751914 1.7476677894592285 1878
1747903882264 1.7470329999923706 1880
1747903938675 1.7489780187606812 1899
1747903995781 1.7458693385124207 1918
1747904126472 1.7454633116722107 1920
1747904183892 1.7473929524421692 1939
1747904241016 1.7441610097885132 1958
1747904371566 1.7440702319145203 1960
1747904428342 1.7420167326927185 1979
1747904503365 1.7416622638702393 1998
1747904645142 1.7417367100715637 2000
1747904703028 1.7390539646148682 2019
1747904759568 1.738767385482788 2038
1747904889895 1.7386367917060852 2040
1747904946991 1.7350467443466187 2059
1747905004191 1.7347214221954346 2078
1747905134237 1.7353149056434631 2080
1747905191286 1.7313591837882996 2099
1747905248224 1.7305739521980286 2118
1747905378674 1.7320896983146667 2120
1747905437177 1.7279675006866455 2139
1747905494354 1.726392388343811 2158
1747905625018 1.7290252447128296 2160
1747905682271 1.7250083088874817 2179
1747905739082 1.7225487232208252 2198
1747905869615 1.7259736061096191 2200
1747905927217 1.722902774810791 2219
1747905984600 1.71908837556839 2238
1747906115050 1.7231376767158508 2240
1747906172169 1.721265733242035 2259
1747906229088 1.7164788842201233 2278
1747906359231 1.7214423418045044 2280
1747906416867 1.7198330760002136 2299
1747906474130 1.7141815423965454 2318
1747906604862 1.725253939628601 2320
1747906661523 1.7145417928695679 2339
1747906718673 1.7144919633865356 2358
1747906848974 1.7144927382469177 2360
1747906905837 1.7132062911987305 2379
1747906962861 1.7112534046173096 2398
1747907092967 1.711574137210846 2400
1747907149972 1.7117584943771362 2419
1747907207101 1.7087422013282776 2438
1747907337132 1.709502398967743 2440
1747907394992 1.7099870443344116 2459
1747907452306 1.7063542604446411 2478
1747907582165 1.7073832154273987 2480
1747907638987 1.7084078788757324 2499
1747907696131 1.7044185996055603 2518
1747907827833 1.7052914500236511 2520
1747907884861 1.7064568400382996 2539
1747907941866 1.7025463581085205 2558
1747908071795 1.7030807733535767 2560
1747908128246 1.7046371698379517 2579
1747908185328 1.7007802724838257 2598
1747908314899 1.7013113498687744 2600
1747908371616 1.7029272317886353 2619
1747908428655 1.6994577646255493 2638
1747908558635 1.699893057346344 2640
1747908615219 1.6995893716812134 2659
1747908672461 1.6979034543037415 2678
1747908802286 1.6990985870361328 2680
1747908858861 1.7005566358566284 2699
1747908916255 1.6973764896392822 2718
1747909046005 1.6976850628852844 2720
1747909102388 1.6993900537490845 2739
1747909159278 1.6958789825439453 2758
1747909287911 1.6956990957260132 2760
1747909343878 1.6955376863479614 2779
1747909400943 1.6940876841545105 2798
1747909530410 1.6947203278541565 2800
1747909587197 1.694984495639801 2819
1747909643836 1.693554699420929 2838
1747909772923 1.6945836544036865 2840
1747909829645 1.6956884860992432 2859
1747909886464 1.6929478645324707 2878
1747910016358 1.6934778690338135 2880
1747910073129 1.6945812702178955 2899
1747910130116 1.6915730834007263 2918
1747910260410 1.6916420459747314 2920
1747910316911 1.692789912223816 2939
1747910374206 1.6899122595787048 2958
1747910503072 1.6894604563713074 2960
1747910559609 1.6908653378486633 2979
1747910615908 1.688182294368744 2998
1747910745550 1.6877813935279846 3000
1747910801873 1.6882917284965515 3019
1747910858736 1.68798166513443 3038
1747910987271 1.6872908473014832 3040
1747911043577 1.6881421208381653 3059
1747911100114 1.6859205961227417 3078
1747911228959 1.6857972145080566 3080
1747911286119 1.6864648461341858 3099
1747911342801 1.686084270477295 3118
1747911471986 1.6849351525306702 3120
1747911528344 1.6860707998275757 3139
1747911584724 1.6838497519493103 3158
1747911715193 1.6837050914764404 3160
1747911773129 1.6845530271530151 3179
1747911830725 1.6831519603729248 3198
1747911962843 1.6832323670387268 3200
1747912020874 1.6840268969535828 3219
1747912078245 1.681778073310852 3238
1747912210185 1.682823896408081 3240
1747912268184 1.6831071376800537 3259
1747912325365 1.6807454228401184 3278
1747912457590 1.6815452575683594 3280
1747912515269 1.6819568872451782 3299
1747912572990 1.6796109676361084 3318
1747912704589 1.6794408559799194 3320
1747912761942 1.6803074479103088 3339
1747912818582 1.6785611510276794 3358
1747912948493 1.6783902645111084 3360
1747913005546 1.6792285442352295 3379
1747913062539 1.6771271228790283 3398
1747913196139 1.677549958229065 3400
1747913255949 1.6783766746520996 3419
1747913315780 1.6759860515594482 3438
1747913452144 1.6766700744628906 3440
1747913511868 1.6772876977920532 3459
1747913572036 1.674858570098877 3478
1747913708413 1.675330102443695 3480
1747913768174 1.675802230834961 3499
1747913828440 1.6737094521522522 3518
1747913965266 1.6744332909584045 3520
1747914025660 1.6747607588768005 3539
1747914086066 1.6727249026298523 3558
1747914222487 1.6743581891059875 3560
1747914282301 1.674283504486084 3579
1747914342439 1.67166006565094 3598
1747914479044 1.6734497547149658 3600
1747914539167 1.6731640696525574 3619
1747914599002 1.6707749366760254 3638
1747914735595 1.6714484691619873 3640
1747914795028 1.6714705228805542 3659
1747914854867 1.6697288751602173 3678
1747914991590 1.670280635356903 3680
1747915051808 1.6707951426506042 3699
1747915111720 1.668550729751587 3718
1747915248527 1.6696537733078003 3720
1747915307939 1.6699544787406921 3739
1747915367470 1.667537271976471 3758
1747915503915 1.6694560647010803 3760
1747915564429 1.6692094802856445 3779
1747915625312 1.666650116443634 3798
1747915764029 1.6687936782836914 3800
1747915824704 1.6681180596351624 3819
1747915885905 1.6658134460449219 3838
1747916025415 1.6672897934913635 3840
1747916110631 1.6665430068969727 3859
1747916171960 1.6645491123199463 3878
1747916310900 1.6658990979194641 3880
1747916371732 1.6655438542366028 3899
1747916432679 1.663533329963684 3918
1747916571383 1.6656723618507385 3920
1747916632348 1.6647773385047913 3939
1747916693085 1.662515938282013 3958
1747916832300 1.6664167046546936 3960
1747916893235 1.664108395576477 3979
1747916954116 1.6615744233131409 3998
1747917093255 1.6668609976768494 4000
1747917154418 1.6628917455673218 4019
1747917215929 1.660668134689331 4038
1747917354977 1.666146457195282 4040
1747917416091 1.6611031889915466 4059
1747917476735 1.6594951152801514 4078
1747917614738 1.6650863289833069 4080
1747917675225 1.6596495509147644 4099
1747917735309 1.6583802103996277 4118
1747917872667 1.6642964482307434 4120
1747917932419 1.6589588522911072 4139
1747917992353 1.658095359802246 4158
1747918129258 1.6630831360816956 4160
1747918189194 1.6583927273750305 4179
1747918249402 1.657270073890686 4198
1747918386154 1.6610496044158936 4200
1747918446431 1.6579475402832031 4219
1747918507199 1.6558306217193604 4238
1747918645971 1.6607142090797424 4240
1747918706975 1.6567952632904053 4259
1747918768060 1.654970943927765 4278
1747918906964 1.6623070240020752 4280
1747918968218 1.6556612253189087 4299
1747919029109 1.6542909145355225 4318
1747919168099 1.6620856523513794 4320
1747919228641 1.6546545624732971 4339
1747919289732 1.653425693511963 4358
1747919429110 1.660160481929779 4360
1747919490222 1.6536160111427307 4379
1747919550965 1.6523404717445374 4398
1747919689568 1.6585899591445923 4400
1747919750477 1.6530519127845764 4419
1747919811855 1.6513235569000244 4438
1747919951048 1.658287763595581 4440
1747920012276 1.6522570252418518 4459
1747920073360 1.65052330493927 4478
1747920212710 1.6585399508476257 4480
1747920273609 1.6513342261314392 4499
1747920334299 1.649817705154419 4518
1747920473043 1.6581990718841553 4520
1747920534213 1.650574803352356 4539
1747920611629 1.6490800380706787 4558
1747920750484 1.6570504307746887 4560
1747920811530 1.6495990753173828 4579
1747920872263 1.6481338143348694 4598
1747921011673 1.655771255493164 4600
1747921072855 1.648884117603302 4619
1747921133502 1.6472299695014954 4638
1747921271619 1.654965877532959 4640
1747921332050 1.6481356620788574 4659
1747921392810 1.646285057067871 4678
1747921530567 1.6547079682350159 4680
1747921590699 1.6473702788352966 4699
1747921651008 1.6455132365226746 4718
1747921788824 1.6539509892463684 4720
1747921849681 1.6468396186828613 4739
1747921910460 1.6448304653167725 4758
1747922048013 1.6527023911476135 4760
1747922108614 1.6460370421409607 4779
1747922169413 1.644016444683075 4798
1747922306720 1.6515518426895142 4800
1747922367504 1.6453576683998108 4819
1747922453466 1.6432728171348572 4838
1747922591949 1.6517052054405212 4840
1747922652398 1.6443527936935425 4859
1747922713256 1.642589807510376 4878
1747922851863 1.652829349040985 4880
1747922912416 1.6433634757995605 4899
1747922973875 1.64190274477005 4918
1747923112113 1.6512123942375183 4920
1747923172687 1.6427528262138367 4939
1747923233703 1.6410777568817139 4958
1747923372862 1.6495126485824585 4960
1747923433852 1.6421262621879578 4979
1747923494738 1.6401392817497253 4998
1747923632764 1.6489818096160889 5000
1747923698279 1.641376256942749 5019
1747923777251 1.639212191104889 5038
1747923954499 1.649211347103119 5040
1747924032269 1.6403253078460693 5059
1747924110648 1.6384853720664978 5078
1747924288922 1.648458182811737 5080
1747924367257 1.639572262763977 5099
1747924445872 1.637636959552765 5118
1747924624018 1.647106647491455 5120
1747924701923 1.6389709115028381 5139
1747924780277 1.6368336081504822 5158
1747924958485 1.6468032598495483 5160
1747925036419 1.6379848718643188 5179
1747925114702 1.635970950126648 5198
1747925293161 1.6462796330451965 5200
1747925371645 1.637116014957428 5219
1747925449458 1.6352053880691528 5238
1747925646593 1.6452056169509888 5240
1747925724817 1.636396050453186 5259
1747925803496 1.6344259977340698 5278
1747925982006 1.6447582244873047 5280
1747926060069 1.6356050372123718 5299
1747926141932 1.6336491107940674 5318
1747926344684 1.6435522437095642 5320
1747926438307 1.6350550651550293 5339
1747926517190 1.6338138580322266 5358
1747926696294 1.64015793800354 5360
1747926774511 1.6353203654289246 5379
1747926852970 1.6333867907524109 5398
1747927031456 1.6381851434707642 5400
1747927109437 1.6352884769439697 5419
1747927187993 1.6316747069358826 5438
1747927366247 1.6416497826576233 5440
1747927444755 1.6331360340118408 5459
1747927523031 1.631159484386444 5478
1747927700998 1.6443645358085632 5480
1747927778479 1.6319178938865662 5499
1747927856411 1.6306305527687073 5518
1747928034534 1.642142653465271 5520
1747928112750 1.631476879119873 5539
1747928190339 1.6297890543937683 5558
1747928368124 1.63938570022583 5560
1747928446622 1.6310113668441772 5579
1747928525207 1.6288790702819824 5598
1747928703257 1.6402376890182495 5600
1747928781135 1.6300236582756042 5619
1747928859493 1.628171682357788 5638
1747929037602 1.6402406096458435 5640
1747929115268 1.6291927099227905 5659
1747929192920 1.627417266368866 5678
1747929371157 1.6384136080741882 5680
1747929448911 1.6288138628005981 5699
1747929527287 1.6266234517097473 5718
1747929704407 1.626656413078308 5720
1747929782748 1.6269282698631287 5739
1747929860353 1.6262937784194946 5758
1747930037826 1.627898633480072 5760
1747930115672 1.6268652081489563 5779
1747930193373 1.625314712524414 5798
1747930371399 1.627977967262268 5800
1747930449478 1.6260813474655151 5819
1747930527447 1.624535322189331 5838
1747930705109 1.627609670162201 5840
1747930782486 1.6252795457839966 5859
1747930860542 1.6238576173782349 5878
1747931038113 1.626869261264801 5880
1747931116128 1.6246166229248047 5899
1747931193356 1.6231159567832947 5918
1747931370764 1.6258149147033691 5920
1747931448905 1.624066412448883 5939
1747931527039 1.622368335723877 5958
1747931704323 1.6252241134643555 5960
1747931781856 1.6232337355613708 5979
1747931859332 1.6216646432876587 5998
1747932036802 1.6249070167541504 6000
1747932114852 1.6224780082702637 6019
1747932192286 1.6210580468177795 6038
1747932369221 1.6241979002952576 6040
1747932447137 1.621812641620636 6059
1747932524257 1.6202949285507202 6078
1747932700598 1.6233873963356018 6080
1747932778113 1.6212589740753174 6099
1747932855393 1.6196268796920776 6118
1747933032081 1.6227071285247803 6120
1747933109922 1.620644986629486 6139
1747933188073 1.6189929246902466 6158
1747933364985 1.6224008202552795 6160
1747933442517 1.619990587234497 6179
1747933520310 1.6183459758758545 6198
1747933698471 1.6217278838157654 6200
1747933775769 1.6194650530815125 6219
1747933854019 1.6178393959999084 6238
1747934032217 1.6206013560295105 6240
1747934109989 1.6191454529762268 6259
1747934188397 1.6172598004341125 6278
1747934366882 1.6205998063087463 6280
1747934444746 1.618324100971222 6299
1747934523173 1.61659175157547 6318
1747934701195 1.6201764941215515 6320
1747934779605 1.6177468299865723 6339
1747934857053 1.6167913675308228 6358
1747935035157 1.6192744970321655 6360
1747935113180 1.6174706816673279 6379
1747935191005 1.6155632138252258 6398
1747935369235 1.6174569129943848 6400
1747935447493 1.617675542831421 6419
1747935525405 1.6153386235237122 6438
1747935705103 1.6168981790542603 6440
1747935783615 1.6171458959579468 6459
1747935862219 1.614837646484375 6478
1747936040991 1.6168065667152405 6480
1747936119212 1.616360366344452 6499
1747936198158 1.614295244216919 6518
1747936377733 1.6166126132011414 6520
1747936456069 1.6156637072563171 6539
1747936534896 1.6138267517089844 6558
1747936714805 1.6124621033668518 6560
1747936793930 1.6133823990821838 6579
1747936872198 1.6133729815483093 6598
1747937053365 1.6128662824630737 6600
1747937131753 1.6140921115875244 6619
1747937210772 1.6129544973373413 6638
1747937390927 1.6122989058494568 6640
1747937469563 1.6137887835502625 6659
1747937548861 1.6127370595932007 6678
1747937728148 1.611837923526764 6680
1747937806789 1.6134464740753174 6699
1747937886374 1.612257957458496 6718
1747938066652 1.6113313436508179 6720
1747938167434 1.6130117177963257 6739
1747938246754 1.6118367910385132 6758
1747938426496 1.6107902526855469 6760
1747938505255 1.6126412153244019 6779
1747938584378 1.611411690711975 6798
1747938764384 1.6102312803268433 6800
1747938843802 1.61225163936615 6819
1747938922571 1.6110321283340454 6838
1747939102792 1.6097584962844849 6840
1747939181992 1.6118268966674805 6859
1747939260105 1.6105110049247742 6878
1747939439795 1.6092292666435242 6880
1747939518848 1.6114973425865173 6899
1747939598019 1.6102350354194641 6918
1747939777324 1.6088955998420715 6920
1747939855607 1.6110968589782715 6939
1747939934733 1.6100496053695679 6958
1747940114529 1.6084887385368347 6960
1747940192993 1.6107444167137146 6979
1747940271962 1.609855592250824 6998
1747940452145 1.6080381870269775 7000
1747940531546 1.6104024052619934 7019
1747940609903 1.6097299456596375 7038
1747940788934 1.6076425313949585 7040
1747940867749 1.6099060773849487 7059
1747940946086 1.6093177795410156 7078
1747941125849 1.6075807809829712 7080
1747941204563 1.6089013814926147 7099
1747941282773 1.608608365058899 7118
1747941461977 1.6073522567749023 7120
1747941540854 1.6088899374008179 7139
1747941618835 1.6086419224739075 7158
1747941795458 1.6072089076042175 7160
1747941872941 1.608807921409607 7179
1747941950854 1.6083893775939941 7198
1747942128459 1.6069990992546082 7200
1747942206065 1.6086502075195312 7219
1747942284214 1.6081454157829285 7238
1747942461636 1.6066835522651672 7240
1747942539526 1.608281672000885 7259
1747942616917 1.6081472635269165 7278
1747942794762 1.6064417958259583 7280
1747942872904 1.6080219745635986 7299
1747942950351 1.6076524257659912 7318
1747943127393 1.606085181236267 7320
1747943205533 1.6076919436454773 7339
1747943283160 1.60762619972229 7358
1747943461012 1.6058954000473022 7360
1747943539251 1.6073511242866516 7379
1747943616763 1.60701185464859 7398
1747943795051 1.605539083480835 7400
1747943873425 1.607161819934845 7419
1747943951738 1.6067765951156616 7438
1747944129405 1.6053121089935303 7440
1747944206521 1.6067851185798645 7459
1747944284957 1.6067768335342407 7478
1747944463534 1.60517156124115 7480
1747944541358 1.6064774990081787 7499
1747944619681 1.6065234541893005 7518
1747944799998 1.6048684120178223 7520
1747944877668 1.606301188468933 7539
1747944954731 1.6060406565666199 7558
1747945127000 1.6045958399772644 7560
1747945203046 1.6059994101524353 7579
1747945278540 1.6061015129089355 7598
1747945467554 1.6043067574501038 7600
1747945542543 1.6057616472244263 7619
1747945618307 1.605604887008667 7638
1747945790514 1.60409414768219 7640
1747945865652 1.6056004166603088 7659
1747945941336 1.605327308177948 7678
1747946112384 1.6037493348121643 7680
1747946187283 1.6053375601768494 7699
1747946262208 1.6051907539367676 7718
1747946433009 1.6035253405570984 7720
1747946508394 1.605085551738739 7739
1747946583013 1.6050848960876465 7758
1747946754354 1.6035125851631165 7760
1747946829216 1.6047638058662415 7779
1747946903773 1.6047024726867676 7798
1747947075894 1.6031675338745117 7800
1747947151407 1.604561984539032 7819
1747947225846 1.6045076847076416 7838
1747947397999 1.602954387664795 7840
1747947472895 1.6044322848320007 7859
1747947547672 1.6043869853019714 7878
1747947718410 1.6027034521102905 7880
1747947793371 1.6041916608810425 7899
1747947867921 1.6040737628936768 7918
1747948038825 1.6025839447975159 7920
1747948114137 1.6040846109390259 7939
1747948189554 1.6041878461837769 7958
1747948361421 1.6024633646011353 7960
1747948436277 1.6037615537643433 7979
1747948511664 1.6037214994430542 7998
1747948684324 1.6022073030471802 8000
1747948758968 1.6037009954452515 8019
1747948834419 1.6036961674690247 8038
1747949005635 1.6021085381507874 8040
1747949079911 1.603377342224121 8059
1747949154479 1.6034509539604187 8078
1747949325460 1.6017716526985168 8080
1747949400279 1.6031874418258667 8099
1747949475333 1.6030758619308472 8118
1747949645541 1.6015905141830444 8120
1747949719825 1.6030148267745972 8139
1747949794853 1.603072166442871 8158
1747949965759 1.6013731360435486 8160
1747950040429 1.6027631163597107 8179
1747950115564 1.6028878092765808 8198
1747950286715 1.6012653708457947 8200
1747950361106 1.60272878408432 8219
1747950436009 1.6025540828704834 8238
1747950607191 1.6009250283241272 8240
1747950681497 1.6024280190467834 8259
1747950756548 1.602391004562378 8278
1747950927169 1.6006991863250732 8280
1747951001894 1.6021772027015686 8299
1747951076866 1.602038860321045 8318
1747951246645 1.6005972623825073 8320
1747951320775 1.6020253896713257 8339
1747951395318 1.601888120174408 8358
1747951566075 1.600324034690857 8360
1747951640970 1.6017484068870544 8379
1747951715504 1.601767361164093 8398
1747951886795 1.6003261804580688 8400
1747951961939 1.6016485095024109 8419
1747952036169 1.6015018224716187 8438
1747952207094 1.5999186038970947 8440
1747952282138 1.601399838924408 8459
1747952356761 1.6012896299362183 8478
1747952527940 1.5998592972755432 8480
1747952602981 1.6012877821922302 8499
1747952677709 1.6012717485427856 8518
1747952847971 1.5996990203857422 8520
1747952922505 1.6009671688079834 8539
1747952996981 1.6010002493858337 8558
1747953168273 1.5994340777397156 8560
1747953243776 1.600702166557312 8579
1747953318685 1.6007639169692993 8598
1747953490329 1.599325180053711 8600
1747953569773 1.6006475687026978 8619
1747953644661 1.600640058517456 8638
1747953816406 1.5990851521492004 8640
1747953892000 1.6004424095153809 8659
1747953967347 1.6003425121307373 8678
1747954138602 1.5989490151405334 8680
1747954213255 1.600300133228302 8699
1747954288655 1.600232720375061 8718
1747954460072 1.5986722111701965 8720
1747954535234 1.599967360496521 8739
1747954610679 1.5998745560646057 8758
1747954781950 1.598576843738556 8760
1747954857179 1.5999367237091064 8779
1747954931617 1.5997354984283447 8798
1747955103180 1.5983360409736633 8800
1747955178616 1.5996963381767273 8819
1747955253324 1.5996952652931213 8838
1747955425094 1.5981650948524475 8840
1747955500747 1.5993903279304504 8859
1747955576373 1.5993122458457947 8878
1747955748225 1.5979653000831604 8880
1747955823370 1.599319577217102 8899
1747955899000 1.5993284583091736 8918
1747956070511 1.597778558731079 8920
1747956146257 1.5990179181098938 8939
1747956221518 1.5989813208580017 8958
1747956392754 1.5975500345230103 8960
1747956468241 1.5988041162490845 8979
1747956543269 1.5987681150436401 8998
1747956715764 1.5973848700523376 9000
1747956791307 1.5986613631248474 9019
1747956866377 1.5986002683639526 9038
1747957038710 1.597261369228363 9040
1747957113915 1.5985168814659119 9059
1747957189210 1.5983627438545227 9078
1747957360593 1.5969493389129639 9080
1747957435380 1.598298728466034 9099
1747957510967 1.5982727408409119 9118
1747957682361 1.5967949628829956 9120
1747957757454 1.598078966140747 9139
1747957832990 1.5979341864585876 9158
1747958003858 1.596554696559906 9160
1747958079357 1.5978686213493347 9179
1747958154699 1.5977121591567993 9198
1747958326089 1.5964248776435852 9200
1747958400794 1.597706139087677 9219
1747958475845 1.5975841879844666 9238
1747958645623 1.5962610840797424 9240
1747958720851 1.5975003242492676 9259
1747958796129 1.5974026322364807 9278
1747958966464 1.5960180759429932 9280
1747959041416 1.5972073674201965 9299
1747959116378 1.597115159034729 9318
1747959287403 1.5958020687103271 9320
1747959361687 1.5970200300216675 9339
1747959436601 1.597048819065094 9358
1747959607243 1.59567791223526 9360
1747959682443 1.5968788266181946 9379
1747959757718 1.5967527627944946 9398
1747959928787 1.5954822301864624 9400
1747960002980 1.5966923832893372 9419
1747960077918 1.596617043018341 9438
1747960248442 1.595268726348877 9440
1747960323667 1.596556842327118 9459
1747960399023 1.5962883830070496 9478
1747960570013 1.5950165390968323 9480
1747960645529 1.5963127613067627 9499
1747960720510 1.5961860418319702 9518
1747960891907 1.5948374271392822 9520
1747960967357 1.5961441397666931 9539
1747961041951 1.595959484577179 9558
1747961213188 1.5946487188339233 9560
1747961288231 1.5959075689315796 9579
1747961363197 1.5956881046295166 9598
1747961534031 1.5944836139678955 9600
1747961608181 1.5957172513008118 9619
1747961683139 1.5955737233161926 9638
1747961854328 1.594311535358429 9640
1747961928798 1.5955998301506042 9659
1747962003459 1.5953368544578552 9678
1747962174155 1.594146192073822 9680
1747962249252 1.5953992009162903 9699
1747962324639 1.595110535621643 9718
1747962495484 1.5939335823059082 9720
1747962569950 1.5952355861663818 9739
1747962645405 1.5949617624282837 9758
1747962816720 1.5936776995658875 9760
1747962891353 1.5949891805648804 9779
1747962966491 1.5946451425552368 9798
1747963137827 1.5933587551116943 9800
1747963212239 1.5947056412696838 9819
1747963287148 1.5944930911064148 9838
1747963456814 1.5931995511054993 9840
1747963532228 1.5944386720657349 9859
1747963607609 1.5942106246948242 9878
1747963779539 1.5930542945861816 9880
1747963854520 1.5943150520324707 9899
1747963930053 1.5940872430801392 9918
1747964101396 1.5929102301597595 9920
1747964176325 1.5941722393035889 9939
1747964251956 1.593923032283783 9958
1747964423692 1.5926362872123718 9960
1747964498358 1.5939033031463623 9979
1747964573788 1.5936458706855774 9998
1747964743219 1.592470645904541 10000
1747964817694 1.5937103629112244 10019
1747964892041 1.5934996604919434 10038
1747965061764 1.5922422409057617 10040
1747965135330 1.5935571193695068 10059
1747965209727 1.593380093574524 10078
1747965379322 1.5920699834823608 10080
1747965453837 1.5933438539505005 10099
1747965528989 1.5930842161178589 10118
1747965699289 1.591805338859558 10120
1747965772657 1.593095600605011 10139
1747965846604 1.5928515195846558 10158
1747966016053 1.5915977358818054 10160
1747966089508 1.592710554599762 10179
1747966163633 1.5927284359931946 10198
1747966331887 1.591446578502655 10200
1747966405902 1.5927509665489197 10219
1747966479703 1.5925557017326355 10238
1747966649158 1.5912306904792786 10240
1747966723502 1.5924811363220215 10259
1747966798529 1.59231299161911 10278
1747966974544 1.5910029411315918 10280
1747967053134 1.5922951698303223 10299
1747967131648 1.592233419418335 10318
1747967311439 1.5908621549606323 10320
1747967390373 1.5919268131256104 10339
1747967468706 1.591983437538147 10358
1747967648791 1.5907832980155945 10360
1747967727778 1.592021644115448 10379
1747967806319 1.5918607711791992 10398
1747967985469 1.5905242562294006 10400
1747968064435 1.5918295979499817 10419
1747968142411 1.59168940782547 10438
1747968322122 1.5903066992759705 10440
1747968401111 1.5915555357933044 10459
1747968478996 1.5913527011871338 10478
1747968658869 1.5900575518608093 10480
1747968737394 1.5913112163543701 10499
1747968816123 1.5912282466888428 10518
1747968996035 1.58982652425766 10520
1747969074425 1.5910655856132507 10539
1747969153351 1.5910392999649048 10558
1747969333306 1.5897217392921448 10560
1747969411849 1.5908086895942688 10579
1747969491065 1.5907815098762512 10598
1747969671096 1.5895490646362305 10600
1747969749847 1.590753197669983 10619
1747969828932 1.590696632862091 10638
1747970009020 1.589298665523529 10640
1747970087310 1.5905823111534119 10659
1747970166087 1.5905296802520752 10678
1747970345805 1.5891348123550415 10680
1747970424263 1.590364158153534 10699
1747970503165 1.5903319120407104 10718
1747970682647 1.5890219807624817 10720
1747970760983 1.5902283787727356 10739
1747970839996 1.5901175737380981 10758
1747971012360 1.588807463645935 10760
1747971088295 1.5899983048439026 10779
1747971164024 1.589905560016632 10798
1747971336849 1.5885369777679443 10800
1747971413357 1.5896729230880737 10819
1747971488932 1.5897589921951294 10838
1747971664478 1.5884987115859985 10840
1747971741371 1.589747667312622 10859
1747971817863 1.5895852446556091 10878
1747971993736 1.5881515741348267 10880
1747972070542 1.5893166661262512 10899
1747972146944 1.589408278465271 10918
1747972324840 1.588090717792511 10920
1747972402754 1.5893502831459045 10939
1747972479697 1.5892587304115295 10958
1747972656699 1.58791846036911 10960
1747972734637 1.5891638398170471 10979
1747972811566 1.5890780091285706 10998
1747972988919 1.587613582611084 11000
1747973066199 1.5888997316360474 11019
1747973144432 1.5889001488685608 11038
1747973321969 1.5874369144439697 11040
1747973399186 1.5887107253074646 11059
1747973477116 1.5885915160179138 11078
1747973654411 1.587158977985382 11080
1747973731669 1.5885902047157288 11099
1747973809455 1.5883679389953613 11118
1747973986203 1.5869593620300293 11120
1747974063511 1.5882669687271118 11139
1747974141276 1.5881869792938232 11158
1747974317537 1.5868645906448364 11160
1747974395436 1.5880081057548523 11179
1747974473281 1.588068962097168 11198
1747974649855 1.586634337902069 11200
1747974727447 1.5880310535430908 11219
1747974804545 1.5878698825836182 11238
1747974982003 1.5865228772163391 11240
1747975059367 1.5877789855003357 11259
1747975137254 1.5877254605293274 11278
1747975314787 1.5863234996795654 11280
1747975391802 1.5876522660255432 11299
1747975469621 1.587482511997223 11318
1747975646586 1.586199700832367 11320
1747975724766 1.5872575044631958 11339
1747975802076 1.5874109864234924 11358
1747975979480 1.586025595664978 11360
1747976057512 1.587378978729248 11379
1747976134855 1.5872432589530945 11398
1747976311970 1.5858814120292664 11400
1747976389776 1.5871715545654297 11419
1747976467168 1.5870278477668762 11438
1747976644363 1.585696280002594 11440
1747976722260 1.5870267152786255 11459
1747976799456 1.586836338043213 11478
1747976975998 1.5855553150177002 11480
1747977054022 1.5868786573410034 11499
1747977130958 1.5866469740867615 11518
1747977308344 1.585412085056305 11520
1747977385817 1.5866742134094238 11539
1747977463573 1.5864319205284119 11558
