1747300950650 2.120560125871138 0
1747300953540 2.118208321658048 1
1747300956235 2.116322734139182 2
1747300958920 2.1142804622650146 3
1747300961605 2.1125235124067827 4
1747300964512 2.110897801139138 5
1747300967229 2.109555331143466 6
1747300969907 2.108005306937478 7
1747300972600 2.1067490577697754 8
1747300975308 2.1054759242317895 9
1747300978210 2.1043020378459585 10
1747300980883 2.1031646728515625 11
1747300983562 2.1021127700805664 12
1747300986272 2.10123779556968 13
1747300989182 2.10020206191323 14
1747300991881 2.099156293002042 15
1747300994600 2.098235086961226 16
1747300997299 2.097372900355946 17
1747301000185 2.096491965380582 18
1747301003062 2.095775019038807 19
1747301005781 2.0948459668592974 20
1747301008499 2.0940951867537065 21
1747301011421 2.093275937167081 22
1747301014106 2.092795653776689 23
1747301016779 2.091922413219105 24
1747301019450 2.090995528481223 25
1747301022114 2.090229186144742 26
1747301025014 2.0894590507854116 27
1747301027670 2.0887330011887983 28
1747301030323 2.0880826820026743 29
1747301032966 2.0873583446849477 30
1747301035828 2.086619832298972 31
1747301038503 2.085842089219527 32
1747301041175 2.0852574001659048 33
1747301043880 2.0845188444310967 34
1747301046572 2.0837698849764736 35
1747301049457 2.083278179168701 36
1747301052135 2.0824747302315454 37
1747301055038 2.081635756926103 38
1747301057949 2.0810717235911977 39
1747301180140 2.119451869617809 40
1747301182925 2.1172308054837314 41
1747301185723 2.115565365011042 42
1747301188615 2.1136566292155874 43
1747301191396 2.1120257811112837 44
1747301194164 2.1105996695431797 45
1747301196974 2.1092645688490435 46
1747301199780 2.107862212441184 47
1747301202583 2.1066076972267846 48
1747301205372 2.105511491948908 49
1747301208155 2.104338841004805 50
1747301210800 2.1032390811226587 51
1747301213548 2.102301922711459 52
1747301216344 2.101347489790483 53
1747301219214 2.1002520647915928 54
1747301221975 2.099285906011408 55
1747301224763 2.0983717658303003 56
1747301227558 2.097557956522161 57
1747301230464 2.096818880601363 58
1747301233474 2.096259268847379 59
1747301236235 2.095429918982766 60
1747301238997 2.094498179175637 61
1747301241867 2.0936256538737905 62
1747301244645 2.0928409316323022 63
1747301247454 2.092161763798107 64
1747301250118 2.0914048064838755 65
1747301252896 2.090663042935458 66
1747301255676 2.0896893848072398 67
1747301258474 2.088827306574041 68
1747301261349 2.088088620792736 69
1747301264159 2.0875461751764472 70
1747301266939 2.0866796753623267 71
1747301269725 2.086009047248147 72
1747301272624 2.0853556502949107 73
1747301275434 2.0846184600483286 74
1747301278126 2.0839293870058926 75
1747301280940 2.083154808391224 76
1747301283646 2.082504250786521 77
1747301286561 2.081970453262329 78
1747301288996 2.081506620753895 79
1747301409671 2.07846416126598 80
1747301412369 2.0770967223427514 81
1747301415200 2.0759867538105357 82
1747301417939 2.074997815218839 83
1747301420672 2.0740457231348213 84
1747301423401 2.073097055608576 85
1747301426260 2.0724779692563144 86
1747301429008 2.07143818248402 87
1747301431733 2.0708380178971724 88
1747301434580 2.0698746767911045 89
1747301437338 2.0689913576299492 90
1747301440097 2.06833570653742 91
1747301442556 2.067576668479226 92
1747301445431 2.0669446858492764 93
1747301448153 2.066128969192505 94
1747301450876 2.0654484792189165 95
1747301453595 2.064699974927035 96
1747301456448 2.0640380816026167 97
1747301459183 2.063292134891857 98
1747301462125 2.062632842497392 99
1747301464860 2.061918540434404 100
1747301467551 2.0612131465565073 101
1747301470232 2.060683163729581 102
1747301472900 2.0599925084547563 103
1747301475698 2.059225082397461 104
1747301478391 2.058650992133401 105
1747301481074 2.0579120245846836 106
1747301483502 2.057318253950639 107
1747301486300 2.0568870197642934 108
1747301488987 2.0561276999386875 109
1747301491677 2.0555803125554863 110
1747301494368 2.0549758564342153 111
1747301497061 2.054134173826738 112
1747301499746 2.053601763465188 113
1747301502444 2.053193309090354 114
1747301505153 2.0527556159279565 115
1747301507964 2.0521957007321445 116
1747301510667 2.0514289032329214 117
1747301513553 2.0510684576901523 118
1747301516343 2.050161773508245 119
1747301635986 2.0490728725086558 120
1747301638413 2.047916434027932 121
1747301641215 2.0468859672546387 122
1747301643912 2.045954639261419 123
1747301646620 2.0453567938371138 124
1747301649421 2.0445752794092353 125
1747301652129 2.043914404782382 126
1747301654844 2.0432640205730093 127
1747301657531 2.0428687875921074 128
1747301660343 2.0419767553156074 129
1747301663046 2.0416867516257544 130
1747301665743 2.0410895997827705 131
1747301668441 2.040481285615401 132
1747301670897 2.0400497913360596 133
1747301673585 2.0396105376156894 134
1747301676292 2.0389665473591196 135
1747301678996 2.038641994649714 136
1747301681825 2.0380798036401924 137
1747301684531 2.0378350127827036 138
1747301687418 2.037594188343395 139
1747301690232 2.03709077835083 140
1747301692927 2.03700252012773 141
1747301695626 2.0363481911745938 142
1747301698317 2.0357794761657715 143
1747301701132 2.0355171723799272 144
1747301703808 2.034958535974676 145
1747301706510 2.0347751704129307 146
1747301708954 2.034369403665716 147
1747301711768 2.033828366886486 148
1747301714455 2.0335075855255127 149
1747301717148 2.03338115865534 150
1747301719840 2.0329833680933174 151
1747301722665 2.0325357697226782 152
1747301725381 2.0324048779227515 153
1747301728086 2.0321416638114234 154
1747301730890 2.0318709070032295 155
1747301733613 2.0316220847043125 156
1747301736316 2.0312020778656006 157
1747301739232 2.0307859507474033 158
1747301742047 2.030573779886419 159
1747301861737 2.035129503770308 160
1747301864537 2.034296664324674 161
1747301867241 2.0335840311917392 162
1747301869942 2.032888976010409 163
1747301872641 2.0323180718855425 164
1747301875448 2.031863646073775 165
1747301878148 2.031498605554754 166
1747301880846 2.03111592206088 167
1747301883545 2.030849673531272 168
1747301886238 2.0300816622647373 169
1747301888948 2.029856573451649 170
1747301891650 2.0293591022491455 171
1747301894349 2.029024991122159 172
1747301896903 2.028782931241122 173
1747301899605 2.0283494862643154 174
1747301902306 2.027919119054621 175
1747301905115 2.027633222666654 176
1747301907835 2.0274124362251977 177
1747301910534 2.027082551609386 178
1747301913445 2.027023120359941 179
1747301916156 2.0266043923117896 180
1747301918848 2.026377872987227 181
1747301921555 2.025960748845881 182
1747301924249 2.025622107765891 183
1747301927061 2.0253295464949175 184
1747301929747 2.0250179984352807 185
1747301932450 2.024815385991877 186
1747301934892 2.0244263302196157 187
1747301937715 2.0241938937794077 188
1747301940411 2.023844848979603 189
1747301943120 2.02365365895358 190
1747301945914 2.0233624414964155 191
1747301948625 2.023272687738592 192
1747301951328 2.0234914909709585 193
1747301954034 2.0229341008446435 194
1747301956846 2.0226740620353003 195
1747301959544 2.022167747670954 196
1747301962246 2.021916151046753 197
1747301965159 2.021736405112527 198
1747301967989 2.0217436010187324 199
1747302088050 2.0330432545055044 200
1747302090611 2.0321601087396797 201
1747302093318 2.0316693132573906 202
1747302096035 2.031189875169234 203
1747302098791 2.0307340838692407 204
1747302101621 2.030060226267034 205
1747302104373 2.029661937193437 206
1747302107128 2.029166676781394 207
1747302109980 2.029178879477761 208
1747302112720 2.0286413756283848 209
1747302115473 2.028050032528964 210
1747302118212 2.0279617092826148 211
1747302121060 2.027687831358476 212
1747302123771 2.027214938944036 213
1747302126497 2.0267902937802402 214
1747302128934 2.026405442844738 215
1747302131751 2.026113575155085 216
1747302134472 2.0258786895058374 217
1747302137227 2.0254595279693604 218
1747302140157 2.025132005864924 219
1747302142998 2.0248747738924893 220
1747302145732 2.0246311751278965 221
1747302148489 2.024296608838168 222
1747302151350 2.0243621305985884 223
1747302154097 2.024030338634144 224
1747302156808 2.023734786293723 225
1747302159516 2.0233110297809946 226
1747302162332 2.022931684147228 227
1747302165050 2.0227139646356758 228
1747302167546 2.02256855097684 229
1747302170304 2.0223640745336358 230
1747302173158 2.0222736488689077 231
1747302175916 2.022434711456299 232
1747302178656 2.0224522894079033 233
1747302181514 2.0216113979166206 234
1747302184255 2.0213942636143076 235
1747302186999 2.0208114060488613 236
1747302189721 2.0206603787162085 237
1747302192766 2.0202974622899834 238
1747302195493 2.020184733650901 239
1747302317607 2.027396570552479 240
1747302320330 2.0264469276775015 241
1747302323055 2.02587890625 242
1747302325915 2.0251462242820044 243
1747302328689 2.0247499509291216 244
1747302331186 2.024389852177013 245
1747302333939 2.0240451205860484 246
1747302336804 2.0237773331728848 247
1747302339569 2.0234498110684482 248
1747302342299 2.023063529621471 249
1747302345044 2.022431481968273 250
1747302347924 2.022113951769742 251
1747302350669 2.021683692932129 252
1747302353422 2.021535049785267 253
1747302356290 2.021134864200245 254
1747302359053 2.0207682956348765 255
1747302361801 2.0205397605895996 256
1747302364272 2.0203866958618164 257
1747302367153 2.020076188174161 258
1747302370066 2.0197223966771904 259
1747302372763 2.0195493047887627 260
1747302375501 2.019062464887446 261
1747302378375 2.018822518261996 262
1747302381131 2.018713604320179 263
1747302383844 2.018384890122847 264
1747302386721 2.018009901046753 265
1747302389473 2.017869169061834 266
1747302392234 2.0176662531766025 267
1747302394996 2.0172683975913306 268
1747302397853 2.0171084620735864 269
1747302400578 2.016818805174394 270
1747302403039 2.0166104923595083 271
1747302405776 2.0168614387512207 272
1747302408635 2.016542001204057 273
1747302411366 2.016117139296098 274
1747302414115 2.015884897925637 275
1747302416983 2.015667200088501 276
1747302419738 2.015240344134244 277
1747302422642 2.014930486679077 278
1747302425392 2.0145892880179663 279
1747302547503 2.0199729312549937 280
1747302550370 2.0191995230588047 281
1747302553108 2.0186457200483843 282
1747302555859 2.018104379827326 283
1747302558589 2.0180222771384497 284
1747302561434 2.017652294852517 285
1747302563885 2.017364025115967 286
1747302566640 2.0168980251659048 287
1747302569376 2.016478657722473 288
1747302572261 2.0159916335886177 289
1747302574990 2.015746669335799 290
1747302577730 2.0154304937882856 291
1747302580472 2.015277299014005 292
1747302583323 2.014837134968151 293
1747302586090 2.0148125128312544 294
1747302588848 2.014339251951738 295
1747302591738 2.0141432827169243 296
1747302594486 2.0136958360671997 297
1747302597239 2.013466098091819 298
1747302600193 2.0132343118840996 299
1747302602790 2.0132213722575796 300
1747302605530 2.0131036151539194 301
1747302608262 2.0124140327627007 302
1747302611004 2.0121465487913652 303
1747302613834 2.0120485479181465 304
1747302616574 2.0117084871638906 305
1747302619318 2.0113445520401 306
1747302622137 2.011130679737438 307
1747302624863 2.0112072229385376 308
1747302627637 2.0107692805203525 309
1747302630405 2.010539911010049 310
1747302633250 2.010384516282515 311
1747302635723 2.0103857083754106 312
1747302638472 2.0098708217794243 313
1747302641207 2.0094951066103848 314
1747302644065 2.009247812357816 315
1747302646816 2.009063254703175 316
1747302649581 2.0088786753741177 317
1747302652638 2.0088246193799106 318
1747302655384 2.00851250778545 319
1747302777809 2.0126203406940806 320
1747302780575 2.011819525198503 321
1747302783301 2.0112257328900425 322
1747302785900 2.01081459088759 323
1747302788669 2.01083796674555 324
1747302791438 2.010413234884089 325
1747302794199 2.0102645592256025 326
1747302797078 2.0098682641983032 327
1747302799844 2.0095236734910444 328
1747302802591 2.0092285546389492 329
1747302805329 2.00876539403742 330
1747302808091 2.00856258652427 331
1747302810824 2.008166790008545 332
1747302813575 2.008002519607544 333
1747302816416 2.007586945186962 334
1747302819196 2.0076183514161543 335
1747302821708 2.0070318525487725 336
1747302824479 2.0068786577744917 337
1747302827231 2.006498271768743 338
1747302830204 2.0064250989393755 339
1747302832949 2.0060830333016137 340
1747302835707 2.005787719379772 341
1747302838593 2.00567073171789 342
1747302841345 2.0056029558181763 343
1747302844083 2.0051276033574883 344
1747302846831 2.0047412785616787 345
1747302849699 2.004576563835144 346
1747302852424 2.0044492916627363 347
1747302855137 2.004057840867476 348
1747302857884 2.0038643316789106 349
1747302860601 2.0038317333568227 350
1747302863062 2.0035113963213833 351
1747302865792 2.003225413235751 352
1747302868678 2.0027734583074395 353
1747302871442 2.00254610451785 354
1747302874196 2.0023856488141147 355
1747302876934 2.002046823501587 356
1747302879795 2.0019663030450996 357
1747302882739 2.00154972076416 358
1747302885489 2.001285596327348 359
1747303006552 2.0036707899787207 360
1747303009236 2.002885168248957 361
1747303011951 2.0025381500070747 362
1747303014654 2.002088568427346 363
1747303017398 2.001624833453785 364
1747303019833 2.001813444224271 365
1747303022646 2.001212000846863 366
1747303025370 2.001061287793246 367
1747303028084 2.000333775173534 368
1747303030780 1.9999268705194646 369
1747303033585 1.9995984380895442 370
1747303036311 1.9993734901601619 371
1747303039023 1.9990471493114124 372
1747303041841 1.9986966306513005 373
1747303044544 1.9984057924964211 374
1747303047275 1.9981790564276956 375
1747303049971 1.9979280558499424 376
1747303052668 1.9975709156556563 377
1747303055102 1.9975465427745471 378
1747303058051 1.9972595626657659 379
1747303060772 1.9968935467980125 380
1747303063608 1.9966407797553323 381
1747303066342 1.9967386614192615 382
1747303069088 1.9962562322616577 383
1747303071827 1.9962708191438154 384
1747303074668 1.9956445368853482 385
1747303077415 1.9953020811080933 386
1747303080166 1.9950496283444492 387
1747303083050 1.9947328567504883 388
1747303085775 1.9944036115299573 389
1747303088524 1.9941244667226619 390
1747303091006 1.9937463456934148 391
1747303093870 1.9936827204444192 392
1747303096620 1.9934720126065342 393
1747303099380 1.9933140169490466 394
1747303102137 1.9926870194348423 395
1747303104906 1.9925651225176724 396
1747303107672 1.9924272298812866 397
1747303110600 1.992349993098866 398
1747303113408 1.9918134104121814 399
1747303234728 1.9949303648688577 400
1747303237481 1.9945207725871692 401
1747303240215 1.9936747767708518 402
1747303242910 1.993340795690363 403
1747303245614 1.9928216175599531 404
1747303248424 1.9924043200232766 405
1747303251126 1.9921598651192405 406
1747303253554 1.9918227737600154 407
1747303256277 1.9914065599441528 408
1747303258990 1.9913652810183438 409
1747303261686 1.9907917217774824 410
1747303264377 1.990615183656866 411
1747303267231 1.9902369650927456 412
1747303269936 1.9898326613686301 413
1747303272638 1.989593039859425 414
1747303275326 1.9893716465343128 415
1747303278184 1.989338289607655 416
1747303280917 1.988823413848877 417
1747303283640 1.9886086095463147 418
1747303286580 1.9882948832078413 419
1747303289448 1.9884588068181819 420
1747303291929 1.9879973368211226 421
1747303294661 1.9877018928527832 422
1747303297400 1.9874007376757534 423
1747303300291 1.9871687238866633 424
1747303303045 1.9868199716914783 425
1747303305807 1.9863453778353604 426
1747303308665 1.986156940460205 427
1747303311401 1.9858551675623113 428
1747303314130 1.9855926470323042 429
1747303316864 1.985449725931341 430
1747303319734 1.9851332361047918 431
1747303322477 1.9848663156682795 432
1747303325192 1.9847050688483499 433
1747303327956 1.9844055067409168 434
1747303330537 1.9842276573181152 435
1747303333264 1.9840809431943027 436
1747303335979 1.9838155182925137 437
1747303339042 1.9836469346826726 438
1747303341786 1.9833011410453103 439
1747303463644 1.9854536056518555 440
1747303466389 1.9850002852353184 441
1747303469152 1.9843764955347234 442
1747303472027 1.9841483289545232 443
1747303474756 1.9836909987709739 444
1747303477243 1.9833181229504673 445
1747303480010 1.9832289760762996 446
1747303482872 1.9825619675896384 447
1747303485614 1.9823334325443616 448
1747303488357 1.982210722836581 449
1747303491091 1.982317870313471 450
1747303493924 1.9819549322128296 451
1747303496665 1.9814089211550625 452
1747303499424 1.981244986707514 453
1747303502180 1.9809827912937512 454
1747303505032 1.980647780678489 455
1747303507769 1.9803319627588445 456
1747303510526 1.9800731377168135 457
1747303513112 1.9799018881537698 458
1747303516330 1.9799121401526711 459
1747303518806 1.979976307262074 460
1747303521543 1.9793358390981501 461
1747303524400 1.9790701432661577 462
1747303527154 1.9788190668279475 463
1747303529917 1.9787190393968062 464
1747303532679 1.9785555709492078 465
1747303535527 1.978143106807362 466
1747303538278 1.9779934341257268 467
1747303541007 1.9777971289374612 468
1747303543854 1.9775346192446621 469
1747303546582 1.9771052165464922 470
1747303549325 1.977215203371915 471
1747303551821 1.9771697521209717 472
1747303554681 1.977111285383051 473
1747303557421 1.9765601483258335 474
1747303560175 1.9762946258891712 475
1747303562913 1.9765523780475964 476
1747303565754 1.9759368246251887 477
1747303568676 1.9755654443394055 478
1747303571388 1.9753999276594683 479
1747303692842 1.978552753275091 480
1747303695584 1.977867375720631 481
1747303698454 1.9773380322889849 482
1747303701209 1.9771644527261907 483
1747303703941 1.976859374479814 484
1747303706674 1.9763006405396895 485
1747303709523 1.976010647687045 486
1747303712275 1.9758077968250622 487
1747303714725 1.9755119193683972 488
1747303717459 1.9753803556615657 489
1747303720196 1.9750574285333806 490
1747303722915 1.9746551513671875 491
1747303725635 1.9744821786880493 492
1747303728482 1.9742451581087979 493
1747303731187 1.9742429473183372 494
1747303733886 1.9739673354408958 495
1747303736619 1.974102952263572 496
1747303739481 1.9734353694048794 497
1747303742225 1.9730297543785789 498
1747303745158 1.9727838906374844 499
1747303747646 1.9729695211757312 500
1747303750544 1.9726502136750654 501
1747303753279 1.9723166660829023 502
1747303756010 1.972059434110468 503
1747303758862 1.9719109751961448 504
1747303761605 1.9715165875174783 505
1747303764344 1.971419171853499 506
1747303767090 1.9712936769832263 507
1747303769952 1.9712005745280872 508
1747303772690 1.970907363024625 509
1747303775400 1.9706750891425393 510
1747303778132 1.9704069657759233 511
1747303780986 1.9702080271460793 512
1747303783718 1.9700903459028765 513
1747303786202 1.9699555093591863 514
1747303788961 1.9699226942929355 515
1747303791834 1.969475876201283 516
1747303794587 1.9693540768189863 517
1747303797537 1.9692582542246038 518
1747303800274 1.9691437807950107 519
1747303922308 1.975393078543923 520
1747303925032 1.9741865288127551 521
1747303927760 1.973946137861772 522
1747303930482 1.9733899615027688 523
1747303933302 1.973188270222057 524
1747303936024 1.9727756435220891 525
1747303938527 1.9726164124228738 526
1747303941279 1.9723684137517756 527
1747303944128 1.9721174240112305 528
1747303946871 1.9720184477892788 529
1747303949605 1.9715740355578335 530
1747303952350 1.9713925339958884 531
1747303955216 1.9711169329556553 532
1747303957951 1.971148826859214 533
1747303960715 1.9708620418201794 534
1747303963567 1.9704498702829534 535
1747303966310 1.9704486348412253 536
1747303969040 1.9699998660521074 537
1747303971769 1.9699231711300937 538
1747303974539 1.9697405099868774 539
1747303977258 1.9698114070025357 540
1747303979978 1.9696045138619163 541
1747303982697 1.9696029858155684 542
1747303985401 1.9689175324006514 543
1747303988138 1.968667593869296 544
1747303990898 1.9686084118756382 545
1747303993656 1.9684714404019443 546
1747303996531 1.9685433344407515 547
1747303999283 1.968459963798523 548
1747304002041 1.9679908535697244 549
1747304004868 1.96772470257499 550
1747304007326 1.967483856461265 551
1747304010038 1.9672389030456543 552
1747304012722 1.9674000089818782 553
1747304015526 1.9668704704804854 554
1747304018284 1.966742840680209 555
1747304021005 1.9665770205584439 556
1747304023732 1.9662913192402234 557
1747304026778 1.966120178049261 558
1747304029504 1.9659184434197166 559
1747304150663 1.9699354605241255 560
1747304153410 1.9691007787531072 561
1747304156134 1.968602267178622 562
1747304158989 1.968147104436701 563
1747304161728 1.9679622866890647 564
1747304164186 1.9677122939716687 565
1747304166894 1.9674498709765347 566
1747304169772 1.9670426412062212 567
1747304172504 1.9668718359687112 568
1747304175251 1.9667665524916216 569
1747304177999 1.9664736010811545 570
1747304180868 1.966343955560164 571
1747304183590 1.9659388715570623 572
1747304186322 1.9657923741774126 573
1747304189064 1.9659132090481846 574
1747304191789 1.9658174081282183 575
1747304194506 1.9653470082716509 576
1747304197221 1.9649061181328513 577
1747304199692 1.9649339372461492 578
1747304202614 1.9647075696425005 579
1747304205314 1.9644158645109697 580
1747304208058 1.9643292210318826 581
1747304210897 1.9641959775577893 582
1747304213643 1.9638941287994385 583
1747304216367 1.9638320424339988 584
1747304219222 1.9638622457330877 585
1747304221977 1.9637030254710803 586
1747304224711 1.963853424245661 587
1747304227436 1.9634308815002441 588
1747304230285 1.96323561668396 589
1747304233003 1.9626181342385032 590
1747304235476 1.9625118103894321 591
1747304238210 1.9625560261986472 592
1747304241054 1.9624484885822644 593
1747304243772 1.9619731361215764 594
1747304246498 1.961872241713784 595
1747304249247 1.9616329669952393 596
1747304252116 1.961411172693426 597
1747304255050 1.9612930579618975 598
1747304257764 1.9612656073136763 599
