1747887563376 2.302175283432007 0
1747887612910 2.1483752727508545 19
1747887662424 2.0612728595733643 38
1747887778107 2.0553447008132935 40
1747887827595 2.082474708557129 59
1747887877296 2.077929735183716 78
1747887992373 2.1332902908325195 80
1747888042498 2.0578643083572388 99
1747888092783 2.0428704023361206 118
1747888209502 2.1046478748321533 120
1747888260064 2.047478675842285 139
1747888310533 2.021128296852112 158
1747888426933 2.070569634437561 160
1747888477289 2.0334105491638184 179
1747888527528 2.0041157603263855 198
1747888643594 2.0466020107269287 200
1747888693834 2.004969358444214 219
1747888744223 1.9850242733955383 238
1747888860951 2.004124343395233 240
1747888911141 1.9871259331703186 259
1747888961925 1.9578821659088135 278
1747889078532 1.984578549861908 280
1747889129075 1.9636606574058533 299
1747889179591 1.9364603757858276 318
