1747298030755 2.301801085472107 0
1747298255196 2.2931445837020874 1
1747298479579 2.2821273803710938 2
1747298708844 2.2679308652877808 3
1747298940142 2.2503782510757446 4
1747299172568 2.2296090126037598 5
1747299406276 2.2070409059524536 6
1747299639307 2.183234930038452 7
1747299872259 2.1596386432647705 8
1747300103960 2.138129711151123 9
1747300334031 2.12053906917572 10
1747300564160 2.107224225997925 11
1747300796020 2.099916934967041 12
1747301027310 2.0965113639831543 13
1747301258813 2.0936514139175415 14
1747301490818 2.091000199317932 15
1747301722535 2.0883612632751465 16
1747301954043 2.0856289863586426 17
1747302185599 2.082951307296753 18
1747302416247 2.080124258995056 19
1747302647062 2.0771310329437256 20
1747302877867 2.0741182565689087 21
1747303109994 2.0711148977279663 22
1747303342066 2.067925453186035 23
1747303574159 2.064464807510376 24
1747303806766 2.0612738132476807 25
1747304035106 2.0578829050064087 26
1747304261445 2.0545921325683594 27
