1750196573852 2.0780092239379884 0
1750198161382 1.9712339639663696 1
1750199693379 1.9160120964050293 2
1750201222114 1.880535888671875 3
1750202784888 1.8459360122680664 4
1750204373049 1.8190534591674805 5
1750205962576 1.8008270263671875 6
1750207555641 1.8146929025650025 7
1750209126545 2.11849365234375 8
1750210649843 1.802780270576477 9
1750212189657 1.9562021493911743 10
1750213775063 1.802943754196167 11
1750215369982 2.0898969173431396 12
1750216964079 1.7616664171218872 13
1750218556999 1.7540835380554198 14
1750220086387 1.7540514945983887 15
1750221619985 2.0037667512893678 16
1750223187820 1.7437225341796876 17
1750224803028 1.7700627326965332 18
1750226399230 1.8779510974884033 19
1750227992857 1.8018598079681396 20
1750229537284 1.7674081563949584 21
1750231072092 1.7238664388656617 22
1750232635290 1.7433000326156616 23
1750234226611 1.7393943548202515 24
1750235821050 1.8070245027542113 25
1750237413956 1.8986248254776001 26
1750238968928 1.7955329179763795 27
1750240520884 1.9531006574630738 28
1750242085456 1.772409200668335 29
1750243678550 1.7633620023727417 30
1750245272005 1.7426345348358154 31
1750246865388 1.845976710319519 32
1750248455121 1.7564390420913696 33
1750249982231 1.7858397483825683 34
1750251523831 1.6975226640701293 35
1750253108139 1.756472110748291 36
1750254704403 1.6911735773086547 37
1750256303122 1.9023021697998046 38
1750257901565 1.6558594226837158 39
1750259468265 1.6269706964492798 40
1750261003089 1.6664337873458863 41
1750262554867 1.788386869430542 42
1750264158534 1.8156128406524659 43
1750265756463 1.8532553434371948 44
1750267356140 1.6335270404815674 45
1750268956297 1.6159397125244142 46
1750270485893 1.6155681371688844 47
1750272025693 1.6563333511352538 48
1750273596411 1.7675238847732544 49
1750275193959 1.8007416009902955 50
1750276794053 1.73118097782135 51
1750278394686 1.67778480052948 52
1750279955324 1.6496571063995362 53
1750281491809 1.6611484050750733 54
1750283047920 1.6348822593688965 55
1750284648089 1.6667509078979492 56
1750286246129 1.6496710300445556 57
1750287848839 1.7032380819320678 58
1750289442588 1.6582964420318604 59
1750290973399 1.695384955406189 60
1750292519106 1.6445823431015014 61
1750294110844 1.689534640312195 62
1750295711116 1.638790202140808 63
1750297312253 1.687187671661377 64
1750298914052 1.623204493522644 65
1750300458039 1.6598408937454223 66
1750301998132 1.647327446937561 67
1750303565941 1.7417482137680054 68
1750305166288 1.664921474456787 69
1750306766728 1.6562737703323365 70
1750308370050 1.6390970706939698 71
1750309964996 1.6000061988830567 72
1750311496022 1.5784450054168702 73
1750313040155 1.565317440032959 74
1750314626252 1.5641968727111817 75
1750316226081 1.5623532772064208 76
1750317826329 1.5628520011901856 77
1750319425102 1.5628864526748658 78
1750320966226 1.5625471830368043 79
1750322503314 1.5739784717559815 80
1750324064821 1.5885474681854248 81
1750325662493 1.6045197010040284 82
1750327260596 1.675962209701538 83
1750328859972 1.6112463474273682 84
1750330431643 1.5875384092330933 85
1750331967294 1.5523112058639525 86
1750333521025 1.5491146564483642 87
1750335118557 1.547974443435669 88
1750336717683 1.5457666873931886 89
1750338318581 1.5452086925506592 90
1750339917557 1.5439589023590088 91
1750341446000 1.5434102773666383 92
1750342988315 1.5419299364089967 93
1750344566907 1.5401214838027955 94
1750346166603 1.5398363828659059 95
1750347766767 1.5414716958999635 96
1750349365208 1.5389057636260985 97
1750350924957 1.53909330368042 98
1750352458928 1.5377865552902221 99
1750354006434 1.5373353958129883 100
1750355605499 1.5463170528411865 101
1750357204943 1.5506689071655273 102
1750358803453 1.5843250274658203 103
1750360370817 1.5768985509872437 104
1750361899688 1.635164165496826 105
1750363442762 1.5626021385192872 106
1750365039319 1.5416179895401 107
1750366636228 1.5354385137557984 108
