1749093799102 2.302373766899109 0
1749093872723 2.168846368789673 19
1749093946544 2.0665756464004517 38
1749094271192 2.2001869678497314 40
1749094344526 2.055478096008301 59
1749094417523 2.007409155368805 78
1749094746215 2.2278387546539307 80
1749094820523 2.004295766353607 99
1749094894534 1.9938657879829407 118
1749095225808 2.284585475921631 120
1749095300313 2.002908945083618 139
1749095375256 1.9755983352661133 158
1749095707913 2.2149953842163086 160
1749095783283 1.9839894771575928 179
1749095858179 1.961158037185669 198
1749096191471 2.18918776512146 200
1749096267039 1.9794519543647766 219
1749096341988 1.9582538604736328 238
1749096679649 2.218124270439148 240
1749096755021 1.9755456447601318 259
1749096830959 1.9653922319412231 278
1749097171157 2.233386278152466 280
1749097247227 1.9715576767921448 299
1749097322917 1.9512503743171692 318
1749097661390 2.1928220987319946 320
1749097737423 1.9580773711204529 339
1749097813054 1.9338034987449646 358
1749098152572 2.180685043334961 360
1749098229134 1.9454751014709473 379
1749098305574 1.9279771447181702 398
1749098644467 2.144358515739441 400
1749098721098 1.9422607421875 419
1749098797341 1.911490023136139 438
1749099137236 2.123352289199829 440
1749099213183 1.9295796155929565 459
1749099287943 1.9161328673362732 478
1749099624062 2.1349294185638428 480
1749099699442 1.9433785676956177 499
1749099774379 1.9261474609375 518
1749100110819 2.124444007873535 520
1749100187011 1.9279105067253113 539
1749100263860 1.9098311066627502 558
1749100607993 2.083945393562317 560
1749100685353 1.9186279773712158 579
1749100761973 1.9070808291435242 598
1749101106551 1.9991272687911987 600
1749101184070 1.9116212129592896 619
1749101260774 1.8899641036987305 638
1749101604439 1.9446263313293457 640
1749101681865 1.893112301826477 659
1749101758116 1.8807951211929321 678
1749102099078 1.9684519171714783 680
1749102175576 1.899741291999817 699
1749102252115 1.8844756484031677 718
1749102595221 1.9475178122520447 720
1749102672251 1.8868250250816345 739
1749102749024 1.8776512145996094 758
1749103090274 1.9315131902694702 760
1749103167950 1.8931671977043152 779
1749103244985 1.8733131289482117 798
1749103586995 1.924331784248352 800
1749103662148 1.8780298829078674 819
1749103737718 1.8707215785980225 838
1749104077342 1.9808360934257507 840
1749104154383 1.8854965567588806 859
1749104231452 1.860943853855133 878
1749104574846 2.002531111240387 880
1749104652021 1.882293462753296 899
1749104728789 1.8656535744667053 918
1749105072926 2.0315364599227905 920
1749105149140 1.885128676891327 939
1749105225966 1.8674544095993042 958
1749105568765 2.060320496559143 960
1749105645306 1.8796918988227844 979
1749105722250 1.8675457835197449 998
1749106065410 2.0523842573165894 1000
1749106141907 1.8788408637046814 1019
1749106219064 1.8605754375457764 1038
1749106565143 2.0584176778793335 1040
1749106642329 1.8795589804649353 1059
1749106720170 1.8552354574203491 1078
1749107066303 2.012272357940674 1080
1749107142419 1.8691664934158325 1099
1749107217811 1.8557960391044617 1118
1749107555662 2.018010377883911 1120
1749107630970 1.8658855557441711 1139
1749107706954 1.8520207405090332 1158
1749108045005 2.007106304168701 1160
1749108120426 1.8624053597450256 1179
1749108197856 1.8491584062576294 1198
1749108543750 1.999666452407837 1200
1749108620710 1.8699053525924683 1219
1749108698135 1.8403427600860596 1238
1749109041953 2.0267369747161865 1240
1749109119138 1.8648138046264648 1259
1749109196538 1.837141752243042 1278
1749109541135 2.0780354738235474 1280
1749109617900 1.8669716715812683 1299
1749109695327 1.8384049534797668 1318
1749110040543 2.036908984184265 1320
1749110117870 1.8574728965759277 1339
1749110193237 1.8338457345962524 1358
1749110532085 1.9901366233825684 1360
1749110607962 1.8498303890228271 1379
1749110683319 1.828899323940277 1398
1749111023689 2.005373477935791 1400
1749111099594 1.8511981964111328 1419
1749111176259 1.8249594569206238 1438
1749111517227 2.1079280376434326 1440
1749111593259 1.8499629497528076 1459
1749111670710 1.82896488904953 1478
1749112018619 2.104840397834778 1480
1749112095282 1.842155635356903 1499
1749112171749 1.8245797753334045 1518
1749112515456 2.056172728538513 1520
1749112592240 1.837541103363037 1539
1749112668244 1.822033941745758 1558
1749113005178 2.18724262714386 1560
1749113080477 1.8432374000549316 1579
1749113156042 1.8305193781852722 1598
1749113493702 2.3867701292037964 1600
1749113569006 1.8452931642532349 1619
1749113644649 1.8392093181610107 1638
1749113984142 2.4211578369140625 1640
1749114060033 1.8501478433609009 1659
1749114135826 1.840049147605896 1678
1749114475274 2.4855576753616333 1680
1749114551117 1.8613864183425903 1699
1749114627951 1.8416541814804077 1718
1749114972194 2.774121046066284 1720
1749115049163 1.884375274181366 1739
1749115125687 1.8412048816680908 1758
1749115469633 2.7709853649139404 1760
1749115546767 1.8878164291381836 1779
1749115622944 1.8417929410934448 1798
1749115965326 2.7972233295440674 1800
1749116042445 1.8930391073226929 1819
1749116118882 1.8423979878425598 1838
1749116459908 2.8022520542144775 1840
1749116536583 1.8952245116233826 1859
1749116612147 1.8422659039497375 1878
1749116949736 2.3508840799331665 1880
1749117024786 1.884645938873291 1899
1749117101197 1.8400031328201294 1918
1749117442705 2.5273444652557373 1920
1749117519113 1.883829951286316 1939
1749117595816 1.847037672996521 1958
1749117937408 2.3759790658950806 1960
1749118012665 1.8861116766929626 1979
1749118089331 1.8436753153800964 1998
1749118429982 2.541253447532654 2000
1749118506462 1.8906386494636536 2019
1749118583268 1.8519296646118164 2038
1749118922703 2.8845587968826294 2040
1749118997974 1.9196386933326721 2059
1749119073889 1.8659905791282654 2078
1749119411763 2.446613073348999 2080
1749119487873 1.890029788017273 2099
1749119563100 1.8511978387832642 2118
1749119898338 4.169723033905029 2120
1749119973062 1.9839497804641724 2139
1749120048265 1.9132432341575623 2158
1749120387362 2.4180828332901 2160
1749120463374 1.8704277873039246 2179
1749120539529 1.830519199371338 2198
1749120879307 4.533595085144043 2200
1749120955326 1.9935705065727234 2219
1749121031524 1.9167512655258179 2238
1749121373157 4.701807498931885 2240
1749121448772 1.9985652565956116 2259
1749121525122 1.9212400913238525 2278
1749121865807 2.3439743518829346 2280
1749121942287 1.9029636979103088 2299
1749122018322 1.8436908721923828 2318
1749122358512 3.4108351469039917 2320
1749122434288 1.9553622603416443 2339
1749122509661 1.8859517574310303 2358
1749122851318 5.10010290145874 2360
1749122928005 2.012768030166626 2379
1749123004723 1.9326344728469849 2398
1749123347692 2.178070902824402 2400
1749123424091 1.859267234802246 2419
1749123500829 1.8165887594223022 2438
1749123843414 2.0972477197647095 2440
1749123920182 1.8441697359085083 2459
1749123997305 1.8111868500709534 2478
1749124335297 5.213585138320923 2480
1749124411444 2.0163711309432983 2499
1749124487517 1.9286531209945679 2518
1749124828298 3.8139740228652954 2520
1749124904297 1.9764977097511292 2539
1749124979304 1.9014981985092163 2558
1749125321568 2.3132569789886475 2560
1749125397210 1.918303906917572 2579
1749125474004 1.8537122011184692 2598
1749125820047 4.88112473487854 2600
1749125896515 1.9814462065696716 2619
1749125972782 1.9079244136810303 2638
1749126318892 5.287949562072754 2640
1749126395413 1.9875476956367493 2659
1749126473015 1.9147252440452576 2678
1749126819506 2.5210245847702026 2680
1749126896517 1.8950846195220947 2699
1749126973200 1.8421157598495483 2718
1749127316018 4.2743141651153564 2720
1749127391735 1.979586124420166 2739
1749127468644 1.9106228947639465 2758
1749127811399 5.977190256118774 2760
1749127887942 1.9979409575462341 2779
1749127964758 1.9229277968406677 2798
1749128310597 2.3588491678237915 2800
1749128386674 1.888062834739685 2819
1749128463438 1.826053500175476 2838
1749128806934 4.079740285873413 2840
1749128884275 1.9789969325065613 2859
1749128961809 1.9127512574195862 2878
1749129302918 5.94073486328125 2880
1749129378573 1.9951591491699219 2899
1749129454556 1.9218220114707947 2918
1749129800109 2.449769377708435 2920
1749129877206 1.884781002998352 2939
1749129954199 1.820667326450348 2958
1749130298355 5.7218852043151855 2960
1749130374850 1.9929734468460083 2979
1749130452230 1.921180546283722 2998
1749130799220 5.290111780166626 3000
1749130876602 1.9940646290779114 3019
1749130954222 1.9222737550735474 3038
1749131300739 2.60206401348114 3040
1749131377982 1.9176132082939148 3059
1749131455444 1.8493617177009583 3078
1749131799802 5.3870697021484375 3080
1749131876216 2.0091116428375244 3099
1749131951829 1.9417695999145508 3118
1749132292625 2.7829883098602295 3120
1749132369206 1.9293291568756104 3139
1749132445633 1.851004719734192 3158
1749132786478 4.658851146697998 3160
1749132862938 2.0282262563705444 3179
1749132938829 1.9493641257286072 3198
1749133276951 6.1548662185668945 3200
1749133351873 2.0193105936050415 3219
1749133427274 1.9327064752578735 3238
1749133765505 5.586987257003784 3240
1749133840769 2.0259203910827637 3259
1749133916660 1.9343562126159668 3278
1749134254001 8.574178695678711 3280
1749134329534 2.120849370956421 3299
1749134406003 1.9909305572509766 3318
1749134747326 3.4011948108673096 3320
1749134822591 1.9153287410736084 3339
1749134897448 1.86959308385849 3358
1749135234723 4.87833309173584 3360
1749135310113 1.8578158020973206 3379
1749135386052 1.789275348186493 3398
1749135724361 2.2791714668273926 3400
1749135800293 1.8145502805709839 3419
1749135875790 1.7698044180870056 3438
1749136214087 2.850652813911438 3440
1749136289335 1.8256246447563171 3459
1749136365255 1.7761603593826294 3478
1749136706939 2.8790442943573 3480
1749136785391 1.84737229347229 3499
1749136863451 1.773312747478485 3518
1749137205691 2.447378635406494 3520
1749137281569 1.8328697681427002 3539
1749137358906 1.763711929321289 3558
1749137699191 2.3687095642089844 3560
1749137774703 1.8258697390556335 3579
1749137850777 1.7656152844429016 3598
1749138189331 1.8337631225585938 3600
1749138265043 1.7425965666770935 3619
1749138341172 1.7391135692596436 3638
1749138679669 1.841818630695343 3640
1749138755527 1.7420722246170044 3659
1749138832057 1.7354218363761902 3678
1749139176180 1.8378214836120605 3680
1749139252195 1.7426093220710754 3699
1749139329142 1.7300236225128174 3718
1749139672215 1.8108840584754944 3720
1749139749415 1.7449200749397278 3739
1749139826362 1.7247825264930725 3758
1749140169238 1.789037048816681 3760
1749140246234 1.732665240764618 3779
1749140322109 1.724760353565216 3798
1749140662622 1.7853485345840454 3800
1749140738700 1.7383828163146973 3819
1749140815424 1.7317494750022888 3838
1749141158388 1.8009960055351257 3840
1749141234480 1.7364224195480347 3859
1749141310716 1.7238925695419312 3878
1749141656646 1.8156460523605347 3880
1749141733470 1.7338789105415344 3899
1749141810111 1.7219796180725098 3918
1749142154938 1.8203574419021606 3920
1749142231357 1.7331945896148682 3939
1749142308281 1.7217805981636047 3958
1749142651537 1.811559796333313 3960
1749142727939 1.732119381427765 3979
1749142802673 1.72295081615448 3998
1749143139516 1.7903105020523071 4000
1749143214538 1.7399213314056396 4019
1749143291002 1.7293039560317993 4038
1749143628392 1.7767453789710999 4040
1749143703194 1.7361454963684082 4059
1749143778525 1.722106397151947 4078
1749144116969 1.772617757320404 4080
1749144193579 1.736567735671997 4099
1749144269781 1.7210413217544556 4118
1749144610960 1.7712010145187378 4120
1749144687127 1.735859751701355 4139
1749144763324 1.7203208208084106 4158
1749145104365 1.7736754417419434 4160
1749145180937 1.7308896780014038 4179
1749145258032 1.7179087400436401 4198
1749145601249 1.8030524253845215 4200
1749145677740 1.7352563738822937 4219
1749145753958 1.7252131700515747 4238
1749146094494 1.8425119519233704 4240
1749146170188 1.7344226837158203 4259
1749146246618 1.7202223539352417 4278
1749146584851 1.8681315183639526 4280
1749146660061 1.734516680240631 4299
1749146734818 1.7187144756317139 4318
1749147071897 1.8730720281600952 4320
1749147146763 1.7316831946372986 4339
1749147222125 1.718600332736969 4358
1749147559849 1.8512733578681946 4360
1749147635897 1.7282328605651855 4379
1749147711492 1.7229233980178833 4398
1749148052005 1.8158265352249146 4400
1749148128208 1.7367113828659058 4419
1749148203823 1.7285457253456116 4438
1749148592840 1.798553705215454 4440
1749148704651 1.7302821278572083 4459
1749148814716 1.7188729047775269 4478
1749149305184 1.7990294694900513 4480
1749149414985 1.7267308831214905 4499
1749149524022 1.7145401239395142 4518
1749150013175 1.805259644985199 4520
1749150121492 1.7270342707633972 4539
1749150230583 1.7192742228507996 4558
1749150722759 1.8259189128875732 4560
1749150833507 1.7258394956588745 4579
1749150944106 1.725597321987152 4598
1749151439327 1.8604744672775269 4600
1749151549010 1.7353271842002869 4619
1749151658897 1.7267429828643799 4638
1749152154169 1.8825580477714539 4640
1749152264455 1.7287104725837708 4659
1749152374474 1.723793864250183 4678
1749152865740 1.8784711956977844 4680
1749152965336 1.730873942375183 4699
1749153061677 1.7250660061836243 4718
1749153490261 1.8633222579956055 4720
1749153584273 1.7340497374534607 4739
1749153678149 1.7266130447387695 4758
1749154098484 1.8457129001617432 4760
1749154192576 1.7264227271080017 4779
1749154285972 1.7255151867866516 4798
1749154706959 1.8406745195388794 4800
1749154800193 1.7323881387710571 4819
1749154893180 1.723693311214447 4838
1749155313299 1.859270989894867 4840
1749155406381 1.7338157296180725 4859
1749155499363 1.7262340784072876 4878
1749155919129 1.8908469080924988 4880
1749156012083 1.7279824018478394 4899
1749156105183 1.7249988913536072 4918
1749156524867 1.9139766693115234 4920
1749156618530 1.722893238067627 4939
1749156711736 1.7214807271957397 4958
1749157131899 1.9240174889564514 4960
1749157225375 1.722270667552948 4979
1749157318584 1.7196957468986511 4998
1749157738825 1.9107381105422974 5000
1749157831905 1.7211238145828247 5019
1749157925410 1.7218260169029236 5038
1749158345241 1.8875036239624023 5040
1749158438681 1.728432059288025 5059
1749158531581 1.724354326725006 5078
1749158949846 1.8773561120033264 5080
1749159043393 1.7312997579574585 5099
1749159136187 1.7245770692825317 5118
1749159556589 1.8807462453842163 5120
1749159649721 1.7302951216697693 5139
1749159743432 1.7242505550384521 5158
1749160164629 1.8921534419059753 5160
1749160258261 1.7270947098731995 5179
1749160352268 1.7239761352539062 5198
1749160772643 1.9158895611763 5200
1749160866319 1.7200135588645935 5219
1749160959305 1.7225791811943054 5238
1749161377577 1.9122968912124634 5240
1749161470526 1.7226642370224 5259
1749161561325 1.7230016589164734 5278
1749162000700 1.8969002962112427 5280
1749162097600 1.7294936180114746 5299
1749162195261 1.723043143749237 5318
1749162632337 1.8777583837509155 5320
1749162730300 1.7266654968261719 5339
1749162827412 1.7237547039985657 5358
1749163264581 1.871574342250824 5360
1749163361313 1.7205569744110107 5379
1749163458131 1.7242748141288757 5398
1749163893964 1.8823780417442322 5400
1749163990811 1.7265868782997131 5419
1749164087554 1.723244309425354 5438
1749164523770 1.9041398763656616 5440
1749164620588 1.730601966381073 5459
1749164717424 1.722421109676361 5478
1749165153698 1.91939377784729 5480
1749165250449 1.7267131805419922 5499
1749165347615 1.7220431566238403 5518
1749165782640 1.9157918691635132 5520
1749165880068 1.727878451347351 5539
1749165976743 1.721916139125824 5558
1749166411854 1.883876085281372 5560
1749166508289 1.7229030132293701 5579
1749166604834 1.7230523824691772 5598
1749167039214 1.8723291754722595 5600
1749167135881 1.7247270941734314 5619
1749167233077 1.7219812870025635 5638
1749167666696 1.8846966624259949 5640
1749167763006 1.7200129628181458 5659
1749167858981 1.7221850752830505 5678
1749168293260 1.8965738415718079 5680
1749168389791 1.7224990725517273 5699
1749168486320 1.7222797870635986 5718
1749168920779 1.9200623631477356 5720
1749169017340 1.7282091975212097 5739
1749169113937 1.7209773659706116 5758
1749169548637 1.9123210906982422 5760
1749169644908 1.7245489358901978 5779
1749169742229 1.721169888973236 5798
1749170177019 1.894570231437683 5800
1749170273425 1.718417465686798 5819
1749170370055 1.7213112711906433 5838
1749170805285 1.8810240626335144 5840
1749170901981 1.719165325164795 5859
1749170998770 1.7164740562438965 5878
1749171432189 1.8859163522720337 5880
1749171529152 1.7276447415351868 5899
1749171625609 1.7195594906806946 5918
1749172059439 1.8897227048873901 5920
1749172156746 1.7272910475730896 5939
1749172253353 1.7195169925689697 5958
1749172687646 1.905343472957611 5960
1749172784417 1.7202385067939758 5979
1749172881884 1.7188315391540527 5998
1749173317264 1.8974916338920593 6000
1749173414674 1.7202076315879822 6019
1749173511497 1.716046929359436 6038
1749173945823 1.8910107016563416 6040
1749174043330 1.7131983637809753 6059
1749174140152 1.704504907131195 6078
1749174575051 1.8847142457962036 6080
1749174672167 1.7130164504051208 6099
1749174768595 1.7083740830421448 6118
1749175202430 1.8812608122825623 6120
1749175299636 1.71316796541214 6139
1749175396377 1.7006806135177612 6158
1749175830807 1.8906568884849548 6160
1749175928088 1.7128165364265442 6179
1749176024570 1.7047065496444702 6198
1749176458896 1.9000226855278015 6200
1749176555571 1.7147123217582703 6219
1749176652790 1.7098395824432373 6238
1749177085324 1.907439410686493 6240
1749177182011 1.715103268623352 6259
1749177278510 1.7138484120368958 6278
1749177714035 1.8972484469413757 6280
1749177811505 1.7121356129646301 6299
1749177908375 1.699722170829773 6318
1749178343002 1.8948310017585754 6320
1749178440501 1.7114086747169495 6339
1749178536992 1.7089908719062805 6358
1749178971654 1.9016797542572021 6360
1749179068844 1.7110936045646667 6379
1749179165125 1.6993250250816345 6398
1749179598575 1.9092234373092651 6400
1749179695999 1.7133679389953613 6419
1749179792566 1.7097083926200867 6438
