1751217483126 -0.7858906388282776 0
1751221281082 -0.17615541815757751 1
1751225196560 0.6565495133399963 2
1751229169437 -0.17391371726989746 3
1751233171393 -0.15553608536720276 4
1751237246852 1.5301363468170166 5
1751241307842 0.29651108384132385 6
1751245312646 0.8009685277938843 7
1751249447423 0.37802624702453613 8
1751253480188 1.2929203510284424 9
1751257591385 2.532536029815674 10
1751261667286 0.423105388879776 11
1751265740915 2.3093628883361816 12
1751269908914 1.7990012168884277 13
1751274123894 -0.930048942565918 14
1751278171606 -0.2807781994342804 15
1751282324513 -0.17762412130832672 16
1751286417210 -1.080628752708435 17
1751290525466 0.7186877727508545 18
1751294662205 -0.43319278955459595 19
1751298808801 0.8764960169792175 20
1751302948052 0.4401010274887085 21
1751307101009 -4.1168107986450195 22
1751311193607 4.814458847045898 23
1751315330526 -3.4659130573272705 24
1751319466259 3.038574695587158 25
1751323588487 -1.7953643798828125 26
1751327689843 0.33755725622177124 27
1751331846197 -2.95823073387146 28
1751335991167 -2.6954617500305176 29
1751340184667 -0.03817474842071533 30
1751344330613 0.6573793292045593 31
1751348520703 -4.064188003540039 32
1751352709393 2.3674514293670654 33
1751356841037 0.060312241315841675 34
1751361061883 -0.26583534479141235 35
1751365254820 1.074718713760376 36
1751369358857 1.6014171838760376 37
1751373476857 -2.1636698246002197 38
1751377667241 0.11889413744211197 39
1751381838044 -0.507776141166687 40
1751385926235 0.7809083461761475 41
