1751219951772 432.10345458984375 0
1751223749477 514.0185546875 1
1751227722261 596.0060424804688 2
1751231725053 678.0048217773438 3
1751235799010 760.0045166015625 4
1751239860970 842.0037841796875 5
1751243864255 924.0033569335938 6
1751247999636 1006.002685546875 7
1751252031812 1088.0030517578125 8
1751256124666 1170.0028076171875 9
1751260205409 1252.002685546875 10
1751264281166 1334.0020751953125 11
1751268448230 1416.00244140625 12
1751272662342 1498.0023193359375 13
1751276711053 1580.0020751953125 14
1751280864767 1662.002197265625 15
1751284956076 1744.002197265625 16
1751289064131 1826.002197265625 17
1751293201633 1908.001708984375 18
1751297339033 1990.0018310546875 19
1751301486818 2072.001708984375 20
1751305640192 2154.001953125 21
1751309732551 2236.001708984375 22
1751313870430 2318.001708984375 23
1751318006756 2400.00146484375 24
1751322128712 2482.001220703125 25
1751326224651 2564.00146484375 26
1751330389023 2646.00146484375 27
1751334527919 2728.00146484375 28
1751338713569 2810.00146484375 29
1751342868165 2892.00146484375 30
1751347059321 2974.00146484375 31
1751351247900 3056.00146484375 32
1751355379554 3138.001220703125 33
1751359599587 3220.00146484375 34
1751363793211 3302.00146484375 35
1751367897149 3384.001220703125 36
1751372015057 3466.001220703125 37
1751376205450 3548.001220703125 38
1751380351716 3630.001220703125 39
1751384464764 3712.0009765625 40
1751388687829 3794.0009765625 41
