1751219951786 -1.9395569562911987 0
1751223749490 0.17602992057800293 1
1751227722275 0.08558113873004913 2
1751231725066 0.026225414127111435 3
1751235799023 -0.010883565992116928 4
1751239860983 0.0007035925518721342 5
1751243864268 0.009587313048541546 6
1751247999649 0.001011747750453651 7
1751252031826 -0.001584572484716773 8
1751256124678 0.0025311412755399942 9
1751260205422 -0.011919595301151276 10
1751264281180 0.002811224665492773 11
1751268448243 0.001032050233334303 12
1751272662355 0.0019574412144720554 13
1751276711066 0.0030548060312867165 14
1751280864781 -0.00010553588799666613 15
1751284956091 0.004242754075676203 16
1751289064145 -0.0016556670889258385 17
1751293201646 0.006001110188663006 18
1751297339048 -0.0030949912033975124 19
1751301486831 -0.0014507693704217672 20
1751305640205 0.0012443820014595985 21
1751309732566 -0.002232721308246255 22
1751313870443 0.011671215295791626 23
1751318006769 0.0029424659442156553 24
1751322128725 0.005772757809609175 25
1751326224664 -0.005509716458618641 26
1751330389036 -0.0031725482549518347 27
1751334527932 -0.020378781482577324 28
1751338713582 -0.0022593028843402863 29
1751342868178 -0.00797624047845602 30
1751347059334 0.0013080369681119919 31
1751351247913 -0.0034933730494230986 32
1751355379568 -0.0014138661790639162 33
1751359599600 0.001044384902343154 34
1751363793224 0.001448960043489933 35
1751367897162 0.0023280088789761066 36
1751372015070 0.002922662300989032 37
1751376205522 0.0014009973965585232 38
1751380351749 0.0048250299878418446 39
1751384464825 -0.0106817577034235 40
1751388687909 0.001139848493039608 41
