1749095852165 2.301483988761902 0
1749095870494 2.2937923669815063 1
1749095889239 2.268685817718506 2
1749095908333 2.238007426261902 3
1749095926144 2.182227849960327 4
1749095945581 2.1592577695846558 5
1749095964855 2.132839560508728 6
1749095983912 2.1151450872421265 7
1749096003423 2.1022242307662964 8
1749096022850 2.0858371257781982 9
1749096042297 2.0696582794189453 10
1749096062004 2.054824709892273 11
1749096081416 2.0404433012008667 12
1749096099631 2.029170513153076 13
1749096119168 2.023371696472168 14
1749096137923 2.011030673980713 15
1749096159158 2.003160774707794 16
1749096180311 1.9962496161460876 17
1749096200512 1.9898586869239807 18
1749096219972 1.98299640417099 19
1749096239825 1.9745957851409912 20
1749096260932 1.9641395211219788 21
1749096281865 1.9555303454399109 22
1749096303034 1.9494912028312683 23
1749096323169 1.9465705156326294 24
1749096342909 1.9429543018341064 25
1749096362670 1.937349021434784 26
1749096382911 1.930191457271576 27
1749096402934 1.9247215390205383 28
1749096422822 1.9193938970565796 29
1749096442725 1.9137327075004578 30
1749096463089 1.9079830050468445 31
1749096483969 1.9008134603500366 32
1749096504824 1.8962717056274414 33
1749096524620 1.8947827219963074 34
1749096544479 1.8897520303726196 35
1749096564421 1.8862665891647339 36
1749096584141 1.8822606801986694 37
1749096604195 1.8764311075210571 38
1749096624107 1.8707025647163391 39
1749096643971 1.8668893575668335 40
1749096664039 1.861673653125763 41
1749096683829 1.8576756715774536 42
1749096703667 1.8533894419670105 43
1749096723801 1.8517637848854065 44
1749096743548 1.8627591133117676 45
1749096763821 1.8516600728034973 46
1749096783776 1.8527718782424927 47
1749096803711 1.8405926823616028 48
1749096823571 1.8395715951919556 49
1749096843649 1.8266777992248535 50
1749096863749 1.8254688382148743 51
1749096883591 1.8260198831558228 52
1749096903495 1.8266602158546448 53
1749096924019 1.8089041709899902 54
1749096944116 1.8164698481559753 55
1749096964075 1.830930769443512 56
1749096983999 1.8186607956886292 57
1749097004197 1.8037850856781006 58
1749097024906 1.7917423248291016 59
1749097044895 1.802531361579895 60
1749097064872 1.7958315014839172 61
1749097084993 1.7967138886451721 62
1749097105631 1.7812776565551758 63
1749097125609 1.8034435510635376 64
1749097146161 1.763376772403717 65
1749097167102 1.7686875462532043 66
1749097187001 1.8242271542549133 67
1749097207568 1.7527220249176025 68
1749097228981 1.7486115097999573 69
1749097249003 1.850036084651947 70
1749097269392 1.7427020072937012 71
1749097289581 1.733260154724121 72
1749097309507 1.860414206981659 73
1749097330062 1.7255525588989258 74
1749097349940 1.7281904816627502 75
1749097370588 1.717244803905487 76
1749097391943 1.7154556512832642 77
1749097411833 1.7178674936294556 78
1749097431659 1.725667119026184 79
1749097452982 1.709719181060791 80
1749097473442 1.7114755511283875 81
1749097493364 1.7118819952011108 82
1749097513212 1.7171342372894287 83
1749097534190 1.699936032295227 84
1749097555087 1.700343370437622 85
1749097575238 1.7069488763809204 86
1749097595454 1.704155683517456 87
1749097616708 1.695156753063202 88
1749097636866 1.7015261054039001 89
1749097656930 1.70774507522583 90
1749097678311 1.6919760704040527 91
1749097698627 1.690634548664093 92
1749097718569 1.725298821926117 93
1749097739201 1.681051254272461 94
1749097760340 1.6837466955184937 95
1749097780298 1.751148283481598 96
1749097800843 1.6770551800727844 97
1749097821937 1.6790022253990173 98
1749097841819 1.7023319005966187 99
1749097861858 1.6738858222961426 100
1749097882418 1.6768059134483337 101
1749097902343 1.7579967379570007 102
1749097922513 1.6758964657783508 103
1749097942496 1.7733946442604065 104
1749097962888 1.666453242301941 105
1749097983266 1.672789752483368 106
1749098003472 1.7721638083457947 107
1749098023426 1.732594907283783 108
1749098043342 1.7638453841209412 109
1749098063969 1.6511648297309875 110
1749098084180 1.6748930215835571 111
1749098104236 1.7385823130607605 112
1749098124800 1.6840434074401855 113
1749098145024 1.6898345947265625 114
1749098164996 1.766063630580902 115
1749098185570 1.6417544484138489 116
1749098205838 1.6564148664474487 117
1749098226385 1.6433550715446472 118
1749098246613 1.6356937289237976 119
1749098266881 1.6565619111061096 120
1749098287322 1.6442201137542725 121
1749098307380 1.6378859281539917 122
1749098327606 1.635667324066162 123
1749098348102 1.635091483592987 124
1749098368999 1.6295642256736755 125
1749098388999 1.6319868564605713 126
1749098409054 1.6328251361846924 127
1749098430136 1.6233791708946228 128
1749098450383 1.6322003602981567 129
1749098470770 1.6273289918899536 130
1749098491088 1.6248096227645874 131
1749098511104 1.6274489760398865 132
1749098532447 1.6204683184623718 133
1749098552612 1.6302169561386108 134
1749098572927 1.6240397095680237 135
1749098593050 1.6212307810783386 136
1749098612973 1.6262272000312805 137
1749098634329 1.6165972352027893 138
1749098654430 1.6287409663200378 139
1749098674727 1.6200896501541138 140
1749098694914 1.6174947023391724 141
1749098714751 1.6238484382629395 142
1749098735671 1.6122635006904602 143
1749098755661 1.6262264847755432 144
1749098775919 1.6172313690185547 145
1749098796544 1.6127848625183105 146
1749098816902 1.611439287662506 147
1749098837545 1.6085134148597717 148
1749098858091 1.6109925508499146 149
1749098878895 1.6107268333435059 150
1749098899146 1.609519600868225 151
1749098920133 1.6060968041419983 152
1749098940402 1.6080057621002197 153
1749098961125 1.6066511869430542 154
1749098981213 1.6066689491271973 155
1749099001866 1.6040681600570679 156
1749099022214 1.6046648025512695 157
1749099043112 1.6036188006401062 158
1749099063415 1.604265570640564 159
1749099084385 1.600624144077301 160
1749099105166 1.6016274094581604 161
1749099125728 1.6008659601211548 162
1749099146130 1.6012672185897827 163
1749099167021 1.5975388884544373 164
1749099187734 1.5992958545684814 165
1749099208351 1.5978924632072449 166
1749099228565 1.5971441268920898 167
1749099249052 1.5954281687736511 168
1749099269660 1.5976526141166687 169
1749099289952 1.5952587723731995 170
1749099310798 1.5937365889549255 171
1749099331507 1.5951259136199951 172
1749099351999 1.5921264290809631 173
1749099372511 1.5914217829704285 174
1749099392832 1.5931132435798645 175
1749099413681 1.5905842185020447 176
1749099434324 1.5894559025764465 177
1749099454797 1.5923027396202087 178
1749099475706 1.588715136051178 179
1749099496373 1.5877496600151062 180
1749099516849 1.590122401714325 181
1749099537549 1.586339294910431 182
1749099558419 1.5852077007293701 183
1749099578873 1.5890395641326904 184
1749099599451 1.5852954983711243 185
1749099620583 1.5834499597549438 186
1749099641226 1.5874943733215332 187
1749099662301 1.582911491394043 188
1749099683449 1.5817227959632874 189
1749099704563 1.581462800502777 190
1749099725638 1.581102728843689 191
1749099746152 1.583672821521759 192
1749099767750 1.5798123478889465 193
1749099788449 1.583017885684967 194
1749099809456 1.5778892636299133 195
1749099830457 1.5776653289794922 196
1749099851086 1.5812183022499084 197
1749099872081 1.5767709612846375 198
1749099892646 1.580519437789917 199
1749099913739 1.57672518491745 200
1749099934506 1.5781355500221252 201
1749099954790 1.582123339176178 202
1749099975308 1.577773094177246 203
1749099995906 1.5751189589500427 204
1749100016906 1.5764018893241882 205
1749100037301 1.5801615715026855 206
1749100057674 1.6001326441764832 207
1749100078329 1.5722622871398926 208
1749100098925 1.5735886096954346 209
1749100119801 1.5759696960449219 210
1749100141068 1.5672088265419006 211
1749100161462 1.5993520617485046 212
1749100181831 1.5739709734916687 213
1749100202452 1.5981261134147644 214
1749100222889 1.578481137752533 215
1749100243212 1.591762363910675 216
1749100263439 1.5810553431510925 217
1749100283930 1.5685859322547913 218
1749100304450 1.5651172399520874 219
1749100324967 1.564923882484436 220
1749100345639 1.5688411593437195 221
1749100366034 1.5697990655899048 222
1749100387659 1.561556875705719 223
1749100408169 1.5631298422813416 224
1749100428858 1.5648509860038757 225
1749100449211 1.56976717710495 226
1749100470964 1.560351848602295 227
1749100491667 1.5597774386405945 228
1749100512425 1.5620465874671936 229
1749100532936 1.5684064030647278 230
1749100554434 1.5605931878089905 231
1749100575320 1.5591566562652588 232
1749100596026 1.5601669549942017 233
1749100616816 1.561622977256775 234
1749100638294 1.5592476725578308 235
1749100659143 1.5580840706825256 236
1749100679774 1.5599033832550049 237
1749100700734 1.5592742562294006 238
1749100721667 1.5588056445121765 239
1749100742342 1.5584227442741394 240
1749100763088 1.5576462745666504 241
1749100783616 1.558168113231659 242
1749100804536 1.5586056113243103 243
1749100825268 1.557902991771698 244
1749100846099 1.5565505027770996 245
1749100866937 1.55705326795578 246
1749100887999 1.5580394268035889 247
1749100908825 1.556067943572998 248
1749100929669 1.5556066036224365 249
1749100950249 1.5571047067642212 250
1749100971325 1.5559839010238647 251
1749100992351 1.5546050071716309 252
1749101013044 1.555564522743225 253
1749101033875 1.5558547377586365 254
1749101055255 1.554530382156372 255
1749101076070 1.554831862449646 256
1749101096750 1.5559960007667542 257
1749101117876 1.5542469024658203 258
1749101138708 1.5544888377189636 259
1749101159903 1.5532881021499634 260
1749101180789 1.5527760982513428 261
1749101201474 1.5542556643486023 262
1749101222604 1.5528963208198547 263
1749101243619 1.5524248480796814 264
1749101264704 1.5534387826919556 265
1749101285492 1.5533621311187744 266
1749101307187 1.5515093207359314 267
1749101328127 1.5512721538543701 268
1749101349499 1.551988124847412 269
1749101370514 1.5521120429039001 270
1749101391590 1.5511508584022522 271
1749101412485 1.550431489944458 272
1749101433929 1.5509541034698486 273
1749101455050 1.5502904653549194 274
1749101476088 1.5498120784759521 275
1749101497108 1.549763023853302 276
1749101518501 1.550311803817749 277
1749101539610 1.5491661429405212 278
1749101560764 1.5492896437644958 279
1749101581887 1.549168586730957 280
1749101603054 1.5484933257102966 281
1749101624551 1.5477914810180664 282
1749101645427 1.549770474433899 283
1749101666784 1.5482434034347534 284
1749101687834 1.5479284524917603 285
1749101709397 1.5477263927459717 286
1749101730441 1.5474088191986084 287
1749101751157 1.5478621125221252 288
1749101772273 1.5459991097450256 289
1749101792993 1.548030436038971 290
1749101814638 1.5454991459846497 291
1749101835524 1.5463548302650452 292
1749101856479 1.5475950241088867 293
1749101878571 1.5446763634681702 294
1749101899258 1.552745759487152 295
1749101920358 1.545474112033844 296
1749101941044 1.551160216331482 297
1749101961894 1.5459740161895752 298
1749101982505 1.5501077771186829 299
1749102002947 1.549187183380127 300
1749102024083 1.5431974530220032 301
1749102044696 1.5440282225608826 302
1749102066199 1.5416538715362549 303
1749102086973 1.5419829487800598 304
1749102107586 1.5424301624298096 305
1749102128166 1.5435194373130798 306
1749102150040 1.5413058400154114 307
1749102170948 1.5409409999847412 308
1749102191668 1.5420960783958435 309
1749102212316 1.5427588820457458 310
1749102233107 1.5409881472587585 311
1749102253828 1.5404955744743347 312
1749102274776 1.5409263968467712 313
1749102295260 1.541198968887329 314
1749102316306 1.5400221943855286 315
1749102337271 1.539988398551941 316
1749102357801 1.5406295657157898 317
1749102378477 1.5404441952705383 318
1749102399617 1.5395349264144897 319
1749102420621 1.5398066639900208 320
1749102441397 1.5399128794670105 321
1749102462292 1.5399243235588074 322
1749102483367 1.5395825505256653 323
1749102504291 1.539736568927765 324
1749102524989 1.539517879486084 325
1749102545824 1.5384793877601624 326
1749102566502 1.5382525324821472 327
1749102587373 1.537969946861267 328
1749102607928 1.5379807353019714 329
1749102628362 1.5379791855812073 330
1749102649958 1.5378029346466064 331
1749102670869 1.5376439094543457 332
1749102691577 1.537772297859192 333
1749102711881 1.5378454327583313 334
1749102732487 1.5377975702285767 335
1749102752910 1.5377280116081238 336
1749102773290 1.5375089645385742 337
1749102794390 1.5374084115028381 338
1749102814778 1.5370947122573853 339
1749102835356 1.5374513268470764 340
1749102856109 1.5374006628990173 341
1749102876798 1.5373382568359375 342
1749102897956 1.5371143221855164 343
1749102918588 1.5370357036590576 344
1749102939328 1.5366759896278381 345
1749102959691 1.537079095840454 346
1749102980526 1.5371132493019104 347
1749103001110 1.5368207097053528 348
1749103021738 1.536685049533844 349
1749103042402 1.5365018248558044 350
1749103063242 1.5367082953453064 351
1749103083753 1.5370379090309143 352
1749103104232 1.53681880235672 353
1749103125213 1.5365599989891052 354
1749103145968 1.5364028811454773 355
1749103167041 1.5360493063926697 356
1749103188112 1.5362097024917603 357
1749103208460 1.5362867712974548 358
1749103229362 1.5362231135368347 359
1749103250389 1.536095678806305 360
1749103270851 1.5361241102218628 361
1749103291254 1.5360780954360962 362
1749103312081 1.5356138348579407 363
1749103332798 1.535465955734253 364
1749103353453 1.535388469696045 365
1749103374216 1.5354356169700623 366
1749103395229 1.5352846384048462 367
1749103416090 1.5355029106140137 368
1749103437055 1.5354079604148865 369
1749103456948 1.535237967967987 370
1749103477396 1.5354543924331665 371
1749103497541 1.535400927066803 372
1749103517735 1.535301685333252 373
1749103538336 1.5352697372436523 374
1749103558833 1.5351881980895996 375
1749103579650 1.5350756645202637 376
1749103599661 1.53486967086792 377
1749103621452 1.5349977612495422 378
1749103641034 1.5350652933120728 379
1749103661841 1.5347910523414612 380
1749103682213 1.5348484516143799 381
1749103702243 1.534853994846344 382
1749103723619 1.5349734425544739 383
1749103744146 1.5348937511444092 384
1749103763987 1.5348162055015564 385
1749103784760 1.534604012966156 386
1749103805252 1.534559428691864 387
1749103824856 1.5348047614097595 388
1749103845047 1.534719169139862 389
1749103865080 1.5348389744758606 390
1749103885074 1.53470116853714 391
1749103904265 1.534578025341034 392
1749103924484 1.5345829725265503 393
1749103945097 1.5346893668174744 394
1749103965706 1.5346341729164124 395
1749103985359 1.5347356796264648 396
1749104004755 1.534633755683899 397
1749104025394 1.5345589518547058 398
1749104045631 1.5345669388771057 399
1749104065874 1.53461754322052 400
1749104085660 1.5346448421478271 401
1749104105815 1.5345442295074463 402
1749104125277 1.534668743610382 403
1749104144242 1.534501075744629 404
1749104164065 1.5344032645225525 405
1749104184388 1.5344924330711365 406
1749104202477 1.534629225730896 407
1749104221654 1.534688413143158 408
1749104240462 1.5344136357307434 409
1749104258951 1.534404218196869 410
1749104277211 1.5344887375831604 411
1749104297408 1.5344955325126648 412
1749104316749 1.5344617366790771 413
1749104337539 1.534458339214325 414
1749104356115 1.534519910812378 415
1749104373752 1.5345399975776672 416
1749104390622 1.5344034433364868 417
1749104406801 1.5347374081611633 418
1749104424762 1.534761130809784 419
1749104442677 1.5345827341079712 420
1749104461848 1.5345117449760437 421
1749104478112 1.5345565676689148 422
1749104496602 1.5347681641578674 423
1749104514723 1.534712016582489 424
1749104531161 1.5345812439918518 425
1749104550237 1.534583866596222 426
1749104568036 1.5346329808235168 427
1749104585852 1.5346699357032776 428
1749104602140 1.5346057415008545 429
1749104622365 1.534576654434204 430
1749104641082 1.534711241722107 431
1749104661257 1.5347225666046143 432
1749104680680 1.5345083475112915 433
1749104701535 1.534628450870514 434
1749104721050 1.5345320105552673 435
1749104738507 1.5345961451530457 436
1749104758805 1.534467339515686 437
1749104775009 1.5345667004585266 438
1749104792561 1.534560203552246 439
1749104810664 1.5345180034637451 440
1749104826541 1.5346167087554932 441
1749104843127 1.5345168709754944 442
1749104861428 1.5345805287361145 443
1749104878169 1.5346881747245789 444
1749104895766 1.534494936466217 445
1749104911627 1.5346588492393494 446
1749104931122 1.534584403038025 447
1749104947917 1.534600019454956 448
1749104967203 1.5344842076301575 449
1749104985156 1.534544050693512 450
1749105003102 1.5345399975776672 451
1749105022037 1.5347439646720886 452
1749105040620 1.5346295833587646 453
1749105057323 1.534642517566681 454
1749105073958 1.5345121026039124 455
1749105092591 1.534570574760437 456
1749105111548 1.5345352292060852 457
1749105131177 1.5346529483795166 458
1749105149942 1.5346375107765198 459
1749105166248 1.5346285700798035 460
1749105182311 1.5345935821533203 461
1749105199453 1.534535825252533 462
1749105217672 1.5346978902816772 463
1749105235077 1.5346749424934387 464
1749105252155 1.5345905423164368 465
1749105270075 1.53469318151474 466
1749105286014 1.5345150232315063 467
1749105302446 1.5347314476966858 468
1749105321373 1.5346230268478394 469
1749105338973 1.5344911813735962 470
1749105359055 1.534708023071289 471
1749105376906 1.5345965027809143 472
1749105396343 1.5345019698143005 473
1749105414892 1.5345643758773804 474
1749105432565 1.5345649123191833 475
1749105452526 1.5345061421394348 476
1749105471846 1.5344942808151245 477
1749105491132 1.5345608592033386 478
1749105508359 1.5345526337623596 479
1749105526331 1.5346724390983582 480
1749105544058 1.534487545490265 481
1749105560401 1.5344045162200928 482
1749105577705 1.534390926361084 483
1749105597362 1.5346267819404602 484
1749105613692 1.5345876216888428 485
1749105632401 1.5348159074783325 486
1749105648519 1.534658968448639 487
1749105666242 1.5346628427505493 488
1749105682342 1.5345107913017273 489
1749105698549 1.5345624685287476 490
1749105714949 1.534741997718811 491
1749105732686 1.534579336643219 492
1749105749737 1.534538984298706 493
1749105768847 1.5343738198280334 494
1749105788434 1.5345127582550049 495
1749105806033 1.5345991253852844 496
1749105823884 1.534527599811554 497
1749105842510 1.5345900654792786 498
1749105862959 1.5344822406768799 499
1749105880921 1.5346168875694275 500
1749105897357 1.5346446633338928 501
1749105917037 1.5345270037651062 502
1749105933290 1.5344921946525574 503
1749105949931 1.5345643162727356 504
1749105968262 1.5346750020980835 505
1749105985924 1.5344700813293457 506
1749106002249 1.5345301628112793 507
1749106021928 1.5345229506492615 508
1749106040988 1.534564197063446 509
1749106057322 1.5344667434692383 510
1749106076408 1.5345589518547058 511
1749106094347 1.534548282623291 512
1749106113655 1.5345393419265747 513
1749106134181 1.53464013338089 514
1749106150592 1.5345808863639832 515
1749106168226 1.5345121622085571 516
1749106185529 1.5346117615699768 517
1749106203670 1.534716010093689 518
1749106220618 1.5347274541854858 519
1749106238363 1.534536361694336 520
1749106254785 1.5345365405082703 521
1749106271469 1.534507691860199 522
1749106289579 1.5346482992172241 523
1749106308583 1.5346625447273254 524
1749106326792 1.534481942653656 525
1749106343867 1.5344144105911255 526
1749106359887 1.534481406211853 527
1749106379680 1.5344618558883667 528
1749106396233 1.5345860719680786 529
1749106414870 1.5344696640968323 530
1749106431831 1.5345921516418457 531
1749106449720 1.5345624089241028 532
1749106468001 1.5344582200050354 533
1749106487539 1.5345351696014404 534
1749106503936 1.5345181226730347 535
1749106520793 1.5346380472183228 536
1749106539624 1.534488022327423 537
1749106557009 1.5345373749732971 538
1749106574099 1.5345669388771057 539
1749106593394 1.5346041321754456 540
1749106610666 1.5346758961677551 541
1749106628596 1.5344858765602112 542
1749106644609 1.5345823764801025 543
1749106661768 1.5345932245254517 544
1749106679714 1.5344475507736206 545
1749106698607 1.534519612789154 546
1749106719019 1.534466028213501 547
1749106741114 1.5344942808151245 548
1749106758540 1.5346080660820007 549
1749106775250 1.53472900390625 550
1749106794021 1.5346766710281372 551
1749106812419 1.5346742272377014 552
1749106830959 1.5347077250480652 553
1749106849262 1.5346267223358154 554
1749106867825 1.5345249772071838 555
1749106884468 1.5344955325126648 556
1749106903901 1.534587323665619 557
1749106923356 1.5344756245613098 558
1749106943083 1.5346142053604126 559
1749106961352 1.5345250964164734 560
1749106979466 1.5345717072486877 561
1749106997582 1.534481704235077 562
1749107015077 1.5345513820648193 563
1749107032224 1.5344321131706238 564
1749107051620 1.53465735912323 565
1749107070747 1.5345869064331055 566
1749107090936 1.534477949142456 567
1749107110879 1.5346177220344543 568
1749107129268 1.5346329808235168 569
1749107146985 1.534679889678955 570
1749107166665 1.5345803499221802 571
1749107185023 1.534559428691864 572
1749107201472 1.5346505045890808 573
1749107219827 1.5343921780586243 574
1749107237554 1.534561574459076 575
1749107255184 1.5346634984016418 576
1749107273959 1.5347182750701904 577
1749107290770 1.534690797328949 578
1749107308227 1.5346907377243042 579
1749107326335 1.5345414280891418 580
1749107342907 1.5345237851142883 581
1749107359888 1.5346848964691162 582
1749107376372 1.534611165523529 583
1749107393481 1.5345504879951477 584
1749107412034 1.5346450805664062 585
1749107429061 1.5346430540084839 586
1749107448697 1.5345388054847717 587
1749107466268 1.5345101952552795 588
1749107482200 1.5344887971878052 589
1749107500290 1.5344785451889038 590
1749107518223 1.5345455408096313 591
1749107534419 1.534809648990631 592
1749107550957 1.5346095561981201 593
1749107569653 1.5345392227172852 594
1749107587137 1.534493863582611 595
1749107605188 1.5346161127090454 596
1749107622689 1.5345529913902283 597
1749107641222 1.5346683859825134 598
1749107659014 1.534765362739563 599
1749107678369 1.5347427129745483 600
1749107696410 1.5346996784210205 601
1749107714575 1.5346007347106934 602
1749107733635 1.5344829559326172 603
1749107751613 1.534583866596222 604
1749107768944 1.534641683101654 605
1749107787051 1.5346011519432068 606
1749107804554 1.5344848036766052 607
1749107822770 1.5345256328582764 608
1749107839098 1.534694790840149 609
1749107857672 1.534635841846466 610
1749107874646 1.5346338152885437 611
1749107893093 1.5345690250396729 612
1749107911280 1.5346511006355286 613
1749107927357 1.5345937013626099 614
1749107945602 1.5345621705055237 615
1749107962679 1.5344624519348145 616
1749107983260 1.5345242619514465 617
1749108001857 1.5344604849815369 618
1749108018014 1.534513771533966 619
1749108035650 1.5345879793167114 620
1749108054762 1.5347300171852112 621
1749108074742 1.5344976782798767 622
1749108092637 1.534459412097931 623
1749108110922 1.5344390273094177 624
1749108127991 1.5345613956451416 625
1749108145197 1.5345366597175598 626
1749108165028 1.5346527099609375 627
1749108184371 1.5345134139060974 628
1749108202340 1.5345022082328796 629
1749108221520 1.5345466136932373 630
1749108237963 1.5345553755760193 631
1749108257892 1.5346028804779053 632
1749108277497 1.534503161907196 633
1749108297971 1.534597098827362 634
1749108314975 1.534595251083374 635
1749108334033 1.5345373749732971 636
1749108350331 1.5343986749649048 637
1749108370247 1.5343883037567139 638
1749108386249 1.5345286130905151 639
1749108404773 1.534534215927124 640
1749108421546 1.5344773530960083 641
1749108437739 1.534355103969574 642
1749108454933 1.5344275832176208 643
1749108472303 1.534347653388977 644
1749108490562 1.534449815750122 645
1749108510399 1.5344367027282715 646
1749108527057 1.5344926714897156 647
1749108545114 1.5345265865325928 648
1749108564414 1.534548044204712 649
1749108581086 1.5345224738121033 650
1749108598781 1.5345178246498108 651
1749108618906 1.5345438122749329 652
1749108636768 1.5346760749816895 653
1749108656133 1.5346137881278992 654
1749108675549 1.5346400141716003 655
1749108692412 1.5345421433448792 656
1749108713776 1.53449285030365 657
1749108730153 1.5344098210334778 658
1749108748584 1.5345823168754578 659
1749108764819 1.534561276435852 660
1749108781950 1.5345297455787659 661
1749108799226 1.5346081852912903 662
1749108819146 1.534494161605835 663
1749108837347 1.53444242477417 664
1749108856022 1.5343448519706726 665
1749108873927 1.534526288509369 666
1749108892287 1.5345048308372498 667
1749108911489 1.5346271395683289 668
1749108930572 1.5345017910003662 669
1749108949716 1.5344281792640686 670
1749108968372 1.534594476222992 671
1749108985452 1.5346018075942993 672
1749109002536 1.534549355506897 673
1749109023008 1.5345993041992188 674
1749109042526 1.5347077250480652 675
1749109061452 1.5346285700798035 676
1749109077912 1.5344643592834473 677
1749109094656 1.5346306562423706 678
1749109113885 1.534606158733368 679
1749109131491 1.5346000790596008 680
1749109149966 1.534566044807434 681
1749109167147 1.5344805717468262 682
1749109184139 1.5346331000328064 683
1749109200866 1.5345764756202698 684
1749109220615 1.534604549407959 685
1749109238620 1.5345075726509094 686
1749109258945 1.534575641155243 687
1749109277579 1.5345767140388489 688
1749109296501 1.5345500111579895 689
1749109314170 1.5347833037376404 690
1749109331466 1.5346513390541077 691
1749109350916 1.5344893336296082 692
1749109368300 1.5344630479812622 693
1749109387586 1.5345547795295715 694
1749109406646 1.5344560742378235 695
1749109423140 1.5344281196594238 696
1749109441076 1.534577488899231 697
1749109459545 1.5345725417137146 698
1749109476849 1.5345823168754578 699
1749109493669 1.5345357060432434 700
1749109511520 1.5344383120536804 701
1749109527962 1.5344730019569397 702
1749109548396 1.5344610214233398 703
1749109566928 1.5344749093055725 704
1749109588163 1.5345820784568787 705
1749109606835 1.5345678329467773 706
1749109624393 1.5344244241714478 707
1749109641200 1.5344260334968567 708
1749109658876 1.5345037579536438 709
1749109676449 1.534642517566681 710
1749109695109 1.5345351099967957 711
1749109714579 1.5345259308815002 712
1749109734452 1.5345797538757324 713
1749109752879 1.5345319509506226 714
1749109769638 1.5346227288246155 715
1749109789069 1.5347684621810913 716
1749109807600 1.534728765487671 717
1749109827250 1.5345160961151123 718
1749109847060 1.5345826148986816 719
1749109864421 1.5346494913101196 720
1749109880909 1.534552812576294 721
1749109899946 1.5345349311828613 722
1749109917243 1.5345791578292847 723
1749109936447 1.5345934629440308 724
1749109955308 1.5345908999443054 725
1749109974007 1.5347046256065369 726
1749109992697 1.534514844417572 727
1749110009233 1.5345285534858704 728
1749110028372 1.5344615578651428 729
1749110045392 1.5346333980560303 730
1749110064937 1.534530520439148 731
1749110081198 1.5345838069915771 732
1749110100611 1.534626066684723 733
1749110120780 1.5345768332481384 734
1749110136992 1.534433364868164 735
1749110156150 1.5344469547271729 736
1749110172698 1.5345540046691895 737
1749110191991 1.5346969962120056 738
1749110211301 1.5346844792366028 739
1749110229701 1.5346327424049377 740
1749110247583 1.5345019102096558 741
1749110265333 1.5345420241355896 742
1749110283305 1.5345698595046997 743
1749110302047 1.5345388054847717 744
1749110323019 1.5346223711967468 745
1749110340745 1.5347149968147278 746
1749110358029 1.5347233414649963 747
1749110378356 1.5347119569778442 748
1749110394944 1.5345371961593628 749
1749110412812 1.5347488522529602 750
1749110430229 1.5347310304641724 751
1749110449715 1.5347119569778442 752
1749110468485 1.534669578075409 753
1749110485959 1.5345855355262756 754
1749110502704 1.534674882888794 755
1749110519296 1.5345987677574158 756
1749110535859 1.5344703197479248 757
1749110557842 1.53453528881073 758
1749110576266 1.5346460938453674 759
1749110596492 1.5346220135688782 760
1749110615146 1.5346185564994812 761
1749110635083 1.534551739692688 762
1749110652976 1.5345064401626587 763
1749110669368 1.5345486402511597 764
1749110687251 1.5344859957695007 765
1749110703695 1.5345000624656677 766
1749110725375 1.5345032215118408 767
1749110744194 1.5346016883850098 768
1749110761766 1.5346829295158386 769
1749110780001 1.5345446467399597 770
1749110799479 1.534528374671936 771
1749110818814 1.5345053672790527 772
1749110839292 1.5345848202705383 773
1749110856781 1.534635066986084 774
1749110874494 1.5346636176109314 775
1749110895042 1.5345422625541687 776
1749110911828 1.5347047448158264 777
1749110930476 1.5347345471382141 778
1749110948583 1.5346713066101074 779
1749110968814 1.5345560908317566 780
1749110986791 1.53469979763031 781
1749111005487 1.5346940755844116 782
1749111023993 1.5346837639808655 783
1749111041600 1.534652292728424 784
1749111059750 1.5346243977546692 785
1749111078506 1.534607470035553 786
1749111096455 1.534604787826538 787
1749111113864 1.5346203446388245 788
1749111130859 1.5347970128059387 789
1749111148077 1.5345748662948608 790
1749111167296 1.5346166491508484 791
1749111185047 1.5345094203948975 792
1749111202637 1.534610629081726 793
1749111220493 1.5345867276191711 794
1749111238476 1.5345845222473145 795
1749111256280 1.534595012664795 796
1749111276346 1.5346978306770325 797
1749111293004 1.5347073674201965 798
1749111309861 1.5347533822059631 799
1749111330649 1.5346078872680664 800
1749111349826 1.5347437262535095 801
1749111367894 1.5345694422721863 802
1749111387190 1.5345113277435303 803
1749111405835 1.5344763398170471 804
1749111424980 1.5346294045448303 805
1749111444472 1.5347020626068115 806
1749111460736 1.5345617532730103 807
1749111479779 1.5344172716140747 808
1749111500556 1.5345196723937988 809
1749111517998 1.5346986055374146 810
1749111536737 1.5345421433448792 811
1749111554290 1.534385085105896 812
1749111572722 1.5344934463500977 813
1749111591485 1.5346229672431946 814
1749111608013 1.534728765487671 815
1749111627394 1.5347991585731506 816
1749111645672 1.5347363948822021 817
1749111664138 1.5346622467041016 818
1749111680971 1.5345966219902039 819
1749111698502 1.5344848036766052 820
1749111718444 1.534537672996521 821
1749111736199 1.5345720052719116 822
1749111754051 1.5346385836601257 823
1749111772579 1.5346794128417969 824
1749111790419 1.5345584154129028 825
1749111807702 1.5346049666404724 826
1749111825057 1.5345150828361511 827
1749111842167 1.5344473719596863 828
1749111860209 1.5345627069473267 829
1749111877306 1.5345134735107422 830
1749111894456 1.5344120264053345 831
1749111912959 1.53449946641922 832
1749111932651 1.534529983997345 833
1749111949258 1.5345998406410217 834
1749111966109 1.5346431136131287 835
1749111986049 1.534661054611206 836
1749112004914 1.534608006477356 837
1749112023709 1.5346384644508362 838
1749112040026 1.5346111059188843 839
1749112057379 1.534665286540985 840
1749112079050 1.5345431566238403 841
1749112096985 1.5345866084098816 842
1749112118355 1.5345468521118164 843
1749112138342 1.5345245003700256 844
1749112158772 1.5344703793525696 845
1749112176084 1.5345855355262756 846
1749112192443 1.5345115661621094 847
1749112208978 1.5347395539283752 848
1749112226555 1.5347174406051636 849
1749112242667 1.53458571434021 850
1749112259495 1.53457373380661 851
1749112277559 1.5345951318740845 852
1749112295253 1.5345666408538818 853
1749112312466 1.5346419215202332 854
1749112330017 1.5345031023025513 855
1749112349633 1.5347092151641846 856
1749112369548 1.5345876812934875 857
1749112386779 1.5344852805137634 858
1749112403459 1.5345144867897034 859
1749112422083 1.534495234489441 860
1749112438948 1.534484624862671 861
1749112459490 1.5344825983047485 862
1749112475410 1.534543752670288 863
1749112495617 1.5344327688217163 864
1749112511755 1.5346126556396484 865
1749112528426 1.534500241279602 866
1749112547717 1.5344622731208801 867
1749112564890 1.5345101952552795 868
1749112583860 1.534583330154419 869
1749112601437 1.5346134305000305 870
1749112620807 1.5345817804336548 871
1749112637530 1.5344614386558533 872
1749112653492 1.5347190499305725 873
1749112672641 1.5346952080726624 874
1749112692642 1.5345202088356018 875
1749112710853 1.5345568656921387 876
1749112731641 1.5346513390541077 877
1749112752285 1.534592628479004 878
1749112769042 1.5345881581306458 879
1749112786644 1.53452467918396 880
1749112804616 1.5344985723495483 881
1749112820806 1.5345224142074585 882
1749112840141 1.5345726013183594 883
1749112859300 1.5346142053604126 884
1749112877506 1.5346049666404724 885
1749112895010 1.5346058011054993 886
1749112913378 1.534682273864746 887
1749112932894 1.5346674919128418 888
1749112950616 1.5346639752388 889
1749112968899 1.5345019102096558 890
1749112987580 1.534592628479004 891
1749113006238 1.5345486998558044 892
1749113024816 1.5343899130821228 893
1749113040947 1.5344826579093933 894
1749113060559 1.5345930457115173 895
1749113077697 1.5345861315727234 896
1749113095661 1.534459412097931 897
1749113114763 1.5345230102539062 898
1749113131979 1.5345627069473267 899
1749113150701 1.5346903204917908 900
1749113169442 1.5346145033836365 901
1749113187488 1.534518539905548 902
1749113204203 1.5345905423164368 903
1749113222497 1.5345568656921387 904
1749113239207 1.5346351861953735 905
1749113256901 1.534436583518982 906
1749113275671 1.5344889163970947 907
1749113296253 1.534536898136139 908
1749113314731 1.5344732999801636 909
1749113330957 1.5345272421836853 910
1749113348180 1.534420371055603 911
1749113365358 1.5345393419265747 912
1749113384202 1.5345432758331299 913
1749113400830 1.5346316695213318 914
1749113419818 1.534713327884674 915
1749113436460 1.534657597541809 916
1749113453254 1.5347065329551697 917
1749113471919 1.5346260070800781 918
1749113491028 1.5346108078956604 919
1749113508914 1.5345197319984436 920
1749113528166 1.5345793962478638 921
1749113547144 1.5344609022140503 922
1749113565135 1.5346570014953613 923
1749113585165 1.5345681309700012 924
1749113603051 1.5346266627311707 925
1749113620864 1.5344825983047485 926
1749113637508 1.5346091985702515 927
1749113655033 1.5345600247383118 928
1749113671768 1.5343247652053833 929
1749113690768 1.5346561670303345 930
1749113708302 1.5346412658691406 931
1749113725732 1.5346688032150269 932
1749113744420 1.5346215963363647 933
1749113761531 1.534676969051361 934
1749113780615 1.5345811247825623 935
1749113796796 1.5346220135688782 936
1749113815354 1.5346137881278992 937
1749113835013 1.5346869826316833 938
1749113853185 1.5345444083213806 939
1749113872226 1.534450888633728 940
1749113891521 1.5345654487609863 941
1749113910603 1.5345461964607239 942
1749113929388 1.5346388816833496 943
1749113950049 1.5346700549125671 944
1749113969157 1.534681797027588 945
1749113986990 1.5345582962036133 946
1749114007123 1.5345496535301208 947
1749114025682 1.5345154404640198 948
1749114042839 1.5345389246940613 949
1749114061512 1.5346807837486267 950
1749114079576 1.534566342830658 951
1749114097559 1.5345959663391113 952
1749114115407 1.5346646308898926 953
1749114132099 1.534613311290741 954
1749114148290 1.5346406698226929 955
1749114167720 1.5346989631652832 956
1749114184508 1.5345503091812134 957
1749114201461 1.5344685316085815 958
1749114220544 1.5345748662948608 959
1749114237240 1.5346492528915405 960
1749114254465 1.534567654132843 961
1749114270830 1.5345592498779297 962
1749114287602 1.5346990823745728 963
1749114305058 1.5346187353134155 964
1749114321335 1.5345810651779175 965
1749114342186 1.5345370173454285 966
1749114360318 1.5346253514289856 967
1749114380560 1.5346134305000305 968
1749114397420 1.5345163345336914 969
1749114414701 1.5344387888908386 970
1749114433121 1.534595251083374 971
1749114451306 1.5347356796264648 972
1749114471691 1.534630000591278 973
1749114491857 1.5345577001571655 974
1749114510683 1.5345982313156128 975
1749114530652 1.534473955631256 976
1749114549980 1.5345361232757568 977
1749114568587 1.5345452427864075 978
1749114588390 1.5345426201820374 979
1749114609493 1.5345871448516846 980
1749114629672 1.5346516370773315 981
1749114648012 1.5345443487167358 982
1749114664389 1.5346031785011292 983
1749114682075 1.5345242023468018 984
1749114700188 1.5345739722251892 985
1749114718345 1.5345908403396606 986
1749114736524 1.5346258878707886 987
1749114754620 1.5345656871795654 988
1749114772994 1.5344943404197693 989
1749114790179 1.5343565940856934 990
1749114807274 1.5343961715698242 991
1749114828660 1.5345805883407593 992
1749114845360 1.5344421863555908 993
1749114862655 1.5344669818878174 994
1749114881375 1.534716248512268 995
1749114899851 1.5345411896705627 996
1749114917142 1.5346149802207947 997
1749114933846 1.5345885157585144 998
1749114950617 1.5344958305358887 999
