1747299989894 2.301067039370537 0
1747299996281 2.300823852419853 1
1747300002073 2.300584226846695 2
1747300007876 2.300345256924629 3
1747300013682 2.300110951066017 4
1747300020039 2.299879476428032 5
1747300025811 2.29965241253376 6
1747300031510 2.2994302064180374 7
1747300037873 2.299214705824852 8
1747300043624 2.2989997565746307 9
1747300049390 2.298790216445923 10
1747300055137 2.298583462834358 11
1747300061386 2.298371762037277 12
1747300067152 2.298160970211029 13
1747300072921 2.297949120402336 14
1747300078651 2.297730579972267 15
1747300084983 2.2975050657987595 16
1747300090676 2.2972807437181473 17
1747300096430 2.297054022550583 18
1747300102985 2.2968339920043945 19
1747300108736 2.2966170758008957 20
1747300114482 2.29640531539917 21
1747300120207 2.296196237206459 22
1747300126480 2.2959921061992645 23
1747300132271 2.2957878559827805 24
1747300137987 2.2955819219350815 25
1747300144286 2.295376345515251 26
1747300150033 2.295171618461609 27
1747300155791 2.2949668765068054 28
1747300162082 2.2947614043951035 29
1747300167794 2.294556975364685 30
1747300173485 2.2943519800901413 31
1747300179245 2.2941478937864304 32
1747300185528 2.2939381152391434 33
1747300191259 2.2937318831682205 34
1747300197000 2.293524071574211 35
1747300202705 2.293311581015587 36
1747300208971 2.29309943318367 37
1747300214955 2.292886048555374 38
1747300220693 2.292675420641899 39
1747300923502 2.292628988623619 40
1747300929127 2.2923851013183594 41
1747300934738 2.292143926024437 42
1747300940395 2.2919035106897354 43
1747300946031 2.2916602045297623 44
1747300951661 2.2914213687181473 45
1747300957274 2.291186049580574 46
1747300962869 2.2909542322158813 47
1747300968495 2.2907173186540604 48
1747300974180 2.2904891967773438 49
1747300979838 2.290259599685669 50
1747300985459 2.290029212832451 51
1747300991102 2.289796009659767 52
1747300996743 2.2895622700452805 53
1747301002389 2.2893333584070206 54
1747301008041 2.289101257920265 55
1747301013674 2.288868248462677 56
1747301019312 2.288633346557617 57
1747301024934 2.28840072453022 58
1747301030775 2.2881627529859543 59
1747301037061 2.2879287749528885 60
1747301042040 2.287689447402954 61
1747301048311 2.2874508798122406 62
1747301053947 2.2872109711170197 63
1747301059600 2.286970689892769 64
1747301065230 2.2867282330989838 65
1747301070881 2.286490321159363 66
1747301076487 2.2862394750118256 67
1747301082072 2.2859994173049927 68
1747301087678 2.2857510298490524 69
1747301093307 2.285508766770363 70
1747301098938 2.2852562814950943 71
1747301104595 2.285012185573578 72
1747301110241 2.2847605496644974 73
1747301115887 2.2845103442668915 74
1747301121515 2.284256473183632 75
1747301127103 2.284003034234047 76
1747301132691 2.28375381231308 77
1747301138533 2.2834957242012024 78
1747301144162 2.283236250281334 79
1747301845721 2.2829989194869995 80
1747301851342 2.2827165722846985 81
1747301856982 2.2824401259422302 82
1747301862600 2.2821643501520157 83
1747301868200 2.281896635890007 84
1747301873848 2.2816307693719864 85
1747301879483 2.2813634276390076 86
1747301885128 2.281097799539566 87
1747301890719 2.2808293253183365 88
1747301896372 2.280563250184059 89
1747301902006 2.280296579003334 90
1747301907642 2.2800223082304 91
1747301913251 2.279752656817436 92
1747301918898 2.2794814705848694 93
1747301924538 2.2792137414216995 94
1747301930191 2.2789354622364044 95
1747301935832 2.2786618918180466 96
1747301941482 2.27838496863842 97
1747301947085 2.2781051248311996 98
1747301953023 2.277822896838188 99
1747301958633 2.277544319629669 100
1747301964247 2.2772606313228607 101
1747301969857 2.2769781798124313 102
1747301975497 2.2766913175582886 103
1747301981128 2.2764035016298294 104
1747301986756 2.2761143147945404 105
1747301992336 2.275821179151535 106
1747301997928 2.2755269557237625 107
1747302003511 2.2752309292554855 108
1747302009078 2.274937018752098 109
1747302014687 2.2746348828077316 110
1747302020298 2.2743306308984756 111
1747302025928 2.274027317762375 112
1747302031560 2.2737207859754562 113
1747302037132 2.2734127193689346 114
1747302042704 2.273101419210434 115
1747302048282 2.27278633415699 116
1747302053872 2.272475227713585 117
1747302059676 2.2721560895442963 118
1747302065317 2.2718333303928375 119
1747302764198 2.2714321613311768 120
1747302769758 2.271091967821121 121
1747302775336 2.2707721441984177 122
1747302780914 2.270447239279747 123
1747302786474 2.2701289355754852 124
1747302792058 2.2698066532611847 125
1747302797644 2.2694873958826065 126
1747302803245 2.2691678404808044 127
1747302808825 2.268846169114113 128
1747302814408 2.2685166001319885 129
1747302819975 2.2681888192892075 130
1747302825582 2.267860636115074 131
1747302831155 2.2675371319055557 132
1747302836754 2.267203003168106 133
1747302842354 2.266868218779564 134
1747302847934 2.266533613204956 135
1747302853497 2.266200453042984 136
1747302859086 2.2658565640449524 137
1747302864648 2.2655145674943924 138
1747302870472 2.2651741355657578 139
1747302876058 2.264828473329544 140
1747302881640 2.264479234814644 141
1747302887220 2.264132022857666 142
1747302892800 2.263785570859909 143
1747302898380 2.263434514403343 144
1747302903934 2.2630775719881058 145
1747302909517 2.2627189308404922 146
1747302915104 2.2623588293790817 147
1747302920678 2.2620015740394592 148
1747302926262 2.2616313248872757 149
1747302931852 2.261263608932495 150
1747302937440 2.260894149541855 151
1747302943003 2.260534390807152 152
1747302948595 2.260150820016861 153
1747302954172 2.2597845792770386 154
1747302959794 2.2594096064567566 155
1747302965390 2.2590322494506836 156
1747302970984 2.2586508989334106 157
1747302976809 2.258274957537651 158
1747302982373 2.2578975707292557 159
1747303679898 2.2575497925281525 160
1747303685509 2.257152259349823 161
1747303691119 2.256760001182556 162
1747303696721 2.256378009915352 163
1747303702352 2.2559933364391327 164
1747303707982 2.2556042522192 165
1747303713578 2.2552246749401093 166
1747303719180 2.2548462599515915 167
1747303724765 2.2544593811035156 168
1747303730364 2.254071369767189 169
1747303735966 2.253691539168358 170
1747303741545 2.2533054053783417 171
1747303747130 2.2529193609952927 172
1747303752753 2.2525154799222946 173
1747303758325 2.2521275132894516 174
1747303763929 2.2517445534467697 175
1747303769518 2.2513551265001297 176
1747303775117 2.2509538382291794 177
1747303780719 2.2505585998296738 178
1747303786596 2.250171020627022 179
1747303792209 2.2497719824314117 180
1747303797799 2.2493661046028137 181
1747303803382 2.248968482017517 182
1747303808987 2.2485690861940384 183
1747303814574 2.24816457927227 184
1747303820192 2.247761771082878 185
1747303825750 2.2473540157079697 186
1747303831345 2.246951386332512 187
1747303836931 2.246531456708908 188
1747303842532 2.246122434735298 189
1747303848122 2.2457121908664703 190
1747303853727 2.245300769805908 191
1747303859293 2.2448804825544357 192
1747303864873 2.2444499880075455 193
1747303870470 2.244047597050667 194
1747303876083 2.2436241656541824 195
1747303881672 2.243191421031952 196
1747303887296 2.2427661418914795 197
1747303893121 2.242338642477989 198
1747303898705 2.241910308599472 199
