1751910099894 0.1012 0
1751914870930 0.5294 1
1751919646907 0.5466 2
1751924402260 0.5628 3
1751929272414 0.5642 4
1751934102104 0.5592 5
1751938935571 0.569 6
1751943926996 0.562 7
1751948851957 0.562 8
1751953793720 0.5656 9
1751958817876 0.561 10
1751963728178 0.5662 11
1751968866802 0.5622 12
1751973967593 0.5668 13
1751979088848 0.5634 14
1751984182560 0.565 15
1751989297013 0.5648 16
1751994404804 0.5634 17
1751999530759 0.564 18
1752004675252 0.5532 19
1752009855194 0.5584 20
1752015011087 0.5554 21
1752020164450 0.5528 22
1752025342209 0.5568 23
1752030512451 0.555 24
1752035692359 0.5518 25
1752040875200 0.5544 26
1752046053505 0.556 27
1752051235520 0.5516 28
1752056449087 0.5526 29
1752061663042 0.5528 30
1752066851342 0.5512 31
1752072059050 0.556 32
1752077268242 0.5534 33
1752082474505 0.5552 34
