1751910649905 -166.0993194580078 0
1751913942414 -63.567138671875 1
1751917000295 -20.83985137939453 2
1751920075239 -34.105796813964844 3
1751923156022 -6.373020172119141 4
1751926229240 -20.38018226623535 5
1751929290498 -16.051555633544922 6
1751932352399 -23.361434936523438 7
1751935418426 0.3518247604370117 8
1751938498235 -26.85378074645996 9
1751941596242 -10.651790618896484 10
1751944673023 -20.626184463500977 11
1751947748993 -2.3652148246765137 12
1751950827302 -24.071060180664062 13
1751953918541 -12.456581115722656 14
1751957018163 -13.684977531433105 15
1751960114270 -5.8658552169799805 16
1751963192458 -19.839569091796875 17
1751966268906 -18.97237205505371 18
1751969340688 -5.205974578857422 19
1751972433173 -21.898719787597656 20
1751975528726 -7.8303728103637695 21
1751978625651 -34.059261322021484 22
1751981701009 -39.56465530395508 23
1751984775950 -24.496627807617188 24
1751987849321 -5.695563793182373 25
1751990931482 -11.068397521972656 26
1751994029605 -24.21955108642578 27
1751997128185 8.93283462524414 28
1752000199760 2.6602330207824707 29
1752003285180 -4.646816253662109 30
1752006361867 -2.4276113510131836 31
1752009447640 -15.105215072631836 32
1752012544701 -19.20794677734375 33
1752015642935 -19.91271209716797 34
1752018718198 -32.54238510131836 35
1752021793522 -12.820578575134277 36
1752024866898 -3.6466715335845947 37
1752027948417 5.319077491760254 38
1752031045729 -4.081289768218994 39
1752034154547 5.884112358093262 40
1752037231517 -7.449192047119141 41
1752040306354 11.399940490722656 42
1752043379785 4.117351531982422 43
1752046459862 2.3269596099853516 44
1752049557026 4.475806713104248 45
1752052655908 -3.384334087371826 46
1752055762653 8.88039493560791 47
1752058854409 2.4019923210144043 48
1752061929078 -0.04368463158607483 49
1752065025023 1.6598237752914429 50
1752068124568 5.06326961517334 51
1752071228919 2.475456714630127 52
1752074315531 6.823818206787109 53
1752077396131 7.562256813049316 54
1752080473724 11.383569717407227 55
