1751912507960 785.2741088867188 0
1751915562472 3680.17724609375 1
1751918628188 6576.05615234375 2
1751921707688 9472.0341796875 3
1751924787592 12368.0166015625 4
1751927853549 15264.001953125 5
1751930913331 18160.009765625 6
1751933979729 21056.00390625 7
1751937049095 23952.001953125 8
1751940133604 26848.001953125 9
1751943229456 29744.001953125 10
1751946304769 32640.001953125 11
1751949380474 35536.0 12
1751952464993 38432.0 13
1751955561753 41328.0 14
1751958661026 44224.0 15
1751961748614 47120.0 16
1751964825755 50016.0 17
1751967898372 52912.0 18
1751970972395 55808.0 19
1751974073274 58704.0 20
1751977171500 61600.0 21
1751980257649 64496.0 22
1751983332190 67392.0 23
1751986406273 70288.0 24
1751989481242 73184.0 25
1751992572135 76080.0 26
1751995672044 78976.0 27
1751998757120 81872.0 28
1752001831193 84768.0 29
1752004918664 87664.0 30
1752007996336 90560.0 31
1752011087318 93456.0 32
1752014187079 96352.0 33
1752017275262 99248.0 34
1752020349425 102144.0 35
1752023424425 105040.0 36
1752026498726 107936.0 37
1752029588465 110832.0 38
1752032688118 113728.0 39
1752035787920 116624.0 40
1752038863272 119520.0 41
1752041936926 122416.0 42
1752045011801 125312.0 43
1752048099172 128208.0 44
1752051199685 131104.0 45
1752054309178 134000.0 46
1752057408210 136896.0 47
1752060485769 139792.0 48
1752063562078 142688.0 49
1752066665473 145584.0 50
1752069770016 148480.0 51
1752072870515 151376.0 52
1752075950704 154272.0 53
1752079029426 157168.0 54
