1751912507960 -163.93646240234375 0
1751915562472 -68.12019348144531 1
1751918628188 -36.17055130004883 2
1751921707688 -36.182640075683594 3
1751924787592 -13.926225662231445 4
1751927853549 -6.232763767242432 5
1751930913331 -10.32397747039795 6
1751933979729 -15.408515930175781 7
1751937049095 -4.721177101135254 8
1751940133604 -10.383964538574219 9
1751943229456 -3.0301499366760254 10
1751946304769 -11.93544864654541 11
1751949380474 -2.7206358909606934 12
1751952464993 -10.505889892578125 13
1751955561753 -4.774279594421387 14
1751958661026 -5.420862674713135 15
1751961748614 -2.7835307121276855 16
1751964825755 -6.249824523925781 17
1751967898372 -5.689426422119141 18
1751970972395 -0.2214181125164032 19
1751974073274 -7.535365581512451 20
1751977171500 -5.086589813232422 21
1751980257649 -10.792158126831055 22
1751983332190 -8.55063247680664 23
1751986406273 -6.531318664550781 24
1751989481242 -3.6041574478149414 25
1751992572135 -2.51507568359375 26
1751995672044 -15.918742179870605 27
1751998757120 1.971951961517334 28
1752001831193 -1.0722001791000366 29
1752004918664 -1.5561728477478027 30
1752007996336 -4.886324882507324 31
1752011087318 -6.448503494262695 32
1752014187079 -6.792698860168457 33
1752017275262 -4.337954998016357 34
1752020349425 -11.42248249053955 35
1752023424425 -9.119795799255371 36
1752026498726 -1.5005851984024048 37
1752029588465 -1.8500418663024902 38
1752032688118 0.03666229546070099 39
1752035787920 0.6195552349090576 40
1752038863272 -1.3974919319152832 41
1752041936926 0.7470458745956421 42
1752045011801 0.7268457412719727 43
1752048099172 0.23639169335365295 44
1752051199685 0.48388922214508057 45
1752054309178 0.21299304068088531 46
1752057408210 1.730903148651123 47
1752060485769 0.2061583399772644 48
1752063562078 0.2323717474937439 49
1752066665473 0.16506248712539673 50
1752069770016 0.7342909574508667 51
1752072870515 0.056592319160699844 52
1752075950704 0.6706643104553223 53
1752079029426 0.8259642720222473 54
