1747887254688 0.104 0
1747887669993 0.1196 1
1747888082010 0.1606 2
1747888505491 0.169 3
1747888932065 0.183 4
1747889363405 0.1872 5
1747889790154 0.1974 6
1747890214504 0.212 7
1747890643620 0.2178 8
1747891072649 0.23 9
1747891505012 0.2362 10
1747891940083 0.2396 11
1747892374123 0.2454 12
1747892811157 0.25 13
1747893250233 0.2548 14
1747893686511 0.2594 15
1747894134289 0.2638 16
1747894575610 0.2644 17
1747895013597 0.2732 18
1747895450749 0.2744 19
1747895888048 0.2764 20
1747896324518 0.274 21
1747896760234 0.2732 22
1747897197688 0.2764 23
1747897634984 0.2798 24
1747898072603 0.282 25
1747898510478 0.2848 26
1747898948078 0.2852 27
1747899387346 0.289 28
1747899825231 0.295 29
1747900262563 0.2962 30
1747900698766 0.2968 31
1747901135413 0.298 32
1747901573698 0.2948 33
1747902010746 0.2942 34
1747902449844 0.2958 35
1747902886190 0.296 36
1747903320660 0.298 37
1747903758469 0.2984 38
1747904194528 0.3028 39
1747904654467 0.3032 40
1747905092012 0.3062 41
1747905529326 0.308 42
1747905966742 0.3076 43
1747906402921 0.3102 44
1747906840545 0.3122 45
1747907278377 0.314 46
1747907715518 0.3136 47
1747908151466 0.3118 48
1747908587798 0.312 49
1747909024867 0.3616 50
1747909462193 0.3672 51
1747909897595 0.366 52
1747910334430 0.3678 53
1747910771794 0.37 54
1747911210463 0.3684 55
1747911647456 0.3644 56
1747912085501 0.363 57
1747912522798 0.3642 58
1747912961257 0.3626 59
1747913401387 0.3638 60
1747913841478 0.382 61
1747914280511 0.3818 62
1747914720933 0.3864 63
1747915161189 0.3826 64
1747915603715 0.384 65
1747916068106 0.384 66
1747916516014 0.3844 67
1747916959293 0.3872 68
1747917402732 0.3908 69
1747917846051 0.3898 70
1747918285817 0.3926 71
1747918725535 0.3946 72
1747919165415 0.3962 73
1747919603756 0.3988 74
1747920040800 0.3994 75
1747920480044 0.4 76
1747920933765 0.4 77
1747921373433 0.402 78
1747921811741 0.4034 79
1747922248634 0.4052 80
1747922708822 0.4064 81
1747923145231 0.407 82
1747923581021 0.4078 83
1747924016407 0.4076 84
1747924453659 0.4084 85
1747924893118 0.4076 86
1747925332799 0.408 87
1747925793594 0.4082 88
1747926257964 0.4084 89
1747926716143 0.4086 90
1747927155740 0.4094 91
1747927595320 0.409 92
1747928037292 0.409 93
1747928475942 0.4088 94
1747928914805 0.408 95
1747929350783 0.408 96
1747929787905 0.4082 97
1747930224666 0.4088 98
1747930662290 0.4092 99
1747931100574 0.4086 100
1747931545422 0.4096 101
1747931992194 0.4116 102
1747932438373 0.4116 103
1747932885177 0.4126 104
1747933330658 0.413 105
1747933770335 0.412 106
1747934203990 0.412 107
1747934636527 0.4116 108
1747935071359 0.4114 109
1747935505997 0.4106 110
1747935940046 0.4118 111
1747936375534 0.4118 112
1747936810545 0.4124 113
1747937244427 0.4136 114
1747937678065 0.4132 115
1747938137213 0.4138 116
1747938574887 0.4138 117
1747939008493 0.4144 118
1747939441582 0.4152 119
1747939875279 0.4152 120
1747940310046 0.4148 121
1747940744524 0.415 122
1747941176559 0.4162 123
1747941609495 0.4168 124
1747942048909 0.4168 125
1747942487228 0.417 126
1747942927753 0.4176 127
1747943364206 0.4174 128
1747943799369 0.4168 129
1747944235109 0.4166 130
1747944670811 0.4164 131
1747945104176 0.4164 132
1747945565087 0.4174 133
1747946010937 0.418 134
1747946454218 0.4176 135
1747946897969 0.4186 136
1747947343241 0.4186 137
1747947787538 0.4192 138
1747948234310 0.4184 139
1747948680133 0.42 140
1747949123968 0.4192 141
1747949570496 0.4194 142
1747950015704 0.419 143
1747950459625 0.4192 144
1747950899279 0.419 145
1747951342310 0.4198 146
1747951787919 0.4196 147
1747952234732 0.4198 148
1747952681711 0.4208 149
1747953126443 0.4198 150
1747953575616 0.4218 151
1747954020341 0.4208 152
1747954465301 0.421 153
1747954911351 0.4212 154
1747955357203 0.421 155
1747955804512 0.4228 156
1747956252669 0.4216 157
1747956697440 0.4232 158
1747957135705 0.4214 159
1747957580969 0.4224 160
1747958024595 0.4218 161
1747958470067 0.4226 162
1747958916518 0.424 163
1747959366493 0.4224 164
1747959818973 0.424 165
1747960260156 0.4242 166
1747960700710 0.4244 167
1747961137269 0.4232 168
1747961581095 0.4236 169
1747962025642 0.4238 170
1747962466049 0.424 171
1747962907005 0.4242 172
1747963348084 0.4252 173
1747963787686 0.426 174
1747964226850 0.4262 175
1747964669354 0.4276 176
1747965113009 0.4272 177
1747965557038 0.4266 178
1747966000526 0.4266 179
1747966438755 0.4268 180
1747966879463 0.4256 181
1747967317092 0.428 182
1747967755169 0.4256 183
1747968197023 0.4286 184
1747968638203 0.426 185
1747969075926 0.428 186
1747969513177 0.4292 187
1747969949504 0.4272 188
1747970384619 0.4308 189
1747970825565 0.4268 190
1747971261508 0.4298 191
1747971702261 0.43 192
1747972142737 0.4312 193
1747972585831 0.4308 194
1747973020837 0.4282 195
1747973459740 0.431 196
