1750089347964 0.1044 0
1750089516864 0.2116 19
1750089684767 0.2112 38
1750090103549 0.1296 40
1750090270003 0.227 59
1750090436675 0.251 78
1750090846025 0.179 80
1750091013021 0.2692 99
1750091180191 0.2788 118
1750091589071 0.1736 120
1750091756122 0.2742 139
1750091922682 0.2832 158
1750092332353 0.1628 160
1750092497384 0.2922 179
1750092662319 0.2974 198
1750093067566 0.2586 200
1750093233347 0.3064 219
1750093399771 0.3142 238
1750093807639 0.2062 240
1750093973250 0.308 259
1750094138783 0.3152 278
1750094554892 0.1838 280
1750094720366 0.297 299
1750094886273 0.3068 318
1750095310015 0.2684 320
1750095475821 0.3226 339
1750095641850 0.3268 358
1750096056875 0.2154 360
1750096222825 0.3118 379
1750096388335 0.32 398
1750096801212 0.1768 400
1750096967136 0.3034 419
1750097133638 0.3104 438
1750097557518 0.2642 440
1750097723547 0.3242 459
1750097889560 0.3366 478
1750098297134 0.2432 480
1750098462818 0.3252 499
1750098628715 0.3372 518
1750099044616 0.205 520
1750099210797 0.3154 539
1750099376979 0.324 558
1750099796312 0.1896 560
1750099963063 0.2942 579
1750100129362 0.3072 598
1750100553164 0.1592 600
1750100718939 0.2904 619
1750100885238 0.3076 638
1750101309303 0.211 640
1750101475497 0.3216 659
1750101641871 0.338 678
1750102060936 0.222 680
1750102227576 0.331 699
1750102393937 0.3428 718
1750102810822 0.1872 720
1750102976737 0.3106 739
1750103142791 0.3128 758
1750103567988 0.1104 760
1750103734335 0.2738 779
1750103900694 0.2822 798
1750104325987 0.1932 800
1750104492490 0.2998 819
1750104659420 0.323 838
1750105083902 0.2046 840
1750105250112 0.3086 859
1750105416424 0.3284 878
1750105836088 0.2248 880
1750106003104 0.324 899
1750106169626 0.3386 918
1750106585189 0.1594 920
1750106751673 0.2794 939
1750106918654 0.2858 958
1750107344155 0.1746 960
1750107510341 0.3078 979
1750107676724 0.3172 998
1750108101177 0.0972 1000
1750108268194 0.262 1019
1750108434815 0.258 1038
1750108860326 0.094 1040
1750109027136 0.2686 1059
1750109193880 0.2604 1078
1750109619632 0.1224 1080
1750109786051 0.2796 1099
1750109952377 0.2768 1118
1750110377454 0.1542 1120
1750110543997 0.3022 1139
1750110710944 0.334 1158
1750111137033 0.1426 1160
1750111304164 0.2992 1179
1750111471162 0.338 1198
1750111895684 0.1364 1200
1750112063243 0.2808 1219
1750112229963 0.3098 1238
1750112654693 0.1464 1240
1750112821053 0.2754 1259
1750112988017 0.3126 1278
1750113408145 0.1456 1280
1750113574703 0.2718 1299
1750113741545 0.2904 1318
1750114163134 0.1648 1320
1750114330614 0.2738 1339
1750114497702 0.3178 1358
1750114921161 0.1534 1360
1750115087648 0.2626 1379
1750115254295 0.2858 1398
1750115677563 0.1238 1400
1750115844218 0.2104 1419
1750116011133 0.2704 1438
1750116420010 0.0922 1440
1750116586835 0.2132 1459
1750116754219 0.2386 1478
1750117180535 0.156 1480
1750117347615 0.2868 1499
1750117514738 0.315 1518
1750117935383 0.1618 1520
1750118102552 0.2726 1539
1750118269044 0.2788 1558
1750118690393 0.1522 1560
1750118857317 0.305 1579
1750119024164 0.318 1598
1750119446483 0.2626 1600
1750119614057 0.3418 1619
1750119781351 0.3634 1638
1750120196515 0.2042 1640
1750120363574 0.356 1659
1750120530930 0.3776 1678
1750120956698 0.203 1680
1750121123486 0.355 1699
1750121290442 0.3828 1718
1750121717322 0.1964 1720
1750121885074 0.3442 1739
1750122052311 0.3838 1758
1750122479496 0.1938 1760
1750122646906 0.352 1779
1750122814308 0.3828 1798
1750123241415 0.2104 1800
1750123408484 0.3668 1819
1750123575676 0.383 1838
1750124002161 0.1908 1840
1750124169183 0.3482 1859
1750124336903 0.3872 1878
1750124761289 0.1868 1880
1750124928676 0.3542 1899
1750125096247 0.3852 1918
1750125523345 0.198 1920
1750125691128 0.3654 1939
1750125858425 0.3864 1958
1750126281858 0.1658 1960
1750126448829 0.3594 1979
1750126616361 0.386 1998
1750127042948 0.167 2000
1750127209916 0.3622 2019
1750127377043 0.3908 2038
1750127804098 0.1634 2040
1750127972012 0.3544 2059
1750128139378 0.3864 2078
1750128563706 0.1566 2080
1750128731313 0.348 2099
1750128898933 0.3928 2118
1750129326929 0.1672 2120
1750129494154 0.3574 2139
1750129661322 0.3858 2158
1750130088426 0.1606 2160
1750130255537 0.3626 2179
1750130423216 0.385 2198
1750130850680 0.1588 2200
1750131018110 0.3698 2219
1750131185441 0.3876 2238
1750131612170 0.1566 2240
1750131780130 0.358 2259
1750131947613 0.386 2278
1750132372468 0.1568 2280
1750132539757 0.3656 2299
1750132707312 0.3772 2318
1750133130767 0.1544 2320
1750133298278 0.3738 2339
1750133465764 0.3902 2358
1750133893646 0.1662 2360
1750134061753 0.3598 2379
1750134229265 0.3892 2398
1750134654263 0.186 2400
1750134821765 0.363 2419
1750134989329 0.3876 2438
1750135415007 0.1508 2440
1750135583161 0.3412 2459
1750135750462 0.3672 2478
1750136171875 0.0924 2480
1750136339270 0.2542 2499
1750136507166 0.2626 2518
1750136934838 0.1312 2520
1750137102591 0.3598 2539
1750137270513 0.3892 2558
1750137698839 0.1498 2560
1750137867178 0.3382 2579
1750138035115 0.369 2598
1750138457526 0.1548 2600
1750138625262 0.3794 2619
1750138793035 0.3894 2638
1750139215068 0.1288 2640
1750139383156 0.3734 2659
1750139550644 0.3924 2678
1750139978786 0.1582 2680
1750140146559 0.233 2699
1750140314712 0.2562 2718
1750140743110 0.1476 2720
1750140911197 0.337 2739
1750141078996 0.3688 2758
1750141501524 0.1788 2760
1750141669899 0.3786 2779
1750141837828 0.395 2798
1750142261586 0.0958 2800
1750142429179 0.2456 2819
1750142596624 0.237 2838
1750143024864 0.1492 2840
1750143192657 0.3644 2859
1750143360653 0.384 2878
1750143784707 0.1508 2880
1750143952772 0.365 2899
1750144121321 0.3894 2918
1750144544139 0.1328 2920
1750144712171 0.3706 2939
1750144880149 0.392 2958
1750145304110 0.1866 2960
1750145472704 0.3262 2979
1750145640786 0.374 2998
1750146069333 0.1426 3000
1750146236771 0.3698 3019
1750146404210 0.3878 3038
1750146829233 0.141 3040
1750146996815 0.3732 3059
1750147164561 0.3942 3078
1750147592369 0.223 3080
1750147760562 0.3726 3099
1750147928974 0.3944 3118
1750148352798 0.1386 3120
1750148520665 0.3128 3139
1750148688482 0.372 3158
1750149110243 0.129 3160
1750149278571 0.2794 3179
1750149446329 0.3592 3198
1750149866825 0.1216 3200
1750150034608 0.2278 3219
1750150202409 0.25 3238
1750150630235 0.0944 3240
1750150798474 0.2244 3259
1750150966343 0.2572 3278
1750151395014 0.2426 3280
1750151563212 0.4054 3299
1750151731993 0.4106 3318
1750152152757 0.2184 3320
1750152320716 0.3902 3339
1750152488730 0.4014 3358
1750152912764 0.2296 3360
1750153080810 0.3932 3379
1750153249262 0.4044 3398
1750153670717 0.293 3400
1750153838503 0.4024 3419
1750154006269 0.417 3438
1750154431636 0.2514 3440
1750154600066 0.3832 3459
1750154767976 0.4174 3478
1750155190750 0.2212 3480
1750155358801 0.3952 3499
1750155526779 0.4168 3518
1750155951132 0.2166 3520
1750156119210 0.3838 3539
1750156287190 0.4152 3558
1750156711203 0.2124 3560
1750156879268 0.3992 3579
1750157047786 0.415 3598
1750157476241 0.244 3600
1750157644050 0.3754 3619
1750157811800 0.4122 3638
1750158233967 0.21 3640
1750158402711 0.4068 3659
1750158571166 0.4112 3678
1750158999537 0.2378 3680
1750159167785 0.3814 3699
1750159336081 0.4162 3718
1750159759818 0.2108 3720
1750159928001 0.4038 3739
1750160096229 0.4132 3758
1750160522747 0.2204 3760
1750160691019 0.3868 3779
1750160859674 0.4186 3798
1750161283736 0.213 3800
1750161451518 0.3942 3819
1750161619272 0.4222 3838
1750162047485 0.2276 3840
1750162215848 0.3762 3859
1750162383676 0.4154 3878
1750162807925 0.1998 3880
1750162976224 0.3928 3899
1750163144577 0.418 3918
1750163573822 0.219 3920
1750163742577 0.375 3939
1750163910851 0.4114 3958
1750164336967 0.2098 3960
1750164505196 0.396 3979
1750164674058 0.4308 3998
