1747305167511 2.2991544008255005 0
1747305252767 2.2949483394622803 19
1747305337761 2.291267156600952 38
1747305885400 2.2908002138137817 40
1747305969149 2.2858856916427612 59
1747306052449 2.2808879613876343 78
1747306602339 2.2802674770355225 80
1747306685483 2.274532437324524 99
1747306769329 2.268018960952759 118
1747307358375 2.267024040222168 120
1747307441764 2.25976824760437 139
1747307525229 2.25139582157135 158
1747308080687 2.2502589225769043 160
1747308166447 2.241230607032776 179
1747308251703 2.231269955635071 198
1747308814538 2.23038113117218 200
1747308899636 2.2194448709487915 219
1747308985237 2.2078245878219604 238
1747309550909 2.207719326019287 240
1747309636831 2.1956690549850464 259
1747309722700 2.183756947517395 278
1747310292439 2.1846126317977905 280
1747310377648 2.172164559364319 299
1747310463746 2.1602295637130737 318
1747311030272 2.1621172428131104 320
1747311116732 2.149895668029785 339
1747311203490 2.1384761333465576 358
1747311773879 2.1409988403320312 360
1747311859486 2.129279136657715 379
1747311945123 2.1188812255859375 398
1747312515666 2.1207573413848877 400
1747312601793 2.110883593559265 419
1747312687349 2.1018924713134766 438
1747313256885 2.102742552757263 440
1747313343857 2.094428777694702 459
1747313430952 2.087313652038574 478
1747314002269 2.0882049798965454 480
1747314089222 2.0819342136383057 499
1747314176291 2.07699191570282 518
1747314750374 2.0783982276916504 520
1747314837085 2.0736420154571533 539
1747314923874 2.0706076622009277 558
1747315493417 2.0777441263198853 560
1747315580335 2.0732293128967285 579
1747315667161 2.0702086687088013 598
1747316239262 2.07695472240448 600
1747316326292 2.0727821588516235 619
1747316413179 2.0697723627090454 638
1747316985067 2.0765429735183716 640
1747317072134 2.0728068351745605 659
1747317159141 2.0692330598831177 678
1747317732755 2.0752092599868774 680
1747317820247 2.0716893672943115 699
1747317907239 2.06823992729187 718
1747318478836 2.0749582052230835 720
1747318565004 2.0715460777282715 739
1747318652082 2.0680065155029297 758
1747319225387 2.0741653442382812 760
1747319312868 2.0708048343658447 779
1747319400252 2.067601203918457 798
1747319974202 2.0735496282577515 800
1747320059977 2.070504069328308 819
1747320146691 2.0673996210098267 838
1747320715164 2.073228120803833 840
1747320801559 2.0704773664474487 859
1747320888174 2.0673413276672363 878
1747321461039 2.073122501373291 880
1747321547411 2.0702826976776123 899
1747321634515 2.067446231842041 918
1747322205144 2.071590781211853 920
1747322291835 2.0688306093215942 939
1747322378343 2.066069006919861 958
1747322950052 2.0712250471115112 960
1747323036930 2.0682129859924316 979
1747323124109 2.065708041191101 998
1747323695248 2.06794011592865 1000
1747323782499 2.0649819374084473 1019
1747323868848 2.0624722242355347 1038
1747324439920 2.066628098487854 1040
1747324527047 2.0631320476531982 1059
1747324614631 2.0607718229293823 1078
1747325187652 2.0640090703964233 1080
1747325274985 2.0603631734848022 1099
1747325362053 2.0580267906188965 1118
1747325936319 2.0608530044555664 1120
1747326023441 2.0568795204162598 1139
1747326110896 2.0545263290405273 1158
1747326686557 2.056784749031067 1160
1747326774018 2.053053140640259 1179
1747326861549 2.0508530139923096 1198
1747327437964 2.056098222732544 1200
1747327525756 2.0521738529205322 1219
1747327613331 2.0500372648239136 1238
1747328189363 2.0541653633117676 1240
1747328276679 2.050067663192749 1259
1747328364290 2.048069715499878 1278
1747328940835 2.0514371395111084 1280
1747329027388 2.047269344329834 1299
1747329113735 2.044992208480835 1318
1747329686628 2.0479774475097656 1320
1747329774046 2.0436407327651978 1339
1747329861169 2.0413575172424316 1358
1747330434935 2.0438265800476074 1360
1747330520017 2.0397292375564575 1379
1747330605745 2.0373337268829346 1398
1747331172070 2.0398494005203247 1400
1747331258185 2.035565137863159 1419
1747331347344 2.0331757068634033 1438
1747331921892 2.036190390586853 1440
1747332008848 2.032141089439392 1459
1747332094488 2.029690384864807 1478
1747332662261 2.0329067707061768 1480
1747332749658 2.0287628173828125 1499
1747332836586 2.0262792110443115 1518
1747333416095 2.028822183609009 1520
1747333504458 2.02481746673584 1539
1747333592702 2.0226988792419434 1558
1747334173470 2.0251271724700928 1560
1747334262336 2.0213156938552856 1579
1747334349558 2.0193727016448975 1598
1747334927730 2.0211679935455322 1600
1747335015124 2.017823576927185 1619
1747335101749 2.0161319971084595 1638
1747335678531 2.0174819231033325 1640
1747335765595 2.014501929283142 1659
1747335852522 2.013100504875183 1678
1747336427472 2.0145429372787476 1680
1747336515845 2.0122790336608887 1699
1747336603315 2.0107268691062927 1718
1747337182443 2.011202573776245 1720
1747337270348 2.010128676891327 1739
1747337358780 2.0096945762634277 1758
1747337931735 2.009173035621643 1760
1747338018105 2.0086069107055664 1779
1747338104294 2.008285403251648 1798
1747338673045 2.0082175731658936 1800
1747338759593 2.0088242888450623 1819
1747338846064 2.008952558040619 1838
1747339415272 2.006433844566345 1840
1747339502945 2.010499358177185 1859
1747339588890 2.009077250957489 1878
1747340156673 2.005149245262146 1880
1747340242610 2.010658085346222 1899
1747340329006 2.009607195854187 1918
