1751216583303 0.1012 0
1751219022574 0.513 1
1751221464156 0.5528 2
1751224018840 0.5618 3
1751226567344 0.559 4
1751229152660 0.5678 5
1751231745634 0.5594 6
1751234338073 0.5616 7
1751236934986 0.5632 8
1751239630306 0.5548 9
1751242314388 0.5634 10
1751244903779 0.5658 11
1751247570685 0.5584 12
1751250334965 0.558 13
1751253078271 0.564 14
1751255746931 0.5556 15
1751258539301 0.5664 16
1751261248363 0.566 17
1751264076608 0.559 18
1751266842686 0.5594 19
1751269691014 0.562 20
1751272476476 0.5576 21
1751275296095 0.5626 22
1751278094881 0.5612 23
1751280942772 0.558 24
1751283809671 0.5598 25
1751286670182 0.5578 26
1751289517284 0.5574 27
1751292364124 0.5576 28
1751295213924 0.5548 29
1751298094633 0.5538 30
1751300926205 0.5546 31
1751303777851 0.556 32
1751306630793 0.554 33
1751309485087 0.5526 34
1751312358482 0.5542 35
1751315176262 0.5538 36
1751318036174 0.5558 37
1751320895409 0.5578 38
1751323732728 0.5536 39
1751326614755 0.5552 40
1751329501073 0.5542 41
1751332351128 0.5536 42
1751335215782 0.5528 43
1751338039482 0.5538 44
1751340895255 0.5534 45
1751343766748 0.5538 46
1751346626253 0.5556 47
1751349496319 0.5542 48
1751352346369 0.5546 49
1751355210829 0.553 50
1751358105387 0.5524 51
1751360979785 0.5522 52
1751363854057 0.5526 53
1751366730235 0.552 54
1751369608934 0.5534 55
1751372504479 0.5532 56
1751375370346 0.5532 57
1751378256569 0.5534 58
1751381142598 0.5532 59
1751383999715 0.5536 60
1751386899906 0.5538 61
