1751910099894 140.38510131835938 0
1751914870930 238.87127685546875 1
1751919646907 233.65313720703125 2
1751924402260 188.80503845214844 3
1751929272414 215.4279022216797 4
1751934102104 249.51646423339844 5
1751938935571 291.3045654296875 6
1751943926996 206.0464324951172 7
1751948851957 332.82373046875 8
1751953793720 261.3536376953125 9
1751958817876 299.0186462402344 10
1751963728178 288.21124267578125 11
1751968866802 259.0699157714844 12
1751973967593 261.61846923828125 13
1751979088848 272.14385986328125 14
1751984182560 241.9036102294922 15
1751989297013 308.653564453125 16
1751994404804 236.68515014648438 17
1751999530759 236.1345977783203 18
1752004675252 355.282470703125 19
1752009855194 269.7132873535156 20
1752015011087 258.7773132324219 21
1752020164450 271.5398254394531 22
1752025342209 150.5398712158203 23
1752030512451 217.1209716796875 24
1752035692359 150.5673828125 25
1752040875200 239.0137939453125 26
1752046053505 238.38784790039062 27
1752051235520 175.64193725585938 28
1752056449087 171.06472778320312 29
1752061663042 176.7963104248047 30
1752066851342 206.5934295654297 31
1752072059050 142.47047424316406 32
1752077268242 145.11451721191406 33
1752082474505 129.41754150390625 34
