1751914733148 30352.072265625 0
1751919507883 36064.0234375 1
1751924265417 41776.01953125 2
1751929133494 47488.015625 3
1751933960773 53200.015625 4
1751938794933 58912.01171875 5
1751943787055 64624.015625 6
1751948712731 70336.015625 7
1751953653300 76048.015625 8
1751958662644 81760.0078125 9
1751963586488 87472.0078125 10
1751968725612 93184.0 11
1751973826816 98896.0 12
1751978947269 104608.0078125 13
1751984040797 110320.0 14
1751989155838 116032.0 15
1751994263725 121744.0 16
1751999388573 127456.0 17
1752004533597 133168.0 18
1752009693336 138880.0 19
1752014868385 144592.0 20
1752020022212 150304.0 21
1752025200257 156016.0 22
1752030369347 161728.0 23
1752035549741 167440.0 24
1752040732846 173152.0 25
1752045909933 178864.0 26
1752051093593 184576.0 27
1752056305373 190288.0 28
1752061501936 196000.0 29
1752066709622 201712.0 30
1752071915288 207424.0 31
1752077122738 213136.0 32
1752082332403 218848.0 33
