1747304584573 0.1048 0
1747304634788 0.1564 19
1747304685773 0.2144 38
1747304839504 0.1056 40
1747304910914 0.1806 59
1747304961743 0.212 78
1747305084141 0.111 80
1747305136914 0.2236 99
1747305189366 0.2336 118
1747305313952 0.1102 120
1747305366635 0.2388 139
1747305419210 0.2532 158
1747305543338 0.1456 160
1747305596098 0.2514 179
1747305648417 0.2572 198
1747305773741 0.1546 200
1747305826413 0.255 219
1747305878955 0.2582 238
1747306003999 0.1758 240
1747306056687 0.262 259
1747306109483 0.2626 278
1747306234514 0.197 280
1747306287175 0.2704 299
1747306340299 0.2728 318
1747306465393 0.2076 320
1747306517380 0.2794 339
1747306573356 0.2836 358
1747306708089 0.224 360
1747306765095 0.288 379
1747306821846 0.2916 398
1747306956799 0.2354 400
1747307014221 0.2944 419
1747307071361 0.294 438
1747307253101 0.249 440
1747307310865 0.2962 459
1747307368026 0.2974 478
1747307502825 0.2622 480
1747307559928 0.298 499
1747307617340 0.3 518
1747307752328 0.2694 520
1747307809598 0.2972 539
1747307867297 0.2994 558
1747308001351 0.271 560
1747308057901 0.2974 579
1747308115008 0.3018 598
1747308250669 0.278 600
1747308307925 0.2994 619
1747308365514 0.3048 638
1747308500515 0.2908 640
1747308557437 0.305 659
1747308614678 0.3078 678
1747308781066 0.3016 680
1747308852591 0.307 699
1747308923538 0.3112 718
1747309090991 0.3074 720
1747309162656 0.3116 739
1747309233664 0.3134 758
1747309401198 0.3136 760
1747309472182 0.3162 779
1747309543901 0.315 798
1747309712321 0.3152 800
1747309783807 0.3166 819
1747309855671 0.3188 838
1747310023905 0.317 840
1747310095923 0.3192 859
1747310167266 0.3234 878
1747310335979 0.3186 880
1747310407315 0.3222 899
1747310479431 0.3222 918
1747310647437 0.323 920
1747310719327 0.324 939
1747310790731 0.3252 958
1747310959078 0.325 960
1747311030374 0.3254 979
1747311102454 0.3274 998
1747311271112 0.3256 1000
1747311342295 0.3274 1019
1747311414304 0.332 1038
1747311582379 0.326 1040
1747311654255 0.3304 1059
1747311725528 0.3296 1078
1747311892704 0.3292 1080
1747311964632 0.3294 1099
1747312035940 0.3332 1118
1747312204431 0.331 1120
1747312275706 0.335 1139
1747312347636 0.334 1158
1747312515031 0.331 1160
1747312587229 0.3348 1179
1747312658278 0.3364 1198
1747312826361 0.3374 1200
1747312897473 0.3336 1219
1747312969018 0.3364 1238
1747313136786 0.3336 1240
1747313208651 0.3396 1259
1747313279971 0.3422 1278
1747313448154 0.3346 1280
1747313519147 0.3346 1299
1747313590791 0.3412 1318
1747313758680 0.341 1320
1747313830575 0.3416 1339
1747313901720 0.3422 1358
1747314070041 0.3396 1360
1747314141025 0.3388 1379
1747314212679 0.3416 1398
1747314380502 0.342 1400
1747314451665 0.3416 1419
1747314523330 0.3424 1438
1747314691482 0.337 1440
1747314763219 0.3414 1459
1747314834348 0.3454 1478
1747315002356 0.3438 1480
1747315073938 0.3446 1499
1747315144816 0.3408 1518
1747315313303 0.3422 1520
1747315384368 0.3472 1539
1747315456187 0.3458 1558
1747315623988 0.345 1560
1747315695476 0.3458 1579
1747315767566 0.348 1598
1747315935365 0.3464 1600
1747316007057 0.3462 1619
1747316078201 0.3508 1638
1747316246998 0.3464 1640
1747316318136 0.3468 1659
1747316389599 0.349 1678
1747316558063 0.3464 1680
1747316629328 0.3496 1699
1747316700471 0.3514 1718
1747316869193 0.3434 1720
1747316940579 0.348 1739
1747317012585 0.351 1758
1747317180256 0.3462 1760
1747317251159 0.3446 1779
1747317322977 0.3496 1798
1747317490931 0.3484 1800
1747317562153 0.3468 1819
1747317634020 0.3482 1838
1747317802106 0.349 1840
1747317873223 0.3498 1859
1747317945007 0.3512 1878
1747318113304 0.3502 1880
1747318184673 0.3484 1899
1747318256854 0.3514 1918
1747318425106 0.3492 1920
1747318496608 0.3498 1939
1747318568052 0.3494 1958
1747318737027 0.35 1960
1747318808361 0.351 1979
1747318880430 0.354 1998
1747319049096 0.351 2000
1747319120786 0.3548 2019
1747319193127 0.3512 2038
1747319362749 0.3544 2040
1747319434761 0.3502 2059
1747319507042 0.3518 2078
1747319677152 0.3514 2080
1747319749204 0.355 2099
1747319821205 0.3534 2118
1747319990990 0.3514 2120
1747320062947 0.3534 2139
1747320135120 0.3538 2158
1747320304643 0.354 2160
1747320377203 0.3536 2179
1747320449277 0.3506 2198
1747320618292 0.3548 2200
1747320690254 0.3558 2219
1747320762686 0.3538 2238
1747320931696 0.3524 2240
1747321003431 0.356 2259
1747321075272 0.3534 2278
1747321244653 0.3536 2280
1747321316487 0.357 2299
1747321388248 0.3534 2318
1747321558051 0.3544 2320
1747321629856 0.3542 2339
1747321701505 0.3528 2358
1747321870439 0.3548 2360
1747321943075 0.3508 2379
1747322014795 0.352 2398
1747322183646 0.3552 2400
1747322255337 0.355 2419
1747322327605 0.3544 2438
1747322496366 0.3556 2440
1747322568020 0.356 2459
1747322639687 0.3564 2478
1747322808855 0.3564 2480
1747322880733 0.3546 2499
1747322952320 0.3556 2518
1747323120950 0.3562 2520
1747323193154 0.3538 2539
1747323264859 0.358 2558
1747323433441 0.3566 2560
1747323504986 0.3574 2579
1747323576525 0.356 2598
1747323745552 0.3548 2600
1747323818945 0.3546 2619
1747323890552 0.3582 2638
1747324059117 0.3572 2640
1747324130602 0.358 2659
1747324203025 0.3562 2678
1747324371851 0.3548 2680
1747324443374 0.3562 2699
1747324514893 0.3586 2718
1747324683701 0.356 2720
1747324755443 0.3552 2739
1747324827927 0.359 2758
1747324997089 0.3548 2760
1747325068572 0.3574 2779
1747325140207 0.3566 2798
1747325310633 0.3568 2800
1747325383402 0.3546 2819
1747325455758 0.3576 2838
1747325624669 0.3556 2840
1747325696165 0.3566 2859
1747325768473 0.3602 2878
1747325936472 0.356 2880
1747326008841 0.357 2899
1747326080398 0.3594 2918
1747326249332 0.3568 2920
1747326321017 0.359 2939
1747326392529 0.3594 2958
1747326560934 0.3582 2960
1747326632721 0.3592 2979
1747326705115 0.3592 2998
1747326873519 0.3566 3000
1747326945875 0.36 3019
1747327017458 0.361 3038
1747327186549 0.36 3040
1747327258147 0.359 3059
1747327329805 0.3614 3078
1747327498981 0.3584 3080
1747327570969 0.3598 3099
1747327642866 0.3618 3118
1747327812469 0.3596 3120
1747327884443 0.3586 3139
1747327957155 0.3608 3158
1747328125948 0.357 3160
1747328198646 0.3614 3179
1747328270759 0.36 3198
1747328440249 0.3602 3200
1747328512317 0.3598 3219
1747328584314 0.3642 3238
1747328754111 0.36 3240
1747328826174 0.36 3259
1747328898279 0.3606 3278
1747329068485 0.362 3280
1747329140652 0.3586 3299
1747329213458 0.359 3318
1747329382306 0.3626 3320
1747329454407 0.3594 3339
1747329527115 0.3628 3358
1747329696951 0.3606 3360
1747329769070 0.3644 3379
1747329841315 0.3628 3398
1747330011203 0.359 3400
1747330083457 0.3624 3419
1747330155510 0.3616 3438
1747330325204 0.362 3440
1747330397554 0.3624 3459
1747330469708 0.3614 3478
1747330639863 0.3622 3480
1747330712351 0.3642 3499
1747330784766 0.363 3518
1747330954930 0.3604 3520
1747331027181 0.3606 3539
1747331099371 0.3624 3558
1747331269752 0.3604 3560
1747331342223 0.3618 3579
1747331414626 0.3634 3598
1747331584985 0.361 3600
1747331657089 0.364 3619
1747331729269 0.3652 3638
1747331899825 0.3588 3640
1747331972432 0.362 3659
1747332044866 0.3648 3678
1747332215069 0.363 3680
1747332287428 0.3622 3699
1747332359945 0.3644 3718
1747332530636 0.3642 3720
1747332603396 0.3656 3739
1747332675990 0.362 3758
1747332847025 0.3628 3760
1747332919472 0.3602 3779
1747332991977 0.3624 3798
1747333162217 0.364 3800
1747333235406 0.364 3819
1747333307936 0.3638 3838
1747333477895 0.3552 3840
1747333550342 0.3636 3859
1747333623478 0.365 3878
1747333794001 0.3662 3880
1747333866921 0.3626 3899
1747333939987 0.364 3918
1747334112301 0.3606 3920
1747334185399 0.3642 3939
1747334258419 0.3674 3958
1747334430841 0.3594 3960
1747334503873 0.3632 3979
1747334576886 0.3644 3998
1747334748297 0.3628 4000
1747334821221 0.3664 4019
1747334894783 0.3642 4038
1747335065876 0.3596 4040
1747335139019 0.3634 4059
1747335211907 0.3656 4078
1747335383782 0.3626 4080
1747335456867 0.365 4099
1747335530087 0.366 4118
1747335701674 0.359 4120
1747335774604 0.363 4139
1747335848393 0.3632 4158
1747336020080 0.3654 4160
1747336093169 0.3636 4179
1747336166121 0.366 4198
1747336338041 0.3644 4200
1747336410967 0.3676 4219
1747336483912 0.3652 4238
1747336655872 0.365 4240
1747336729085 0.3652 4259
1747336802152 0.3638 4278
1747336973881 0.366 4280
1747337047133 0.3682 4299
1747337120263 0.3666 4318
1747337291732 0.3666 4320
1747337364973 0.3626 4339
1747337438132 0.365 4358
1747337610491 0.363 4360
1747337683865 0.3672 4379
1747337757134 0.3654 4398
1747337928984 0.3668 4400
1747338002264 0.3656 4419
1747338075462 0.3656 4438
1747338247841 0.3664 4440
1747338321170 0.3646 4459
1747338394627 0.3628 4478
1747338566905 0.3642 4480
1747338640392 0.3646 4499
1747338713750 0.3674 4518
1747338886148 0.357 4520
1747338959539 0.3648 4539
1747339033052 0.367 4558
1747339204938 0.358 4560
1747339278136 0.3688 4579
1747339351345 0.3656 4598
1747339524521 0.3668 4600
1747339598014 0.3678 4619
1747339671553 0.366 4638
1747339844003 0.3662 4640
1747339917679 0.366 4659
1747339991254 0.366 4678
1747340163598 0.3586 4680
1747340237531 0.3666 4699
1747340311447 0.3668 4718
1747340484263 0.3664 4720
1747340557753 0.3658 4739
