1751838840589 1.97727792263031 40
1751838858923 1.9249874353408813 41
1751838877250 1.9054885149002074 42
1751838895610 1.8891493797302246 43
1751838913980 1.8754718780517579 44
1751841244562 1.8364291667938233 85
1751841263236 1.805033540725708 86
1751841281966 1.7961264371871948 87
1751841300672 1.7818018674850464 88
1751841319434 1.773820686340332 89
1751843715648 1.7605060577392577 130
1751843734438 1.7331364631652832 131
1751843753213 1.7222113609313965 132
1751843771899 1.7123364686965943 133
1751843790570 1.703904104232788 134
1751846197575 1.717372512817383 175
1751846217200 1.6971625089645386 176
1751846236810 1.6838740348815917 177
1751846256474 1.6730485916137696 178
1751846276100 1.672225046157837 179
1751848635778 1.6739397764205932 220
1751848654147 1.658186674118042 221
1751848672724 1.6464261293411255 222
1751848691274 1.6423119068145753 223
1751848709747 1.6348744869232177 224
1751851012963 1.6631621837615966 265
1751851031399 1.640101933479309 266
1751851049796 1.6250919103622437 267
1751851068240 1.6161344289779662 268
1751851086605 1.6120887279510498 269
1751853414362 1.638869833946228 310
1751853433162 1.6238548040390015 311
1751853451882 1.6085651397705079 312
1751853470624 1.6038496494293213 313
1751853489318 1.5992563009262084 314
1751855887107 1.619305968284607 355
1751855905772 1.6046015739440918 356
1751855924415 1.594064211845398 357
1751855943062 1.5879176139831543 358
1751855961726 1.5809836626052856 359
1751858369799 1.5987256288528442 400
1751858389388 1.5827828645706177 401
1751858409209 1.5763992071151733 402
1751858428945 1.5704672813415528 403
1751858448661 1.5635804891586305 404
1751860813188 1.5897120237350464 445
1751860831616 1.572704792022705 446
1751860850123 1.5646176099777223 447
1751860868511 1.5573507070541381 448
1751860886875 1.5545680046081543 449
1751863235359 1.5715307712554931 490
1751863254271 1.5607196807861328 491
1751863273242 1.5518352270126343 492
1751863292161 1.5468007564544677 493
1751863311113 1.5417296886444092 494
1751865724228 1.574047327041626 535
1751865743250 1.5585665702819824 536
1751865762090 1.5477693319320678 537
1751865780921 1.5403668403625488 538
1751865799780 1.5361261367797852 539
1751868232024 1.5607182741165162 580
1751868251970 1.5445795059204102 581
1751868271871 1.5347825765609742 582
1751868291807 1.5334555149078368 583
1751868311758 1.5285177946090698 584
1751870745111 1.5471050500869752 625
1751870765199 1.5355950355529786 626
1751870785273 1.5272937774658204 627
1751870805223 1.5241524219512939 628
1751870825117 1.5194959878921508 629
1751873138783 1.5437738656997682 670
1751873157362 1.529284691810608 671
1751873175923 1.5225311517715454 672
1751873194510 1.514104962348938 673
1751873213154 1.509984827041626 674
1751875541918 1.5331901073455811 715
1751875560819 1.523614501953125 716
1751875579856 1.5126510858535767 717
1751875598767 1.507866096496582 718
1751875617659 1.5034631013870239 719
1751877989146 1.531209683418274 760
1751878008048 1.516958737373352 761
1751878026917 1.5081002235412597 762
1751878045810 1.5052504539489746 763
1751878064818 1.4989978790283203 764
1751880496452 1.531975269317627 805
1751880515434 1.5198150396347045 806
1751880534395 1.5106653451919556 807
1751880553432 1.5047005653381347 808
1751880573483 1.4970523595809937 809
1751883011957 1.5190959453582764 850
1751883032025 1.5054051160812378 851
1751883051954 1.4972334861755372 852
1751883072047 1.4922386884689331 853
1751883091961 1.4900563478469848 854
1751885437221 1.5159892082214355 895
1751885455959 1.5011038064956665 896
1751885474576 1.4946934700012207 897
1751885493142 1.4875555753707885 898
1751885511800 1.4852648973464966 899
1751887849360 1.499603772163391 940
1751887867909 1.4900759696960448 941
1751887886488 1.4849674701690674 942
1751887904961 1.479180359840393 943
1751887923618 1.478239107131958 944
1751890275605 1.4945256948471068 985
1751890294543 1.4820534944534303 986
1751890313571 1.4812721252441405 987
1751890332535 1.474631953239441 988
1751890351413 1.4712419509887695 989
1751892776031 1.4894092321395873 1030
1751892794861 1.4799606323242187 1031
1751892813689 1.476752758026123 1032
1751892832539 1.4733190059661865 1033
1751892851385 1.4699849128723144 1034
1751895289621 1.4853812217712403 1075
1751895309544 1.4774748802185058 1076
1751895329470 1.471930480003357 1077
1751895349452 1.4686641454696656 1078
1751895369446 1.465867829322815 1079
1751897745039 1.4796063661575318 1120
1751897763609 1.4734255790710449 1121
1751897782333 1.4694662809371948 1122
1751897800966 1.4660302639007567 1123
1751897819723 1.4610954999923706 1124
1751900267550 1.4800105571746827 1165
1751900286268 1.4707795619964599 1166
1751900304991 1.4660109996795654 1167
1751900323506 1.4623047351837157 1168
1751900342167 1.457012414932251 1169
1751902685869 1.4711370706558227 1210
1751902704766 1.4657138109207153 1211
1751902723665 1.4612918138504027 1212
1751902742702 1.4544830799102784 1213
1751902761653 1.4516700029373169 1214
1751905189822 1.4684094190597534 1255
1751905208911 1.4604812145233155 1256
1751905227927 1.4557405233383178 1257
1751905246947 1.4533576726913453 1258
1751905265861 1.451111650466919 1259
1751907703891 1.46621572971344 1300
1751907723799 1.4609666109085082 1301
1751907743886 1.4532343864440918 1302
1751907763951 1.4501347064971923 1303
1751907783993 1.4486808061599732 1304
