1746678622043 2.096933677792549 0
1746678625401 4.280508726835251 1
1746678629184 2.3761520981788635 2
1746678632534 2.227607384324074 3
1746678635886 2.345077395439148 4
1746678639224 2.312184914946556 5
1746678642580 2.283677950501442 6
1746678646380 2.2797029614448547 7
1746678649738 2.280343919992447 8
1746678653099 2.279825881123543 9
1746678656452 2.2778784185647964 10
1746678660240 2.274580553174019 11
1746678663629 2.2708211690187454 12
1746678667012 2.267040506005287 13
1746678670404 2.264892041683197 14
1746678673789 2.2623934596776962 15
1746678677620 2.2595830112695694 16
1746678681013 2.2564743906259537 17
1746678684397 2.2531228959560394 18
1746678688464 2.2495733201503754 19
1746678691832 2.247737780213356 20
1746678695215 2.245838165283203 21
1746678698578 2.243903636932373 22
1746678701925 2.2419198900461197 23
1746678705735 2.239866927266121 24
1746678709107 2.237752243876457 25
1746678712483 2.2366586327552795 26
1746678715836 2.2354875653982162 27
1746678719642 2.2342927306890488 28
1746678722996 2.2330295145511627 29
1746678726379 2.231742024421692 30
1746678729781 2.2304000705480576 31
1746678733651 2.229713410139084 32
1746678737075 2.228999987244606 33
1746678740477 2.2282855808734894 34
1746678743894 2.227546378970146 35
1746678747290 2.2268087565898895 36
1746678751136 2.2260595709085464 37
1746678754776 2.2256731390953064 38
1746678758189 2.225286453962326 39
1746678906641 2.088517963886261 40
1746678910101 2.162501484155655 41
1746678913586 2.440749853849411 42
1746678917057 2.1097225546836853 43
1746678920557 2.3202470541000366 44
1746678924026 2.157011106610298 45
1746678927520 2.1271792203187943 46
1746678930449 2.16237710416317 47
1746678933920 2.175126329064369 48
1746678937400 2.180150330066681 49
1746678940897 2.178672879934311 50
1746678944353 2.1725268959999084 51
1746678947815 2.1637150645256042 52
1746678951290 2.1540881991386414 53
1746678954792 2.1493117660284042 54
1746678958290 2.1444778591394424 55
1746678961786 2.139773204922676 56
1746678965261 2.1352682262659073 57
1746678968728 2.1309528946876526 58
1746678972453 2.126856029033661 59
1746678975915 2.124766558408737 60
1746678978871 2.122590869665146 61
1746678982361 2.1202967762947083 62
1746678985839 2.1179267913103104 63
1746678989321 2.115478500723839 64
1746678992801 2.11297570168972 65
1746678996308 2.1117443591356277 66
1746678999774 2.1104668229818344 67
1746679003267 2.109198823571205 68
1746679006746 2.107942432165146 69
1746679010271 2.106709197163582 70
1746679013765 2.105521857738495 71
1746679017274 2.104974329471588 72
1746679020783 2.1044077426195145 73
1746679024287 2.103876292705536 74
1746679027276 2.103321224451065 75
1746679030792 2.102793887257576 76
1746679034326 2.1022844165563583 77
1746679038081 2.1020385175943375 78
1746679041616 2.1017856150865555 79
1746679190392 2.146516278386116 80
1746679193967 2.1706162989139557 81
1746679197517 2.161565124988556 82
1746679201060 2.103238493204117 83
1746679204612 2.110062137246132 84
1746679208158 2.114552363753319 85
1746679211712 2.0814429372549057 86
1746679215261 2.0848888009786606 87
1746679218817 2.086628273129463 88
1746679222376 2.0657912492752075 89
1746679225912 2.08036832511425 90
1746679229460 2.0650245249271393 91
1746679233001 2.0586073845624924 92
1746679236041 2.064550071954727 93
1746679239583 2.0517179667949677 94
1746679243136 2.048459753394127 95
1746679246686 2.047380104660988 96
1746679250233 2.0362612158060074 97
1746679253758 2.0381375551223755 98
1746679257530 2.0300140976905823 99
1746679261093 2.0268875807523727 100
1746679264632 2.0239426642656326 101
1746679268189 2.0198434442281723 102
1746679271745 2.015044465661049 103
1746679275329 2.0143725723028183 104
1746679278891 2.0081502944231033 105
1746679281899 2.0093402564525604 106
1746679285448 2.004112020134926 107
1746679289001 2.003110319375992 108
1746679292523 2.000666633248329 109
1746679296068 2.0003162771463394 110
1746679299622 1.995607078075409 111
1746679303162 1.9932354539632797 112
1746679306681 1.9922761023044586 113
1746679310223 1.9917942881584167 114
1746679313749 1.9876968562602997 115
1746679317293 1.9855957925319672 116
1746679320824 1.9830378293991089 117
1746679324597 1.9826056212186813 118
1746679328135 1.981666937470436 119
1746679476573 1.995567962527275 120
1746679480135 2.4402665942907333 121
1746679483682 2.0739081501960754 122
1746679487197 2.184120684862137 123
1746679490747 2.154192805290222 124
1746679493742 2.152691349387169 125
1746679497243 2.125407561659813 126
1746679500755 2.0989897549152374 127
1746679504272 2.0900969356298447 128
1746679507771 2.078616499900818 129
1746679511276 2.067062184214592 130
1746679514813 2.0583101511001587 131
1746679518304 2.0522064715623856 132
1746679521802 2.0471345484256744 133
1746679525317 2.0443720519542694 134
1746679528809 2.041175961494446 135
1746679532299 2.037873387336731 136
1746679535795 2.0346720814704895 137
1746679538805 2.031786158680916 138
1746679542561 2.0292074978351593 139
1746679546015 2.027902379631996 140
1746679549473 2.0265484303236008 141
1746679552975 2.0251743346452713 142
1746679556434 2.023710235953331 143
1746679559901 2.0222588628530502 144
1746679563409 2.02082222700119 145
1746679566903 2.020098999142647 146
1746679570367 2.0193702280521393 147
1746679573884 2.0186146944761276 148
1746679577398 2.0178466588258743 149
1746679580914 2.0170240253210068 150
1746679584424 2.016193762421608 151
1746679587440 2.0157664865255356 152
1746679590956 2.015302002429962 153
1746679594450 2.0148478746414185 154
1746679597951 2.01439368724823 155
1746679601459 2.0139455050230026 156
1746679604961 2.0134662240743637 157
1746679608694 2.013202264904976 158
