1747887394993 0.1042 0
1747887458816 0.2058 19
1747887522852 0.2076 38
1747887807247 0.2082 40
1747887871468 0.2114 59
1747887935302 0.2204 78
1747888225098 0.1868 80
1747888290835 0.2198 99
1747888356199 0.231 118
1747888649097 0.2004 120
1747888714772 0.2354 139
1747888781691 0.2482 158
1747889077263 0.2084 160
1747889143842 0.2414 179
1747889210014 0.2562 198
1747889508677 0.212 200
1747889575449 0.2514 219
1747889641718 0.2574 238
1747889933616 0.2178 240
1747889998839 0.2642 259
1747890064917 0.257 278
1747890358548 0.2176 280
1747890425128 0.2684 299
1747890491514 0.2668 318
1747890788757 0.2208 320
1747890855576 0.2746 339
1747890921862 0.2734 358
1747891216399 0.229 360
1747891282739 0.2818 379
1747891350584 0.2802 398
1747891651914 0.2382 400
1747891718985 0.284 419
1747891786540 0.286 438
1747892086102 0.2428 440
1747892154052 0.2916 459
1747892221309 0.2902 478
1747892521063 0.2504 480
1747892588043 0.2952 499
1747892656080 0.2926 518
1747892958891 0.2568 520
1747893027292 0.2932 539
1747893095676 0.2958 558
1747893396681 0.2586 560
1747893464129 0.2974 579
1747893531981 0.2956 598
1747893843105 0.2644 600
1747893911098 0.2994 619
1747893978434 0.3028 638
1747894282744 0.2682 640
1747894351476 0.2988 659
1747894419787 0.304 678
1747894723177 0.2782 680
1747894790932 0.3044 699
1747894858924 0.3058 718
1747895160280 0.2814 720
1747895228002 0.3062 739
1747895295985 0.3114 758
1747895598028 0.2856 760
1747895665869 0.3102 779
1747895733468 0.3182 798
1747896035311 0.2886 800
1747896102878 0.3134 819
1747896170375 0.3238 838
1747896471646 0.2936 840
1747896539364 0.3138 859
1747896606840 0.323 878
1747896907221 0.2946 880
1747896975477 0.3146 899
1747897043574 0.3232 918
1747897343841 0.2958 920
1747897411608 0.3166 939
1747897479969 0.324 958
1747897782277 0.299 960
1747897850626 0.3152 979
1747897918372 0.3258 998
1747898219493 0.3006 1000
1747898287508 0.3146 1019
1747898355188 0.3272 1038
1747898658041 0.3022 1040
1747898726149 0.3166 1059
1747898794264 0.329 1078
1747899096141 0.3052 1080
1747899164157 0.3208 1099
1747899232392 0.3328 1118
1747899534891 0.3062 1120
1747899603174 0.3258 1139
1747899671356 0.3348 1158
1747899971571 0.3094 1160
1747900039781 0.3286 1179
1747900108052 0.3384 1198
1747900408762 0.309 1200
1747900476681 0.3314 1219
1747900544404 0.3444 1238
1747900845476 0.3098 1240
1747900913888 0.3352 1259
1747900981453 0.3444 1278
1747901283118 0.3078 1280
1747901350706 0.335 1299
1747901418682 0.3466 1318
1747901720401 0.3072 1320
1747901788378 0.3372 1339
1747901855831 0.346 1358
1747902158643 0.3078 1360
1747902226657 0.3382 1379
1747902294688 0.3484 1398
1747902596726 0.3106 1400
1747902663877 0.3404 1419
1747902731740 0.3514 1438
1747903032660 0.3166 1440
1747903100136 0.3422 1459
1747903167833 0.3526 1478
1747903467423 0.3186 1480
1747903535094 0.3442 1499
1747903602956 0.3528 1518
1747903905470 0.317 1520
1747903973394 0.3452 1539
1747904040827 0.3558 1558
1747904340567 0.3186 1560
1747904407446 0.3502 1579
1747904481976 0.3564 1598
1747904802161 0.3232 1600
1747904869753 0.3524 1619
1747904937902 0.3616 1638
1747905237730 0.3234 1640
1747905305857 0.3554 1659
1747905373311 0.3598 1678
1747905676461 0.3288 1680
1747905744255 0.3554 1699
1747905812009 0.365 1718
1747906113833 0.3268 1720
1747906180705 0.3556 1739
1747906248679 0.3656 1758
1747906550175 0.3296 1760
1747906618303 0.3592 1779
1747906685971 0.3678 1798
1747906987871 0.3364 1800
1747907056179 0.3634 1819
1747907123790 0.3696 1838
1747907425912 0.3398 1840
1747907493724 0.3642 1859
1747907561338 0.373 1878
1747907862013 0.3432 1880
1747907930070 0.368 1899
1747907997475 0.375 1918
1747908297979 0.3508 1920
1747908365818 0.3712 1939
1747908433319 0.376 1958
1747908734724 0.3598 1960
1747908802018 0.3714 1979
1747908869972 0.3722 1998
1747909171739 0.3674 2000
1747909239543 0.373 2019
1747909307265 0.3778 2038
1747909608833 0.3698 2040
1747909676370 0.3768 2059
1747909743840 0.3804 2078
1747910043906 0.3728 2080
1747910112030 0.3786 2099
1747910180128 0.382 2118
1747910480727 0.3726 2120
1747910548868 0.3788 2139
1747910617229 0.384 2158
1747910919043 0.3718 2160
1747910986988 0.3804 2179
1747911055379 0.3852 2198
1747911357280 0.374 2200
1747911425761 0.38 2219
1747911493619 0.3862 2238
1747911794358 0.3756 2240
1747911862088 0.3802 2259
1747911930297 0.386 2278
1747912232594 0.376 2280
1747912300352 0.3804 2299
1747912368509 0.3854 2318
1747912670259 0.3764 2320
1747912738180 0.382 2339
1747912806307 0.386 2358
1747913108791 0.3766 2360
1747913176956 0.3822 2379
1747913245327 0.3868 2398
1747913550113 0.3804 2400
1747913618714 0.3876 2419
1747913686925 0.388 2438
1747913989379 0.3848 2440
1747914058273 0.3826 2459
1747914126071 0.388 2478
1747914429273 0.3862 2480
1747914497909 0.3832 2499
1747914566472 0.3884 2518
1747914869205 0.3806 2520
1747914937144 0.3916 2539
1747915005767 0.3884 2558
1747915309956 0.387 2560
1747915378338 0.3898 2579
1747915447214 0.3896 2598
1747915752082 0.387 2600
1747915820542 0.388 2619
1747915889253 0.3892 2638
1747916220326 0.3874 2640
1747916288906 0.39 2659
1747916358037 0.3918 2678
1747916665145 0.3852 2680
1747916734124 0.3902 2699
1747916802869 0.3918 2718
1747917107861 0.3846 2720
1747917176746 0.3924 2739
1747917246052 0.3934 2758
1747917551583 0.3832 2760
1747917620277 0.3952 2779
1747917688880 0.3922 2798
1747917993763 0.3862 2800
1747918061996 0.3956 2819
1747918130101 0.3922 2838
1747918433845 0.3878 2840
1747918501951 0.3932 2859
1747918570412 0.394 2878
1747918873044 0.3884 2880
1747918941496 0.394 2899
1747919009622 0.3956 2918
1747919312168 0.3872 2920
1747919379882 0.3954 2939
1747919448039 0.3956 2958
1747919750834 0.3868 2960
1747919818772 0.3964 2979
1747919886201 0.3948 2998
1747920188065 0.388 3000
1747920256255 0.3956 3019
1747920324514 0.3944 3038
1747920642024 0.3894 3040
1747920710172 0.3956 3059
1747920778244 0.3948 3078
1747921081419 0.3902 3080
1747921149480 0.395 3099
1747921217469 0.394 3118
1747921520685 0.3904 3120
1747921588499 0.395 3139
1747921655628 0.3938 3158
1747921958003 0.3892 3160
1747922025824 0.3964 3179
1747922093356 0.393 3198
1747922408500 0.3914 3200
1747922487285 0.3952 3219
1747922554398 0.3938 3238
1747922854805 0.3924 3240
1747922922537 0.3952 3259
1747922990274 0.3926 3278
1747923291676 0.3916 3280
1747923358939 0.3964 3299
1747923426042 0.3936 3318
1747923727035 0.3892 3320
1747923793906 0.3934 3339
1747923861341 0.3928 3358
1747924162640 0.3922 3360
1747924230736 0.3954 3379
1747924298360 0.394 3398
1747924600121 0.3942 3400
1747924668674 0.3962 3419
1747924736669 0.3928 3438
1747925039789 0.395 3440
1747925107629 0.3976 3459
1747925175978 0.393 3478
1747925479943 0.394 3480
1747925561563 0.3974 3499
1747925637748 0.3938 3518
1747925941103 0.3944 3520
1747926009121 0.3968 3539
1747926077587 0.394 3558
1747926419288 0.3968 3560
1747926491392 0.3972 3579
1747926559035 0.3946 3598
1747926863648 0.398 3600
1747926931895 0.3972 3619
1747926999330 0.3952 3638
1747927302797 0.3978 3640
1747927370623 0.399 3659
1747927438536 0.396 3678
1747927743227 0.3988 3680
1747927811184 0.3992 3699
1747927880366 0.3962 3718
1747928184399 0.3996 3720
1747928251620 0.3984 3739
1747928319230 0.396 3758
1747928623181 0.4002 3760
1747928691552 0.398 3779
1747928759664 0.3958 3798
1747929060425 0.3988 3800
1747929127838 0.398 3819
1747929195785 0.3964 3838
1747929497527 0.3984 3840
1747929565407 0.3972 3859
1747929632999 0.3964 3878
1747929934039 0.3988 3880
1747930001402 0.3972 3899
1747930069133 0.3968 3918
1747930371534 0.399 3920
1747930438965 0.3972 3939
1747930506505 0.397 3958
1747930809084 0.3996 3960
1747930876763 0.397 3979
1747930944197 0.3972 3998
1747931248243 0.403 4000
1747931317147 0.3982 4019
1747931386330 0.3984 4038
1747931695285 0.4026 4040
1747931764225 0.3984 4059
1747931833469 0.3982 4078
1747932141674 0.4016 4080
1747932210898 0.3992 4099
1747932279973 0.3974 4118
1747932587883 0.4034 4120
1747932656839 0.3988 4139
1747932726264 0.3976 4158
1747933034820 0.4038 4160
1747933103746 0.3986 4179
1747933171778 0.3974 4198
1747933479431 0.403 4200
1747933546700 0.4006 4219
1747933614347 0.3976 4238
1747933915891 0.4028 4240
1747933982578 0.4006 4259
1747934049412 0.3976 4278
1747934347761 0.4038 4280
1747934414460 0.4016 4299
1747934481301 0.398 4318
1747934782630 0.4036 4320
1747934850068 0.4016 4339
1747934916791 0.398 4358
1747935216914 0.4046 4360
1747935283950 0.4022 4379
1747935351477 0.398 4398
1747935651089 0.4046 4400
1747935718033 0.4032 4419
1747935785465 0.3978 4438
1747936085067 0.406 4440
1747936152682 0.4038 4459
1747936219730 0.3976 4478
1747936521115 0.4056 4480
1747936588256 0.4028 4499
1747936655795 0.398 4518
1747936955337 0.4066 4520
1747937022565 0.4036 4539
1747937089786 0.3986 4558
1747937389886 0.4066 4560
1747937456603 0.404 4579
1747937524028 0.3988 4598
1747937822887 0.4064 4600
1747937889960 0.4044 4619
1747937957606 0.3982 4638
1747938285091 0.407 4640
1747938352527 0.404 4659
1747938419395 0.3982 4678
1747938720571 0.4064 4680
1747938787180 0.4042 4699
1747938853926 0.3992 4718
1747939154592 0.4066 4720
1747939221405 0.4048 4739
1747939287443 0.3992 4758
1747939586635 0.406 4760
1747939653046 0.4052 4779
1747939720347 0.3994 4798
1747940021322 0.4068 4800
1747940088252 0.405 4819
1747940154864 0.3996 4838
1747940456322 0.4068 4840
1747940523414 0.4062 4859
1747940590076 0.399 4878
1747940889329 0.407 4880
1747940956344 0.4062 4899
1747941023292 0.3986 4918
1747941321273 0.408 4920
1747941388231 0.4064 4939
1747941454671 0.3978 4958
1747941756721 0.4074 4960
1747941823840 0.4066 4979
1747941891903 0.398 4998
1747942195126 0.409 5000
1747942263022 0.4064 5019
1747942330891 0.3978 5038
1747942634659 0.4088 5040
1747942702831 0.406 5059
1747942771372 0.398 5078
1747943074198 0.408 5080
1747943141482 0.4052 5099
1747943209420 0.3978 5118
1747943509788 0.4096 5120
1747943577573 0.4052 5139
1747943645147 0.3986 5158
1747943945631 0.4096 5160
1747944013118 0.4056 5179
1747944079700 0.3984 5198
1747944380877 0.41 5200
1747944447865 0.4058 5219
1747944515474 0.398 5238
1747944815371 0.41 5240
1747944882289 0.4056 5259
1747944949326 0.398 5278
1747945251545 0.4104 5280
1747945320170 0.406 5299
1747945399538 0.3986 5318
1747945714733 0.4094 5320
1747945783639 0.406 5339
1747945852449 0.3986 5358
1747946159302 0.412 5360
1747946227002 0.406 5379
1747946295667 0.3984 5398
1747946603396 0.4092 5400
1747946672076 0.4064 5419
1747946741082 0.3982 5438
1747947046689 0.4136 5440
1747947115293 0.406 5459
1747947184149 0.3996 5478
1747947491664 0.4102 5480
1747947560450 0.4064 5499
1747947628485 0.3988 5518
1747947937410 0.4138 5520
1747948006820 0.4052 5539
1747948075569 0.3986 5558
1747948383420 0.4088 5560
1747948451849 0.4056 5579
1747948520632 0.3982 5598
1747948828007 0.4136 5600
1747948896279 0.406 5619
1747948965037 0.3988 5638
1747949273662 0.4102 5640
1747949342472 0.405 5659
1747949411558 0.3976 5678
1747949719553 0.4134 5680
1747949788430 0.4054 5699
1747949856579 0.3992 5718
1747950163707 0.4118 5720
1747950232070 0.4066 5739
1747950301239 0.3978 5758
1747950606942 0.413 5760
1747950674730 0.4064 5779
1747950742737 0.3986 5798
1747951046362 0.4134 5800
1747951114675 0.406 5819
1747951183879 0.3992 5838
1747951491761 0.413 5840
1747951560690 0.4058 5859
1747951629890 0.3988 5878
1747951937962 0.4156 5880
1747952007068 0.405 5899
1747952075920 0.3988 5918
1747952384393 0.4114 5920
1747952453642 0.4046 5939
1747952522826 0.398 5958
1747952829963 0.4162 5960
1747952898199 0.4048 5979
1747952967338 0.3968 5998
1747953276096 0.4108 6000
1747953345324 0.4042 6019
1747953414396 0.3968 6038
1747953724476 0.4166 6040
1747953793758 0.4044 6059
1747953862481 0.3968 6078
1747954168641 0.4128 6080
1747954237395 0.4042 6099
1747954305685 0.398 6118
1747954614514 0.416 6120
1747954683422 0.4048 6139
1747954752914 0.3978 6158
1747955060991 0.4166 6160
1747955129037 0.405 6179
1747955197711 0.398 6198
1747955506673 0.4144 6200
1747955576175 0.4052 6219
1747955645181 0.398 6238
1747955954794 0.4188 6240
1747956023821 0.4056 6259
1747956093118 0.3978 6278
1747956401345 0.4142 6280
1747956470051 0.4054 6299
1747956539585 0.3974 6318
1747956844440 0.4188 6320
1747956912055 0.4058 6339
1747956979770 0.3974 6358
1747957282835 0.4172 6360
1747957352419 0.406 6379
1747957421633 0.3974 6398
1747957729831 0.4172 6400
1747957798495 0.4058 6419
1747957866964 0.3982 6438
1747958172005 0.419 6440
1747958241113 0.405 6459
1747958310700 0.3974 6478
1747958620263 0.4184 6480
1747958688862 0.4064 6499
1747958757476 0.3976 6518
1747959067292 0.419 6520
1747959137194 0.406 6539
1747959206858 0.3998 6558
1747959518567 0.4188 6560
1747959588577 0.4052 6579
1747959658557 0.3974 6598
1747959967470 0.4188 6600
1747960035591 0.4056 6619
1747960103579 0.3992 6638
1747960409225 0.4184 6640
1747960477106 0.4062 6659
1747960544500 0.3992 6678
1747960846494 0.4196 6680
1747960914487 0.407 6699
1747960981708 0.399 6718
1747961285254 0.4196 6720
1747961354298 0.4084 6739
1747961422913 0.4012 6758
1747961730771 0.4196 6760
1747961800456 0.4088 6779
1747961868275 0.4006 6798
1747962172682 0.4192 6800
1747962241750 0.41 6819
1747962309627 0.402 6838
1747962613982 0.42 6840
1747962682111 0.4088 6859
1747962749934 0.4012 6878
1747963055498 0.4194 6880
1747963123315 0.4096 6899
1747963190858 0.4024 6918
1747963495267 0.4206 6920
1747963563381 0.409 6939
1747963631817 0.401 6958
1747963935051 0.4206 6960
1747964002686 0.4096 6979
1747964070357 0.402 6998
1747964374236 0.4212 7000
1747964443040 0.41 7019
1747964512009 0.4016 7038
1747964817877 0.4212 7040
1747964886857 0.4096 7059
1747964955188 0.4008 7078
1747965261781 0.4206 7080
1747965330444 0.411 7099
1747965398875 0.4016 7118
1747965706343 0.4214 7120
1747965774723 0.411 7139
1747965843070 0.401 7158
1747966147655 0.4212 7160
1747966215274 0.4114 7179
1747966283672 0.403 7198
1747966586214 0.4208 7200
1747966654264 0.4106 7219
1747966722179 0.4016 7238
1747967024772 0.4226 7240
1747967092715 0.4104 7259
1747967160236 0.4044 7278
1747967462813 0.42 7280
1747967530646 0.4106 7299
1747967598223 0.4016 7318
1747967903198 0.423 7320
1747967971195 0.4114 7339
1747968039799 0.4056 7358
1747968346307 0.4212 7360
1747968414713 0.411 7379
1747968481578 0.4032 7398
1747968785622 0.4238 7400
1747968852927 0.4108 7419
1747968920734 0.4056 7438
1747969221837 0.4224 7440
1747969289842 0.4114 7459
1747969357450 0.4046 7478
1747969659549 0.4226 7480
1747969727406 0.4118 7499
1747969794719 0.4054 7518
1747970095286 0.4242 7520
1747970162351 0.4108 7539
1747970229860 0.4066 7558
1747970531946 0.4232 7560
1747970600533 0.411 7579
1747970668164 0.406 7598
1747970971284 0.4244 7600
1747971038978 0.4112 7619
1747971106301 0.4068 7638
1747971408618 0.4236 7640
1747971476631 0.4124 7659
1747971545132 0.4068 7678
1747971848661 0.424 7680
1747971916879 0.4114 7699
1747971985724 0.4076 7718
1747972290749 0.4248 7720
1747972359234 0.4128 7739
1747972428125 0.4076 7758
1747972731332 0.4236 7760
1747972798386 0.4128 7779
1747972865164 0.4082 7798
1747973168028 0.4246 7800
1747973235928 0.4124 7819
1747973303627 0.4082 7838
1747973606018 0.4228 7840
