1746677021304 0.17710608654584095 0
1746677041576 0.17976267784402858 19
1746677062036 0.19605222099466152 38
1746677238243 0.2923852816408457 40
1746677267382 0.3116771946395891 59
1746677296338 0.328670945324821 78
1746677486105 0.46324205341856917 80
1746677515484 0.4769635583142874 99
1746677544563 0.5028716486889933 118
1746677736239 0.5949625968812462 120
1746677765864 0.6134490988673644 139
1746677795210 0.6248176228989736 158
1746677988012 0.6835957595742707 160
1746678017712 0.6900390476752718 179
1746678046968 0.692413112597303 198
1746678238932 0.7183296365951777 200
1746678268453 0.7163393015273292 219
1746678297833 0.717638079495332 238
1746678489822 0.739358875966704 240
1746678519381 0.7290150371501101 259
1746678548700 0.7312204296087642 278
1746678740715 0.7149561873276378 280
1746678770346 0.7327300481559883 299
1746678799407 0.7343703878623296 318
1746678992183 0.7287535948318757 320
1746679022127 0.7365420458283083 339
1746679051830 0.7371914348123098 358
