1751910135115 -54.19828414916992 0
1751910170210 -71.51721954345703 1
1751910205279 -74.12998962402344 2
1751910240281 -81.25624084472656 3
1751910275417 -83.490966796875 4
1751910310575 -86.47032165527344 5
1751910345609 -95.47831726074219 6
1751910380706 -98.39244079589844 7
1751910415792 -107.0775146484375 8
1751910450904 -104.24969482421875 9
1751910486072 -108.62675476074219 10
1751910521241 -108.3810806274414 11
1751910556426 -111.18852996826172 12
1751910591626 -113.6539535522461 13
1751910626777 -109.8466796875 14
1751910661878 -108.18816375732422 15
1751910697012 -111.27702331542969 16
1751910732173 -116.47852325439453 17
1751910767274 -119.99822235107422 18
1751910802385 -117.21322631835938 19
1751910837417 -124.35334014892578 20
1751910872483 -123.86233520507812 21
1751910907499 -136.10604858398438 22
1751910942636 -131.81399536132812 23
1751910977700 -141.08203125 24
1751911012941 -141.9729461669922 25
1751911048121 -144.06869506835938 26
1751911083180 -145.48147583007812 27
1751911118366 -145.78173828125 28
1751911153529 -150.16893005371094 29
1751911188762 -147.8704833984375 30
1751911223828 -151.2009735107422 31
1751911259038 -153.28440856933594 32
1751911344794 -155.79397583007812 33
1751911515096 -156.4273681640625 34
1751911623069 -154.85133361816406 35
1751911658182 -162.5755157470703 36
1751911693194 -165.35055541992188 37
1751911728312 -161.90875244140625 38
1751911763584 -171.40585327148438 39
1751914906096 -11.548127174377441 40
1751914941193 -16.4539794921875 41
1751914976217 -26.651121139526367 42
1751915011238 -26.240001678466797 43
1751915046291 -28.19484519958496 44
1751915081340 -29.646467208862305 45
1751915116434 -35.042110443115234 46
1751915151525 -27.31926918029785 47
1751915186637 -29.603944778442383 48
1751915221745 -28.830081939697266 49
1751915256846 -34.111602783203125 50
1751915291949 -33.43355178833008 51
1751915327046 -33.18446731567383 52
1751915362058 -37.87490463256836 53
1751915397091 -38.934146881103516 54
1751915432181 -36.45317459106445 55
1751915467286 -38.87419509887695 56
1751915502396 -39.46703338623047 57
1751915537490 -39.590660095214844 58
1751915572567 -42.91509246826172 59
1751915607605 -41.88829040527344 60
1751915642688 -36.50987243652344 61
1751915677709 -39.26290512084961 62
1751915712768 -41.982418060302734 63
1751915747927 -44.657230377197266 64
1751915783040 -43.07474136352539 65
1751915818094 -48.36949920654297 66
1751915853226 -40.131935119628906 67
1751915888315 -49.24192428588867 68
1751915923398 -44.8818244934082 69
1751915958473 -45.88136291503906 70
1751915993525 -46.18803405761719 71
1751916028635 -44.04225540161133 72
1751916063768 -48.227294921875 73
1751916098812 -47.709442138671875 74
1751916133889 -46.70579147338867 75
1751916168956 -49.10055923461914 76
1751916204028 -49.991180419921875 77
1751916239044 -50.20084762573242 78
1751916274041 -56.24348831176758 79
1751919681996 -21.311504364013672 80
1751919717071 -27.483903884887695 81
1751919752118 -33.89451599121094 82
1751919787102 -30.18464469909668 83
1751919822150 -25.354461669921875 84
1751919857210 -33.471885681152344 85
1751919892303 -34.60356140136719 86
1751919927391 -38.91242980957031 87
1751919962383 -37.66958236694336 88
1751919997424 -40.3726921081543 89
1751920032524 -37.885398864746094 90
1751920067552 -43.40264129638672 91
1751920102576 -46.17250061035156 92
1751920137616 -49.10152053833008 93
1751920172797 -52.978336334228516 94
1751920207856 -52.36937713623047 95
1751920242932 -53.39544677734375 96
1751920277982 -60.2447509765625 97
1751920313131 -60.958797454833984 98
1751920348345 -60.917572021484375 99
1751920383402 -59.256103515625 100
1751920418503 -67.11892700195312 101
1751920453652 -65.48319244384766 102
1751920488784 -57.26739501953125 103
1751920524069 -70.28392028808594 104
1751920559245 -67.90326690673828 105
1751920594334 -65.167724609375 106
1751920629525 -67.97750854492188 107
1751920664741 -69.1099624633789 108
1751920699913 -66.78487396240234 109
1751920735105 -69.85795593261719 110
1751920770343 -74.88235473632812 111
1751920805457 -76.15071868896484 112
1751920840516 -78.73088073730469 113
1751920875706 -76.50634002685547 114
1751920910765 -81.28375244140625 115
1751920945917 -75.17010498046875 116
1751920981132 -82.3807144165039 117
1751921016259 -81.13652038574219 118
1751921051436 -85.02600860595703 119
1751924437734 3.418199062347412 120
1751924473015 3.46506667137146 121
1751924508325 1.4305264949798584 122
1751924543687 0.8625407218933105 123
1751924579039 0.8887758255004883 124
1751924614389 7.130727767944336 125
1751924649784 5.3007588386535645 126
1751924685215 8.107662200927734 127
1751924720392 6.382386207580566 128
1751924755691 10.867549896240234 129
1751924790949 12.676782608032227 130
1751924826308 11.359668731689453 131
1751924861695 13.734003067016602 132
1751924896941 13.250616073608398 133
1751924932225 15.597186088562012 134
1751924967473 9.370867729187012 135
1751925002804 13.723722457885742 136
1751925038111 8.057926177978516 137
1751925073380 9.751861572265625 138
1751925108729 8.00239086151123 139
1751925144101 13.08060073852539 140
1751925179517 17.618282318115234 141
1751925214908 15.289113998413086 142
1751925250241 15.020964622497559 143
1751925285615 14.701504707336426 144
1751925320933 14.871956825256348 145
1751925356250 15.867903709411621 146
1751925391672 13.88948917388916 147
1751925427032 13.924982070922852 148
1751925462393 14.23609447479248 149
1751925497691 12.218948364257812 150
1751925533024 9.04046630859375 151
1751925568406 15.79198932647705 152
1751925603687 17.837955474853516 153
1751925639011 14.878828048706055 154
1751925674336 15.821589469909668 155
1751925709805 13.688857078552246 156
1751925745169 14.53004264831543 157
1751925780514 15.072492599487305 158
1751925815829 18.968233108520508 159
1751929307750 -14.178030967712402 160
1751929343090 -11.335262298583984 161
1751929378460 -13.077231407165527 162
1751929413727 -9.810140609741211 163
1751929449031 -0.6632108688354492 164
1751929484326 -6.965582847595215 165
1751929519646 -4.074782848358154 166
1751929554915 -6.3367462158203125 167
1751929590226 -4.379728317260742 168
1751929625570 -9.994903564453125 169
1751929660938 -8.076070785522461 170
1751929696251 -13.515057563781738 171
1751929731487 -8.552355766296387 172
1751929766738 -15.388606071472168 173
1751929801933 -16.314449310302734 174
1751929837224 -11.59412956237793 175
1751929872481 -15.38425350189209 176
1751929907794 -10.826333045959473 177
1751929943049 -11.743760108947754 178
1751929978333 -16.79595184326172 179
1751930013671 -17.711030960083008 180
1751930049036 -18.756736755371094 181
1751930084333 -23.69611930847168 182
1751930119594 -21.494247436523438 183
1751930154866 -21.7740421295166 184
1751930190182 -22.84086799621582 185
1751930225366 -23.2435302734375 186
1751930260641 -22.44353485107422 187
1751930295969 -21.54165267944336 188
1751930331300 -23.66051483154297 189
1751930366653 -19.65717887878418 190
1751930401998 -23.50829315185547 191
1751930437308 -26.282886505126953 192
1751930472652 -23.458139419555664 193
1751930507913 -31.328752517700195 194
1751930543591 -28.701059341430664 195
1751930578878 -23.63672637939453 196
1751930614142 -29.4788818359375 197
1751930649484 -25.893550872802734 198
1751930684755 -28.074222564697266 199
1751934137384 -2.4843757152557373 200
1751934172691 5.893904685974121 201
1751934208427 8.513376235961914 202
1751934243617 10.982348442077637 203
1751934278877 8.090699195861816 204
1751934314182 13.3034029006958 205
1751934349516 9.855023384094238 206
1751934384962 11.290739059448242 207
1751934420176 17.662107467651367 208
1751934455712 9.999555587768555 209
1751934491182 8.405021667480469 210
1751934526384 7.037690162658691 211
1751934561603 7.391725540161133 212
1751934596962 4.725022315979004 213
1751934632514 14.524922370910645 214
1751934667710 4.063755989074707 215
1751934702950 -2.4205236434936523 216
1751934738282 -0.5410823822021484 217
1751934773528 1.5690088272094727 218
1751934808774 -3.97342586517334 219
1751934844423 -2.167266845703125 220
1751934879606 -1.196065902709961 221
1751934914878 5.816827774047852 222
1751934950094 2.4326066970825195 223
1751934985317 -2.45143985748291 224
1751935020528 2.436436653137207 225
1751935055729 4.816156387329102 226
1751935090966 4.756084442138672 227
1751935126365 5.276644706726074 228
1751935161515 -3.3456573486328125 229
1751935196713 0.23448848724365234 230
1751935231977 -1.593893051147461 231
1751935267232 2.5010366439819336 232
1751935302475 2.415904998779297 233
1751935338050 2.4292984008789062 234
1751935373594 -1.850275993347168 235
1751935408832 6.831295013427734 236
1751935444077 1.4328041076660156 237
1751935479339 0.53607177734375 238
1751935514574 4.342258453369141 239
1751938971243 -14.65806770324707 240
1751939006917 -13.351022720336914 241
1751939042703 -15.871517181396484 242
1751939078270 -15.24950885772705 243
1751939113968 -11.114599227905273 244
1751939149698 -10.059989929199219 245
1751939185260 -10.366978645324707 246
1751939220907 -11.553947448730469 247
1751939256780 -9.693497657775879 248
1751939292454 -3.5880680084228516 249
1751939328013 -4.836681365966797 250
1751939364192 -9.130483627319336 251
1751939399553 -6.057109355926514 252
1751939435086 -8.672809600830078 253
1751939470561 -1.7376585006713867 254
1751939506224 -9.180442810058594 255
1751939541583 -9.536498069763184 256
1751939576928 -6.807085037231445 257
1751939612314 -0.30640316009521484 258
1751939647806 0.18132972717285156 259
1751939683252 -0.39304447174072266 260
1751939718736 -1.276275634765625 261
1751939754322 -1.0471200942993164 262
1751939789684 -1.7665071487426758 263
1751939825052 7.041105270385742 264
1751939860457 4.584381103515625 265
1751939895814 9.055318832397461 266
1751939931595 4.323884963989258 267
1751939966983 6.018268585205078 268
1751940002368 5.180870056152344 269
1751940038063 16.526962280273438 270
1751940073437 6.410068511962891 271
1751940108791 9.814542770385742 272
1751940144204 2.8712902069091797 273
1751940179623 3.5182743072509766 274
1751940215176 6.534145355224609 275
1751940250527 10.734197616577148 276
1751940285921 8.359275817871094 277
1751940321422 4.161830902099609 278
1751940356784 1.470590591430664 279
1751943962462 -5.4897565841674805 280
1751943997835 -5.612744331359863 281
1751944033185 -3.362003803253174 282
1751944068762 -2.8794877529144287 283
1751944104141 -1.9891588687896729 284
1751944139463 -1.4198501110076904 285
1751944175025 3.0967984199523926 286
1751944210523 6.008293151855469 287
1751944246023 8.863415718078613 288
1751944281421 11.02650260925293 289
1751944316839 15.95195198059082 290
1751944352382 14.179343223571777 291
1751944387784 9.451507568359375 292
1751944423120 10.21550178527832 293
1751944458492 11.684503555297852 294
1751944493880 8.01789379119873 295
1751944529271 4.965625762939453 296
1751944564911 3.853634834289551 297
1751944600247 4.406225204467773 298
1751944635685 3.117953062057495 299
1751944671366 2.564547061920166 300
1751944706800 0.15130066871643066 301
1751944742184 4.902304649353027 302
1751944777815 -1.1905553340911865 303
1751944813196 0.5040035247802734 304
1751944848581 -4.3240790367126465 305
1751944884193 -3.264068603515625 306
1751944919583 -5.695904731750488 307
1751944955006 -8.940179824829102 308
1751944990438 -5.318017482757568 309
1751945025854 -2.8013486862182617 310
1751945061356 -10.00125789642334 311
1751945096856 -5.704341411590576 312
1751945132427 -12.108152389526367 313
1751945167849 -3.5500688552856445 314
1751945203245 -1.940226674079895 315
1751945238660 -3.6216537952423096 316
1751945274060 -4.749086856842041 317
1751945309463 -4.134130954742432 318
1751945344848 -3.305755615234375 319
1751948887495 21.992595672607422 320
1751948922822 20.448036193847656 321
1751948958214 15.047567367553711 322
1751948993569 18.437395095825195 323
1751949028970 19.4409236907959 324
1751949064403 21.19271469116211 325
1751949099796 21.892112731933594 326
1751949135084 19.92638397216797 327
1751949170482 20.780691146850586 328
1751949205869 24.396942138671875 329
1751949241279 26.396961212158203 330
1751949276575 28.530975341796875 331
1751949311993 24.096141815185547 332
1751949347373 24.303016662597656 333
1751949382760 28.182777404785156 334
1751949418169 15.56240177154541 335
1751949453642 20.043581008911133 336
1751949489049 15.013016700744629 337
1751949524478 23.840866088867188 338
1751949559889 14.456154823303223 339
1751949595269 7.653197288513184 340
1751949630729 13.124717712402344 341
1751949666162 15.989737510681152 342
1751949701545 17.670881271362305 343
1751949737047 14.327630043029785 344
1751949772501 -1.2834587097167969 345
1751949807932 6.1808881759643555 346
1751949843312 3.183863639831543 347
1751949878656 -2.702916145324707 348
1751949914084 -13.169425964355469 349
1751949949409 -12.663296699523926 350
1751949984863 -9.07619571685791 351
1751950020279 -15.090347290039062 352
1751950055762 -21.8044490814209 353
1751950091196 -18.80337142944336 354
1751950126709 -13.078484535217285 355
1751950162201 -7.23899507522583 356
1751950197620 -15.204696655273438 357
1751950233020 -22.221824645996094 358
1751950268472 -23.830047607421875 359
1751953829094 -4.0909318923950195 360
1751953864627 -4.613564491271973 361
1751953900442 -5.832655906677246 362
1751953936172 -10.422574996948242 363
1751953971587 -11.902999877929688 364
1751954007301 -7.013382911682129 365
1751954043111 -9.740594863891602 366
1751954078811 -11.815587997436523 367
1751954114891 -9.771244049072266 368
1751954150662 -6.9036545753479 369
1751954186519 -1.788278579711914 370
1751954222599 -6.5635528564453125 371
1751954258254 -6.9781036376953125 372
1751954294052 -3.202068567276001 373
1751954329791 -5.798918724060059 374
1751954365566 -2.125875473022461 375
1751954401259 2.4989969730377197 376
1751954437021 0.04758453369140625 377
1751954472695 -1.1705772876739502 378
1751954508344 -3.7266833782196045 379
1751954544153 -5.884444236755371 380
1751954580148 -13.862573623657227 381
1751954615886 -5.791365146636963 382
1751954651660 -2.8085598945617676 383
1751954687494 -7.653127670288086 384
1751954723221 0.9303817749023438 385
1751954759016 -1.338496208190918 386
1751954794769 -5.899773597717285 387
1751954830461 -1.1074671745300293 388
1751954866247 -1.8902273178100586 389
1751954902057 4.04609489440918 390
1751954937798 -1.184847354888916 391
1751954973536 6.3009419441223145 392
1751955009286 2.8503031730651855 393
1751955045074 2.587615489959717 394
1751955080757 1.8401036262512207 395
1751955116794 -0.7575876712799072 396
1751955152266 1.4240596294403076 397
1751955187779 -0.21535253524780273 398
1751955223324 2.226254940032959 399
1751958853648 -3.2609200477600098 400
1751958889622 2.0322790145874023 401
1751958925349 -3.646620512008667 402
1751958961032 -13.004875183105469 403
1751958996743 -14.894511222839355 404
1751959032710 -15.19895076751709 405
1751959068434 -16.699501037597656 406
1751959104189 -21.512523651123047 407
1751959140368 -25.64118766784668 408
1751959176087 -28.783973693847656 409
1751959211723 -22.149681091308594 410
1751959247515 -32.205101013183594 411
1751959283605 -27.551219940185547 412
1751959319287 -29.773193359375 413
1751959354980 -29.962413787841797 414
1751959390899 -25.887466430664062 415
1751959426626 -26.26402473449707 416
1751959462418 -26.812665939331055 417
1751959498269 -27.009653091430664 418
1751959534083 -30.636695861816406 419
1751959569777 -29.44375228881836 420
1751959605487 -28.086437225341797 421
1751959641559 -28.479469299316406 422
1751959677256 -32.1003303527832 423
1751959712916 -25.90715789794922 424
1751959748672 -29.124881744384766 425
1751959784428 -26.86973762512207 426
1751959820199 -26.403289794921875 427
1751959856094 -25.467529296875 428
1751959891806 -26.688610076904297 429
1751959927624 -25.15154266357422 430
1751959963318 -23.331775665283203 431
1751959999334 -28.50269317626953 432
1751960035090 -24.322277069091797 433
1751960070861 -26.939414978027344 434
1751960107078 -20.563854217529297 435
1751960142817 -24.22586441040039 436
1751960178529 -24.968582153320312 437
1751960214573 -18.80972671508789 438
1751960250314 -19.96271514892578 439
1751963763720 9.07424545288086 440
1751963799356 14.669649124145508 441
1751963835001 8.552780151367188 442
1751963870548 8.336140632629395 443
1751963906395 7.485992431640625 444
1751963942079 7.340920925140381 445
1751963977613 8.700839042663574 446
1751964013225 8.451644897460938 447
1751964048862 14.016858100891113 448
1751964084517 17.9796085357666 449
1751964120089 15.112224578857422 450
1751964155687 14.919424057006836 451
1751964191203 18.923450469970703 452
1751964226803 16.687213897705078 453
1751964262370 18.018720626831055 454
1751964298000 19.206974029541016 455
1751964333550 21.76487922668457 456
1751964369373 16.610675811767578 457
1751964405103 21.566604614257812 458
1751964440690 19.930011749267578 459
1751964476304 18.225147247314453 460
1751964512182 21.710376739501953 461
1751964547702 19.17566680908203 462
1751964583258 23.441761016845703 463
1751964618828 22.78986930847168 464
1751964654397 27.357431411743164 465
1751964689903 24.969255447387695 466
1751964725489 24.313920974731445 467
1751964761004 21.98457145690918 468
1751964796590 27.577774047851562 469
1751964832154 25.712738037109375 470
1751964867715 22.912370681762695 471
1751964903280 24.878646850585938 472
1751964938896 23.25168800354004 473
1751964974465 25.909828186035156 474
1751965010073 23.511564254760742 475
1751965045586 22.62567901611328 476
1751965081206 24.12188720703125 477
1751965116774 21.27113914489746 478
1751965152300 22.573692321777344 479
1751968902574 -10.612276077270508 480
1751968938256 -11.19256591796875 481
1751968973983 -13.966896057128906 482
1751969009635 -12.229630470275879 483
1751969045357 -10.875358581542969 484
1751969081102 -10.799736022949219 485
1751969116857 -13.359806060791016 486
1751969152548 -13.473530769348145 487
1751969188254 -13.48243522644043 488
1751969223971 -11.42004108428955 489
1751969259616 -11.683368682861328 490
1751969295290 -13.617964744567871 491
1751969331035 -11.17896842956543 492
1751969366808 -8.317329406738281 493
1751969402566 -9.008015632629395 494
1751969438231 -7.770402908325195 495
1751969473924 -8.485421180725098 496
1751969509644 -8.416751861572266 497
1751969545318 -4.582491397857666 498
1751969580983 -8.301247596740723 499
1751969616699 -2.868875503540039 500
1751969652430 -4.858380317687988 501
1751969688200 -7.671138763427734 502
1751969723887 -8.364923477172852 503
1751969759561 -6.314359188079834 504
1751969795253 -4.53114652633667 505
1751969831028 -1.0608644485473633 506
1751969866697 -0.3595151901245117 507
1751969902440 -3.188460350036621 508
1751969938127 -2.3011865615844727 509
1751969973752 -1.3072309494018555 510
1751970009479 2.09332275390625 511
1751970045214 3.0166826248168945 512
1751970080879 4.016979217529297 513
1751970116503 3.2223119735717773 514
1751970152254 1.3259038925170898 515
1751970188035 2.288558006286621 516
1751970223656 0.05098724365234375 517
1751970259312 -0.47325897216796875 518
1751970294986 1.6788253784179688 519
1751974003285 8.612397193908691 520
1751974038876 5.649114608764648 521
1751974074522 7.662593841552734 522
1751974110189 6.799485206604004 523
1751974145953 7.9668731689453125 524
1751974181587 7.103805065155029 525
1751974217180 8.26927375793457 526
1751974252740 5.219982147216797 527
1751974288327 5.514463901519775 528
1751974324072 3.9480769634246826 529
1751974359727 6.3333539962768555 530
1751974395350 8.618557929992676 531
1751974431091 8.632543563842773 532
1751974466767 6.1781816482543945 533
1751974502371 7.215904235839844 534
1751974537923 8.67692756652832 535
1751974573754 11.101699829101562 536
1751974609279 9.97062873840332 537
1751974644820 14.741090774536133 538
1751974680472 7.448146343231201 539
1751974716101 11.810567855834961 540
1751974751714 11.574678421020508 541
1751974787329 13.778550148010254 542
1751974823093 15.47266960144043 543
1751974858690 15.067464828491211 544
1751974894209 14.477554321289062 545
1751974929733 16.622295379638672 546
1751974965325 14.804483413696289 547
1751975000955 19.0564022064209 548
1751975036645 17.858247756958008 549
1751975072327 19.166086196899414 550
1751975107981 18.558895111083984 551
1751975143570 23.129013061523438 552
1751975179116 21.749771118164062 553
1751975214718 18.848814010620117 554
1751975250387 21.176658630371094 555
1751975285937 24.82386589050293 556
1751975321554 21.16960906982422 557
1751975357226 21.947324752807617 558
1751975392928 21.792129516601562 559
1751979124602 -10.014846801757812 560
1751979160114 -8.738028526306152 561
1751979195667 -10.529687881469727 562
1751979231148 -9.326659202575684 563
1751979266684 -9.717841148376465 564
1751979302474 -11.5955810546875 565
1751979338104 -10.711977005004883 566
1751979373685 -14.000643730163574 567
1751979409325 -12.886395454406738 568
1751979444937 -12.301407814025879 569
1751979480510 -15.801583290100098 570
1751979516084 -17.250728607177734 571
1751979551673 -17.671903610229492 572
1751979587176 -15.94059944152832 573
1751979622786 -17.74002456665039 574
1751979658429 -15.83473014831543 575
1751979693899 -16.27169418334961 576
1751979729468 -18.045095443725586 577
1751979765067 -12.07890796661377 578
1751979800576 -10.853026390075684 579
1751979836216 -12.85527229309082 580
1751979871872 -12.085287094116211 581
1751979907479 -8.254852294921875 582
1751979943004 -14.240182876586914 583
1751979978668 -14.966547012329102 584
1751980014306 -17.480697631835938 585
1751980049905 -13.750370025634766 586
1751980085455 -17.965167999267578 587
1751980121014 -16.168682098388672 588
1751980156696 -17.160511016845703 589
1751980192272 -19.415916442871094 590
1751980227797 -19.74057388305664 591
1751980263357 -17.667272567749023 592
1751980299173 -19.175567626953125 593
1751980334748 -21.94894790649414 594
1751980370355 -21.66856575012207 595
1751980405968 -19.84739875793457 596
1751980441595 -16.87232780456543 597
1751980477151 -19.973052978515625 598
1751980512836 -21.992755889892578 599
1751984218576 -2.2193822860717773 600
1751984254500 -3.846864938735962 601
1751984290422 -7.177302360534668 602
1751984326372 -11.17918586730957 603
1751984362343 -10.132811546325684 604
1751984397837 -11.853513717651367 605
1751984433409 -11.868852615356445 606
1751984469352 -14.732524871826172 607
1751984505251 -10.411296844482422 608
1751984541138 -12.171598434448242 609
1751984577073 -8.238018035888672 610
1751984612926 -5.186375141143799 611
1751984648857 -7.720598220825195 612
1751984684882 -8.939988136291504 613
1751984720834 -9.999217987060547 614
1751984756423 -10.17850112915039 615
1751984792395 -8.026384353637695 616
1751984828400 -10.99975872039795 617
1751984864291 -12.942797660827637 618
1751984900285 -14.761720657348633 619
1751984936229 -9.736465454101562 620
1751984972164 -13.601303100585938 621
1751985008092 -11.73855972290039 622
1751985044192 -16.065467834472656 623
1751985080463 -13.573615074157715 624
1751985116217 -15.726390838623047 625
1751985151978 -12.613332748413086 626
1751985187665 -14.347536087036133 627
1751985223464 -8.89791202545166 628
1751985259261 -16.43012046813965 629
1751985294997 -12.734443664550781 630
1751985330873 -11.980242729187012 631
1751985366622 -14.704599380493164 632
1751985402470 -14.824838638305664 633
1751985438278 -13.646316528320312 634
1751985474015 -19.118362426757812 635
1751985509764 -17.128219604492188 636
1751985545461 -15.404180526733398 637
1751985581179 -17.42523956298828 638
1751985616898 -16.574626922607422 639
1751989332735 -6.567356109619141 640
1751989368389 -8.063313484191895 641
1751989404034 -5.333761215209961 642
1751989439691 -4.615842819213867 643
1751989475294 -4.3218536376953125 644
1751989510871 -3.756486415863037 645
1751989546573 -2.243649482727051 646
1751989582316 -4.1417694091796875 647
1751989618072 -7.510196208953857 648
1751989653695 -1.903200626373291 649
1751989689362 -4.1798295974731445 650
1751989725099 -4.628459453582764 651
1751989760785 -5.064582347869873 652
1751989796559 -7.2325119972229 653
1751989832125 -3.1295108795166016 654
1751989867748 -4.366876602172852 655
1751989903446 -5.045644760131836 656
1751989939145 -4.015972137451172 657
1751989974893 -4.877927303314209 658
1751990010588 -2.253204822540283 659
1751990046258 -2.560314655303955 660
1751990082004 -2.0886988639831543 661
1751990117621 -3.500004768371582 662
1751990153374 -3.952610492706299 663
1751990189038 -3.2458434104919434 664
1751990224690 -2.579061985015869 665
1751990260375 -1.0663423538208008 666
1751990296020 -2.8465065956115723 667
1751990331597 -1.3271255493164062 668
1751990367252 -1.479264736175537 669
1751990402943 -3.520946502685547 670
1751990438652 -1.8391947746276855 671
1751990474306 -2.5869884490966797 672
1751990509887 -1.6733760833740234 673
1751990545499 -2.4704856872558594 674
1751990581228 -2.1344528198242188 675
1751990617076 0.19585132598876953 676
1751990652748 -0.032009124755859375 677
1751990688373 -4.611541271209717 678
1751990724116 -3.8727569580078125 679
1751994440556 -3.649829864501953 680
1751994476165 -4.28388786315918 681
1751994511801 -3.0601158142089844 682
1751994547470 -1.9635398387908936 683
1751994583144 -0.8289915323257446 684
1751994618859 1.6233606338500977 685
1751994654682 3.6542162895202637 686
1751994690391 3.676121711730957 687
1751994726052 5.9521284103393555 688
1751994761759 6.471194744110107 689
1751994797335 4.697912216186523 690
1751994833002 4.414278507232666 691
1751994868584 5.477179050445557 692
1751994904243 6.042993545532227 693
1751994940010 6.465713977813721 694
1751994975632 3.865328550338745 695
1751995011241 6.988370418548584 696
1751995046923 6.508551120758057 697
1751995082645 7.529322624206543 698
1751995118334 7.413938045501709 699
1751995154029 7.1127824783325195 700
1751995189725 8.449372291564941 701
1751995225491 7.607875347137451 702
1751995261206 10.118448257446289 703
1751995296887 8.327047348022461 704
1751995332669 8.58772087097168 705
1751995368397 6.40638542175293 706
1751995404112 7.623172283172607 707
1751995439858 6.544063568115234 708
1751995475510 5.901862144470215 709
1751995511169 5.64995002746582 710
1751995546825 6.355831623077393 711
1751995582493 5.422052383422852 712
1751995618137 6.134407997131348 713
1751995653747 6.501824378967285 714
1751995689417 6.98858118057251 715
1751995725145 6.8970770835876465 716
1751995760851 4.638640403747559 717
1751995796577 5.295197486877441 718
1751995832237 6.123991966247559 719
1751999566876 -2.4280285835266113 720
1751999602528 -2.720886707305908 721
1751999638097 -1.6393711566925049 722
1751999673781 -1.298910140991211 723
1751999709734 -2.5260725021362305 724
1751999745364 -2.4448132514953613 725
1751999781397 -1.7855664491653442 726
1751999817449 0.02808094024658203 727
1751999853004 0.756227970123291 728
1751999888743 1.461242914199829 729
1751999924450 -0.014966487884521484 730
1751999960059 0.14418292045593262 731
1751999995776 -0.6510865688323975 732
1752000031804 -0.4666404724121094 733
1752000067903 -0.11934757232666016 734
1752000103943 -0.5482172966003418 735
1752000140012 1.1266553401947021 736
1752000175575 2.0815136432647705 737
1752000211214 1.6100289821624756 738
1752000247260 1.28505277633667 739
1752000283427 0.4683995246887207 740
1752000319443 0.9773550033569336 741
1752000355466 1.5606987476348877 742
1752000391434 2.896949052810669 743
1752000427540 0.7233090400695801 744
1752000463509 3.00645112991333 745
1752000499472 2.832089900970459 746
1752000535122 1.442857265472412 747
1752000571103 3.1989340782165527 748
1752000607191 3.6537656784057617 749
1752000643309 2.062657117843628 750
1752000679460 0.4650230407714844 751
1752000715490 1.1635775566101074 752
1752000751671 -1.9132318496704102 753
1752000787829 -0.6986856460571289 754
1752000823897 1.636446475982666 755
1752000859972 1.5624043941497803 756
1752000896274 1.5979490280151367 757
1752000932218 1.5816659927368164 758
1752000968092 -0.4427332878112793 759
1752004711050 -0.05382668972015381 760
1752004746748 -3.5353283882141113 761
1752004782435 -5.004859924316406 762
1752004818228 -5.773954391479492 763
1752004853938 -7.034429550170898 764
1752004889644 -6.973694801330566 765
1752004925452 -8.59883975982666 766
1752004961085 -7.359571933746338 767
1752004996852 -6.5940680503845215 768
1752005032585 -5.945962905883789 769
1752005068264 -5.312286853790283 770
1752005104541 -6.45350980758667 771
1752005140404 -6.379249572753906 772
1752005176157 -6.984585285186768 773
1752005211810 -7.095620632171631 774
1752005247549 -4.132279396057129 775
1752005283318 -6.319925308227539 776
1752005318946 -4.615971565246582 777
1752005354653 -5.218703746795654 778
1752005390341 -9.63603687286377 779
1752005426061 -10.290071487426758 780
1752005461824 -8.253310203552246 781
1752005497534 -8.613533973693848 782
1752005533295 -8.445509910583496 783
1752005569033 -9.529529571533203 784
1752005604814 -8.480205535888672 785
1752005640596 -9.595787048339844 786
1752005676387 -11.29922866821289 787
1752005712117 -10.991850852966309 788
1752005747875 -9.770557403564453 789
1752005783783 -10.270655632019043 790
1752005819600 -9.938871383666992 791
1752005855295 -9.002793312072754 792
1752005890972 -9.002684593200684 793
1752005926766 -8.834748268127441 794
1752005962493 -5.945728302001953 795
1752005998282 -10.502635955810547 796
1752006034028 -8.563039779663086 797
1752006069822 -13.12785530090332 798
1752006105724 -8.369148254394531 799
1752009890848 -2.0611393451690674 800
1752009926625 -1.6314550638198853 801
1752009962302 0.40823519229888916 802
1752009997958 -1.5608081817626953 803
1752010033628 -1.486931562423706 804
1752010069377 -0.25104808807373047 805
1752010105148 -1.6776049137115479 806
1752010140817 -2.6355957984924316 807
1752010176510 -2.734408378601074 808
1752010212259 -0.8060324192047119 809
1752010248029 -2.6116299629211426 810
1752010283703 -2.3101806640625 811
1752010319427 -3.745654582977295 812
1752010355201 -4.190973281860352 813
1752010390937 -3.652512788772583 814
1752010426670 -5.536462783813477 815
1752010462408 -3.2485361099243164 816
1752010498077 -3.945374011993408 817
1752010533745 -5.470705032348633 818
1752010569430 -3.552509307861328 819
1752010605176 -3.1517906188964844 820
1752010640908 -3.844876289367676 821
1752010676614 -4.103316307067871 822
1752010712327 -3.8782732486724854 823
1752010748093 -5.850322723388672 824
1752010783754 -4.000143051147461 825
1752010819457 -2.095353126525879 826
1752010855094 -3.5892739295959473 827
1752010890799 -2.950434446334839 828
1752010926575 -3.6859476566314697 829
1752010962244 -4.043518543243408 830
1752010998002 -1.5426647663116455 831
1752011033743 -3.294825553894043 832
1752011069399 -3.772979974746704 833
1752011105059 -3.7247142791748047 834
1752011140973 -1.0676093101501465 835
1752011176692 -3.3671724796295166 836
1752011212365 -4.466113090515137 837
1752011248123 -4.227383613586426 838
1752011283884 -3.2195606231689453 839
1752015047107 -6.825282096862793 840
1752015083281 -8.566876411437988 841
1752015118920 -10.562833786010742 842
1752015154608 -13.118351936340332 843
1752015190374 -15.045370101928711 844
1752015226109 -18.04628562927246 845
1752015261808 -18.82984733581543 846
1752015297496 -18.674976348876953 847
1752015333262 -21.979473114013672 848
1752015368893 -21.567676544189453 849
1752015405098 -22.892723083496094 850
1752015440798 -24.608448028564453 851
1752015476442 -26.23190689086914 852
1752015512041 -25.84105110168457 853
1752015547718 -27.68916130065918 854
1752015583369 -28.582929611206055 855
1752015619047 -30.078908920288086 856
1752015654768 -28.85394287109375 857
1752015690868 -31.107181549072266 858
1752015727141 -32.985206604003906 859
1752015762828 -32.13166809082031 860
1752015798485 -32.38737487792969 861
1752015834253 -31.805686950683594 862
1752015870026 -32.00144577026367 863
1752015905624 -32.41204833984375 864
1752015941446 -33.868324279785156 865
1752015977130 -32.73242950439453 866
1752016013248 -32.31629943847656 867
1752016049450 -31.893901824951172 868
1752016085624 -32.285194396972656 869
1752016121243 -33.92253112792969 870
1752016156945 -31.976503372192383 871
1752016192636 -34.60166931152344 872
1752016228361 -32.8837890625 873
1752016264567 -33.885292053222656 874
1752016300606 -33.6468620300293 875
1752016336725 -34.771244049072266 876
1752016372818 -36.565406799316406 877
1752016409007 -36.07948684692383 878
1752016445096 -33.79206085205078 879
1752020200434 -6.9589996337890625 880
1752020236312 -9.38526725769043 881
1752020272139 -8.501611709594727 882
1752020308038 -7.936307430267334 883
1752020343938 -8.281678199768066 884
1752020379800 -7.106503486633301 885
1752020415625 -5.648114204406738 886
1752020451499 -6.599666595458984 887
1752020487389 -5.599921226501465 888
1752020523365 -3.7866365909576416 889
1752020559273 -2.8219985961914062 890
1752020595123 -3.244171380996704 891
1752020631045 -1.6704272031784058 892
1752020666960 -2.442945718765259 893
1752020702874 -2.42495059967041 894
1752020738733 -1.863816499710083 895
1752020774598 -1.378636360168457 896
1752020810509 -2.034560203552246 897
1752020846427 -0.6332805156707764 898
1752020882220 -0.09350895881652832 899
1752020918098 -0.5912027359008789 900
1752020953981 0.5001156330108643 901
1752020989887 1.8531317710876465 902
1752021025875 0.5594420433044434 903
1752021061774 1.2174270153045654 904
1752021097775 2.1783008575439453 905
1752021133571 3.150050163269043 906
1752021169532 3.4717445373535156 907
1752021205399 3.692054271697998 908
1752021241314 3.6148948669433594 909
1752021277280 4.390745162963867 910
1752021313150 4.29608154296875 911
1752021348992 3.5859899520874023 912
1752021384832 3.870053291320801 913
1752021420751 4.571088790893555 914
1752021456657 4.826615333557129 915
1752021492538 4.286604881286621 916
1752021528391 3.8048524856567383 917
1752021564271 4.375035762786865 918
1752021600083 5.343976974487305 919
1752025378048 -0.8656139373779297 920
1752025413866 -0.7350189685821533 921
1752025449697 0.03471827507019043 922
1752025485517 0.2571675777435303 923
1752025521369 0.0881047248840332 924
1752025557225 0.613309383392334 925
1752025593085 0.2102949619293213 926
1752025628850 -0.019414901733398438 927
1752025664640 -0.26863765716552734 928
1752025700421 0.32416629791259766 929
1752025736333 0.06089353561401367 930
1752025772115 -0.2862238883972168 931
1752025808004 -0.0819549560546875 932
1752025843811 0.3005657196044922 933
1752025879566 -0.3868446350097656 934
1752025915342 -0.3993673324584961 935
1752025951146 -1.0864982604980469 936
1752025986906 -1.0884885787963867 937
1752026022726 -1.188671588897705 938
1752026058579 -1.027486801147461 939
1752026094372 -1.5396747589111328 940
1752026130262 -1.0362820625305176 941
1752026166045 -0.6162834167480469 942
1752026201888 -1.1527438163757324 943
1752026237738 -0.8520593643188477 944
1752026273555 -0.6426372528076172 945
1752026309427 -0.17885732650756836 946
1752026345273 -1.1542744636535645 947
1752026381211 -0.8948802947998047 948
1752026417120 -0.5205545425415039 949
1752026453028 -0.8254451751708984 950
1752026488856 -0.714052677154541 951
1752026524631 -0.5884485244750977 952
1752026560452 -0.290219783782959 953
1752026596216 -0.34288787841796875 954
1752026632069 -0.7925057411193848 955
1752026667884 -0.714806079864502 956
1752026703804 -0.6974015235900879 957
1752026739539 -0.9318752288818359 958
1752026775455 -0.9103937149047852 959
1752030548207 2.01007080078125 960
1752030583957 4.093754768371582 961
1752030619685 3.737011194229126 962
1752030655508 2.9698402881622314 963
1752030691312 3.3938212394714355 964
1752030727157 3.447679281234741 965
1752030762905 2.485994815826416 966
1752030798638 2.444493532180786 967
1752030834396 1.585134506225586 968
1752030870314 2.2259116172790527 969
1752030906107 2.265885353088379 970
1752030941859 2.539440155029297 971
1752030977696 3.1319313049316406 972
1752031013499 3.075497627258301 973
1752031049204 2.693784713745117 974
1752031085013 2.5279111862182617 975
1752031120789 1.939178466796875 976
1752031156648 2.1996946334838867 977
1752031192509 2.1344079971313477 978
1752031228190 2.545111656188965 979
1752031263961 3.1095237731933594 980
1752031299799 2.5585598945617676 981
1752031335628 2.474503517150879 982
1752031371388 2.302114486694336 983
1752031407275 2.825772285461426 984
1752031443078 2.575192451477051 985
1752031478819 2.566307544708252 986
1752031514664 2.360724449157715 987
1752031550308 2.2224979400634766 988
1752031586021 2.4300084114074707 989
1752031622217 1.8070793151855469 990
1752031658307 1.298572063446045 991
1752031694168 1.4084553718566895 992
1752031730017 2.006783962249756 993
1752031765872 0.9226369857788086 994
1752031801614 1.3430685997009277 995
1752031837381 1.5605201721191406 996
1752031873201 2.192859649658203 997
1752031908985 1.3501596450805664 998
1752031945153 1.2289180755615234 999
1752035728231 -3.981679677963257 1000
1752035764065 -5.2321977615356445 1001
1752035800015 -4.677134990692139 1002
1752035835932 -4.035366058349609 1003
1752035871815 -3.6449689865112305 1004
1752035907822 -3.359445571899414 1005
1752035943757 -2.9792568683624268 1006
1752035979558 -2.0480620861053467 1007
1752036015491 -1.217172384262085 1008
1752036051486 -1.6244921684265137 1009
1752036087327 -0.8822146654129028 1010
1752036123293 -1.0227162837982178 1011
1752036159145 -0.9881334900856018 1012
1752036195140 -0.7343239784240723 1013
1752036231071 -0.23436802625656128 1014
1752036266980 0.17136648297309875 1015
1752036302865 -0.0011032819747924805 1016
1752036338782 -0.16791445016860962 1017
1752036374760 0.1871451735496521 1018
1752036410729 0.3577221930027008 1019
1752036446581 0.7345917224884033 1020
1752036482530 0.46511197090148926 1021
1752036518494 1.3508199453353882 1022
1752036554483 1.1091355085372925 1023
1752036590364 1.8110989332199097 1024
1752036626288 1.8019235134124756 1025
1752036662245 1.9657764434814453 1026
1752036698204 2.0574636459350586 1027
1752036734071 2.050461769104004 1028
1752036770029 1.9117393493652344 1029
1752036805868 2.2981042861938477 1030
1752036841768 2.0188093185424805 1031
1752036877753 2.7673516273498535 1032
1752036913640 2.3168046474456787 1033
1752036949494 2.8074464797973633 1034
1752036985395 2.888345718383789 1035
1752037021402 3.6150853633880615 1036
1752037057303 2.9903523921966553 1037
1752037093212 2.6329293251037598 1038
1752037129126 2.6794447898864746 1039
1752040911087 0.41027283668518066 1040
1752040946955 -0.6410994529724121 1041
1752040982841 -1.3987072706222534 1042
1752041018750 -1.3893482685089111 1043
1752041054602 -1.453491449356079 1044
1752041090487 -1.8151962757110596 1045
1752041126417 -1.203552484512329 1046
1752041162147 -1.803149700164795 1047
1752041198059 -1.6703518629074097 1048
1752041233879 -0.9433289170265198 1049
1752041269919 -0.7608741521835327 1050
1752041305803 -0.6012347936630249 1051
1752041341666 -0.13730746507644653 1052
1752041377622 0.294905424118042 1053
1752041413422 0.3168712258338928 1054
1752041449338 0.11620855331420898 1055
1752041485118 0.6389837265014648 1056
1752041521013 0.5670090317726135 1057
1752041556840 0.15085458755493164 1058
1752041592762 1.24179208278656 1059
1752041628606 0.7302584648132324 1060
1752041664480 0.2680073380470276 1061
1752041700357 0.38977596163749695 1062
1752041736267 0.5516357421875 1063
1752041772149 1.7193048000335693 1064
1752041807999 0.9883958101272583 1065
1752041843990 0.6099926233291626 1066
1752041879870 0.537562370300293 1067
1752041915625 1.5290334224700928 1068
1752041951459 1.2624518871307373 1069
1752041987292 2.0229973793029785 1070
1752042023128 1.0658377408981323 1071
1752042059024 1.481189489364624 1072
1752042094897 1.8102494478225708 1073
1752042130813 1.663704514503479 1074
1752042166762 1.2355170249938965 1075
1752042202698 2.6837854385375977 1076
1752042238586 2.228847026824951 1077
1752042274618 2.1016995906829834 1078
1752042310506 2.4942431449890137 1079
1752046089359 3.20452618598938 1080
1752046125212 4.338103771209717 1081
1752046161004 5.292681694030762 1082
1752046196811 4.992666244506836 1083
1752046232656 5.761038780212402 1084
1752046268528 4.8665971755981445 1085
1752046304400 7.187260627746582 1086
1752046340205 6.543022155761719 1087
1752046375989 7.904794216156006 1088
1752046411822 7.175748825073242 1089
1752046447618 7.612943649291992 1090
1752046483434 8.523716926574707 1091
1752046519371 8.599178314208984 1092
1752046555260 9.071730613708496 1093
1752046591015 9.306844711303711 1094
1752046626801 9.238231658935547 1095
1752046662616 9.299776077270508 1096
1752046698463 9.728914260864258 1097
1752046734296 9.578805923461914 1098
1752046770103 9.669878005981445 1099
1752046805829 9.648115158081055 1100
1752046841604 9.57889175415039 1101
1752046877349 10.028045654296875 1102
1752046913237 9.874229431152344 1103
1752046948984 10.30564022064209 1104
1752046984903 9.90014362335205 1105
1752047020645 9.943992614746094 1106
1752047056474 10.471970558166504 1107
1752047092313 9.789058685302734 1108
1752047128198 10.155471801757812 1109
1752047164038 9.7947998046875 1110
1752047199838 10.056940078735352 1111
1752047235674 10.747749328613281 1112
1752047271528 10.34060001373291 1113
1752047307355 10.151044845581055 1114
1752047343193 10.424957275390625 1115
1752047379034 10.207690238952637 1116
1752047414923 10.373092651367188 1117
1752047450672 10.938013076782227 1118
1752047486523 11.377821922302246 1119
1752051271517 -2.076679229736328 1120
1752051307439 -1.807288646697998 1121
1752051343380 -1.9037563800811768 1122
1752051379309 -1.3801968097686768 1123
1752051415380 -1.1113133430480957 1124
1752051451251 -1.042616605758667 1125
1752051487131 -1.0450680255889893 1126
1752051523073 -0.5895925760269165 1127
1752051558886 -0.6920672655105591 1128
1752051594913 -0.6016868352890015 1129
1752051630815 -0.6628004312515259 1130
1752051666823 -0.23479247093200684 1131
1752051702783 -0.2203056812286377 1132
1752051738850 0.18017315864562988 1133
1752051774829 0.16770052909851074 1134
1752051810767 0.18729591369628906 1135
1752051846780 0.3976271152496338 1136
1752051882665 0.6923587322235107 1137
1752051918654 0.5155696868896484 1138
1752051954551 0.8091967105865479 1139
1752051990508 0.8129048347473145 1140
1752052026529 1.153803825378418 1141
1752052062448 0.8909802436828613 1142
1752052098390 1.3224899768829346 1143
1752052134321 1.556753396987915 1144
1752052170418 1.4294137954711914 1145
1752052206331 2.073059558868408 1146
1752052242270 1.8713386058807373 1147
1752052278236 1.9342246055603027 1148
1752052314134 2.2819936275482178 1149
1752052350088 2.2644286155700684 1150
1752052386012 2.7076895236968994 1151
1752052421981 2.8247203826904297 1152
1752052457905 2.8015503883361816 1153
1752052493825 3.1617188453674316 1154
1752052529755 3.462620973587036 1155
1752052565712 3.459862470626831 1156
1752052601646 3.848759174346924 1157
1752052637571 4.4692888259887695 1158
1752052673613 4.379178524017334 1159
1752056485091 -1.9656836986541748 1160
1752056521163 -2.1673431396484375 1161
1752056557143 -2.668077230453491 1162
1752056593090 -3.124811887741089 1163
1752056629006 -2.997279644012451 1164
1752056664985 -3.2183432579040527 1165
1752056700975 -3.318265438079834 1166
1752056738071 -3.746706008911133 1167
1752056774770 -3.7452189922332764 1168
1752056811327 -3.6239166259765625 1169
1752056847336 -3.5486090183258057 1170
1752056883395 -3.228834390640259 1171
1752056919384 -3.5201776027679443 1172
1752056955887 -3.300299644470215 1173
1752056991832 -3.1282660961151123 1174
1752057028228 -2.8895835876464844 1175
1752057064231 -2.827385425567627 1176
1752057100164 -2.478116512298584 1177
1752057136355 -2.3210501670837402 1178
1752057172490 -2.7366514205932617 1179
1752057208459 -1.8128745555877686 1180
1752057244935 -1.7305080890655518 1181
1752057280843 -1.4723498821258545 1182
1752057317183 -1.640944480895996 1183
1752057353188 -1.2727794647216797 1184
1752057389114 -0.7248950004577637 1185
1752057425041 -0.875450611114502 1186
1752057461116 -0.5845546722412109 1187
1752057497086 -0.3529052734375 1188
1752057533458 -0.00943756103515625 1189
1752057569894 -0.015384197235107422 1190
1752057607251 0.3747377395629883 1191
1752057643546 0.8068094253540039 1192
1752057679445 0.9562768936157227 1193
1752057715345 1.4471497535705566 1194
1752057751317 1.0639286041259766 1195
1752057787199 1.360208511352539 1196
1752057823125 1.970686435699463 1197
1752057859134 2.149503231048584 1198
1752057895066 2.3695425987243652 1199
1752061698988 0.4465969204902649 1200
1752061734963 0.24776774644851685 1201
1752061770834 0.17679691314697266 1202
1752061806784 0.07650701701641083 1203
1752061842769 0.47331929206848145 1204
1752061878607 0.1556548923254013 1205
1752061914478 0.44930270314216614 1206
1752061950418 1.0058826208114624 1207
1752061986400 1.2076023817062378 1208
1752062022303 1.99100661277771 1209
1752062058169 2.5862250328063965 1210
1752062094029 3.432636260986328 1211
1752062129960 4.247229099273682 1212
1752062165834 4.385342597961426 1213
1752062201706 5.1839799880981445 1214
1752062237625 5.350017547607422 1215
1752062273520 5.854636192321777 1216
1752062309337 6.469195365905762 1217
1752062345149 6.885759353637695 1218
1752062380926 6.652108192443848 1219
1752062416744 7.214888572692871 1220
1752062452628 6.993904113769531 1221
1752062488458 7.743847846984863 1222
1752062524357 7.596933364868164 1223
1752062560408 7.746021747589111 1224
1752062596341 8.112701416015625 1225
1752062632275 8.339995384216309 1226
1752062668273 8.300302505493164 1227
1752062704103 8.406758308410645 1228
1752062739932 8.736772537231445 1229
1752062775822 9.047335624694824 1230
1752062811561 9.031776428222656 1231
1752062847426 9.04560375213623 1232
1752062883466 9.024171829223633 1233
1752062919330 9.512563705444336 1234
1752062955247 8.962862014770508 1235
1752062991065 8.862516403198242 1236
1752063026868 9.229228973388672 1237
1752063062767 9.238694190979004 1238
1752063098634 9.177547454833984 1239
1752066887514 -0.39647752046585083 1240
1752066923572 0.3099600076675415 1241
1752066959662 0.6029205918312073 1242
1752066995683 0.5196176171302795 1243
1752067031708 0.9505918622016907 1244
1752067067768 0.931477427482605 1245
1752067103899 0.9637782573699951 1246
1752067139848 0.8383798003196716 1247
1752067175960 0.7776168584823608 1248
1752067211998 1.2480900287628174 1249
1752067247991 1.308283805847168 1250
1752067284038 1.0900706052780151 1251
1752067320122 1.060070514678955 1252
1752067356126 0.9945129156112671 1253
1752067392157 1.7279317378997803 1254
1752067428215 1.9172886610031128 1255
1752067464367 2.032360553741455 1256
1752067500464 1.62912917137146 1257
1752067536521 2.3253841400146484 1258
1752067572531 2.0874886512756348 1259
1752067608609 1.9262516498565674 1260
1752067644780 2.388068675994873 1261
1752067680794 2.2858493328094482 1262
1752067716797 2.049380302429199 1263
1752067752838 2.3170418739318848 1264
1752067788905 2.3619470596313477 1265
1752067825019 2.0612854957580566 1266
1752067861036 2.5181050300598145 1267
1752067897065 2.96061372756958 1268
1752067933103 2.7206320762634277 1269
1752067969109 2.3834495544433594 1270
1752068005163 2.532616376876831 1271
1752068041240 2.7587203979492188 1272
1752068077309 3.1965324878692627 1273
1752068113368 2.695382595062256 1274
1752068149411 3.0652005672454834 1275
1752068185404 3.117918014526367 1276
1752068221388 3.1380791664123535 1277
1752068257415 3.1578893661499023 1278
1752068293364 3.3452813625335693 1279
1752072095024 -1.53450608253479 1280
1752072131137 -2.283708333969116 1281
1752072167087 -2.9213449954986572 1282
1752072203101 -3.8309433460235596 1283
1752072239121 -3.8294124603271484 1284
1752072275104 -4.433547019958496 1285
1752072311183 -4.09726619720459 1286
1752072347281 -4.55674409866333 1287
1752072383300 -4.321235179901123 1288
1752072419339 -4.267396926879883 1289
1752072455356 -3.6421971321105957 1290
1752072491423 -3.247424364089966 1291
1752072527726 -3.2963104248046875 1292
1752072563750 -3.1069512367248535 1293
1752072599841 -2.9737000465393066 1294
1752072637367 -2.384282112121582 1295
1752072673368 -2.5372416973114014 1296
1752072709315 -2.182574510574341 1297
1752072745248 -1.9093050956726074 1298
1752072781244 -1.7381799221038818 1299
1752072817317 -1.073742151260376 1300
1752072853291 -1.0333881378173828 1301
1752072889238 -0.8672771453857422 1302
1752072925243 -0.4556037187576294 1303
1752072961261 -0.5459727048873901 1304
1752072997235 -0.5943187475204468 1305
1752073033450 -0.48572206497192383 1306
1752073069856 -0.17900943756103516 1307
1752073106525 0.2811753749847412 1308
1752073142431 0.17028367519378662 1309
1752073178407 0.5078574419021606 1310
1752073214375 0.37653934955596924 1311
1752073250312 0.8447686433792114 1312
1752073286341 0.7696170806884766 1313
1752073322392 1.1013869047164917 1314
1752073358400 0.8371710777282715 1315
1752073394412 1.4461932182312012 1316
1752073430476 1.3875551223754883 1317
1752073466426 1.5802299976348877 1318
1752073502503 1.6611628532409668 1319
1752077304298 2.664585590362549 1320
1752077340234 3.1207997798919678 1321
1752077376135 3.1652016639709473 1322
1752077412188 3.1016342639923096 1323
1752077448203 3.175596237182617 1324
1752077484149 3.678964614868164 1325
1752077520169 3.792970895767212 1326
1752077556706 3.8714475631713867 1327
1752077592774 4.3533172607421875 1328
1752077628732 4.696639060974121 1329
1752077664684 4.940114974975586 1330
1752077700565 4.866303443908691 1331
1752077736560 5.106335163116455 1332
1752077772471 5.405284881591797 1333
1752077808420 5.966931343078613 1334
1752077844351 5.837042808532715 1335
1752077880433 6.596181869506836 1336
1752077916385 6.369504928588867 1337
1752077952362 6.673216819763184 1338
1752077988848 6.606388092041016 1339
1752078024839 6.522762775421143 1340
1752078060689 6.98915958404541 1341
1752078096684 7.519887924194336 1342
1752078132714 7.280389785766602 1343
1752078168684 7.497425079345703 1344
1752078204727 7.440504550933838 1345
1752078240833 7.5374908447265625 1346
1752078276858 7.495920658111572 1347
1752078312764 7.458726406097412 1348
1752078349112 7.65449333190918 1349
1752078385018 7.6937761306762695 1350
1752078420941 7.744510650634766 1351
1752078456859 7.4457597732543945 1352
1752078492820 8.122220993041992 1353
1752078528827 7.654401779174805 1354
1752078564900 7.786314964294434 1355
1752078600885 7.814274787902832 1356
1752078636807 7.747485160827637 1357
1752078672788 7.6971116065979 1358
1752078708720 7.666808128356934 1359
1752082510646 -0.8811547160148621 1360
1752082546719 -1.1026930809020996 1361
1752082582794 -1.1670424938201904 1362
1752082618849 -0.9781334400177002 1363
1752082654911 -0.9773381948471069 1364
1752082691101 -0.7183841466903687 1365
1752082727215 -0.4284479022026062 1366
1752082763351 -0.17218253016471863 1367
1752082799517 0.07856547832489014 1368
1752082835617 0.25509417057037354 1369
