1747304818271 2.307960867881775 0
1747305078404 2.304777979850769 1
1747305308221 2.298913359642029 2
1747305537591 2.2924070358276367 3
1747305767936 2.2840601205825806 4
1747305998159 2.272863268852234 5
1747306228705 2.261245012283325 6
1747306459630 2.2452778816223145 7
1747306701912 2.227226138114929 8
1747306950562 2.2040375471115112 9
1747307246882 2.17760694026947 10
1747307496605 2.146114945411682 11
1747307746071 2.1144649982452393 12
1747307995168 2.0798559188842773 13
1747308244515 2.0464584827423096 14
1747308494370 2.0129332542419434 15
1747308773359 1.9788400530815125 16
1747309083288 1.946170449256897 17
1747309393439 1.907054603099823 18
1747309704554 1.8825610876083374 19
1747310016108 1.8623977303504944 20
1747310328203 1.8469951152801514 21
1747310639670 1.8380934000015259 22
1747310951274 1.8312948346138 23
1747311263316 1.8238048553466797 24
1747311574546 1.8186721801757812 25
1747311884909 1.8148646354675293 26
1747312196647 1.813187301158905 27
1747312507268 1.8095651268959045 28
1747312818581 1.8063504695892334 29
1747313129002 1.8020635843276978 30
1747313440395 1.8000056147575378 31
1747313750885 1.8000255227088928 32
1747314062291 1.7944557666778564 33
1747314372709 1.7927557229995728 34
1747314683698 1.7912147641181946 35
1747314994559 1.7893441319465637 36
1747315305526 1.7865434288978577 37
1747315616221 1.7809332013130188 38
1747315927597 1.7776803970336914 39
1747316239221 1.7760581970214844 40
1747316550284 1.773419439792633 41
1747316861397 1.7729881405830383 42
1747317172497 1.7734537720680237 43
1747317483163 1.770162284374237 44
1747317794333 1.769055426120758 45
1747318105535 1.766664206981659 46
1747318417288 1.765798270702362 47
1747318729255 1.764627456665039 48
1747319041295 1.7625086307525635 49
1747319354926 1.7603236436843872 50
1747319669338 1.7612958550453186 51
1747319983129 1.7593342661857605 52
1747320297431 1.7577139139175415 53
1747320610495 1.7567747235298157 54
1747320923866 1.7547990083694458 55
1747321236825 1.7574385404586792 56
1747321550219 1.7530160546302795 57
1747321862654 1.7519936561584473 58
1747322175837 1.7516524195671082 59
1747322488517 1.7505205273628235 60
1747322801019 1.7509242296218872 61
1747323113106 1.7487592101097107 62
1747323425660 1.750258982181549 63
1747323737723 1.7484194040298462 64
1747324051312 1.7514535784721375 65
1747324364053 1.7493988871574402 66
1747324675912 1.7453125715255737 67
1747324989271 1.744580328464508 68
1747325302845 1.7448291778564453 69
1747325616830 1.7431541681289673 70
1747325929332 1.7444509863853455 71
1747326241533 1.7413537502288818 72
1747326553167 1.7423099875450134 73
1747326865698 1.7412854433059692 74
1747327178705 1.742452085018158 75
1747327491138 1.7403788566589355 76
1747327804655 1.7377647161483765 77
1747328118102 1.7378764152526855 78
1747328432378 1.7365458011627197 79
1747328746247 1.7361443042755127 80
1747329060609 1.7351983189582825 81
1747329374489 1.7352200150489807 82
1747329689142 1.7351117134094238 83
1747330003323 1.734201729297638 84
1747330317358 1.7336681485176086 85
1747330631999 1.7329925894737244 86
1747330947071 1.7331979870796204 87
1747331261853 1.7331053018569946 88
1747331577141 1.7325286269187927 89
1747331891972 1.732254683971405 90
1747332207194 1.732395052909851 91
1747332522746 1.7314414978027344 92
1747332839143 1.7296885251998901 93
1747333155005 1.7298453450202942 94
1747333470044 1.7304580211639404 95
1747333786061 1.7288830280303955 96
1747334104393 1.728509545326233 97
1747334422915 1.7277451753616333 98
1747334740372 1.7262945175170898 99
1747335057945 1.72598397731781 100
1747335375852 1.7248119711875916 101
1747335694400 1.724454641342163 102
1747336012177 1.7251095175743103 103
1747336330120 1.7238345742225647 104
1747336647920 1.7244008779525757 105
1747336965932 1.7245389819145203 106
1747337284481 1.7240459322929382 107
1747337602536 1.7225527167320251 108
1747337921051 1.722195029258728 109
1747338239877 1.7231740355491638 110
1747338558921 1.725338876247406 111
1747338878216 1.7233217358589172 112
1747339196972 1.7220755815505981 113
1747339516549 1.7197694182395935 114
1747339836019 1.7194893956184387 115
1747340155576 1.7186532020568848 116
1747340476945 1.7161166071891785 117
