1751217724544 785.2366943359375 0
1751220165336 5792.09033203125 1
1751222690620 10800.0478515625 2
1751225233771 15808.0322265625 3
1751227802742 20816.025390625 4
1751230400607 25824.01953125 5
1751232992855 30832.015625 6
1751235586162 35840.015625 7
1751238271967 40848.01171875 8
1751240911136 45856.01171875 9
1751243528617 50864.00390625 10
1751246178606 55872.00390625 11
1751248883648 60880.00390625 12
1751251575143 65888.0 13
1751254343189 70896.0 14
1751257067052 75904.0 15
1751259854569 80912.0 16
1751262583360 85920.0 17
1751265357092 90928.0 18
1751268172103 95936.0 19
1751271000417 100944.0 20
1751273796819 105952.0 21
1751276636217 110960.0 22
1751279435637 115968.0 23
1751282294548 120976.0 24
1751285163189 125984.0 25
1751288013550 130992.0 26
1751290860981 136000.0 27
1751293707403 141008.0 28
1751296566657 146016.0 29
1751299431194 151024.0 30
1751302271444 156032.0 31
1751305124891 161040.0 32
1751307976502 166048.0 33
1751310838057 171056.0 34
1751313696804 176064.0 35
1751316525841 181072.0 36
1751319385495 186080.0 37
1751322222776 191088.0 38
1751325085934 196096.0 39
1751327977100 201104.0 40
1751330840903 206112.0 41
1751333702942 211120.0 42
1751336567561 216128.0 43
1751339394016 221136.0 44
1751342239269 226144.0 45
1751345110638 231152.0 46
1751347979884 236160.0 47
1751350830496 241168.0 48
1751353680098 246176.0 49
1751356574612 251184.0 50
1751359473404 256192.0 51
1751362334434 261200.0 52
1751365211101 266208.0 53
1751368086169 271216.0 54
1751370971506 276224.0 55
1751373835034 281232.0 56
1751376732313 286240.0 57
1751379618486 291248.0 58
1751382502557 296256.0 59
1751385363582 301264.0 60
1751388277704 306272.0 61
