1751218887968 29648.365234375 0
1751221330173 34656.12890625 1
1751223883860 39664.015625 2
1751226431670 44672.015625 3
1751229019065 49680.0078125 4
1751231610277 54688.0078125 5
1751234203003 59696.0078125 6
1751236799058 64704.0078125 7
1751239493448 69712.0078125 8
1751242153771 74720.0078125 9
1751244766968 79728.0078125 10
1751247434329 84736.0 11
1751250198221 89744.0 12
1751252940472 94752.0 13
1751255609207 99760.0 14
1751258402419 104768.0 15
1751261111393 109776.0 16
1751263939962 114784.0 17
1751266704422 119792.0 18
1751269542889 124800.0 19
1751272340887 129808.0 20
1751275158265 134816.0 21
1751277957013 139824.0 22
1751280803236 144832.0 23
1751283670425 149840.0 24
1751286533829 154848.0 25
1751289379795 159856.0 26
1751292225772 164864.0 27
1751295075584 169872.0 28
1751297945643 174880.0 29
1751300789541 179888.0 30
1751303639290 184896.0 31
1751306492770 189904.0 32
1751309345998 194912.0 33
1751312218800 199920.0 34
1751315036369 204928.0 35
1751317896568 209936.0 36
1751320755950 214944.0 37
1751323594005 219952.0 38
1751326464534 224960.0 39
1751329360617 229968.0 40
1751332212342 234976.0 41
1751335076332 239984.0 42
1751337900062 244992.0 43
1751340754237 250000.0 44
1751343625798 255008.0 45
1751346488963 260016.0 46
1751349356536 265024.0 47
1751352206605 270032.0 48
1751355059726 275040.0 49
1751357964441 280048.0 50
1751360841422 285056.0 51
1751363713724 290064.0 52
1751366590077 295072.0 53
1751369467916 300080.0 54
1751372362909 305088.0 55
1751375228539 310096.0 56
1751378115332 315104.0 57
1751381001604 320112.0 58
1751383804504 325120.0 59
1751386756711 330128.0 60
