1751218887983 1491.4669189453125 0
1751221330187 6496.43701171875 1
1751223883873 11504.015625 2
1751226431683 16512.01171875 3
1751229019079 21520.001953125 4
1751231610291 26528.001953125 5
1751234203016 31536.001953125 6
1751236799072 36544.0 7
1751239493462 41552.0 8
1751242153786 46560.0 9
1751244766981 51568.0 10
1751247434344 56576.0 11
1751250198234 61584.0 12
1751252940486 66592.0 13
1751255609223 71600.0 14
1751258402432 76608.0 15
1751261111407 81616.0 16
1751263939976 86624.0 17
1751266704435 91632.0 18
1751269542903 96640.0 19
1751272340900 101648.0 20
1751275158279 106656.0 21
1751277957027 111664.0 22
1751280803249 116672.0 23
1751283670439 121680.0 24
1751286533842 126688.0 25
1751289379810 131696.0 26
1751292225785 136704.0 27
1751295075599 141712.0 28
1751297945656 146720.0 29
1751300789555 151728.0 30
1751303639304 156736.0 31
1751306492784 161744.0 32
1751309346013 166752.0 33
1751312218814 171760.0 34
1751315036385 176768.0 35
1751317896584 181776.0 36
1751320755964 186784.0 37
1751323594019 191792.0 38
1751326464549 196800.0 39
1751329360630 201808.0 40
1751332212356 206816.0 41
1751335076346 211824.0 42
1751337900076 216832.0 43
1751340754251 221840.0 44
1751343625812 226848.0 45
1751346488977 231856.0 46
1751349356552 236864.0 47
1751352206619 241872.0 48
1751355059740 246880.0 49
1751357964457 251888.0 50
1751360841436 256896.0 51
1751363713739 261904.0 52
1751366590091 266912.0 53
1751369467931 271920.0 54
1751372362922 276928.0 55
1751375228596 281936.0 56
1751378115385 286944.0 57
1751381001640 291952.0 58
1751383804563 296960.0 59
1751386756756 301968.0 60
