1746677036219 0.690305233001709 0
1746677056027 0.6897932291030884 19
1746677076022 0.6891967058181763 38
1746677207772 0.6867049932479858 40
1746677227882 0.6863043308258057 59
1746677247948 0.6860160827636719 78
1746677379195 0.6834698915481567 80
1746677399207 0.6831552386283875 99
1746677419418 0.6830369234085083 118
1746677551583 0.6814662218093872 120
1746677571788 0.6810097098350525 139
1746677592014 0.6807008385658264 158
1746677724802 0.6783178448677063 160
1746677745051 0.6777690649032593 179
1746677765096 0.6772891879081726 198
1746677897931 0.6750480532646179 200
1746677918114 0.674511730670929 219
1746677938469 0.6743747591972351 238
1746678071824 0.672112762928009 240
1746678092049 0.6717038750648499 259
1746678112504 0.6716129183769226 278
1746678246352 0.6681962013244629 280
1746678266676 0.667387068271637 299
1746678287291 0.6668757796287537 318
1746678421868 0.6619622111320496 320
1746678442604 0.6613083481788635 339
1746678463547 0.6609630584716797 358
1746678599663 0.6548449397087097 360
1746678620447 0.6539486050605774 379
1746678641194 0.6536480784416199 398
1746678776902 0.6465762257575989 400
1746678797587 0.6458821892738342 419
1746678818092 0.6457586884498596 438
1746678953584 0.6385210752487183 440
1746678973985 0.6372406482696533 459
1746678994613 0.6358984112739563 478
