1747301064437 2.3090703270652075 0
1747301294091 2.3047033439983022 1
1747301521213 2.2973357113924893 2
1747301746928 2.2897372896021064 3
1747301973133 2.2834461602297695 4
1747302200668 2.2755992195822974 5
1747302430588 2.265540036288175 6
1747302660548 2.253986271944913 7
1747302890686 2.239798589186235 8
1747303118583 2.2216310717842798 9
1747303346981 2.197980057109486 10
1747303576572 2.172557917508212 11
1747303805453 2.1473109288649126 12
1747304034685 2.1186209591952236 13
1747304262946 2.086059873754328 14
