1746680936269 2.49252986907959 0
1746681021213 2.1375350952148438 19
1746681106080 2.109838128089905 38
1746681643214 2.2199724912643433 40
1746681726825 2.010422706604004 59
1746681810425 1.996713399887085 78
1746682352854 2.380215883255005 80
1746682436069 1.9538419246673584 99
1746682519871 1.9463142156600952 118
1746683064026 2.260062098503113 120
1746683147727 1.9028911590576172 139
1746683231571 1.8868384957313538 158
1746683776118 2.1929941177368164 160
1746683860894 1.8550952672958374 179
1746683945638 1.8393091559410095 198
1746684496709 2.0525054931640625 200
1746684581948 1.8289979100227356 219
1746684667334 1.8151334524154663 238
1746685217126 1.9440191388130188 240
1746685302018 1.801216185092926 259
1746685387309 1.7886292338371277 278
1746685939344 2.2566081285476685 280
1746686024545 1.800781786441803 299
1746686109541 1.7789117097854614 318
1746686662069 1.9225206971168518 320
1746686748133 1.7442690134048462 339
1746686833808 1.7300257086753845 358
1746687390388 1.9565643668174744 360
1746687475988 1.7315368056297302 379
1746687562179 1.7168983221054077 398
1746688119914 1.8628119826316833 400
1746688206492 1.6935386061668396 419
1746688292667 1.6758449077606201 438
1746688853726 2.3185882568359375 440
1746688940374 1.7384200692176819 459
1746689027234 1.7245051264762878 478
1746689587666 1.9422938227653503 480
1746689673923 1.6788157224655151 499
1746689760085 1.667457640171051 518
1746690319521 1.8081010580062866 520
1746690406117 1.6520365476608276 539
1746690492756 1.6187644600868225 558
1746691054164 1.7957507967948914 560
1746691141429 1.6308714151382446 579
1746691227799 1.6024614572525024 598
1746691785239 1.7790375351905823 600
1746691871471 1.6127620935440063 619
1746691957423 1.5903396606445312 638
1746692520372 1.7586826086044312 640
1746692607093 1.6223382949829102 659
1746692693949 1.6029180884361267 678
1746693254108 1.7761930227279663 680
1746693340712 1.6193202137947083 699
1746693426701 1.58330899477005 718
1746693984470 1.6750834584236145 720
1746694070426 1.5907453894615173 739
1746694156575 1.5668721199035645 758
1746694715073 1.6883683800697327 760
1746694801259 1.5728389024734497 779
1746694887598 1.5524985194206238 798
1746695444799 1.696856439113617 800
1746695530556 1.5811095833778381 819
1746695616304 1.5596359372138977 838
1746696173106 1.6845728754997253 840
1746696259012 1.580304741859436 859
1746696345007 1.5498101711273193 878
1746696900838 1.6390087008476257 880
1746696987516 1.5641038417816162 899
1746697073726 1.5369767546653748 918
1746697630930 1.7036970257759094 920
1746697717658 1.5670342445373535 939
1746697803717 1.5365944504737854 958
1746698361425 1.6927083730697632 960
1746698446983 1.5578380823135376 979
1746698532776 1.5302322506904602 998
1746699091708 1.6729623079299927 1000
1746699178040 1.5515393018722534 1019
1746699264374 1.524800717830658 1038
1746699822563 1.696471631526947 1040
1746699908832 1.5415287017822266 1059
1746699995769 1.5159035921096802 1078
1746700559049 1.6118362545967102 1080
1746700645542 1.5464233756065369 1099
1746700732800 1.5185670852661133 1118
1746701295000 1.6729364395141602 1120
1746701381700 1.5351699590682983 1139
1746701468284 1.5080196857452393 1158
1746702031060 1.6496074199676514 1160
1746702118481 1.5337674617767334 1179
1746702205885 1.5066205859184265 1198
1746702771028 1.5787280797958374 1200
1746702858212 1.511153519153595 1219
1746702945485 1.4935011863708496 1238
1746703511711 1.588661551475525 1240
1746703599260 1.5378428101539612 1259
1746703686722 1.5044025182724 1278
1746704254731 1.5591711401939392 1280
1746704342937 1.5061570405960083 1299
1746704430958 1.4890154600143433 1318
1746704999067 1.6041173338890076 1320
1746705086738 1.5016502737998962 1339
1746705174671 1.4861186146736145 1358
1746705741370 1.6366684436798096 1360
1746705829165 1.4978998303413391 1379
1746705916425 1.4840568900108337 1398
1746706481652 1.7192318439483643 1400
1746706569192 1.5256176590919495 1419
1746706656682 1.4909274578094482 1438
1746707224547 1.5856225490570068 1440
1746707312227 1.5014417171478271 1459
1746707400539 1.4784703254699707 1478
1746707969707 1.5947762727737427 1480
1746708057664 1.4958653450012207 1499
1746708145071 1.4781673550605774 1518
1746708712855 1.6394157409667969 1520
1746708799873 1.4901142716407776 1539
1746708887063 1.471671998500824 1558
1746709453174 1.4971316456794739 1560
1746709541235 1.475139081478119 1579
1746709629423 1.4661982655525208 1598
1746710198191 1.5182690024375916 1600
1746710285566 1.4730889797210693 1619
1746710373452 1.4652265906333923 1638
1746710943005 1.5193273425102234 1640
1746711032298 1.4667398929595947 1659
1746711121268 1.4622887969017029 1678
1746711696960 1.511940598487854 1680
1746711787288 1.4619486331939697 1699
1746711876214 1.456342339515686 1718
1746712451641 1.4862112998962402 1720
1746712541236 1.461703360080719 1739
1746712629974 1.4559330344200134 1758
1746713204764 1.4920570254325867 1760
1746713292696 1.4550171494483948 1779
1746713381152 1.4520400166511536 1798
1746713958535 1.491974949836731 1800
1746714047857 1.4606159329414368 1819
1746714136657 1.4487133622169495 1838
1746714713834 1.4640845656394958 1840
1746714802884 1.452493965625763 1859
1746714891371 1.4478998184204102 1878
1746715471143 1.4652689099311829 1880
1746715560437 1.4518026113510132 1899
1746715649167 1.4479954242706299 1918
1746716217277 1.4644538760185242 1920
1746716305412 1.4511595964431763 1939
