1751218918695 -54.628204345703125 0
1751218976262 -69.51194763183594 1
1751219034088 -75.19112396240234 2
1751219091951 -79.31913757324219 3
1751219149626 -91.86000061035156 4
1751219207354 -98.50674438476562 5
1751219265133 -100.22756958007812 6
1751219322941 -108.91880798339844 7
1751219380770 -110.03154754638672 8
1751219438656 -115.12760925292969 9
1751219496443 -116.3041763305664 10
1751219554143 -118.58826446533203 11
1751219611950 -126.87841796875 12
1751219669802 -128.3092041015625 13
1751219727539 -126.54864501953125 14
1751219785442 -132.860595703125 15
1751219843437 -129.5528564453125 16
1751219901045 -134.00933837890625 17
1751219958839 -136.81495666503906 18
1751220016625 -136.05764770507812 19
1751220074400 -141.2193603515625 20
1751220132428 -137.77169799804688 21
1751220190108 -141.44400024414062 22
1751220247934 -145.8353271484375 23
1751220305725 -147.45291137695312 24
1751220363649 -148.7900848388672 25
1751220421294 -153.6781005859375 26
1751220479121 -151.59510803222656 27
1751220536978 -151.9502410888672 28
1751220594855 -151.87619018554688 29
1751220652757 -153.24977111816406 30
1751220710598 -155.7543182373047 31
1751220768620 -158.6124267578125 32
1751220826314 -157.90206909179688 33
1751220884109 -160.93836975097656 34
1751220941933 -160.87867736816406 35
1751220999777 -167.42245483398438 36
1751221057641 -166.53713989257812 37
1751221115299 -169.385009765625 38
1751221173090 -169.99546813964844 39
1751230939455 -22.994632720947266 40
1751230997530 -19.452165603637695 41
1751231055593 -20.472984313964844 42
1751231113577 -24.98505973815918 43
1751231171699 -29.235593795776367 44
1751231229792 -26.943119049072266 45
1751231287881 -24.156099319458008 46
1751231345840 -26.81324577331543 47
1751231403777 -28.292593002319336 48
1751231461752 -27.433914184570312 49
1751231519795 -28.612651824951172 50
1751231577838 -29.28225326538086 51
1751231635776 -25.06918716430664 52
1751231693776 -28.00834083557129 53
1751231751715 -32.72126007080078 54
1751231809757 -25.549278259277344 55
1751231867924 -30.682350158691406 56
1751231925805 -32.54025650024414 57
1751231983563 -32.77854919433594 58
1751232041725 -27.74949073791504 59
1751232099642 -38.67879867553711 60
1751232157685 -34.83317565917969 61
1751232215680 -34.58111572265625 62
1751232273661 -30.142549514770508 63
1751232331791 -38.47967529296875 64
1751232389653 -35.665008544921875 65
1751232447702 -45.60333251953125 66
1751232505806 -40.80427169799805 67
1751232563921 -41.896522521972656 68
1751232621934 -35.28717803955078 69
1751232679829 -36.05134201049805 70
1751232737774 -37.28761291503906 71
1751232795765 -38.13872528076172 72
1751232853728 -42.45526123046875 73
1751232911694 -41.780311584472656 74
1751232969761 -46.99980163574219 75
1751233027782 -38.76012420654297 76
1751233085899 -44.495384216308594 77
1751233143987 -39.274715423583984 78
1751233201854 -43.04368591308594 79
1751243466869 -1.234518051147461 80
1751243525109 -9.47333812713623 81
1751243583281 -11.235118865966797 82
1751243641544 -17.326213836669922 83
1751243699706 -23.439558029174805 84
1751243757738 -22.715362548828125 85
1751243815868 -26.772464752197266 86
1751243873772 -32.78605270385742 87
1751243931991 -31.37971305847168 88
1751243990076 -37.96371841430664 89
1751244048170 -41.942893981933594 90
1751244106168 -40.99332046508789 91
1751244164285 -51.181434631347656 92
1751244222345 -48.80170440673828 93
1751244280448 -45.16396713256836 94
1751244338468 -51.01882553100586 95
1751244396592 -51.433162689208984 96
1751244454774 -54.225547790527344 97
1751244512717 -54.27233123779297 98
1751244571043 -55.751129150390625 99
1751244628992 -51.26362228393555 100
1751244687139 -48.994625091552734 101
1751244745436 -49.24958419799805 102
1751244803580 -52.45652770996094 103
1751244861626 -55.23948669433594 104
1751244919764 -56.99467468261719 105
1751244977865 -57.977516174316406 106
1751245036062 -59.8937873840332 107
1751245094245 -59.96455001831055 108
1751245152203 -62.25428771972656 109
1751245210069 -59.428794860839844 110
1751245268156 -63.801612854003906 111
1751245326326 -54.086036682128906 112
1751245384442 -60.88690185546875 113
1751245442697 -57.51295852661133 114
1751245500706 -56.300506591796875 115
1751245558900 -57.759586334228516 116
1751245616870 -59.21937942504883 117
1751245674914 -57.8813591003418 118
1751245733051 -62.362022399902344 119
1751256076128 4.768342018127441 120
1751256134024 4.139565467834473 121
1751256192078 8.849043846130371 122
1751256249922 14.755915641784668 123
1751256307916 16.977291107177734 124
1751256365787 20.91359519958496 125
1751256423708 22.95652198791504 126
1751256481804 24.982934951782227 127
1751256539773 28.57900047302246 128
1751256597802 28.192874908447266 129
1751256655723 32.39876174926758 130
1751256714448 29.485511779785156 131
1751256772736 27.191558837890625 132
1751256831190 29.33820343017578 133
1751256889292 32.026695251464844 134
1751256947491 30.732757568359375 135
1751257005608 32.9840087890625 136
1751257063833 36.883060455322266 137
1751257122125 33.96044921875 138
1751257180612 38.959022521972656 139
1751257238958 39.33641052246094 140
1751257297178 38.38806915283203 141
1751257355516 41.91259765625 142
1751257413707 45.99657440185547 143
1751257471867 48.53185272216797 144
1751257530263 48.72161102294922 145
1751257588647 51.5847282409668 146
1751257646724 54.357818603515625 147
1751257705079 53.92495346069336 148
1751257763312 58.776912689208984 149
1751257821541 58.91328430175781 150
1751257879723 58.48487091064453 151
1751257937993 64.27474212646484 152
1751257996088 60.883331298828125 153
1751258054295 61.880714416503906 154
1751258112457 63.099029541015625 155
1751258170591 62.2550048828125 156
1751258228743 62.18342590332031 157
1751258286951 63.72821807861328 158
1751258345162 62.86841583251953 159
1751269007089 36.35844421386719 160
1751269065062 31.79764175415039 161
1751269123130 31.171630859375 162
1751269181182 26.75348663330078 163
1751269239028 27.133411407470703 164
1751269297112 28.799354553222656 165
1751269355039 25.481121063232422 166
1751269413130 25.515491485595703 167
1751269471308 28.94927978515625 168
1751269529216 23.31942367553711 169
1751269587062 19.743200302124023 170
1751269645012 23.166488647460938 171
1751269702879 19.250328063964844 172
1751269760789 19.064321517944336 173
1751269818800 20.90334129333496 174
1751269876758 22.770206451416016 175
1751269934795 25.05412483215332 176
1751269992714 20.791175842285156 177
1751270050704 30.396963119506836 178
1751270108826 28.787240982055664 179
1751270166748 35.35548400878906 180
1751270224836 36.81966018676758 181
1751270282846 37.12568283081055 182
1751270340840 35.77091979980469 183
1751270398856 38.49233627319336 184
1751270457411 44.0217399597168 185
1751270515463 52.374629974365234 186
1751270573439 48.098358154296875 187
1751270632396 52.459983825683594 188
1751270690708 48.96963882446289 189
1751270748976 50.370994567871094 190
1751270807360 57.095130920410156 191
1751270865617 52.68617630004883 192
1751270924261 54.29662322998047 193
1751270982468 47.69268035888672 194
1751271040780 52.96500778198242 195
1751271099039 56.60603332519531 196
1751271157324 58.28517150878906 197
1751271215760 52.61838912963867 198
1751271274094 58.81013107299805 199
1751281913382 8.558509826660156 200
1751281971587 11.295536041259766 201
1751282029627 11.61906909942627 202
1751282087514 11.496122360229492 203
1751282145524 13.332249641418457 204
1751282203780 15.524328231811523 205
1751282261980 14.847747802734375 206
1751282320219 14.03662395477295 207
1751282378227 10.003718376159668 208
1751282436365 4.849446773529053 209
1751282494504 6.359602451324463 210
1751282552643 0.4749298095703125 211
1751282610723 0.6737070083618164 212
1751282668731 -1.0543088912963867 213
1751282726862 -4.137595176696777 214
1751282785041 -2.8874855041503906 215
1751282843217 -15.26112174987793 216
1751282901329 -6.827670097351074 217
1751282959567 -1.3369255065917969 218
1751283017683 -6.300450325012207 219
1751283075744 -4.577510833740234 220
1751283133848 -4.264659881591797 221
1751283192039 -4.832221984863281 222
1751283250293 -7.135229110717773 223
1751283308328 -4.9784440994262695 224
1751283366509 -7.576521873474121 225
1751283424463 -7.0581817626953125 226
1751283482612 -4.005990028381348 227
1751283540731 -8.39352035522461 228
1751283598938 -5.739201545715332 229
1751283657066 -6.58598518371582 230
1751283715051 -8.142762184143066 231
1751283773130 -4.2465057373046875 232
1751283831187 -4.4972686767578125 233
1751283889106 -11.531314849853516 234
1751283947333 -19.24416732788086 235
1751284005516 -17.911399841308594 236
1751284064237 -19.818410873413086 237
1751284122263 -15.606247901916504 238
1751284180306 -18.559898376464844 239
1751294884506 -12.366422653198242 240
1751294942757 -10.644700050354004 241
1751295000939 -12.566034317016602 242
1751295059186 -13.359329223632812 243
1751295117203 -11.152803421020508 244
1751295175448 -8.916032791137695 245
1751295233768 -8.214761734008789 246
1751295292017 -7.324023246765137 247
1751295350337 -6.102911472320557 248
1751295408567 -9.345719337463379 249
1751295466703 -9.353885650634766 250
1751295525007 -6.500716209411621 251
1751295583169 -7.579651355743408 252
1751295641331 -6.011868953704834 253
1751295699400 -2.8900065422058105 254
1751295757588 -1.2657780647277832 255
1751295815778 -6.2009758949279785 256
1751295873913 0.857445240020752 257
1751295931990 -3.474452018737793 258
1751295990342 -4.277019500732422 259
1751296048512 -2.428166627883911 260
1751296106710 0.10168313980102539 261
1751296164861 -3.159687042236328 262
1751296223174 -2.7359580993652344 263
1751296281194 -7.994411945343018 264
1751296339429 -6.25227165222168 265
1751296397729 -2.321793556213379 266
1751296455889 -5.590524673461914 267
1751296514083 4.932614326477051 268
1751296572436 3.802946090698242 269
1751296630510 -5.535741329193115 270
1751296688848 -7.3977766036987305 271
1751296747159 -10.781627655029297 272
1751296805332 -16.503986358642578 273
1751296863342 -7.917166709899902 274
1751296921718 -10.239822387695312 275
1751296980108 -10.82536506652832 276
1751297038413 -10.325193405151367 277
1751297096745 -9.55904769897461 278
1751297154974 -0.3679943084716797 279
1751307765707 -3.176288366317749 280
1751307823940 0.5252252817153931 281
1751307882321 5.853707313537598 282
1751307940618 8.066980361938477 283
1751307998970 10.462929725646973 284
1751308057236 12.369924545288086 285
1751308115541 12.237223625183105 286
1751308173742 14.74877643585205 287
1751308232031 11.415156364440918 288
1751308290265 13.170633316040039 289
1751308348771 12.376578330993652 290
1751308406990 11.709455490112305 291
1751308465300 4.009010314941406 292
1751308523626 2.2084059715270996 293
1751308581914 3.7279205322265625 294
1751308640161 2.738154411315918 295
1751308698342 -1.9432134628295898 296
1751308756666 -1.9330244064331055 297
1751308815130 -3.934549331665039 298
1751308873382 -1.2388410568237305 299
1751308931831 -2.9927291870117188 300
1751308990002 -2.0327987670898438 301
1751309048144 -9.452634811401367 302
1751309106421 -6.097177505493164 303
1751309164725 -9.756099700927734 304
1751309222872 -3.842327117919922 305
1751309281129 -11.65074634552002 306
1751309339395 -8.311392784118652 307
1751309397716 -11.3807954788208 308
1751309455942 -13.255843162536621 309
1751309514238 -15.454813003540039 310
1751309572430 -17.285106658935547 311
1751309630830 -17.62899398803711 312
1751309689093 -9.339184761047363 313
1751309747509 -15.956710815429688 314
1751309805774 -16.104909896850586 315
1751309864134 -14.713693618774414 316
1751309922376 -13.483609199523926 317
1751309980645 -14.29442024230957 318
1751310039012 -17.13314437866211 319
1751320678273 -3.1862058639526367 320
1751320736682 -5.441922664642334 321
1751320794935 -3.701831340789795 322
1751320853396 -1.486677646636963 323
1751320911742 0.7113097310066223 324
1751320970096 -0.006479859352111816 325
1751321028342 -0.18935048580169678 326
1751321086667 2.4848554134368896 327
1751321145039 3.2152833938598633 328
1751321203354 1.0078240633010864 329
1751321261542 3.3739452362060547 330
1751321319988 0.6019277572631836 331
1751321378325 2.9223806858062744 332
1751321436654 4.193461894989014 333
1751321495008 5.803442001342773 334
1751321553263 6.0544586181640625 335
1751321611504 5.371830940246582 336
1751321669850 3.8840441703796387 337
1751321728152 2.6917319297790527 338
1751321786445 4.769068717956543 339
1751321845000 4.799117565155029 340
1751321903325 3.572547197341919 341
1751321961604 6.869894027709961 342
1751322020014 7.996184349060059 343
1751322078455 7.60567569732666 344
1751322136849 6.733675956726074 345
1751322195198 7.660126686096191 346
1751322253567 5.798243522644043 347
1751322312092 8.625972747802734 348
1751322370446 8.634064674377441 349
1751322428920 9.600271224975586 350
1751322487525 5.872254371643066 351
1751322545997 4.365199089050293 352
1751322604493 5.010315418243408 353
1751322662677 8.022431373596191 354
1751322721104 5.303542137145996 355
1751322779324 6.190025806427002 356
1751322837622 7.90087890625 357
1751322895914 8.15604019165039 358
1751322954160 7.072024345397949 359
1751333794075 -10.100160598754883 360
1751333852796 -11.19541072845459 361
1751333911325 -11.513193130493164 362
1751333969584 -12.406314849853516 363
1751334028257 -11.27763557434082 364
1751334086624 -12.508155822753906 365
1751334144985 -8.26081657409668 366
1751334203478 -11.791406631469727 367
1751334261904 -8.91757583618164 368
1751334320527 -6.732189178466797 369
1751334379121 -5.005274772644043 370
1751334437685 -3.1987788677215576 371
1751334496136 -3.926750659942627 372
1751334554596 -2.099735975265503 373
1751334613175 -4.125968933105469 374
1751334671573 -5.290567398071289 375
1751334730020 -1.4927897453308105 376
1751334788465 -0.21421289443969727 377
1751334846881 -0.32263946533203125 378
1751334905268 -4.125310897827148 379
1751334963719 2.367079734802246 380
1751335022181 0.04999732971191406 381
1751335080552 -1.0795373916625977 382
1751335139050 -2.7862653732299805 383
1751335197388 -1.7497172355651855 384
1751335255787 -1.0506162643432617 385
1751335314283 -0.22595596313476562 386
1751335372827 3.0352487564086914 387
1751335431140 2.402172088623047 388
1751335489646 5.020503520965576 389
1751335548112 2.3290719985961914 390
1751335606583 4.6038103103637695 391
1751335664877 4.196840286254883 392
1751335723393 4.075531005859375 393
1751335781983 4.825064659118652 394
1751335840590 6.645021438598633 395
1751335899042 6.899585723876953 396
1751335957286 6.952567100524902 397
1751336015763 4.511724472045898 398
1751336074120 1.9833698272705078 399
1751346939738 -11.742425918579102 400
1751346998852 -9.110310554504395 401
1751347057924 -8.123743057250977 402
1751347116954 -5.536465644836426 403
1751347176016 -3.317842960357666 404
1751347235006 -5.064367294311523 405
1751347293902 -4.390661716461182 406
1751347352988 -6.534343719482422 407
1751347411952 -5.348000526428223 408
1751347470814 -1.030029058456421 409
1751347529929 -3.5316109657287598 410
1751347588984 -2.896590232849121 411
1751347647901 -2.167814254760742 412
1751347706817 -3.0524046421051025 413
1751347765805 -1.0237035751342773 414
1751347824809 -1.8074250221252441 415
1751347883891 -0.6315910816192627 416
1751347942921 1.8841114044189453 417
1751348002346 2.994760751724243 418
1751348061455 10.140185356140137 419
1751348120525 10.91087532043457 420
1751348179703 10.95529556274414 421
1751348238609 13.597495079040527 422
1751348297584 11.111449241638184 423
1751348356567 19.686290740966797 424
1751348415431 18.510324478149414 425
1751348474396 21.933277130126953 426
1751348533526 25.201208114624023 427
1751348592429 24.710636138916016 428
1751348651383 22.796398162841797 429
1751348710419 25.61046028137207 430
1751348769522 20.469730377197266 431
1751348828764 26.122207641601562 432
1751348887678 28.71623992919922 433
1751348946708 27.876737594604492 434
1751349005792 26.33448600769043 435
1751349065049 28.815738677978516 436
1751349124180 27.36601448059082 437
1751349183094 30.073490142822266 438
1751349242222 30.34912872314453 439
1751360118442 10.022565841674805 440
1751360176995 9.935918807983398 441
1751360235729 11.70793342590332 442
1751360294279 11.642940521240234 443
1751360352975 11.134307861328125 444
1751360411607 10.881769180297852 445
1751360470222 11.659921646118164 446
1751360528955 15.557769775390625 447
1751360587856 15.464343070983887 448
1751360646713 17.495670318603516 449
1751360705389 16.718135833740234 450
1751360763895 19.39044952392578 451
1751360822638 21.698585510253906 452
1751360881438 21.49376678466797 453
1751360940044 22.16144561767578 454
1751360998728 21.91132354736328 455
1751361057532 24.758806228637695 456
1751361116156 25.244482040405273 457
1751361174776 24.486000061035156 458
1751361233418 25.97486114501953 459
1751361291995 26.765422821044922 460
1751361350851 24.900846481323242 461
1751361409626 24.39055633544922 462
1751361468267 22.811800003051758 463
1751361527033 23.255388259887695 464
1751361585641 23.892780303955078 465
1751361644255 22.499500274658203 466
1751361702765 23.217838287353516 467
1751361761350 23.9630126953125 468
1751361819902 28.165576934814453 469
1751361878549 27.272994995117188 470
1751361937382 28.777095794677734 471
1751361996047 30.855220794677734 472
1751362054829 27.980422973632812 473
1751362113349 29.862140655517578 474
1751362171799 30.18939208984375 475
1751362230537 28.57204818725586 476
1751362289269 28.09132194519043 477
1751362347817 30.537818908691406 478
1751362406424 29.074275970458984 479
1751373216287 -21.536134719848633 480
1751373274910 -21.067886352539062 481
1751373333692 -21.382888793945312 482
1751373392540 -20.424884796142578 483
1751373451286 -19.319889068603516 484
1751373509884 -18.61886978149414 485
1751373568712 -17.58658218383789 486
1751373627354 -18.615310668945312 487
1751373685997 -17.77172088623047 488
1751373744697 -17.096126556396484 489
1751373803393 -14.730717658996582 490
1751373862091 -15.339879035949707 491
1751373920754 -13.969907760620117 492
1751373979398 -15.594472885131836 493
1751374038088 -16.29412078857422 494
1751374096768 -10.407432556152344 495
1751374155471 -9.730525970458984 496
1751374214286 -11.594786643981934 497
1751374273002 -10.22171688079834 498
1751374331792 -9.135106086730957 499
1751374390476 -8.672261238098145 500
1751374449335 -8.515705108642578 501
1751374508092 -6.271242141723633 502
1751374566735 -10.087717056274414 503
1751374625493 -11.666306495666504 504
1751374684115 -3.9776477813720703 505
1751374742822 -3.162369728088379 506
1751374801629 -6.446052551269531 507
1751374860394 -2.4499340057373047 508
1751374919207 -2.1872291564941406 509
1751374977994 -2.673076629638672 510
1751375036829 -2.522451400756836 511
1751375095687 -0.13175582885742188 512
1751375154630 -2.018453598022461 513
1751375213288 0.1887950897216797 514
1751375272005 0.4307670593261719 515
1751375330793 3.1888504028320312 516
1751375389421 -2.259805679321289 517
1751375448007 -0.3307762145996094 518
1751375506606 2.825010299682617 519
1751386383682 4.05879020690918 520
1751386442478 5.169469833374023 521
1751386501091 5.427723407745361 522
1751386559835 5.72196626663208 523
1751386618672 6.40893030166626 524
1751386677457 5.183732509613037 525
1751386736458 4.12733268737793 526
1751386795295 2.8975210189819336 527
1751386854190 3.762916088104248 528
1751386913407 2.6559486389160156 529
1751386972211 1.9426183700561523 530
1751387030841 1.6714072227478027 531
1751387089770 3.273087978363037 532
1751387148813 2.7854700088500977 533
1751387207686 3.4345459938049316 534
1751387266528 1.6905536651611328 535
1751387325320 2.474846839904785 536
1751387384127 1.8958854675292969 537
1751387442973 1.346574306488037 538
1751387501865 1.283106803894043 539
1751387561158 0.7521281242370605 540
1751387619845 2.113650321960449 541
1751387678731 0.3708505630493164 542
1751387737403 0.10284423828125 543
1751387796413 -2.1787567138671875 544
1751387855213 -1.5855827331542969 545
1751387914011 -2.4870786666870117 546
1751387972875 -1.6999244689941406 547
1751388031666 -3.7327985763549805 548
1751388090781 -3.47946834564209 549
1751388149488 -2.1101417541503906 550
1751388208758 -3.852376937866211 551
1751388267468 -2.61130428314209 552
1751388326284 -4.020429611206055 553
1751388385012 -3.7327661514282227 554
1751388443688 -3.5309438705444336 555
1751388502420 -2.6198177337646484 556
1751388561519 -4.0763702392578125 557
1751388620208 -2.898322105407715 558
1751388678984 -2.319767951965332 559
