1746679791578 0.1016 0
1746679843348 0.1804 19
1746679895748 0.2314 38
1746680016808 0.12 40
1746680068890 0.184 59
1746680121399 0.2208 78
1746680240808 0.1862 80
1746680293892 0.2624 99
1746680347138 0.294 118
1746680468016 0.1578 120
1746680521634 0.2616 139
1746680575438 0.2654 158
1746680696586 0.1768 160
1746680749744 0.2874 179
1746680802710 0.3006 198
1746680924753 0.2086 200
1746680978632 0.3106 219
1746681032303 0.3284 238
1746681154932 0.231 240
1746681208242 0.3112 259
1746681261577 0.3372 278
1746681382031 0.234 280
1746681435923 0.3238 299
1746681490036 0.3502 318
1746681612646 0.2494 320
1746681666900 0.3464 339
1746681720777 0.3592 358
1746681843953 0.2766 360
1746681897864 0.359 379
1746681952035 0.3798 398
1746682074935 0.2944 400
1746682129325 0.3752 419
1746682183430 0.3952 438
1746682306128 0.298 440
1746682360487 0.3836 459
1746682415052 0.4004 478
1746682538118 0.313 480
1746682592563 0.3926 499
1746682646582 0.4106 518
1746682770353 0.3266 520
1746682824495 0.4082 539
1746682878758 0.4244 558
1746683001918 0.346 560
1746683056469 0.4206 579
1746683111111 0.4348 598
1746683234668 0.3426 600
1746683289364 0.4236 619
1746683344054 0.4344 638
1746683467899 0.3036 640
1746683522664 0.4232 659
1746683577211 0.4368 678
1746683701504 0.3218 680
1746683756086 0.4226 699
1746683810124 0.4422 718
1746683934286 0.3378 720
1746683988659 0.4368 739
1746684043849 0.4482 758
1746684167944 0.2902 760
1746684222906 0.4278 779
1746684277924 0.4472 798
1746684402208 0.3078 800
1746684457225 0.436 819
1746684511884 0.4494 838
1746684636674 0.3166 840
1746684691304 0.44 859
1746684746306 0.4594 878
1746684870699 0.3318 880
1746684925684 0.4424 899
1746684980595 0.4614 918
1746685104558 0.3366 920
1746685159275 0.4498 939
1746685213863 0.4704 958
1746685338001 0.3188 960
1746685392906 0.4582 979
1746685447660 0.4704 998
1746685571889 0.3148 1000
1746685626196 0.4576 1019
1746685680915 0.4678 1038
1746685804594 0.3402 1040
1746685859389 0.464 1059
1746685914018 0.4768 1078
1746686037456 0.3498 1080
1746686092099 0.4614 1099
1746686146808 0.4766 1118
1746686270794 0.334 1120
1746686325656 0.4586 1139
1746686379972 0.4792 1158
1746686504149 0.4696 1160
1746686558890 0.4788 1179
1746686613298 0.4854 1198
1746686737688 0.43 1200
1746686792167 0.4846 1219
1746686846854 0.4898 1238
1746686970933 0.4238 1240
1746687025727 0.4902 1259
1746687080521 0.4928 1278
1746687204545 0.4444 1280
1746687259110 0.4932 1299
1746687313429 0.4958 1318
1746687438019 0.4534 1320
1746687492486 0.4956 1339
1746687547181 0.4998 1358
1746687671389 0.4492 1360
1746687725705 0.4978 1379
1746687780522 0.5008 1398
1746687904772 0.4528 1400
1746687959731 0.4964 1419
1746688014390 0.5046 1438
1746688137662 0.4542 1440
1746688192113 0.5002 1459
1746688246568 0.5058 1478
1746688371064 0.4644 1480
1746688425155 0.4988 1499
1746688479627 0.5108 1518
1746688604365 0.4992 1520
1746688659469 0.507 1539
1746688714660 0.5122 1558
1746688839487 0.49 1560
1746688894245 0.5136 1579
1746688949041 0.5158 1598
1746689072853 0.4916 1600
1746689127588 0.5144 1619
1746689181593 0.513 1638
1746689305649 0.4972 1640
1746689360206 0.5198 1659
1746689414727 0.5168 1678
1746689539247 0.502 1680
1746689593626 0.5202 1699
1746689648469 0.5204 1718
1746689772788 0.5056 1720
1746689827828 0.5216 1739
1746689882742 0.521 1758
1746690007282 0.5048 1760
1746690062294 0.5226 1779
1746690116936 0.525 1798
1746690241194 0.5226 1800
1746690295908 0.5238 1819
1746690350845 0.5238 1838
1746690475402 0.5206 1840
1746690530425 0.525 1859
1746690585224 0.5266 1878
1746690709416 0.5236 1880
1746690764445 0.5272 1899
1746690819218 0.528 1918
1746690943731 0.5234 1920
1746690998722 0.5274 1939
1746691053171 0.5284 1958
1746691177755 0.524 1960
1746691232472 0.5284 1979
1746691287708 0.5264 1998
1746691412156 0.5256 2000
1746691467228 0.5302 2019
1746691521992 0.5278 2038
1746691646353 0.5246 2040
1746691701396 0.53 2059
1746691756375 0.5284 2078
1746691880909 0.5272 2080
1746691935884 0.5304 2099
1746691990583 0.5314 2118
1746692115410 0.531 2120
1746692170302 0.5314 2139
1746692224787 0.532 2158
1746692349669 0.532 2160
1746692404247 0.5302 2179
1746692459132 0.5326 2198
1746692583541 0.5332 2200
1746692638658 0.5308 2219
1746692693788 0.5334 2238
1746692817185 0.5346 2240
1746692872055 0.5312 2259
1746692926749 0.5318 2278
1746693051641 0.5334 2280
1746693105571 0.5304 2299
1746693160554 0.5312 2318
1746693284890 0.5332 2320
1746693340148 0.5292 2339
1746693395263 0.5322 2358
1746693519814 0.5332 2360
1746693574966 0.5288 2379
1746693630157 0.5314 2398
1746693754713 0.5322 2400
1746693809685 0.5318 2419
1746693864501 0.531 2438
1746693989516 0.5336 2440
1746694044181 0.5304 2459
1746694099186 0.53 2478
1746694223640 0.5336 2480
1746694278710 0.5316 2499
1746694333705 0.5308 2518
1746694458203 0.533 2520
1746694513259 0.5316 2539
1746694568399 0.5306 2558
1746694692758 0.5322 2560
1746694747760 0.5306 2579
1746694802523 0.5304 2598
1746694927124 0.5314 2600
1746694981833 0.5318 2619
1746695036092 0.5286 2638
1746695160944 0.5318 2640
1746695215652 0.53 2659
1746695270877 0.529 2678
1746695395629 0.5312 2680
1746695450844 0.5296 2699
1746695505880 0.5294 2718
1746695630584 0.5324 2720
1746695685925 0.5296 2739
1746695740788 0.5286 2758
1746695865714 0.5322 2760
1746695920234 0.5316 2779
1746695974902 0.5306 2798
1746696099941 0.531 2800
1746696155234 0.5298 2819
1746696210665 0.5286 2838
1746696336102 0.5302 2840
1746696391415 0.5286 2859
1746696446605 0.5294 2878
1746696571270 0.5296 2880
1746696626517 0.529 2899
1746696681460 0.5286 2918
1746696806998 0.5288 2920
1746696861786 0.529 2939
1746696916733 0.5294 2958
1746697041529 0.5294 2960
1746697096863 0.5292 2979
1746697152123 0.529 2998
1746697277239 0.5294 3000
1746697332458 0.5304 3019
1746697387674 0.5298 3038
1746697511957 0.5288 3040
1746697567302 0.531 3059
1746697622609 0.531 3078
1746697747942 0.53 3080
1746697803204 0.5306 3099
1746697858234 0.5304 3118
1746697983592 0.5298 3120
1746698038531 0.5308 3139
1746698093890 0.5298 3158
1746698218701 0.5298 3160
1746698273568 0.531 3179
1746698328246 0.5298 3198
1746698451720 0.5294 3200
1746698506985 0.531 3219
1746698562042 0.5286 3238
1746698687653 0.5298 3240
1746698742408 0.53 3259
1746698797580 0.5296 3278
1746698922631 0.5312 3280
1746698977938 0.5302 3299
1746699033332 0.5294 3318
1746699158339 0.5312 3320
1746699213601 0.5312 3339
1746699268832 0.5294 3358
1746699394122 0.5306 3360
1746699449445 0.5306 3379
1746699504493 0.529 3398
1746699630162 0.5302 3400
1746699684909 0.5302 3419
1746699740309 0.529 3438
1746699865505 0.5304 3440
1746699920836 0.5296 3459
1746699976034 0.5286 3478
1746700100873 0.5306 3480
1746700155656 0.5308 3499
1746700210390 0.5284 3518
1746700335614 0.5298 3520
1746700390992 0.5314 3539
1746700446017 0.529 3558
1746700571728 0.53 3560
1746700627023 0.531 3579
1746700681940 0.5288 3598
1746700807435 0.53 3600
1746700862437 0.5306 3619
1746700917735 0.5288 3638
1746701042968 0.53 3640
1746701098293 0.5304 3659
1746701153577 0.529 3678
1746701278630 0.5302 3680
1746701333860 0.5308 3699
1746701388721 0.5284 3718
1746701514324 0.5302 3720
1746701569426 0.5306 3739
1746701624371 0.53 3758
1746701748443 0.5294 3760
1746701803571 0.5304 3779
1746701858675 0.5296 3798
1746701983462 0.53 3800
1746702038041 0.5306 3819
1746702092786 0.5292 3838
1746702216845 0.53 3840
1746702271403 0.5306 3859
1746702326409 0.5294 3878
1746702452281 0.53 3880
1746702507355 0.5308 3899
1746702562638 0.5292 3918
1746702689052 0.5298 3920
1746702744980 0.5304 3939
1746702800874 0.5294 3958
1746702927379 0.5296 3960
1746702983249 0.5306 3979
1746703039158 0.5304 3998
