1749646617295 0.109 0
1749646744935 0.209 19
1749647066381 0.1332 30
1749647193146 0.2622 49
1749647500453 0.2196 60
1749647627618 0.278 79
1749647931908 0.1828 90
1749648056780 0.286 109
1749648361232 0.1914 120
1749648485953 0.2956 139
1749648790280 0.1766 150
1749648915418 0.2996 169
1749649219818 0.2026 180
1749649344940 0.3102 199
1749649653836 0.2138 210
1749649778720 0.314 229
1749650088065 0.1754 240
1749650213304 0.3004 259
1749650526520 0.1786 270
1749650651776 0.2878 289
1749650964995 0.1474 300
1749651090391 0.2676 319
1749651404813 0.1132 330
1749651530410 0.2592 349
1749651843197 0.1012 360
1749651968550 0.2566 379
1749652282049 0.0964 390
1749652407468 0.2578 409
1749652720812 0.093 420
1749652846355 0.2498 439
1749653160540 0.0922 450
1749653286341 0.2636 469
1749653600767 0.0922 480
1749653726593 0.2554 499
1749654040556 0.1438 510
1749654166407 0.2676 529
1749654480842 0.113 540
1749654606614 0.2504 559
1749654920634 0.092 570
1749655046904 0.265 589
1749655361648 0.1366 600
1749655487848 0.2416 619
1749655803822 0.092 630
1749655929822 0.2224 649
1749656244338 0.092 660
1749656370281 0.2022 679
1749656682686 0.1466 690
1749656808643 0.2658 709
1749657121041 0.0972 720
1749657247148 0.2854 739
1749657562174 0.0922 750
1749657688294 0.2192 769
1749658003054 0.145 780
1749658129104 0.2554 799
1749658444777 0.092 810
1749658571414 0.1792 829
1749658887306 0.1116 840
1749659013742 0.2154 859
1749659329104 0.1098 870
1749659455645 0.2248 889
1749659771549 0.111 900
1749659898121 0.2216 919
1749660210869 0.127 930
1749660337507 0.2468 949
1749660646908 0.0944 960
1749660773413 0.241 979
1749661089042 0.1112 990
1749661215711 0.2522 1009
1749661530300 0.1386 1020
1749661656834 0.2466 1039
1749661968712 0.1066 1050
1749662094875 0.2346 1069
1749662408820 0.1184 1080
1749662535463 0.2056 1099
1749662849523 0.1342 1110
1749662976189 0.2226 1129
1749663290998 0.1546 1140
1749663417743 0.2544 1159
1749663730892 0.105 1170
1749663857930 0.2108 1189
1749664173557 0.1784 1200
1749664300401 0.2466 1219
1749664613793 0.1206 1230
1749664740602 0.2178 1249
1749665054804 0.155 1260
1749665181885 0.2364 1279
1749665499099 0.1156 1290
1749665626057 0.2242 1309
1749665940555 0.099 1320
1749666067547 0.2682 1339
1749666384698 0.1332 1350
1749666511257 0.2184 1369
1749666825035 0.1058 1380
1749666952174 0.2544 1399
1749667263650 0.0996 1410
1749667390574 0.2442 1429
1749667705553 0.0984 1440
1749667832223 0.2214 1459
1749668147087 0.1416 1470
1749668274402 0.266 1489
1749668586265 0.1718 1500
1749668713805 0.3272 1519
1749669029053 0.2042 1530
1749669156450 0.344 1549
1749669474540 0.1348 1560
1749669602138 0.3386 1579
1749669918756 0.174 1590
1749670046333 0.3068 1609
1749670363013 0.129 1620
1749670490508 0.324 1639
1749670809040 0.1158 1650
1749670936294 0.3158 1669
1749671253235 0.1542 1680
1749671380862 0.3346 1699
1749671700003 0.1146 1710
1749671827555 0.3158 1729
1749672146679 0.1408 1740
1749672274436 0.3202 1759
1749672593288 0.1272 1770
1749672721140 0.3068 1789
1749673038025 0.1334 1800
1749673165988 0.2912 1819
1749673483104 0.1442 1830
1749673611232 0.2896 1849
1749673930458 0.15 1860
1749674058061 0.327 1879
1749674377150 0.1114 1890
1749674505218 0.3142 1909
1749674822258 0.1276 1920
1749674950442 0.2932 1939
1749675269141 0.123 1950
1749675397215 0.3046 1969
1749675716010 0.1394 1980
1749675843874 0.3014 1999
1749676163099 0.1156 2010
1749676290772 0.2958 2029
1749676610122 0.1452 2040
1749676738052 0.2912 2059
1749677055718 0.116 2070
1749677183665 0.2984 2089
1749677500618 0.1196 2100
1749677628880 0.295 2119
1749677948376 0.1456 2130
1749678076149 0.3014 2149
1749678395875 0.1102 2160
1749678523608 0.2972 2179
1749678843316 0.1148 2190
1749678971041 0.2888 2209
1749679289157 0.1572 2220
1749679416910 0.2922 2239
1749679736649 0.1282 2250
1749679864793 0.2962 2269
1749680183738 0.11 2280
1749680312044 0.2888 2299
1749680629651 0.1304 2310
1749680757882 0.2548 2329
1749681074997 0.1148 2340
1749681203328 0.267 2359
1749681522506 0.1146 2370
1749681650773 0.2918 2389
1749681970530 0.1334 2400
1749682098238 0.2864 2419
1749682414857 0.1952 2430
1749682543081 0.3528 2449
1749682859203 0.2006 2460
1749682987345 0.3734 2479
1749683304154 0.195 2490
1749683432409 0.3812 2509
1749683750117 0.2034 2520
1749683877771 0.3706 2539
1749684196042 0.204 2550
1749684323855 0.3718 2569
1749684641080 0.1954 2580
1749684769326 0.3708 2599
1749685087048 0.212 2610
1749685215411 0.3706 2629
1749685534860 0.2066 2640
1749685663072 0.3698 2659
1749685982648 0.1936 2670
1749686110859 0.3706 2689
1749686429128 0.2022 2700
1749686556899 0.3696 2719
1749686874181 0.215 2730
1749687002403 0.3626 2749
1749687320148 0.1922 2760
1749687448427 0.37 2779
1749687768387 0.206 2790
1749687896064 0.3664 2809
1749688216407 0.1812 2820
1749688344160 0.3658 2839
1749688662256 0.1904 2850
1749688790607 0.3758 2869
1749689110630 0.2046 2880
1749689239042 0.364 2899
1749689557094 0.2012 2910
1749689685558 0.3516 2929
1749690004785 0.1994 2940
1749690133222 0.3612 2959
1749690451612 0.197 2970
1749690580274 0.3556 2989
1749690898667 0.2102 3000
1749691027009 0.3664 3019
1749691346717 0.2104 3030
1749691475452 0.3644 3049
1749691795771 0.2048 3060
1749691924433 0.36 3079
1749692243527 0.2052 3090
1749692372526 0.3466 3109
1749692692233 0.1996 3120
1749692821086 0.3518 3139
1749693139268 0.222 3150
1749693267770 0.366 3169
1749693587149 0.1988 3180
1749693716106 0.3372 3199
1749694034733 0.2262 3210
1749694163653 0.3168 3229
1749694484743 0.1866 3240
1749694613855 0.3572 3259
1749694933428 0.2022 3270
1749695062189 0.3412 3289
1749695378931 0.1896 3300
1749695507683 0.3528 3319
1749695827308 0.1994 3330
1749695956093 0.3452 3349
1749696275424 0.1946 3360
1749696404371 0.3392 3379
1749696724453 0.187 3390
1749696853036 0.3502 3409
1749697174592 0.1866 3420
1749697303482 0.347 3439
1749697621835 0.2048 3450
1749697750377 0.364 3469
1749698070348 0.1864 3480
1749698199378 0.3602 3499
1749698520096 0.1712 3510
1749698649121 0.3712 3529
1749698968772 0.1926 3540
1749699097894 0.3482 3559
1749699417077 0.214 3570
1749699546334 0.3624 3589
1749699865407 0.1894 3600
1749699994034 0.3238 3619
1749700312735 0.1906 3630
1749700441916 0.3516 3649
1749700763487 0.171 3660
1749700892763 0.3516 3679
1749701214310 0.166 3690
1749701342984 0.3478 3709
1749701661607 0.1974 3720
1749701790711 0.3748 3739
1749702111706 0.1806 3750
1749702240593 0.344 3769
1749702558555 0.1864 3780
1749702687702 0.3456 3799
1749703007109 0.1922 3810
1749703136437 0.3256 3829
1749703455504 0.182 3840
1749703584714 0.3402 3859
1749703903905 0.174 3870
1749704033080 0.3476 3889
1749704354932 0.1672 3900
1749704484217 0.3558 3919
1749704806191 0.174 3930
1749704935508 0.3536 3949
1749705254187 0.1934 3960
1749705383562 0.3056 3979
1749705704772 0.2548 3990
1749705833722 0.4282 4009
1749706154469 0.2698 4020
1749706283217 0.4184 4039
1749706602589 0.2854 4050
1749706731112 0.4214 4069
1749707050233 0.285 4080
1749707179518 0.4174 4099
1749707498635 0.289 4110
1749707627397 0.4216 4129
1749707947072 0.29 4140
1749708076389 0.4054 4159
1749708396650 0.2886 4170
1749708525471 0.4054 4189
1749708845006 0.2864 4200
1749708974302 0.4286 4219
1749709293579 0.2802 4230
1749709422136 0.418 4249
1749709741521 0.2828 4260
1749709870443 0.4146 4279
1749710188953 0.2926 4290
1749710317995 0.4076 4309
1749710637798 0.2866 4320
1749710766792 0.4268 4339
1749711086373 0.2842 4350
1749711214875 0.416 4369
1749711536219 0.2824 4380
1749711665197 0.4234 4399
1749711982972 0.2778 4410
1749712112058 0.4216 4429
1749712431648 0.2834 4440
1749712560699 0.4232 4459
1749712879429 0.29 4470
1749713007941 0.4242 4489
1749713327012 0.2908 4500
1749713456073 0.4028 4519
1749713774743 0.2874 4530
1749713903707 0.4298 4549
1749714222524 0.282 4560
1749714351635 0.4206 4579
1749714670135 0.2896 4590
1749714798942 0.4274 4609
1749715119519 0.284 4620
1749715248433 0.4196 4639
1749715566583 0.2732 4650
1749715695162 0.4248 4669
1749716013661 0.2854 4680
1749716142140 0.4234 4699
1749716460201 0.288 4710
1749716589376 0.4296 4729
1749716908150 0.2898 4740
1749717036536 0.4092 4759
1749717354791 0.2698 4770
1749717483761 0.421 4789
1749717801848 0.2898 4800
1749717930230 0.4222 4819
1749718248510 0.2952 4830
1749718376888 0.4002 4849
1749718695275 0.2868 4860
1749718824263 0.4136 4879
1749719141345 0.3546 4890
1749719270212 0.4316 4909
1749719588902 0.352 4920
1749719717314 0.4368 4939
1749720036067 0.3454 4950
1749720164959 0.4402 4969
1749720483536 0.3494 4980
1749720612069 0.4368 4999
1749720930907 0.3442 5010
1749721059866 0.4406 5029
1749721378678 0.347 5040
1749721507112 0.4376 5059
1749721825822 0.35 5070
1749721953987 0.4372 5089
1749722272653 0.3532 5100
1749722401540 0.4382 5119
1749722719713 0.3504 5130
1749722848599 0.4372 5149
1749723167353 0.3532 5160
1749723295734 0.4366 5179
1749723614442 0.3546 5190
1749723743403 0.4356 5209
1749724063609 0.3522 5220
1749724192310 0.4378 5239
1749724512291 0.3528 5250
1749724641225 0.4358 5269
1749724959777 0.3472 5280
1749725088752 0.4372 5299
1749725408132 0.351 5310
1749725536663 0.436 5329
1749725856302 0.3502 5340
1749725985218 0.438 5359
1749726303682 0.3472 5370
1749726432171 0.438 5389
1749726751875 0.3442 5400
1749726880912 0.4396 5419
1749727199421 0.3488 5430
1749727328340 0.4388 5449
1749727647547 0.3464 5460
1749727775899 0.4382 5479
1749728095335 0.3478 5490
1749728224311 0.439 5509
1749728543181 0.3512 5520
1749728671605 0.4394 5539
1749728990586 0.3478 5550
1749729119108 0.4378 5569
1749729438118 0.3498 5580
1749729567010 0.4392 5599
1749729885978 0.3454 5610
1749730015053 0.4376 5629
1749730335215 0.3492 5640
1749730464168 0.4382 5659
1749730783030 0.3468 5670
1749730912116 0.4406 5689
1749731231415 0.3502 5700
1749731359989 0.439 5719
1749731680055 0.343 5730
1749731809324 0.44 5749
1749732129689 0.3484 5760
1749732258349 0.4392 5779
1749732577618 0.35 5790
1749732706783 0.44 5809
1749733026671 0.3498 5820
1749733155420 0.4416 5839
1749733474881 0.3492 5850
1749733603506 0.4414 5869
1749733923874 0.3504 5880
1749734052776 0.4394 5899
1749734372216 0.3498 5910
1749734500527 0.4386 5929
1749734819668 0.3506 5940
1749734948214 0.4404 5959
1749735267958 0.3464 5970
1749735398227 0.4414 5989
1749735717003 0.3488 6000
1749735846113 0.4384 6019
1749736164547 0.3484 6030
1749736293172 0.4422 6049
1749736612026 0.348 6060
1749736740650 0.4422 6079
1749737059556 0.3474 6090
1749737188253 0.4406 6109
1749737507053 0.3504 6120
1749737635546 0.442 6139
1749737955222 0.3506 6150
1749738084352 0.4384 6169
1749738403941 0.346 6180
1749738534257 0.4402 6199
1749738854715 0.345 6210
1749738984553 0.4388 6229
1749739304953 0.346 6240
1749739434210 0.44 6259
1749739754332 0.3506 6270
1749739884284 0.4418 6289
1749740203852 0.3458 6300
1749740333548 0.4394 6319
1749740654361 0.3472 6330
1749740783608 0.4406 6349
1749741104451 0.3476 6360
1749741233744 0.4392 6379
1749741554590 0.3454 6390
1749741684485 0.4396 6409
1749742004586 0.3458 6420
1749742134560 0.4378 6439
1749742455502 0.3458 6450
1749742584977 0.4408 6469
1749742906110 0.3452 6480
1749743035576 0.4406 6499
1749743355997 0.3458 6510
1749743485915 0.4394 6529
1749743806442 0.3482 6540
1749743935796 0.4424 6559
1749744256876 0.3444 6570
1749744386413 0.4426 6589
1749744708094 0.3522 6600
1749744837761 0.4368 6619
1749745159288 0.3452 6630
1749745289042 0.442 6649
1749745610253 0.346 6660
1749745740090 0.4428 6679
1749746061545 0.345 6690
1749746191276 0.442 6709
1749746513096 0.3414 6720
1749746642946 0.4388 6739
1749746964076 0.344 6750
1749747093820 0.443 6769
1749747416319 0.3448 6780
1749747546022 0.442 6799
1749747867398 0.3462 6810
1749747997221 0.4416 6829
1749748319081 0.3452 6840
1749748449286 0.442 6859
1749748770350 0.3436 6870
1749748900527 0.442 6889
1749749221751 0.3506 6900
1749749352021 0.442 6919
1749749673989 0.3486 6930
1749749804376 0.4416 6949
1749750124986 0.3458 6960
1749750255384 0.4434 6979
1749750577186 0.3404 6990
1749750707644 0.4378 7009
1749751029148 0.3462 7020
1749751159457 0.4424 7039
1749751483722 0.3468 7050
1749751613626 0.4406 7069
1749751934755 0.347 7080
1749752064302 0.4438 7099
1749752384783 0.3456 7110
1749752514894 0.444 7129
1749752835354 0.347 7140
1749752965470 0.4452 7159
1749753286682 0.3432 7170
1749753416858 0.4426 7189
1749753737743 0.3474 7200
1749753868094 0.4428 7219
1749754189412 0.3456 7230
1749754319615 0.4424 7249
1749754639986 0.3462 7260
1749754770201 0.445 7279
1749755090495 0.3434 7290
1749755220610 0.4444 7309
1749755540908 0.3472 7320
1749755670408 0.4444 7339
1749755991243 0.3452 7350
1749756120829 0.4434 7369
1749756441872 0.3444 7380
1749756571460 0.4454 7399
1749756893023 0.3458 7410
1749757023048 0.4424 7429
1749757343771 0.3488 7440
1749757473300 0.4398 7459
1749757794093 0.417 7470
1749757923586 0.45 7489
1749758245677 0.4152 7500
1749758375261 0.4494 7519
1749758695904 0.4166 7530
1749758826063 0.4484 7549
1749759146947 0.4156 7560
1749759276663 0.4482 7579
1749759598287 0.4176 7590
1749759727897 0.447 7609
1749760048868 0.4166 7620
1749760179021 0.4486 7639
1749760500786 0.4164 7650
1749760630517 0.449 7669
1749760951554 0.4158 7680
1749761081766 0.4482 7699
1749761404109 0.4154 7710
1749761533899 0.4482 7729
1749761855136 0.4158 7740
1749761985132 0.4468 7759
1749762305841 0.4148 7770
1749762436043 0.4468 7789
1749762757260 0.4172 7800
1749762887442 0.4472 7819
1749763207934 0.4148 7830
1749763338115 0.4464 7849
1749763659293 0.4154 7860
1749763789567 0.449 7879
1749764110884 0.4156 7890
1749764241344 0.4492 7909
1749764561680 0.4146 7920
1749764691679 0.4472 7939
1749765012669 0.4156 7950
1749765142865 0.4482 7969
1749765463441 0.4168 7980
1749765593715 0.4458 7999
1749765914861 0.4136 8010
1749766045000 0.4496 8029
1749766365876 0.4134 8040
1749766496266 0.4466 8059
1749766817586 0.4154 8070
1749766947953 0.4494 8089
1749767268973 0.415 8100
1749767398849 0.447 8119
1749767720998 0.4156 8130
1749767850865 0.4478 8149
1749768171621 0.415 8160
1749768302109 0.4468 8179
1749768623839 0.4164 8190
1749768753637 0.4498 8209
1749769075637 0.4146 8220
1749769205536 0.4496 8239
1749769527616 0.4146 8250
1749769657604 0.4492 8269
1749769978283 0.4148 8280
1749770108428 0.4466 8299
1749770429520 0.4164 8310
1749770559552 0.4476 8329
1749770880422 0.414 8340
1749771010423 0.4488 8359
1749771330542 0.414 8370
1749771460182 0.4472 8389
1749771781661 0.4148 8400
1749771911109 0.4486 8419
1749772231884 0.4154 8430
1749772361845 0.4484 8449
1749772682717 0.4134 8460
1749772812895 0.448 8479
1749773134070 0.4144 8490
1749773264361 0.4488 8509
1749773585400 0.415 8520
1749773715298 0.4472 8539
1749774036356 0.4138 8550
1749774166747 0.4466 8569
1749774487812 0.4162 8580
1749774618165 0.4462 8599
1749774939187 0.4144 8610
1749775069156 0.4464 8629
1749775390535 0.4136 8640
1749775520458 0.4484 8659
1749775841724 0.4152 8670
1749775971855 0.4496 8689
1749776292463 0.4632 8700
1749776422125 0.452 8719
1749776743908 0.459 8730
1749776873777 0.4516 8749
1749777194850 0.4604 8760
1749777325087 0.4546 8779
1749777646037 0.4608 8790
1749777775815 0.4554 8809
1749778097504 0.4604 8820
1749778227475 0.456 8839
1749778548655 0.461 8850
1749778679134 0.4546 8869
1749778999927 0.4608 8880
1749779130387 0.4558 8899
1749779451797 0.4604 8910
1749779582181 0.4558 8929
1749779903455 0.4608 8940
1749780033467 0.456 8959
1749780355361 0.4604 8970
1749780485315 0.456 8989
