1749095851970 0.015625 0
1749095870306 0.0009765625 1
1749095889041 0.0009765625 2
1749095907854 0.0009765625 3
1749095925947 0.0009765625 4
1749095945385 0.0009765625 5
1749095964659 0.0009765625 6
1749095983714 0.0078125 7
1749096003226 0.0009765625 8
1749096022652 0.0009765625 9
1749096042097 0.0009765625 10
1749096061807 0.0009765625 11
1749096081221 0.0009765625 12
1749096099435 0.00390625 13
1749096118972 0.0009765625 14
1749096137722 0.0009765625 15
1749096158959 0.0009765625 16
1749096179835 0.0009765625 17
1749096200316 0.0009765625 18
1749096219777 0.0009765625 19
1749096239626 0.0009765625 20
1749096260735 0.0009765625 21
1749096281663 0.0009765625 22
1749096302834 0.0009765625 23
1749096322969 0.0009765625 24
1749096342709 0.0009765625 25
1749096362469 0.0009765625 26
1749096382714 0.0009765625 27
1749096402735 0.0009765625 28
1749096422625 0.0009765625 29
1749096442526 0.0009765625 30
1749096462611 0.0009765625 31
1749096483770 0.0009765625 32
1749096504624 0.0009765625 33
1749096524419 0.0009765625 34
1749096544281 0.0009765625 35
1749096564221 0.0009765625 36
1749096583940 0.0009765625 37
1749096603996 0.0009765625 38
1749096623908 0.0009765625 39
1749096643770 0.0009765625 40
1749096663841 0.0009765625 41
1749096683632 0.0009765625 42
1749096703468 0.0009765625 43
1749096723605 0.0009765625 44
1749096743350 0.0009765625 45
1749096763620 0.0009765625 46
1749096783576 0.0009765625 47
1749096803512 0.0009765625 48
1749096823373 0.0009765625 49
1749096843450 0.0009765625 50
1749096863551 0.0009765625 51
1749096883390 0.0009765625 52
1749096903295 0.0009765625 53
1749096923821 0.0009765625 54
1749096943917 0.0009765625 55
1749096963876 0.0009765625 56
1749096983802 0.0009765625 57
1749097003997 0.0009765625 58
1749097024707 0.0009765625 59
1749097044698 0.0009765625 60
1749097064672 0.0009765625 61
1749097084795 0.0009765625 62
1749097105428 0.0009765625 63
1749097125412 0.0009765625 64
1749097145960 0.0009765625 65
1749097166903 0.0009765625 66
1749097186799 0.0009765625 67
1749097207367 0.0009765625 68
1749097228781 0.0009765625 69
1749097248803 0.0009765625 70
1749097269193 0.0009765625 71
1749097289382 0.0009765625 72
1749097309308 0.0009765625 73
1749097329862 0.0009765625 74
1749097349741 0.0009765625 75
1749097370390 0.0009765625 76
1749097391746 0.0009765625 77
1749097411635 0.0009765625 78
1749097431462 0.0009765625 79
1749097452785 0.0009765625 80
1749097473240 0.0009765625 81
1749097493168 0.0009765625 82
1749097513015 0.0009765625 83
1749097533995 0.0009765625 84
1749097554888 0.0009765625 85
1749097575040 0.0009765625 86
1749097594973 0.0009765625 87
1749097616508 0.0009765625 88
1749097636666 0.0009765625 89
1749097656731 0.0009765625 90
1749097678113 0.0009765625 91
1749097698428 0.0009765625 92
1749097718371 0.0009765625 93
1749097738718 0.0009765625 94
1749097760140 0.0009765625 95
1749097780102 0.0009765625 96
1749097800365 0.0009765625 97
1749097821739 0.0009765625 98
1749097841619 0.0009765625 99
1749097861657 0.0009765625 100
1749097882219 0.0009765625 101
1749097902146 0.0009765625 102
1749097922315 0.0009765625 103
1749097942297 0.0009765625 104
1749097962691 0.0009765625 105
1749097983066 0.0009765625 106
1749098003274 0.0009765625 107
1749098023229 0.0009765625 108
1749098043142 0.0009765625 109
1749098063770 0.0009765625 110
1749098083981 0.0009765625 111
1749098104037 0.0009765625 112
1749098124604 0.0009765625 113
1749098144826 0.0009765625 114
1749098164796 0.0009765625 115
1749098185369 0.0009765625 116
1749098205637 0.0009765625 117
1749098225898 0.0009765625 118
1749098246414 0.0009765625 119
1749098266684 0.0009765625 120
1749098287123 0.0009765625 121
1749098307180 0.0009765625 122
1749098327406 0.0009765625 123
1749098347898 0.0009765625 124
1749098368797 0.0009765625 125
1749098388801 0.0009765625 126
1749098408856 0.0009765625 127
1749098429933 0.0009765625 128
1749098450188 0.0009765625 129
1749098470571 0.0009765625 130
1749098490889 0.0009765625 131
1749098510908 0.0009765625 132
1749098532250 0.0009765625 133
1749098552411 0.0009765625 134
1749098572728 0.0009765625 135
1749098592852 0.0009765625 136
1749098612774 0.0009765625 137
1749098634129 0.0009765625 138
1749098654229 0.0009765625 139
1749098674527 0.0009765625 140
1749098694715 0.0009765625 141
1749098714552 0.0009765625 142
1749098735473 0.0009765625 143
1749098755463 0.0009765625 144
1749098775722 0.0009765625 145
1749098796343 0.0009765625 146
1749098816703 0.0009765625 147
1749098837344 0.0009765625 148
1749098857889 0.0009765625 149
1749098878414 0.0009765625 150
1749098898947 0.0009765625 151
1749098919934 0.0009765625 152
1749098940205 0.0009765625 153
1749098960926 0.0009765625 154
1749098981014 0.0009765625 155
1749099001666 0.0009765625 156
1749099022014 0.0009765625 157
1749099042910 0.0009765625 158
1749099063217 0.0009765625 159
1749099084187 0.0009765625 160
1749099104670 0.0009765625 161
1749099125529 0.0009765625 162
1749099145930 0.0009765625 163
1749099166819 0.0009765625 164
1749099187535 0.0009765625 165
1749099208154 0.0009765625 166
1749099228364 0.0009765625 167
1749099248855 0.0009765625 168
1749099269460 0.0009765625 169
1749099289751 0.0009765625 170
1749099310599 0.0009765625 171
1749099331012 0.0009765625 172
1749099351799 0.0009765625 173
1749099372312 0.0009765625 174
1749099392632 0.0009765625 175
1749099413481 0.0009765625 176
1749099434125 0.0009765625 177
1749099454597 0.0009765625 178
1749099475215 0.0009765625 179
1749099496172 0.0009765625 180
1749099516650 0.0009765625 181
1749099537348 0.0009765625 182
1749099558220 0.0009765625 183
1749099578675 0.0009765625 184
1749099599249 0.0009765625 185
1749099620085 0.0009765625 186
1749099641027 0.0009765625 187
1749099662099 0.0009765625 188
1749099683247 0.0009765625 189
1749099704363 0.0009765625 190
1749099725439 0.0009765625 191
1749099745952 0.0009765625 192
1749099767548 0.0009765625 193
1749099788249 0.0009765625 194
1749099809258 0.0009765625 195
1749099830254 0.0009765625 196
1749099850885 0.0009765625 197
1749099871882 0.0009765625 198
1749099892445 0.0009765625 199
1749099913538 0.0009765625 200
1749099934307 0.0009765625 201
1749099954591 0.0009765625 202
1749099975106 0.0009765625 203
1749099995706 0.0009765625 204
1749100016408 0.0009765625 205
1749100037102 0.0009765625 206
1749100057474 0.0009765625 207
1749100078129 0.0009765625 208
1749100098724 0.0009765625 209
1749100119602 0.0009765625 210
1749100140870 0.0009765625 211
1749100161261 0.0009765625 212
1749100181629 0.0009765625 213
1749100202253 0.0009765625 214
1749100222689 0.0009765625 215
1749100243011 0.0009765625 216
1749100263240 0.0009765625 217
1749100283732 0.0009765625 218
1749100304252 0.0009765625 219
1749100324767 0.0009765625 220
1749100345438 0.0009765625 221
1749100365836 0.0009765625 222
1749100387458 0.0009765625 223
1749100407968 0.0009765625 224
1749100428655 0.0009765625 225
1749100449009 0.0009765625 226
1749100470765 0.0009765625 227
1749100491468 0.0009765625 228
1749100512223 0.0009765625 229
1749100532733 0.0009765625 230
1749100554235 0.0009765625 231
1749100575117 0.0009765625 232
1749100595824 0.001953125 233
1749100616614 0.0009765625 234
1749100638094 0.0009765625 235
1749100658941 0.0009765625 236
1749100679573 0.0009765625 237
1749100700532 0.0009765625 238
1749100721466 0.0009765625 239
1749100742141 0.0009765625 240
1749100762888 0.0009765625 241
1749100783416 0.0009765625 242
1749100804334 0.0009765625 243
1749100825069 0.0009765625 244
1749100845899 0.0009765625 245
1749100866738 0.0009765625 246
1749100887490 0.0009765625 247
1749100908622 0.001953125 248
1749100929468 0.0009765625 249
1749100950049 0.0009765625 250
1749100970827 0.0009765625 251
1749100992149 0.0009765625 252
1749101012844 0.0009765625 253
1749101033672 0.0009765625 254
1749101054751 0.0009765625 255
1749101075867 0.0009765625 256
1749101096550 0.0009765625 257
1749101117674 0.0009765625 258
1749101138508 0.0009765625 259
1749101159698 0.0009765625 260
1749101180588 0.0009765625 261
1749101201275 0.0009765625 262
1749101222403 0.0009765625 263
1749101243420 0.0009765625 264
1749101264503 0.0009765625 265
1749101285289 0.0009765625 266
1749101306987 0.0009765625 267
1749101327927 0.0009765625 268
1749101349297 0.0009765625 269
1749101370312 0.0009765625 270
1749101391389 0.0009765625 271
1749101412280 0.00390625 272
1749101433728 0.0009765625 273
1749101454846 0.0009765625 274
1749101475886 0.0009765625 275
1749101496908 0.0009765625 276
1749101517996 0.0009765625 277
1749101539408 0.0009765625 278
1749101560560 0.0009765625 279
1749101581681 0.0009765625 280
1749101602851 0.0009765625 281
1749101624349 0.0009765625 282
1749101645226 0.0009765625 283
1749101666583 0.0009765625 284
1749101687632 0.0009765625 285
1749101708899 0.0009765625 286
1749101730241 0.0009765625 287
1749101750959 0.0009765625 288
1749101772072 0.0009765625 289
1749101792790 0.0009765625 290
1749101814433 0.0009765625 291
1749101835321 0.0009765625 292
1749101856276 0.0009765625 293
1749101878076 0.001953125 294
1749101899057 0.0009765625 295
1749101920155 0.0009765625 296
1749101940843 0.0009765625 297
1749101961688 0.0009765625 298
1749101982304 0.0009765625 299
1749102002744 0.0009765625 300
1749102023873 0.0009765625 301
1749102044490 0.0009765625 302
1749102065998 0.0009765625 303
1749102086771 0.0009765625 304
1749102107386 0.0009765625 305
1749102127965 0.0009765625 306
1749102149838 0.0009765625 307
1749102170748 0.0009765625 308
1749102191469 0.0009765625 309
1749102212112 0.0009765625 310
1749102232907 0.0009765625 311
1749102253624 0.0009765625 312
1749102274574 0.0009765625 313
1749102295060 0.0009765625 314
1749102315796 0.0009765625 315
1749102337069 0.0009765625 316
1749102357600 0.00390625 317
1749102378276 0.0078125 318
1749102399415 0.0009765625 319
1749102420419 0.0009765625 320
1749102441195 0.0009765625 321
1749102462088 0.0009765625 322
1749102483164 0.0009765625 323
1749102504089 0.0009765625 324
1749102524786 0.0009765625 325
1749102545621 0.0009765625 326
1749102566299 0.00390625 327
1749102587170 0.0009765625 328
1749102607727 0.001953125 329
1749102628159 0.0078125 330
1749102649447 0.001953125 331
1749102670668 0.0009765625 332
1749102691374 0.0009765625 333
1749102711680 0.0078125 334
1749102732286 0.0009765625 335
1749102752709 0.0078125 336
1749102773088 0.0009765625 337
1749102794188 0.0009765625 338
1749102814576 0.0009765625 339
1749102835153 0.00390625 340
1749102855904 0.0078125 341
1749102876596 0.0009765625 342
1749102897754 0.001953125 343
1749102918387 0.0009765625 344
1749102939127 0.00390625 345
1749102959491 0.0009765625 346
1749102980323 0.0009765625 347
1749103000910 0.001953125 348
1749103021533 0.00390625 349
1749103042199 0.015625 350
1749103063040 0.0009765625 351
1749103083550 0.0009765625 352
1749103104029 0.0078125 353
1749103125011 0.0009765625 354
1749103145765 0.00390625 355
1749103166528 0.0009765625 356
1749103187905 0.0009765625 357
1749103208256 0.00390625 358
1749103229158 0.001953125 359
1749103250187 0.001953125 360
1749103270649 0.015625 361
1749103291050 0.0009765625 362
1749103311880 0.0009765625 363
1749103332593 0.0009765625 364
1749103353248 0.0009765625 365
1749103374013 0.0009765625 366
1749103395028 0.00390625 367
1749103415888 0.0009765625 368
1749103436852 0.0009765625 369
1749103456744 0.015625 370
1749103477193 0.0009765625 371
1749103497338 0.015625 372
1749103517530 0.0009765625 373
1749103538132 0.0078125 374
1749103558632 0.0009765625 375
1749103579447 0.0009765625 376
1749103599458 0.001953125 377
1749103621247 0.0009765625 378
1749103640830 0.03125 379
1749103661642 0.00390625 380
1749103682008 0.0009765625 381
1749103702041 0.0625 382
1749103723415 0.0009765625 383
1749103743941 0.0078125 384
1749103763782 0.0625 385
1749103784556 0.001953125 386
1749103805049 0.0009765625 387
1749103824651 0.00390625 388
1749103844843 0.00390625 389
1749103864875 0.00390625 390
1749103884556 0.0009765625 391
1749103904063 0.0009765625 392
1749103924280 0.0009765625 393
1749103944894 0.0009765625 394
1749103965502 0.125 395
1749103984831 0.0009765625 396
1749104004552 0.0009765625 397
1749104025187 0.0009765625 398
1749104045430 0.0009765625 399
1749104065673 0.0009765625 400
1749104085148 0.0078125 401
1749104105611 0.0009765625 402
1749104125074 0.00390625 403
1749104144041 0.125 404
1749104163860 0.03125 405
1749104184184 0.03125 406
1749104202274 0.015625 407
1749104221450 0.0009765625 408
1749104240257 0.03125 409
1749104258748 0.0078125 410
1749104277007 0.0078125 411
1749104297206 0.0009765625 412
1749104316546 0.015625 413
1749104337336 0.0009765625 414
1749104355911 1.0 415
1749104373549 0.03125 416
1749104390417 0.125 417
1749104406596 0.25 418
1749104424555 0.0078125 419
1749104442470 0.0009765625 420
1749104461644 0.0009765625 421
1749104477906 0.25 422
1749104496080 0.001953125 423
1749104514521 0.5 424
1749104530956 0.5 425
1749104550032 0.0009765625 426
1749104567829 0.0078125 427
1749104585644 0.0625 428
1749104601938 1.0 429
1749104622160 0.0009765625 430
1749104640875 0.0009765625 431
1749104661054 0.03125 432
1749104680474 0.0078125 433
1749104701331 0.0078125 434
1749104720847 0.015625 435
1749104738302 0.25 436
1749104758602 0.0009765625 437
1749104774805 1.0 438
1749104792357 0.125 439
1749104810461 0.0625 440
1749104826336 1.0 441
1749104842914 0.25 442
1749104861224 0.0625 443
1749104877962 0.25 444
1749104895558 0.0625 445
1749104911422 1.0 446
1749104930918 0.125 447
1749104947714 1.0 448
1749104966997 0.125 449
1749104984955 0.0009765625 450
1749105002894 0.00390625 451
1749105021833 0.0078125 452
1749105040417 0.25 453
1749105057118 0.25 454
1749105073755 0.5 455
1749105092382 0.015625 456
1749105111342 0.0625 457
1749105130974 0.125 458
1749105149738 0.0625 459
1749105166044 1.0 460
1749105182109 1.0 461
1749105199249 1.0 462
1749105217470 0.125 463
1749105234875 0.125 464
1749105251947 0.25 465
1749105269871 0.0625 466
1749105285806 1.0 467
1749105302243 1.0 468
1749105321170 0.0078125 469
1749105338768 0.125 470
1749105358848 0.001953125 471
1749105376384 0.125 472
1749105396141 0.03125 473
1749105414686 0.0009765625 474
1749105432359 0.0625 475
1749105452323 0.0009765625 476
1749105471640 0.0078125 477
1749105490610 0.0009765625 478
1749105508154 0.03125 479
1749105526127 1.0 480
1749105543855 1.0 481
1749105560195 1.0 482
1749105577501 0.0625 483
1749105597158 0.00390625 484
1749105613482 1.0 485
1749105631876 1.0 486
1749105648313 0.5 487
1749105666040 0.0625 488
1749105682138 1.0 489
1749105698343 1.0 490
1749105714743 0.5 491
1749105732481 0.125 492
1749105749534 1.0 493
1749105768641 0.5 494
1749105788230 0.0078125 495
1749105805828 1.0 496
1749105823354 0.015625 497
1749105842306 0.03125 498
1749105862753 0.0009765625 499
1749105880708 0.5 500
1749105897154 0.5 501
1749105916833 0.00390625 502
1749105933089 1.0 503
1749105949728 1.0 504
1749105968059 1.0 505
1749105985720 0.125 506
1749106002047 0.25 507
1749106021723 0.015625 508
1749106040783 0.015625 509
1749106056795 1.0 510
1749106076202 0.0625 511
1749106094142 0.25 512
1749106113445 0.0009765625 513
1749106133975 0.001953125 514
1749106150061 1.0 515
1749106168019 1.0 516
1749106185325 1.0 517
1749106203467 1.0 518
1749106220415 0.125 519
1749106238156 0.125 520
1749106254581 1.0 521
1749106271265 0.5 522
1749106289374 0.015625 523
1749106308376 0.0009765625 524
1749106326590 0.015625 525
1749106343663 1.0 526
1749106359685 1.0 527
1749106379472 0.0078125 528
1749106396028 0.5 529
1749106414339 0.03125 530
1749106431625 0.0625 531
1749106449516 0.0625 532
1749106467796 1.0 533
1749106487337 0.015625 534
1749106503730 0.5 535
1749106520591 0.25 536
1749106539420 0.03125 537
1749106556806 1.0 538
1749106573568 0.25 539
1749106593190 0.03125 540
1749106610458 0.03125 541
1749106628394 0.0625 542
1749106644405 1.0 543
1749106661232 0.0625 544
1749106679184 0.125 545
1749106698403 0.125 546
1749106718816 0.125 547
1749106740907 0.0009765625 548
1749106758333 0.5 549
1749106775046 0.25 550
1749106793820 0.25 551
1749106812214 0.0625 552
1749106830756 0.015625 553
1749106849056 0.03125 554
1749106867621 0.00390625 555
1749106884261 0.25 556
1749106903698 0.015625 557
1749106923153 0.0078125 558
1749106942881 0.0009765625 559
1749106961145 0.001953125 560
1749106979262 0.125 561
1749106997377 0.125 562
1749107014873 0.0625 563
1749107032020 1.0 564
1749107051416 0.125 565
1749107070542 0.125 566
1749107090728 0.015625 567
1749107110675 0.00390625 568
1749107129062 0.015625 569
1749107146782 0.125 570
1749107166460 0.0009765625 571
1749107184821 0.0625 572
1749107201269 0.5 573
1749107219620 0.03125 574
1749107237351 0.0625 575
1749107254648 0.25 576
1749107273755 0.5 577
1749107290456 0.25 578
1749107308023 0.125 579
1749107326131 0.5 580
1749107342706 1.0 581
1749107359685 0.03125 582
1749107376166 0.5 583
1749107392944 0.5 584
1749107411828 0.25 585
1749107428860 1.0 586
1749107448493 0.03125 587
1749107466066 0.125 588
1749107481997 1.0 589
1749107500085 0.0078125 590
1749107518020 0.0078125 591
1749107534215 0.5 592
1749107550752 0.5 593
1749107569450 1.0 594
1749107586931 0.0625 595
1749107604983 0.0078125 596
1749107622487 0.125 597
1749107641016 0.0009765625 598
1749107658808 0.03125 599
1749107678165 0.03125 600
1749107696209 0.03125 601
1749107714373 0.5 602
1749107733430 0.0009765625 603
1749107751404 0.03125 604
1749107768741 0.125 605
1749107786849 1.0 606
1749107804352 0.125 607
1749107822567 1.0 608
1749107838890 1.0 609
1749107857467 0.0009765625 610
1749107874440 0.5 611
1749107892884 0.125 612
1749107911076 0.015625 613
1749107927151 1.0 614
1749107945399 0.03125 615
1749107962475 0.25 616
1749107983043 0.0009765625 617
1749108001655 0.00390625 618
1749108017809 1.0 619
1749108035446 0.015625 620
1749108054560 0.25 621
1749108074537 0.0625 622
1749108092430 0.25 623
1749108110716 0.125 624
1749108127789 0.5 625
1749108144993 1.0 626
1749108164487 0.125 627
1749108184165 0.125 628
1749108202133 0.125 629
1749108221314 0.0009765625 630
1749108237756 0.25 631
1749108257688 0.0625 632
1749108277290 0.03125 633
1749108297767 0.00390625 634
1749108314446 1.0 635
1749108333828 0.5 636
1749108350126 1.0 637
1749108370046 0.125 638
1749108386043 1.0 639
1749108404566 0.00390625 640
1749108421340 0.5 641
1749108437532 1.0 642
1749108454727 0.5 643
1749108472100 0.125 644
1749108490359 0.03125 645
1749108510194 0.0625 646
1749108526854 1.0 647
1749108544907 0.0625 648
1749108563870 0.125 649
1749108580877 0.5 650
1749108598579 0.015625 651
1749108618698 0.0078125 652
1749108636564 1.0 653
1749108655929 0.001953125 654
1749108675346 0.0009765625 655
1749108692208 1.0 656
1749108713572 0.015625 657
1749108729611 1.0 658
1749108748040 0.5 659
1749108764615 1.0 660
1749108781407 1.0 661
1749108799021 0.25 662
1749108818941 0.125 663
1749108837143 0.25 664
1749108855815 0.25 665
1749108873721 0.0078125 666
1749108892080 0.125 667
1749108911286 0.0625 668
1749108930369 0.0009765625 669
1749108949509 0.015625 670
1749108968162 0.03125 671
1749108985244 0.03125 672
1749109002330 0.125 673
1749109022802 0.5 674
1749109042316 0.125 675
1749109061245 0.125 676
1749109077705 1.0 677
1749109094446 0.5 678
1749109113679 0.00390625 679
1749109131284 0.5 680
1749109149762 0.125 681
1749109166939 0.25 682
1749109183930 0.25 683
1749109200660 0.5 684
1749109220405 0.015625 685
1749109238072 0.5 686
1749109258736 0.015625 687
1749109277374 1.0 688
1749109296297 0.125 689
1749109313960 1.0 690
1749109331260 0.25 691
1749109350710 0.00390625 692
1749109368092 1.0 693
1749109387382 0.03125 694
1749109406438 0.0009765625 695
1749109422935 0.5 696
1749109440871 0.0625 697
1749109459338 1.0 698
1749109476642 0.5 699
1749109493460 0.25 700
1749109511312 0.125 701
1749109527750 1.0 702
1749109548187 0.0009765625 703
1749109566723 0.015625 704
1749109587957 0.015625 705
1749109606628 1.0 706
1749109624182 1.0 707
1749109640650 1.0 708
1749109658670 0.015625 709
1749109676239 0.125 710
1749109694904 0.25 711
1749109714372 0.0625 712
1749109734244 0.0078125 713
1749109752665 0.125 714
1749109769429 1.0 715
1749109788844 0.03125 716
1749109807391 0.25 717
1749109826699 0.125 718
1749109846856 0.0009765625 719
1749109864216 0.25 720
1749109880703 1.0 721
1749109899739 0.0078125 722
1749109917038 1.0 723
1749109936240 0.25 724
1749109955100 0.125 725
1749109973802 0.015625 726
1749109992485 0.0009765625 727
1749110009028 1.0 728
1749110028167 0.25 729
1749110045187 0.5 730
1749110064383 0.0009765625 731
1749110080989 1.0 732
1749110100405 0.0009765625 733
1749110120229 0.125 734
1749110136787 1.0 735
1749110155944 0.0078125 736
1749110172489 0.5 737
1749110191786 0.125 738
1749110211095 0.25 739
1749110229490 0.25 740
1749110247373 1.0 741
1749110265123 0.0625 742
1749110283098 1.0 743
1749110301841 0.125 744
1749110322813 0.0009765625 745
1749110340190 0.03125 746
1749110357821 0.03125 747
1749110378148 0.0009765625 748
1749110394740 0.5 749
1749110412608 0.5 750
1749110430021 0.125 751
1749110449507 0.125 752
1749110468278 0.5 753
1749110485756 0.5 754
1749110502499 1.0 755
1749110519088 0.25 756
1749110535654 1.0 757
1749110557634 0.015625 758
1749110576056 0.125 759
1749110596285 0.125 760
1749110614941 0.25 761
1749110634876 0.0009765625 762
1749110652768 0.25 763
1749110669160 1.0 764
1749110687043 1.0 765
1749110703488 1.0 766
1749110725168 0.0078125 767
1749110743987 0.125 768
1749110761560 0.125 769
1749110779792 0.00390625 770
1749110799269 0.0009765625 771
1749110818608 0.125 772
1749110839084 0.0009765625 773
1749110856570 0.0625 774
1749110874286 1.0 775
1749110894834 0.0009765625 776
1749110911617 1.0 777
1749110930268 0.00390625 778
1749110948375 0.03125 779
1749110968608 0.0009765625 780
1749110986571 0.25 781
1749111005281 0.0009765625 782
1749111023422 0.00390625 783
1749111041390 0.0625 784
1749111059543 0.5 785
1749111078301 0.0009765625 786
1749111096248 0.25 787
1749111113655 0.03125 788
1749111130650 1.0 789
1749111147872 1.0 790
1749111167087 0.0625 791
1749111184839 0.0625 792
1749111202080 0.5 793
1749111220282 0.0078125 794
1749111238268 0.125 795
1749111256073 0.25 796
1749111276141 0.0009765625 797
1749111292799 1.0 798
1749111309654 1.0 799
1749111330443 0.0009765625 800
1749111349618 0.125 801
1749111367685 0.5 802
1749111386980 0.0009765625 803
1749111405623 0.0078125 804
1749111424766 0.125 805
1749111444265 1.0 806
1749111460525 1.0 807
1749111479569 0.0625 808
1749111500345 0.03125 809
1749111517790 0.03125 810
1749111536528 0.0625 811
1749111554077 0.5 812
1749111572510 0.5 813
1749111591272 0.0625 814
1749111607802 1.0 815
1749111627185 0.0009765625 816
1749111645464 0.5 817
1749111663931 0.25 818
1749111680760 1.0 819
1749111698295 0.5 820
1749111718236 0.5 821
1749111735636 1.0 822
1749111753844 0.03125 823
1749111772375 0.0625 824
1749111790213 0.0625 825
1749111807491 0.125 826
1749111824849 0.5 827
1749111841962 1.0 828
1749111860001 0.25 829
1749111877102 0.0625 830
1749111894250 0.25 831
1749111912753 0.25 832
1749111932444 0.0078125 833
1749111949050 1.0 834
1749111965905 0.5 835
1749111985497 0.0625 836
1749112004706 0.25 837
1749112023502 0.001953125 838
1749112039821 0.5 839
1749112057172 0.0625 840
1749112078492 0.00390625 841
1749112096779 1.0 842
1749112118148 0.0078125 843
1749112137781 0.03125 844
1749112158569 0.0009765625 845
1749112175876 1.0 846
1749112192237 1.0 847
1749112208423 1.0 848
1749112226349 1.0 849
1749112242461 1.0 850
1749112259289 0.5 851
1749112277357 0.0009765625 852
1749112295048 1.0 853
1749112312256 0.0625 854
1749112329810 0.5 855
1749112349428 0.015625 856
1749112369342 0.015625 857
1749112386571 0.0625 858
1749112403253 1.0 859
1749112421868 1.0 860
1749112438744 0.5 861
1749112459286 0.0009765625 862
1749112475206 1.0 863
1749112495412 0.0078125 864
1749112511547 0.5 865
1749112528216 0.25 866
1749112547161 0.0625 867
1749112564687 0.03125 868
1749112583654 0.125 869
1749112601230 1.0 870
1749112620601 0.0009765625 871
1749112637325 1.0 872
1749112653286 1.0 873
1749112672437 0.03125 874
1749112692436 1.0 875
1749112710647 0.25 876
1749112731434 0.0009765625 877
1749112752080 0.00390625 878
1749112768836 1.0 879
1749112786438 0.125 880
1749112804411 0.25 881
1749112820599 1.0 882
1749112839934 0.0078125 883
1749112859088 0.0078125 884
1749112877300 0.0078125 885
1749112894801 0.5 886
1749112913174 0.0625 887
1749112932684 0.0078125 888
1749112950413 0.5 889
1749112968692 0.0625 890
1749112987375 0.125 891
1749113006028 0.0078125 892
1749113024610 0.0625 893
1749113040742 0.5 894
1749113060354 0.00390625 895
1749113077492 0.125 896
1749113095453 0.0625 897
1749113114558 0.0009765625 898
1749113131769 1.0 899
1749113150488 0.03125 900
1749113169236 0.0009765625 901
1749113187281 0.5 902
1749113203995 0.125 903
1749113222289 0.0078125 904
1749113238995 0.5 905
1749113256695 0.25 906
1749113275464 0.0009765625 907
1749113296045 0.00390625 908
1749113314524 0.0009765625 909
1749113330753 0.5 910
1749113347971 0.25 911
1749113365148 1.0 912
1749113383995 0.5 913
1749113400147 1.0 914
1749113419613 1.0 915
1749113436252 1.0 916
1749113453047 0.125 917
1749113471616 1.0 918
1749113490821 0.125 919
1749113508710 0.125 920
1749113527959 0.0625 921
1749113546940 0.0078125 922
1749113564927 0.0625 923
1749113584955 0.0625 924
1749113602846 1.0 925
1749113620656 0.125 926
1749113637302 0.25 927
1749113654824 0.25 928
1749113671562 1.0 929
1749113690560 1.0 930
1749113708098 0.0625 931
1749113725522 0.0625 932
1749113744211 0.0625 933
1749113761325 0.03125 934
1749113780408 0.25 935
1749113796591 1.0 936
1749113815146 0.0625 937
1749113834805 0.03125 938
1749113852627 0.03125 939
1749113872019 0.25 940
1749113891314 0.0078125 941
1749113910396 0.0009765625 942
1749113929182 0.25 943
1749113949489 0.03125 944
1749113968946 0.0625 945
1749113986781 0.25 946
1749114006918 0.00390625 947
1749114025476 0.25 948
1749114042634 1.0 949
1749114061305 0.0009765625 950
1749114079371 0.25 951
1749114097352 0.25 952
1749114115201 0.015625 953
1749114131892 1.0 954
1749114148085 1.0 955
1749114167511 0.03125 956
1749114183935 1.0 957
1749114201253 0.125 958
1749114220338 0.0009765625 959
1749114237032 0.25 960
1749114254257 0.125 961
1749114270621 1.0 962
1749114287396 0.5 963
1749114304847 0.125 964
1749114321127 1.0 965
1749114341616 0.0009765625 966
1749114360106 0.015625 967
1749114380351 1.0 968
1749114397211 0.125 969
1749114414490 1.0 970
1749114432911 0.001953125 971
1749114451099 0.03125 972
1749114471485 0.015625 973
1749114491648 0.0009765625 974
1749114510476 1.0 975
1749114530441 0.0009765625 976
1749114549772 0.125 977
1749114568379 0.125 978
1749114588182 0.0009765625 979
1749114609285 0.03125 980
1749114629463 0.03125 981
1749114647801 0.125 982
1749114664183 1.0 983
1749114681867 0.25 984
1749114699980 0.015625 985
1749114717762 0.0078125 986
1749114736316 0.0009765625 987
1749114754413 0.25 988
1749114772787 0.0625 989
1749114789972 0.5 990
1749114807068 0.25 991
1749114828448 0.0625 992
1749114845151 1.0 993
1749114862444 0.03125 994
1749114881170 0.03125 995
1749114899642 0.0009765625 996
1749114916933 0.0625 997
1749114933637 1.0 998
1749114950408 0.25 999
