1749095844989 0.124 0
1749095856322 0.1112 1
1749095865652 0.1368 2
1749095877189 0.1588 3
1749095888636 0.1862 4
1749095900724 0.1916 5
1749095912420 0.1864 6
1749095924317 0.1964 7
1749095936221 0.2004 8
1749095948355 0.2038 9
1749095960257 0.2062 10
1749095972260 0.2134 11
1749095984620 0.219 12
1749095996694 0.225 13
1749096009006 0.2492 14
1749096021631 0.2522 15
1749096034031 0.2576 16
1749096046133 0.2598 17
1749096058893 0.2646 18
1749096070997 0.2662 19
1749096084732 0.2666 20
1749096096840 0.2734 21
1749096109177 0.275 22
1749096121454 0.2778 23
1749096133561 0.2788 24
1749096145929 0.2822 25
1749096158053 0.2878 26
1749096170384 0.2924 27
1749096182755 0.2928 28
1749096195052 0.298 29
1749096207369 0.2984 30
1749096219923 0.3046 31
1749096232203 0.3076 32
1749096244286 0.3008 33
1749096256859 0.3106 34
1749096268953 0.3 35
1749096281259 0.3078 36
1749096293836 0.3108 37
1749096306118 0.3116 38
1749096318676 0.3128 39
1749096330977 0.3136 40
1749096343280 0.315 41
1749096355825 0.3162 42
1749096368082 0.313 43
1749096380458 0.3166 44
1749096393117 0.317 45
1749096405438 0.3222 46
1749096417855 0.3192 47
1749096430720 0.324 48
1749096442923 0.282 49
1749096455922 0.3266 50
1749096468533 0.3304 51
1749096480936 0.3318 52
1749096493622 0.33 53
1749096506464 0.336 54
1749096519124 0.3144 55
1749096531757 0.3392 56
1749096544672 0.3418 57
1749096557093 0.3088 58
1749096569706 0.3448 59
1749096582412 0.3294 60
1749096595036 0.3368 61
1749096607890 0.3474 62
1749096620255 0.3048 63
1749096632853 0.3474 64
1749096645764 0.35 65
1749096658158 0.3158 66
1749096671186 0.3504 67
1749096684383 0.3546 68
1749096697048 0.3236 69
1749096709920 0.3528 70
1749096722759 0.3612 71
1749096734989 0.3126 72
1749096747836 0.3602 73
1749096760251 0.3534 74
1749096772718 0.3082 75
1749096784928 0.3584 76
1749096797118 0.3536 77
1749096809575 0.357 78
1749096821742 0.3686 79
1749096834343 0.3728 80
1749096847372 0.3716 81
1749096859758 0.3718 82
1749096872220 0.3516 83
1749096884611 0.3696 84
1749096898075 0.3744 85
1749096910644 0.3732 86
1749096923295 0.3744 87
1749096935699 0.374 88
1749096949140 0.3756 89
1749096962364 0.3776 90
1749096974745 0.3782 91
1749096987414 0.377 92
1749096999807 0.3788 93
1749097013013 0.379 94
1749097025374 0.377 95
1749097038016 0.3792 96
1749097050755 0.3826 97
1749097063777 0.3806 98
1749097076162 0.3782 99
1749097088821 0.3872 100
1749097100994 0.3888 101
1749097113353 0.3808 102
1749097125983 0.3778 103
1749097138534 0.392 104
1749097151188 0.3828 105
1749097163563 0.3788 106
1749097176802 0.39 107
1749097189186 0.3818 108
1749097201837 0.3838 109
1749097214610 0.3934 110
1749097227235 0.3832 111
1749097239609 0.394 112
1749097252258 0.3866 113
1749097264852 0.3948 114
1749097277315 0.3508 115
1749097289512 0.358 116
1749097301705 0.382 117
1749097314152 0.3948 118
1749097326516 0.4024 119
1749097338732 0.3894 120
1749097351582 0.4028 121
1749097364124 0.405 122
1749097376759 0.4048 123
1749097388946 0.3908 124
1749097401108 0.3986 125
1749097414324 0.4036 126
1749097427168 0.4056 127
1749097439559 0.4058 128
1749097451952 0.407 129
1749097464565 0.4048 130
1749097477139 0.407 131
1749097489916 0.4056 132
1749097502285 0.4064 133
1749097514926 0.4056 134
1749097527266 0.4072 135
1749097539909 0.4078 136
1749097552072 0.4092 137
1749097564435 0.4092 138
1749097577087 0.4088 139
1749097589274 0.4098 140
1749097601447 0.4066 141
1749097613919 0.409 142
1749097626300 0.4106 143
1749097638305 0.41 144
1749097650941 0.4106 145
1749097663160 0.411 146
1749097675294 0.4088 147
1749097687852 0.4088 148
1749097700352 0.4118 149
1749097712864 0.4112 150
1749097725648 0.4126 151
1749097738011 0.4116 152
1749097750606 0.4102 153
1749097763104 0.4136 154
1749097775539 0.413 155
1749097788234 0.4118 156
1749097800555 0.4122 157
1749097812801 0.4114 158
1749097825359 0.4132 159
1749097837825 0.4136 160
1749097850568 0.4154 161
1749097862860 0.4152 162
1749097875041 0.4134 163
1749097887516 0.4142 164
1749097899957 0.4146 165
1749097912676 0.4144 166
1749097924952 0.4132 167
1749097937219 0.4146 168
1749097949747 0.416 169
1749097962244 0.416 170
1749097974702 0.4156 171
1749097987451 0.4152 172
1749097999697 0.4164 173
1749098011971 0.416 174
1749098024712 0.4164 175
1749098037206 0.417 176
1749098049698 0.4156 177
1749098062260 0.4156 178
1749098074555 0.4184 179
1749098087312 0.4184 180
1749098099746 0.417 181
1749098112020 0.4172 182
1749098124803 0.417 183
1749098137122 0.4172 184
1749098149596 0.4172 185
1749098162346 0.4178 186
1749098174825 0.417 187
1749098187370 0.4174 188
1749098199826 0.4174 189
1749098212303 0.4188 190
1749098225034 0.4184 191
1749098237487 0.4194 192
1749098250211 0.42 193
1749098262684 0.4184 194
1749098275145 0.4192 195
1749098287893 0.4196 196
1749098300157 0.4202 197
1749098312921 0.4204 198
1749098325395 0.4216 199
1749098337845 0.421 200
1749098350398 0.4216 201
1749098362812 0.4222 202
1749098375549 0.422 203
1749098387991 0.422 204
1749098400414 0.423 205
1749098413143 0.423 206
1749098425603 0.4232 207
1749098438330 0.424 208
1749098450796 0.4242 209
1749098463263 0.4232 210
1749098475950 0.4254 211
1749098488449 0.4236 212
1749098501195 0.425 213
1749098513690 0.4252 214
1749098526479 0.4258 215
1749098538957 0.4266 216
1749098551387 0.4274 217
1749098564113 0.4274 218
1749098576543 0.427 219
1749098588972 0.4272 220
1749098601717 0.4274 221
1749098614168 0.4262 222
1749098626906 0.4262 223
1749098639403 0.4254 224
1749098651886 0.4264 225
1749098664667 0.4266 226
1749098677096 0.4268 227
1749098689802 0.427 228
1749098702276 0.4266 229
1749098714671 0.428 230
1749098727367 0.4284 231
1749098739842 0.429 232
1749098752567 0.4288 233
1749098765035 0.4272 234
1749098777762 0.4276 235
1749098790233 0.4288 236
1749098802721 0.4266 237
1749098815424 0.4274 238
1749098827876 0.4286 239
1749098840586 0.4276 240
1749098853046 0.4276 241
1749098865550 0.4276 242
1749098878333 0.4274 243
1749098890829 0.427 244
1749098903478 0.429 245
1749098915872 0.428 246
1749098928262 0.4292 247
1749098940917 0.4294 248
1749098953294 0.4276 249
1749098965965 0.4284 250
1749098978383 0.429 251
1749098990785 0.4284 252
1749099003479 0.4288 253
1749099015890 0.4282 254
1749099028612 0.4284 255
1749099041087 0.4298 256
1749099053516 0.4284 257
1749099066226 0.4298 258
1749099078642 0.4296 259
1749099091310 0.4298 260
1749099103722 0.4288 261
1749099116105 0.43 262
1749099128770 0.4294 263
1749099140981 0.432 264
1749099153657 0.4304 265
1749099166046 0.4306 266
1749099178449 0.4294 267
1749099191314 0.4316 268
1749099203723 0.431 269
1749099216377 0.4314 270
1749099228760 0.4302 271
1749099241122 0.4312 272
1749099253782 0.4324 273
1749099266165 0.433 274
1749099278863 0.433 275
1749099291482 0.433 276
1749099304209 0.4306 277
1749099316651 0.4344 278
1749099328910 0.4262 279
1749099341159 0.426 280
1749099353661 0.4316 281
1749099365930 0.4336 282
1749099378187 0.4336 283
1749099390749 0.435 284
1749099403756 0.4334 285
1749099416296 0.4362 286
1749099428747 0.4354 287
1749099440975 0.434 288
1749099453672 0.4342 289
1749099466079 0.435 290
1749099478527 0.4346 291
1749099491052 0.4356 292
1749099503301 0.434 293
1749099515548 0.4352 294
1749099528849 0.4354 295
1749099541527 0.434 296
1749099554277 0.4354 297
1749099566724 0.4354 298
1749099579005 0.4354 299
1749099591582 0.4352 300
1749099603844 0.436 301
1749099616472 0.4342 302
1749099629208 0.4346 303
1749099641823 0.4356 304
1749099654340 0.4348 305
1749099666649 0.4356 306
1749099679155 0.4366 307
1749099691936 0.436 308
1749099704861 0.4352 309
1749099717397 0.4344 310
1749099729823 0.435 311
1749099742346 0.4378 312
1749099754675 0.4356 313
1749099767692 0.438 314
1749099779802 0.4346 315
1749099792117 0.4344 316
1749099804730 0.4352 317
1749099817051 0.436 318
1749099829185 0.4364 319
1749099841709 0.4352 320
1749099854539 0.4358 321
1749099866483 0.4338 322
1749099878785 0.4362 323
1749099891382 0.4362 324
1749099903311 0.437 325
1749099915645 0.4368 326
1749099928302 0.4352 327
1749099941416 0.4368 328
1749099953978 0.4368 329
1749099965989 0.4368 330
1749099978041 0.437 331
1749099990971 0.4358 332
1749100003607 0.436 333
1749100016535 0.4356 334
1749100029176 0.4366 335
1749100041222 0.4358 336
1749100053486 0.4366 337
1749100065799 0.4362 338
1749100078764 0.4368 339
1749100091436 0.436 340
1749100104103 0.4382 341
1749100116858 0.438 342
1749100129118 0.438 343
1749100141717 0.4372 344
1749100154629 0.4364 345
1749100167110 0.438 346
1749100179167 0.4374 347
1749100192111 0.4366 348
1749100204384 0.436 349
1749100217058 0.4364 350
1749100229920 0.4366 351
1749100242375 0.4382 352
1749100255427 0.438 353
1749100268323 0.4372 354
1749100281104 0.4378 355
1749100293802 0.4376 356
1749100306510 0.4378 357
1749100318711 0.4368 358
1749100331961 0.4376 359
1749100344587 0.4376 360
1749100357403 0.4374 361
1749100370091 0.4376 362
1749100382682 0.4376 363
1749100395388 0.4376 364
1749100407970 0.4376 365
1749100420728 0.4366 366
1749100433337 0.4376 367
1749100445972 0.4382 368
1749100458908 0.4364 369
1749100471522 0.4382 370
1749100484129 0.437 371
1749100497089 0.4386 372
1749100509651 0.4382 373
1749100522557 0.4382 374
1749100535020 0.4378 375
1749100547584 0.438 376
1749100560493 0.4368 377
1749100573143 0.438 378
1749100585723 0.4384 379
1749100598793 0.4388 380
1749100611641 0.4378 381
1749100624252 0.4376 382
1749100636773 0.4378 383
1749100649543 0.4382 384
1749100662332 0.4374 385
1749100675198 0.4378 386
1749100687841 0.4386 387
1749100700446 0.439 388
1749100713310 0.4396 389
1749100725982 0.4388 390
1749100739094 0.4388 391
1749100751720 0.4386 392
1749100764343 0.4392 393
1749100777095 0.4384 394
1749100789779 0.4388 395
1749100802385 0.4394 396
1749100815643 0.4394 397
1749100828319 0.4384 398
1749100841718 0.44 399
1749100854092 0.44 400
1749100867051 0.4404 401
1749100879973 0.4398 402
1749100892475 0.4396 403
1749100905021 0.4396 404
1749100917932 0.4408 405
1749100930752 0.4416 406
1749100943540 0.4402 407
1749100956973 0.4408 408
1749100969539 0.44 409
1749100982610 0.4408 410
1749100995223 0.4404 411
1749101007780 0.4396 412
1749101021071 0.44 413
1749101033353 0.4398 414
1749101046166 0.4402 415
1749101059066 0.4408 416
1749101071714 0.4402 417
1749101084058 0.44 418
1749101096627 0.4412 419
1749101109635 0.4406 420
1749101123458 0.441 421
1749101136046 0.4408 422
1749101148053 0.4408 423
1749101161157 0.4416 424
1749101173719 0.4418 425
1749101185717 0.4408 426
1749101198116 0.4404 427
1749101211630 0.4402 428
1749101224020 0.4408 429
1749101236922 0.4398 430
1749101250161 0.44 431
1749101263754 0.4404 432
1749101276756 0.4408 433
1749101288788 0.4406 434
1749101300778 0.4406 435
1749101314551 0.4402 436
1749101327130 0.4404 437
1749101339814 0.4406 438
1749101353379 0.4402 439
1749101365332 0.4404 440
1749101378044 0.4412 441
1749101390480 0.441 442
1749101402157 0.4408 443
1749101413611 0.4408 444
1749101425825 0.4404 445
1749101437492 0.4414 446
1749101451364 0.4406 447
1749101463803 0.44 448
1749101476396 0.4402 449
1749101488015 0.4402 450
1749101500657 0.4406 451
1749101512115 0.4406 452
1749101524650 0.441 453
1749101536838 0.441 454
1749101548087 0.4408 455
1749101558620 0.4416 456
1749101570768 0.4408 457
1749101583987 0.4404 458
1749101594663 0.4398 459
1749101605990 0.4408 460
1749101616756 0.441 461
1749101629655 0.4402 462
1749101640720 0.4408 463
1749101652354 0.4408 464
1749101663623 0.441 465
1749101675265 0.4408 466
1749101688256 0.4408 467
1749101698717 0.4402 468
1749101710061 0.4398 469
1749101720001 0.4408 470
1749101731182 0.4412 471
1749101742943 0.4402 472
1749101754496 0.44 473
1749101766711 0.44 474
1749101777543 0.4408 475
1749101788917 0.4408 476
1749101799705 0.4404 477
1749101810425 0.4404 478
1749101822551 0.4406 479
1749101834889 0.44 480
1749101846331 0.4402 481
1749101857332 0.4396 482
1749101869682 0.4396 483
1749101881293 0.4396 484
1749101893671 0.44 485
1749101904667 0.4402 486
1749101916863 0.4402 487
1749101927007 0.44 488
1749101936864 0.4406 489
1749101947610 0.4404 490
1749101957882 0.4408 491
1749101969780 0.4404 492
1749101980112 0.4406 493
1749101990266 0.4398 494
1749102001161 0.44 495
1749102011177 0.4396 496
1749102025083 0.4406 497
1749102037513 0.4408 498
1749102047901 0.4402 499
1749102061048 0.4402 500
1749102072720 0.4404 501
1749102084396 0.4402 502
1749102094854 0.4398 503
1749102106644 0.4406 504
1749102118093 0.4408 505
1749102128330 0.44 506
1749102139109 0.4402 507
1749102150943 0.4402 508
1749102162889 0.4402 509
1749102174875 0.4404 510
1749102185283 0.44 511
1749102196891 0.44 512
1749102207416 0.4404 513
1749102219625 0.4404 514
1749102230631 0.4404 515
1749102240617 0.44 516
1749102252633 0.4408 517
1749102263285 0.4402 518
1749102273254 0.4402 519
1749102283358 0.4402 520
1749102293167 0.4408 521
1749102302959 0.4404 522
1749102312732 0.4402 523
1749102323391 0.4402 524
1749102333162 0.4404 525
1749102345361 0.4402 526
1749102355824 0.4404 527
1749102366707 0.4404 528
1749102377376 0.441 529
1749102387730 0.4406 530
1749102399148 0.4402 531
1749102410945 0.4402 532
1749102423308 0.4404 533
1749102433608 0.4404 534
1749102445456 0.4406 535
1749102455690 0.4406 536
1749102467172 0.4402 537
1749102479211 0.44 538
1749102490287 0.4404 539
1749102502524 0.44 540
1749102513727 0.4406 541
1749102523534 0.44 542
1749102533461 0.4402 543
1749102544631 0.4406 544
1749102556225 0.4398 545
1749102566231 0.4404 546
1749102576559 0.4404 547
1749102588026 0.4402 548
1749102599462 0.441 549
1749102610644 0.4404 550
1749102622511 0.4404 551
1749102632588 0.4406 552
1749102643553 0.4404 553
1749102656646 0.4404 554
1749102667621 0.4402 555
1749102678441 0.44 556
1749102690287 0.4402 557
1749102700075 0.44 558
1749102711700 0.44 559
1749102723548 0.4406 560
1749102733561 0.4404 561
1749102743648 0.4402 562
1749102755492 0.4402 563
1749102767085 0.4402 564
1749102777862 0.44 565
1749102789302 0.4402 566
1749102799612 0.4396 567
1749102811046 0.4404 568
1749102823090 0.4408 569
1749102834975 0.44 570
1749102846031 0.4402 571
1749102856402 0.4406 572
1749102866921 0.4402 573
1749102876716 0.44 574
1749102886555 0.4396 575
1749102898451 0.4402 576
1749102912394 0.4404 577
1749102923279 0.4406 578
1749102933606 0.4402 579
1749102943439 0.4402 580
1749102953691 0.4408 581
1749102965362 0.4402 582
1749102976152 0.4402 583
1749102986835 0.4398 584
1749102999272 0.4404 585
1749103009246 0.4402 586
1749103019559 0.4408 587
1749103029662 0.4404 588
1749103040493 0.4402 589
1749103053273 0.4404 590
1749103064399 0.4402 591
1749103074874 0.4408 592
1749103084803 0.44 593
1749103096202 0.44 594
1749103107380 0.4402 595
1749103117862 0.4398 596
1749103129196 0.4402 597
1749103140819 0.4402 598
1749103151369 0.4404 599
1749103161588 0.4402 600
1749103173305 0.4404 601
1749103183527 0.441 602
1749103194441 0.441 603
1749103205487 0.4406 604
1749103217004 0.4404 605
1749103229966 0.4404 606
1749103241126 0.4408 607
1749103253087 0.4404 608
1749103263193 0.4408 609
1749103273122 0.4402 610
1749103284711 0.4408 611
1749103296120 0.44 612
1749103306232 0.4402 613
1749103316140 0.4404 614
1749103328331 0.4404 615
1749103338551 0.4406 616
1749103349448 0.4406 617
1749103359762 0.44 618
1749103370407 0.44 619
1749103380649 0.4408 620
1749103391792 0.4404 621
1749103402284 0.4404 622
1749103412581 0.4402 623
1749103422906 0.4402 624
1749103434460 0.4402 625
1749103445678 0.4404 626
1749103457496 0.4398 627
1749103468400 0.4402 628
1749103479348 0.44 629
1749103489965 0.44 630
1749103500321 0.4402 631
1749103510745 0.44 632
1749103521886 0.4396 633
1749103533985 0.44 634
1749103544174 0.4404 635
1749103556581 0.4408 636
1749103568629 0.441 637
1749103579097 0.4402 638
1749103588962 0.441 639
1749103600226 0.4408 640
1749103610879 0.4408 641
1749103621044 0.4406 642
1749103630902 0.4406 643
1749103640753 0.4404 644
1749103650932 0.4404 645
1749103661192 0.4402 646
1749103672030 0.4402 647
1749103684099 0.4406 648
1749103695976 0.4408 649
1749103706670 0.4402 650
1749103716509 0.4404 651
1749103726381 0.44 652
1749103736742 0.4404 653
1749103748010 0.4402 654
1749103758378 0.4404 655
1749103769034 0.4406 656
1749103779227 0.4404 657
1749103791249 0.4404 658
1749103801506 0.4406 659
1749103812673 0.4398 660
1749103823343 0.4406 661
1749103833314 0.4404 662
1749103843476 0.4406 663
1749103853767 0.4402 664
1749103864556 0.4402 665
1749103876802 0.4402 666
1749103888709 0.4402 667
1749103900441 0.44 668
1749103911604 0.4402 669
1749103922227 0.4408 670
1749103933240 0.441 671
1749103945281 0.4402 672
1749103956088 0.4404 673
1749103966369 0.441 674
1749103976221 0.4404 675
1749103986085 0.4398 676
1749103996008 0.4406 677
1749104006581 0.4408 678
1749104017512 0.4404 679
1749104029147 0.4404 680
1749104040463 0.44 681
1749104051600 0.4398 682
1749104062960 0.4402 683
1749104074321 0.4404 684
1749104084217 0.4404 685
1749104095962 0.4406 686
1749104105858 0.44 687
1749104116812 0.4402 688
1749104126884 0.4404 689
1749104138161 0.4404 690
1749104149721 0.4404 691
1749104159744 0.441 692
1749104171126 0.4412 693
1749104181767 0.44 694
1749104192826 0.4404 695
1749104202693 0.441 696
1749104213246 0.4402 697
1749104227371 0.4406 698
1749104238156 0.4402 699
1749104249393 0.4408 700
1749104261323 0.4394 701
1749104272885 0.4404 702
1749104284260 0.4404 703
1749104295949 0.4402 704
1749104306284 0.4414 705
1749104318019 0.44 706
1749104329548 0.4404 707
1749104339410 0.4404 708
1749104349894 0.4398 709
1749104361836 0.4404 710
1749104372615 0.4408 711
1749104382708 0.44 712
1749104393300 0.441 713
1749104403761 0.4406 714
1749104415031 0.441 715
1749104425441 0.4404 716
1749104437319 0.4408 717
1749104451452 0.4406 718
1749104462102 0.4406 719
1749104473661 0.44 720
1749104485017 0.4402 721
1749104494926 0.4402 722
1749104506316 0.4406 723
1749104518298 0.441 724
1749104530226 0.4402 725
1749104542289 0.4406 726
1749104552885 0.4404 727
1749104564876 0.4404 728
1749104577031 0.4404 729
1749104587701 0.4406 730
1749104600665 0.4402 731
1749104610566 0.4406 732
1749104622268 0.4404 733
1749104633152 0.4404 734
1749104643983 0.4404 735
1749104654385 0.44 736
1749104665078 0.4402 737
1749104676142 0.4404 738
1749104688134 0.4404 739
1749104699107 0.4402 740
1749104708979 0.4406 741
1749104721501 0.4398 742
1749104732165 0.4398 743
1749104742049 0.4398 744
1749104754873 0.4398 745
1749104765095 0.4406 746
1749104775602 0.44 747
1749104785998 0.4402 748
1749104797470 0.4402 749
1749104809372 0.44 750
1749104819855 0.4406 751
1749104830051 0.4404 752
1749104840130 0.4404 753
1749104851274 0.4406 754
1749104861364 0.4398 755
1749104871657 0.4404 756
1749104882046 0.4404 757
1749104892674 0.44 758
1749104905974 0.4404 759
1749104918474 0.4402 760
1749104930698 0.4406 761
1749104942447 0.441 762
1749104955131 0.4408 763
1749104965858 0.4412 764
1749104978154 0.4408 765
1749104988382 0.4414 766
1749104999420 0.44 767
1749105009554 0.4402 768
1749105021753 0.4406 769
1749105034126 0.441 770
1749105046229 0.4402 771
1749105056247 0.4402 772
1749105066451 0.4404 773
1749105077206 0.441 774
1749105088195 0.4402 775
1749105099172 0.4404 776
1749105112083 0.4404 777
1749105122409 0.4412 778
1749105132419 0.441 779
1749105144714 0.441 780
1749105155555 0.4404 781
1749105166096 0.4404 782
1749105178981 0.4408 783
1749105189298 0.4406 784
1749105201385 0.4404 785
1749105211800 0.44 786
1749105221797 0.4404 787
1749105234301 0.4408 788
1749105245443 0.4408 789
1749105255583 0.4402 790
1749105266717 0.4408 791
1749105277412 0.4404 792
1749105288720 0.44 793
1749105301151 0.44 794
1749105311393 0.4408 795
1749105322930 0.4404 796
1749105334156 0.4398 797
1749105345300 0.4402 798
1749105359061 0.4404 799
1749105370023 0.4406 800
1749105380636 0.4404 801
1749105390891 0.4406 802
1749105402633 0.4402 803
1749105413342 0.4402 804
1749105426620 0.4402 805
1749105437528 0.4406 806
1749105448947 0.4404 807
1749105460979 0.4406 808
1749105472793 0.441 809
1749105483238 0.4406 810
1749105495154 0.4408 811
1749105507175 0.4398 812
1749105517518 0.4408 813
1749105529153 0.4402 814
1749105542127 0.4408 815
1749105554466 0.4402 816
1749105566065 0.4404 817
1749105576915 0.4402 818
1749105588422 0.4412 819
1749105599079 0.4404 820
1749105609806 0.441 821
1749105620637 0.4404 822
1749105631336 0.441 823
1749105641764 0.4404 824
1749105651715 0.4404 825
1749105661865 0.4404 826
1749105673099 0.4404 827
1749105685108 0.4404 828
1749105698040 0.4408 829
1749105708830 0.4402 830
1749105719417 0.4404 831
1749105729866 0.4408 832
1749105740038 0.4398 833
1749105751607 0.4404 834
1749105763850 0.4408 835
1749105774919 0.4406 836
1749105785830 0.4402 837
1749105795970 0.4406 838
1749105806482 0.4408 839
1749105819600 0.4402 840
1749105831215 0.441 841
1749105841774 0.4406 842
1749105852157 0.4408 843
1749105862176 0.441 844
1749105872450 0.4402 845
1749105882545 0.4404 846
1749105892896 0.4404 847
1749105903645 0.4406 848
1749105914812 0.4402 849
1749105925180 0.4404 850
1749105935230 0.4404 851
1749105945264 0.4408 852
1749105957003 0.4408 853
1749105969510 0.4404 854
1749105979987 0.441 855
1749105990775 0.441 856
1749106002691 0.44 857
1749106013607 0.4404 858
1749106024485 0.44 859
1749106034441 0.4404 860
1749106045347 0.4408 861
1749106057507 0.4406 862
1749106068453 0.4406 863
1749106081520 0.4404 864
1749106093409 0.4404 865
1749106104413 0.4398 866
1749106116717 0.4404 867
1749106128034 0.4404 868
1749106138238 0.4408 869
1749106149691 0.4408 870
1749106159773 0.4406 871
1749106172249 0.4404 872
1749106184315 0.441 873
1749106196571 0.4408 874
1749106207512 0.4408 875
1749106219457 0.4406 876
1749106229797 0.4408 877
1749106242096 0.4406 878
1749106254211 0.4404 879
1749106266493 0.4402 880
1749106276514 0.441 881
1749106287297 0.4402 882
1749106299012 0.4404 883
1749106309220 0.4404 884
1749106320873 0.4404 885
1749106333532 0.4404 886
1749106344542 0.441 887
1749106355333 0.4408 888
1749106366664 0.4402 889
1749106376891 0.4404 890
1749106387800 0.4404 891
1749106398232 0.4404 892
1749106410468 0.441 893
1749106421965 0.4404 894
1749106434310 0.4402 895
1749106447251 0.4406 896
1749106457307 0.4398 897
1749106468996 0.4404 898
1749106481280 0.4408 899
1749106493972 0.4406 900
1749106506130 0.4402 901
1749106519857 0.44 902
1749106530727 0.4404 903
1749106543546 0.4402 904
1749106554730 0.4404 905
1749106566764 0.4408 906
1749106579028 0.4408 907
1749106589403 0.441 908
1749106599421 0.4408 909
1749106611104 0.4404 910
1749106621897 0.4408 911
1749106631916 0.4408 912
1749106642308 0.4402 913
1749106652819 0.44 914
1749106663868 0.4402 915
1749106676897 0.44 916
1749106687693 0.441 917
1749106699033 0.44 918
1749106710379 0.44 919
1749106721123 0.44 920
1749106732600 0.4404 921
1749106742740 0.4404 922
1749106753389 0.4412 923
1749106763832 0.4404 924
1749106775544 0.4408 925
1749106788362 0.4404 926
1749106798295 0.4406 927
1749106808322 0.4406 928
1749106818991 0.4408 929
1749106829756 0.4404 930
1749106840142 0.4398 931
1749106850178 0.44 932
1749106861077 0.4406 933
1749106872082 0.441 934
1749106882537 0.4406 935
1749106893264 0.4404 936
1749106905229 0.4404 937
1749106917755 0.441 938
1749106929694 0.44 939
1749106941022 0.4402 940
1749106952566 0.4402 941
1749106962847 0.4408 942
1749106974425 0.4402 943
1749106986179 0.441 944
1749106998269 0.4406 945
1749107009597 0.4402 946
1749107020045 0.44 947
1749107033479 0.4402 948
1749107045124 0.4402 949
1749107056151 0.44 950
1749107066097 0.4404 951
1749107076774 0.4408 952
1749107088013 0.4412 953
1749107099070 0.4408 954
1749107110192 0.4402 955
1749107121929 0.4404 956
1749107133303 0.44 957
1749107143588 0.44 958
1749107156519 0.4406 959
1749107166975 0.4408 960
1749107178181 0.4402 961
1749107189055 0.44 962
1749107199839 0.44 963
1749107210003 0.4406 964
1749107221875 0.4402 965
1749107234221 0.441 966
1749107244547 0.4402 967
1749107254575 0.4406 968
1749107264951 0.441 969
1749107275011 0.4406 970
1749107287852 0.4412 971
1749107298588 0.4408 972
1749107309784 0.4414 973
1749107319955 0.4404 974
1749107331124 0.4406 975
1749107341266 0.4408 976
1749107354551 0.4412 977
1749107364610 0.4412 978
1749107376551 0.4404 979
1749107387819 0.4408 980
1749107399096 0.441 981
1749107409161 0.4406 982
1749107421459 0.4406 983
1749107432416 0.4406 984
1749107444172 0.4406 985
1749107456513 0.4408 986
1749107467159 0.4408 987
1749107477368 0.4408 988
1749107489868 0.44 989
1749107501033 0.4406 990
1749107511531 0.4404 991
1749107523844 0.4404 992
1749107535923 0.4406 993
1749107546977 0.4408 994
1749107557884 0.4404 995
1749107567846 0.4404 996
1749107577956 0.4408 997
1749107590158 0.4398 998
1749107600362 0.4406 999
