1747297807209 0.104 0
1747298034852 0.0972 1
1747298257929 0.0974 2
1747298482317 0.109 3
1747298711637 0.1406 4
1747298942946 0.1576 5
1747299175390 0.1672 6
1747299409098 0.176 7
1747299642121 0.179 8
1747299875069 0.1822 9
1747300106778 0.1862 10
1747300336829 0.1858 11
1747300566960 0.1836 12
1747300798828 0.1818 13
1747301030112 0.1842 14
1747301261619 0.1866 15
1747301493628 0.1892 16
1747301725024 0.1912 17
1747301956847 0.1914 18
1747302188403 0.1932 19
1747302419061 0.193 20
1747302649534 0.1942 21
1747302880651 0.1996 22
1747303112793 0.2032 23
1747303344870 0.2086 24
1747303576946 0.2132 25
1747303809566 0.2154 26
1747304037840 0.2156 27
1747304264201 0.2182 28
