1751836541260 0.1088 0
1751838777422 0.259 1
1751841051131 0.3332 2
1751843378504 0.3644 3
1751845694236 0.3752 4
1751847915506 0.391 5
1751850167556 0.3744 6
1751852486798 0.4016 7
1751854816009 0.4128 8
1751857046856 0.4184 9
1751859308650 0.4286 10
1751861653390 0.43 11
1751864016286 0.4138 12
1751866338815 0.433 13
1751868582041 0.415 14
1751870860135 0.4366 15
1751873213267 0.4392 16
1751875579631 0.4364 17
1751877850293 0.449 18
1751880097168 0.4318 19
1751882386406 0.442 20
1751884713037 0.4516 21
1751887066284 0.398 22
1751889429320 0.4486 23
1751891751976 0.45 24
1751894001815 0.452 25
1751896290600 0.4482 26
1751898771195 0.4254 27
1751901137835 0.4448 28
1751903384888 0.4564 29
1751905661200 0.4566 30
1751907930285 0.4572 31
