1750089354609 2.308837592601776 0
1750090188232 2.0384238928556444 1
1750091010726 1.949523177742958 2
1750091825614 1.917327269911766 3
1750092639753 1.8886936813592912 4
1750093456581 1.864012885093689 5
1750094279237 1.845388650894165 6
1750095094620 1.8279085040092469 7
1750095912680 1.8088499933481217 8
1750096730902 1.7933888167142868 9
1750097556615 1.8860494911670684 10
1750098365802 1.7737017542123794 11
1750099187561 1.7578471541404723 12
1750100007215 1.7465445667505264 13
1750100832031 1.7423664510250092 14
1750101657506 1.7170904189348222 15
1750102483346 1.6973497241735458 16
1750103309426 1.8355947196483613 17
1750104127636 1.7272148162126542 18
1750104952340 1.7221904635429381 19
1750105773016 1.6761230677366257 20
1750106600268 1.6872909396886826 21
1750107427270 1.661920240521431 22
1750108254434 1.6830828040838242 23
1750109078599 1.6606818050146104 24
1750109905758 1.6180347740650176 25
1750110731316 1.6702266424894332 26
1750111555897 1.6284047096967698 27
1750112383502 1.7900765985250473 28
1750113205891 1.653446525335312 29
1750114032146 1.628964188694954 30
1750114860018 1.5786960512399673 31
1750115684918 1.618539535999298 32
1750116511829 1.6523670196533202 33
1750117335699 1.6749460846185684 34
1750118159457 1.735872170329094 35
1750118984043 1.5775365591049195 36
1750119812753 1.5575157821178436 37
1750120642095 1.5554655104875565 38
1750121469558 1.5453062325716018 39
1750122297854 1.7054963141679764 40
1750123127944 1.6276588171720505 41
1750123959549 1.5673066794872283 42
1750124789408 1.617661726474762 43
1750125615821 1.5248131096363067 44
1750126445888 1.5128858864307404 45
1750127276486 1.5333436340093614 46
1750128107770 1.5309731513261795 47
1750128935265 1.6322779655456543 48
1750129764785 1.573246005177498 49
1750130597623 1.526093101501465 50
1750131429226 1.522527277469635 51
1750132255463 1.4929554492235184 52
1750133083799 1.4864633888006211 53
1750133917594 1.4884049832820891 54
1750134746159 1.4871186792850495 55
1750135575755 1.4821143120527267 56
1750136405584 1.479506891965866 57
1750137237063 1.477561703324318 58
1750138065791 1.4758572280406952 59
1750138898669 1.4750036150217056 60
1750139730149 1.472256961464882 61
1750140563791 1.4715837687253952 62
1750141394331 1.4706471621990205 63
1750142225751 1.4715519458055497 64
1750143056514 1.4686114698648454 65
1750143892132 1.4705453246831894 66
1750144721875 1.4669637620449065 67
1750145552460 1.464095875620842 68
1750146384283 1.4799685031175613 69
1750147219572 1.4621223390102387 70
1750148048593 1.4606199532747268 71
1750148880118 1.4637397617101668 72
1750149707664 1.5990541398525238 73
1750150537745 1.4718965321779252 74
1750151371624 1.4922404885292053 75
1750152201022 1.4674497544765472 76
1750153031797 1.466516014933586 77
1750153861144 1.4554558783769607 78
1750154692857 1.4548592180013658 79
1750155526739 1.4529180645942688 80
1750156361482 1.4501286774873734 81
1750157197069 1.449048537015915 82
1750158032392 1.446591392159462 83
1750158863350 1.448336437344551 84
1750159693093 1.4462535321712493 85
1750160524488 1.4454857736825943 86
1750161357743 1.4448221981525422 87
1750162189302 1.444506624341011 88
1750163019949 1.4435198962688447 89
1750163854382 1.4419667303562165 90
1750164687162 1.4426056504249574 91
1750165519031 1.442124715447426 92
1750166351354 1.4403944492340088 93
1750167183540 1.4431185394525528 94
1750168014762 1.4413840353488923 95
1750168847410 1.4388252526521683 96
1750169679337 1.4388102561235427 97
1750170510408 1.4369076013565063 98
1750171343244 1.4368179053068162 99
