1747889752937 2.072449814189564 0
1747889974766 2.085443475029685 1
1747890199342 2.047480973330411 2
1747890423945 2.0477545911615547 3
1747890649444 2.042699770493941 4
1747890875256 2.037221821871671 5
1747891101322 2.0305452563545923 6
1747891326480 2.008402455936779 7
1747891551054 2.004765261303295 8
1747891776255 1.9976804581555454 9
1747892003361 1.9922693534330889 10
1747892229928 1.975274454463612 11
1747892456927 1.9712874564257534 12
1747892683297 1.971430615945296 13
1747892908608 1.9675700231031938 14
1747893135294 1.962592363357544 15
1747893363750 1.9626181667501277 16
1747893594000 1.9577283534136685 17
1747893836329 1.9555243362079968 18
1747894065837 1.9553399085998535 19
1747894295580 1.9494775316931985 20
1747894523851 1.9480141401290894 21
1747894751614 1.9463335167277942 22
1747894980961 1.9427384354851462 23
1747895209652 1.9413000453602185 24
1747895438259 1.9386657368053088 25
1747895667812 1.9368249503048984 26
1747895896977 1.9344339695843784 27
1747896125951 1.9327052614905618 28
1747896355950 1.9308257753198796 29
1747896586353 1.928595868023959 30
1747896816456 1.9267616922205144 31
1747897046456 1.9249199520457874 32
1747897275994 1.9231775348836726 33
1747897506077 1.9218105186115613 34
1747897736174 1.9209046797318892 35
1747897965227 1.9192743518135764 36
1747898195128 1.9171816977587612 37
1747898424717 1.9145096323706887 38
1747898651900 1.9122101176868787 39
1747898877438 1.9108221530914307 40
1747899099677 1.909909183328802 41
1747899323777 1.9091153253208508 42
1747899547600 1.9072701930999756 43
1747899772359 1.9054286588322034 44
1747899997027 1.9036688587882302 45
1747900218847 1.9021034240722656 46
1747900440368 1.9005911350250244 47
1747900662007 1.899095286022533 48
1747900884469 1.8977520249106667 49
1747901107019 1.896469463001598 50
1747901329261 1.8956117304888638 51
1747901553943 1.8959181850606746 52
1747901778557 1.8960288654674182 53
1747902002842 1.8929659019817004 54
1747902227601 1.8905473405664617 55
1747902455484 1.8899841742082075 56
1747902683390 1.8902900652451948 57
1747902911568 1.889652057127519 58
1747903139632 1.886523875323209 59
1747903367141 1.8843705654144287 60
1747903596109 1.8838979656046086 61
1747903825194 1.884199239990928 62
1747904053600 1.882981462912126 63
1747904280299 1.880386937748302 64
1747904535148 1.8798806017095393 65
1747904762875 1.880297595804388 66
1747904989847 1.8783975514498623 67
1747905217511 1.876635193824768 68
1747905446498 1.8765640258789062 69
1747905672725 1.8767790360884233 70
1747905899125 1.8764652772383257 71
1747906125791 1.8732073307037354 72
1747906352976 1.8716998317024924 73
1747906580393 1.8718056245283647 74
1747906808246 1.8701315142891624 75
1747907036348 1.8685379461808638 76
1747907264589 1.8679981448433616 77
1747907493781 1.8682368343526667 78
1747907722853 1.8675009662454778 79
1747907951062 1.8665123202584006 80
1747908178941 1.8661270141601562 81
1747908406546 1.8646445274353027 82
1747908633716 1.8628739443692295 83
1747908861683 1.8614597970789128 84
1747909089021 1.8610078638250178 85
1747909316607 1.8606351180510088 86
1747909544346 1.8604396690021863 87
1747909771399 1.860803333195773 88
1747909998918 1.860433892770247 89
1747910227039 1.8598646575754338 90
1747910453046 1.8572223078120838 91
1747910679600 1.8554953011599453 92
1747910906355 1.8557335246693005 93
1747911133941 1.8567692041397095 94
1747911361170 1.8566029505296187 95
1747911588162 1.8534348011016846 96
1747911815023 1.8517630208622327 97
1747912041829 1.851722944866527 98
1747912269281 1.8523128682916814 99
1747912495950 1.8522981080141934 100
1747912724051 1.8502259037711404 101
1747912952900 1.8484877347946167 102
1747913181806 1.847607439214533 103
1747913410310 1.8467517549341375 104
1747913639350 1.8459556969729336 105
1747913868368 1.8452691056511619 106
1747914097351 1.8452140309593894 107
1747914326433 1.8460835977034136 108
1747914554968 1.846990552815524 109
1747914782894 1.8446257764642888 110
1747915011065 1.84222103248943 111
1747915239596 1.8409849838777022 112
1747915466898 1.8410199230367488 113
1747915693993 1.8412645079872825 114
1747915921704 1.841892047361894 115
1747916176661 1.8417543714696711 116
1747916406288 1.8386971300298518 117
1747916635751 1.837016842582009 118
1747916863751 1.8365532918409868 119
1747917092164 1.8370836106213657 120
1747917321367 1.8380165316841819 121
1747917549710 1.8377663764086636 122
1747917778640 1.835844267498363 123
1747918007269 1.832968072457747 124
1747918237347 1.832006486979398 125
1747918466336 1.8324103572151877 126
1747918695286 1.8337845693935046 127
1747918923932 1.8336549563841387 128
1747919152110 1.830426194451072 129
1747919379651 1.8292184634642168 130
1747919605646 1.8298294435847888 131
1747919832058 1.83081684329293 132
1747920059074 1.8297063437375156 133
1747920284995 1.8268372470682317 134
1747920511232 1.8268933729691939 135
1747920755856 1.8273889368230647 136
1747920982306 1.8263358853080056 137
1747921208957 1.8245527961037376 138
1747921437473 1.8228325952183118 139
1747921667134 1.8221218585968018 140
1747921896628 1.8221193010156804 141
1747922126021 1.8222369389100508 142
1747922353661 1.821704788641496 143
1747922608401 1.819953365759416 144
1747922836765 1.818183096972379 145
1747923065563 1.8168882456692783 146
1747923294392 1.8167396892200818 147
1747923522690 1.8180041963403875 148
1747923751510 1.8187437816099687 149
1747923980296 1.8177155364643445 150
1747924207833 1.814498175274242 151
1747924435073 1.8128339377316562 152
1747924664177 1.8128038428046487 153
1747924891430 1.811899271878329 154
1747925119160 1.8112614913420244 155
1747925346765 1.811378088864413 156
1747925596521 1.812856446612965 157
1747925823888 1.8138588666915894 158
1747926054821 1.8115156455473467 159
1747926322179 1.8079987330870195 160
1747926581648 1.8094850019975142 161
1747926822261 1.8070453513752331 162
1747927063178 1.807847716591575 163
1747927303485 1.8059277534484863 164
1747927543081 1.8063605156811802 165
1747927783753 1.8048100579868664 166
1747928024909 1.8050418225201694 167
1747928265887 1.8037883043289185 168
1747928506973 1.8038015473972668 169
1747928748076 1.80273606560447 170
1747928988124 1.8026355396617542 171
1747929228364 1.8017974116585471 172
1747929469615 1.8015031272714788 173
1747929710834 1.8008765957572244 174
1747929953658 1.8003322969783435 175
1747930195782 1.799980022690513 176
1747930438943 1.7992343469099565 177
1747930681998 1.7990529212084683 178
1747930924612 1.7982018752531572 179
1747931167172 1.7980556704781272 180
1747931410207 1.797338073903864 181
1747931652773 1.7969401316209273 182
1747931895622 1.7964841452511875 183
1747932138351 1.7959112145683982 184
1747932380826 1.7955482439561323 185
1747932623881 1.794952392578125 186
1747932909949 1.7945028326728127 187
1747933224391 1.7940486561168323 188
1747933541069 1.7934420867399736 189
1747933857559 1.7930275743657893 190
1747934174936 1.7924991846084595 191
1747934510624 1.7918906103480945 192
1747934839504 1.7914973063902422 193
1747935167635 1.7909158684990623 194
1747935497856 1.7904015129262751 195
1747935826985 1.7898908311670476 196
1747936152938 1.7893407995050603 197
1747936481079 1.7887696894732388 198
1747936807881 1.788285417990251 199
1747937137083 1.7877593690698796 200
1747937463740 1.787144888531078 201
1747937792675 1.7866186987270007 202
1747938142488 1.7861093499443748 203
1747938471284 1.7855757474899292 204
1747938798372 1.7849746183915571 205
1747939126042 1.7843808694319292 206
1747939454827 1.7838389548388394 207
1747939782246 1.7832719412716953 208
1747940109316 1.7827116467735984 209
1747940438585 1.7821291359988125 210
1747940767251 1.7815480665727095 211
1747941093942 1.7809188474308362 212
1747941421293 1.7803053639151833 213
1747941750484 1.7796872854232788 214
1747942078043 1.7790637666528875 215
1747942405504 1.7784144444899126 216
1747942733082 1.7778356617147273 217
1747943062255 1.7772506367076526 218
1747943390271 1.7765937610106035 219
1747943717870 1.7759283022447065 220
1747944044893 1.7753035805442117 221
1747944373415 1.7746585607528687 222
1747944701642 1.7740891846743496 223
1747945030078 1.7737808552655308 224
1747945358659 1.7748291384090076 225
1747945702447 1.7808469100431963 226
1747946028645 1.7831985408609563 227
1747946355282 1.7820309617302634 228
1747946682403 1.7933944788846103 229
1747947008076 1.7825099446556785 230
1747947333915 1.7850473902442239 231
1747947659823 1.7835980437018655 232
1747947986267 1.7804012081839822 233
1747948311774 1.7803491895849055 234
1747948637607 1.7768654064698652 235
1747948964661 1.7767091339284724 236
1747949292261 1.775122967633334 237
1747949618209 1.7743930491534146 238
1747949943185 1.7744842876087537 239
1747950269465 1.7734953165054321 240
1747950594904 1.7726288600401445 241
1747950920637 1.7726178602738814 242
1747951246422 1.7724889300086282 243
1747951571892 1.772155143997886 244
1747951897254 1.7718154191970825 245
1747952223370 1.7716323354027488 246
1747952549228 1.7715200836008245 247
1747952875294 1.771416100588712 248
1747953202451 1.7713154445994983 249
1747953533243 1.7711988254026934 250
1747953859701 1.771093325181441 251
1747954186543 1.7710523280230435 252
1747954512407 1.7710002227263018 253
1747954838948 1.770940368825739 254
1747955165183 1.7708785750649192 255
1747955490629 1.7708035165613347 256
1747955817243 1.770707130432129 257
1747956142811 1.770721966570074 258
1747956468266 1.7707011266188188 259
1747956794380 1.770651643926447 260
1747957118568 1.7706689617850564 261
1747957443072 1.770654710856351 262
1747957766771 1.770612359046936 263
1747958091346 1.7706454667178066 264
1747958414641 1.770613962953741 265
1747958739596 1.7705793380737305 266
1747959062449 1.7706186879764905 267
1747959387006 1.7705587582154707 268
1747959711392 1.770587975328619 269
1747960034059 1.770568479191173 270
1747960357830 1.7705374522642656 271
1747960682223 1.7705557888204402 272
1747961006120 1.7705484953793613 273
1747961331040 1.770555702122775 274
1747961658035 1.7705498825420032 275
1747961985341 1.77054640379819 276
1747962312830 1.770564697005532 277
1747962639738 1.7705592567270452 278
1747962967295 1.7705585089596836 279
1747963295431 1.7705473791469226 280
1747963621101 1.7705982273275203 281
1747963948803 1.770584301515059 282
1747964277111 1.7705579996109009 283
1747964604886 1.7705918767235496 284
1747964932575 1.7705969268625432 285
1747965258598 1.7705864906311035 286
1747965585578 1.770585146817294 287
1747965911455 1.7706113295121626 288
1747966237141 1.7706085443496704 289
1747966563636 1.7706356265328147 290
1747966889882 1.7706271084872158 291
1747967217655 1.7706472223455256 292
1747967545932 1.7705993002111262 293
1747967874529 1.7706257538361982 294
1747968199533 1.7706120664423162 295
1747968523429 1.7706306847659024 296
1747968847742 1.770642107183283 297
1747969172798 1.7706266641616821 298
1747969497478 1.7706522074612705 299
1747969821414 1.7706534212285823 300
1747970144653 1.77070613340898 301
1747970468152 1.7706985798749058 302
1747970792197 1.7707187695936724 303
1747971116485 1.7707039768045598 304
1747971439900 1.7707441720095547 305
1747971762557 1.770772012797269 306
1747972084061 1.7707673527977683 307
1747972403714 1.770850885998119 308
1747972725712 1.770855264230208 309
1747973049277 1.7708376429297707 310
1747973371918 1.770856662230058 311
1747973694993 1.7708455866033381 312
1747974019287 1.7708720835772427 313
1747974342840 1.7708914063193582 314
1747974666456 1.7708620591597124 315
1747974990700 1.7708724737167358 316
1747975313857 1.7708750421350652 317
1747975636429 1.770893476226113 318
