1749093589923 0.1042 0
1749093639350 0.2038 19
1749093688721 0.2114 38
1749093804457 0.1356 40
1749093853542 0.235 59
1749093903126 0.2592 78
1749094018697 0.165 80
1749094068680 0.2558 99
1749094118746 0.2836 118
1749094234885 0.1598 120
1749094284922 0.2752 139
1749094335179 0.2874 158
1749094451089 0.1688 160
1749094501140 0.2814 179
1749094551425 0.291 198
1749094668267 0.181 200
1749094718781 0.2902 219
1749094769966 0.2912 238
1749094887191 0.1888 240
1749094938103 0.2914 259
1749094989322 0.2918 278
1749095108120 0.201 280
1749095159153 0.297 299
1749095209628 0.2988 318
1749095326948 0.2056 320
1749095378194 0.2958 339
1749095428902 0.3028 358
1749095547900 0.2062 360
1749095599555 0.298 379
1749095651118 0.3044 398
1749095769708 0.2076 400
1749095820576 0.3054 419
1749095870703 0.3054 438
1749095988902 0.2094 440
1749096038941 0.3018 459
1749096089079 0.3072 478
1749096214001 0.2132 480
1749096283946 0.3032 499
1749096353739 0.3086 518
1749096516291 0.218 520
1749096586562 0.3042 539
1749096656059 0.3136 558
1749096819203 0.2186 560
1749096889213 0.3052 579
1749096959221 0.317 598
1749097122254 0.2218 600
1749097192303 0.314 619
1749097261451 0.32 638
1749097424888 0.2222 640
1749097494151 0.3172 659
1749097563890 0.3216 678
1749097725234 0.2426 680
1749097795442 0.315 699
1749097865376 0.3186 718
1749098030019 0.2598 720
1749098099883 0.316 739
1749098170605 0.3204 758
1749098333883 0.271 760
1749098404055 0.3168 779
1749098474229 0.323 798
1749098637905 0.2324 800
1749098708243 0.3186 819
1749098778161 0.3232 838
1749098942144 0.217 840
1749099012463 0.3252 859
1749099083270 0.3252 878
1749099247902 0.22 880
1749099318500 0.3252 899
1749099389272 0.3254 918
1749099552324 0.2206 920
1749099622564 0.326 939
1749099693412 0.3236 958
1749099857758 0.221 960
1749099928545 0.3298 979
1749099999300 0.3298 998
1749100163735 0.2264 1000
1749100234388 0.3292 1019
1749100304190 0.3316 1038
1749100469355 0.248 1040
1749100540092 0.3278 1059
1749100611055 0.3272 1078
1749100776370 0.2562 1080
1749100847636 0.3262 1099
1749100918365 0.3308 1118
1749101084156 0.255 1120
1749101154382 0.3286 1139
1749101225290 0.33 1158
1749101389919 0.242 1160
1749101460468 0.3346 1179
1749101530592 0.3366 1198
1749101696838 0.245 1200
1749101767446 0.336 1219
1749101838447 0.3366 1238
1749102003483 0.2438 1240
1749102074304 0.33 1259
1749102144390 0.3392 1278
1749102308884 0.263 1280
1749102379719 0.334 1299
1749102450202 0.3404 1318
1749102614241 0.2734 1320
1749102685274 0.3402 1339
1749102755728 0.3456 1358
1749102918555 0.2652 1360
1749102989045 0.3342 1379
1749103059086 0.3466 1398
1749103224774 0.242 1400
1749103294853 0.3372 1419
1749103365671 0.3454 1438
1749103530509 0.2444 1440
1749103601321 0.3418 1459
1749103671539 0.345 1478
1749103836375 0.2518 1480
1749103907409 0.3446 1499
1749103978407 0.344 1518
1749104143254 0.2498 1520
1749104213893 0.345 1539
1749104284831 0.3468 1558
1749104449792 0.259 1560
1749104520130 0.3496 1579
1749104591053 0.3488 1598
1749104755968 0.2594 1600
1749104826823 0.3494 1619
1749104897908 0.3492 1638
1749105063625 0.2582 1640
1749105134837 0.3508 1659
1749105205150 0.3534 1678
1749105370780 0.2486 1680
1749105441152 0.35 1699
1749105512009 0.3558 1718
1749105677207 0.251 1720
1749105748550 0.3518 1739
1749105819150 0.3564 1758
1749105985449 0.2398 1760
1749106056217 0.3488 1779
1749106126786 0.3526 1798
1749106292952 0.2198 1800
1749106363221 0.3404 1819
1749106433987 0.3488 1838
1749106599588 0.2106 1840
1749106670353 0.3376 1859
1749106741478 0.3464 1878
1749106907476 0.2088 1880
1749106978560 0.3382 1899
1749107048553 0.3448 1918
1749107214557 0.212 1920
1749107285754 0.3418 1939
1749107356582 0.3504 1958
1749107519693 0.227 1960
1749107589765 0.3474 1979
1749107659347 0.3556 1998
1749107823615 0.2436 2000
1749107893602 0.3492 2019
1749107963635 0.3584 2038
1749108126847 0.2342 2040
1749108196931 0.3524 2059
1749108266291 0.3528 2078
1749108429579 0.2158 2080
1749108499647 0.3452 2099
1749108569385 0.351 2118
1749108732500 0.2176 2120
1749108802328 0.3478 2139
1749108871452 0.3522 2158
1749109034023 0.2146 2160
1749109103881 0.3476 2179
1749109172992 0.3544 2198
1749109336631 0.2104 2200
1749109406424 0.3484 2219
1749109476619 0.3532 2238
1749109641799 0.2118 2240
1749109711606 0.3516 2259
1749109781889 0.3564 2278
1749109945042 0.2208 2280
1749110014037 0.3576 2299
1749110084086 0.3608 2318
1749110247396 0.2252 2320
1749110317398 0.359 2339
1749110386883 0.3582 2358
1749110551792 0.2038 2360
1749110621405 0.354 2379
1749110690797 0.358 2398
1749110855703 0.1996 2400
1749110925390 0.3566 2419
1749110994915 0.3594 2438
1749111159172 0.2006 2440
1749111229294 0.357 2459
1749111300124 0.36 2478
1749111463754 0.1984 2480
1749111534015 0.358 2499
1749111604103 0.3594 2518
1749111767718 0.19 2520
1749111836524 0.345 2539
1749111906440 0.3646 2558
1749112071378 0.1926 2560
1749112140887 0.355 2579
1749112210526 0.3604 2598
1749112373804 0.2028 2600
1749112444195 0.359 2619
1749112514136 0.366 2638
1749112679522 0.2 2640
1749112749563 0.3646 2659
1749112819034 0.3644 2678
1749112982829 0.1988 2680
1749113052568 0.3654 2699
1749113122152 0.3676 2718
1749113285742 0.2166 2720
1749113355468 0.367 2739
1749113425186 0.3688 2758
1749113588341 0.2146 2760
1749113657846 0.3712 2779
1749113726712 0.3686 2798
1749113890510 0.1934 2800
1749113959750 0.3486 2819
1749114029611 0.3662 2838
1749114195316 0.239 2840
1749114264972 0.3628 2859
1749114334775 0.3704 2878
1749114497652 0.2218 2880
1749114567065 0.3702 2899
1749114636667 0.3702 2918
1749114801608 0.2388 2920
1749114870369 0.3704 2939
1749114939956 0.3684 2958
1749115103387 0.2256 2960
1749115173083 0.3718 2979
1749115242128 0.3686 2998
1749115406283 0.2482 3000
1749115475989 0.3688 3019
1749115545769 0.3666 3038
1749115708314 0.2052 3040
1749115777861 0.3596 3059
1749115847035 0.368 3078
1749116011563 0.2516 3080
1749116080853 0.3658 3099
1749116149658 0.3664 3118
1749116313465 0.1574 3120
1749116382310 0.3262 3139
1749116452196 0.3538 3158
1749116616447 0.2508 3160
1749116685506 0.3732 3179
1749116755015 0.3724 3198
1749116917594 0.1398 3200
1749116987312 0.2852 3219
1749117056275 0.3224 3238
1749117220995 0.2082 3240
1749117290606 0.3694 3259
1749117359685 0.3774 3278
1749117523208 0.1456 3280
1749117592090 0.325 3299
1749117661468 0.3546 3318
1749117826513 0.1652 3320
1749117895521 0.3302 3339
1749117965124 0.3544 3358
1749118130286 0.2294 3360
1749118199257 0.3556 3379
1749118268922 0.383 3398
1749118431799 0.1352 3400
1749118501887 0.2618 3419
1749118571625 0.2804 3438
1749118736355 0.1728 3440
1749118806095 0.3126 3459
1749118875066 0.3432 3478
1749119040249 0.2106 3480
1749119109847 0.3734 3499
1749119178591 0.3818 3518
1749119342077 0.1334 3520
1749119411866 0.2668 3539
1749119482007 0.2816 3558
1749119647405 0.296 3560
1749119716644 0.3752 3579
1749119786497 0.3816 3598
1749119949004 0.128 3600
1749120018140 0.2682 3619
1749120088228 0.2944 3638
1749120253726 0.1278 3640
1749120324195 0.254 3659
1749120394476 0.2618 3678
1749120560405 0.2604 3680
1749120630710 0.367 3699
1749120700995 0.3728 3718
1749120865227 0.1306 3720
1749120934989 0.2544 3739
1749121005251 0.2606 3758
1749121171794 0.1286 3760
1749121241894 0.256 3779
1749121312248 0.2698 3798
1749121478253 0.2286 3800
1749121548998 0.3196 3819
1749121619679 0.356 3838
1749121784935 0.1298 3840
1749121855513 0.254 3859
1749121925527 0.2632 3878
1749122092753 0.2088 3880
1749122162796 0.3674 3899
1749122232354 0.3866 3918
1749122396800 0.1268 3920
1749122466148 0.25 3939
1749122536639 0.2516 3958
1749122702971 0.1978 3960
1749122772588 0.3242 3979
1749122842760 0.3514 3998
1749123007316 0.1432 4000
1749123077337 0.3064 4019
1749123147607 0.3288 4038
1749123313488 0.1346 4040
1749123383700 0.2602 4059
1749123453464 0.2842 4078
1749123619379 0.1808 4080
1749123689785 0.3814 4099
1749123759600 0.3818 4118
1749123923375 0.126 4120
1749123992935 0.2626 4139
1749124062903 0.288 4158
1749124228559 0.1878 4160
1749124298915 0.3626 4179
1749124368566 0.3736 4198
1749124534673 0.257 4200
1749124604292 0.372 4219
1749124674483 0.3878 4238
1749124839361 0.1314 4240
1749124909436 0.2764 4259
1749124979103 0.2974 4278
1749125145143 0.2412 4280
1749125215317 0.3752 4299
1749125284375 0.3808 4318
1749125448745 0.125 4320
1749125518765 0.2828 4339
1749125588854 0.2984 4358
1749125755032 0.1902 4360
1749125825033 0.3386 4379
1749125894335 0.3714 4398
1749126061065 0.2314 4400
1749126130437 0.3278 4419
1749126200385 0.3398 4438
1749126367053 0.1472 4440
1749126437556 0.2892 4459
1749126507627 0.3108 4478
1749126674586 0.2144 4480
1749126744706 0.305 4499
1749126814865 0.3258 4518
1749126979916 0.131 4520
1749127050416 0.2632 4539
1749127120108 0.2918 4558
1749127286491 0.1974 4560
1749127356446 0.3092 4579
1749127426580 0.3486 4598
1749127593508 0.1284 4600
1749127663391 0.2448 4619
1749127734110 0.2454 4638
1749127900913 0.2618 4640
1749127970707 0.381 4659
1749128041623 0.3868 4678
1749128207343 0.2432 4680
1749128277553 0.3832 4699
1749128348510 0.399 4718
1749128514220 0.1892 4720
1749128584510 0.3678 4739
1749128655208 0.4032 4758
1749128821422 0.182 4760
1749128892674 0.3682 4779
1749128962864 0.4034 4798
1749129127999 0.29 4800
1749129198862 0.3872 4819
1749129269887 0.408 4838
1749129436824 0.2772 4840
1749129508189 0.4048 4859
1749129579472 0.4032 4878
1749129745267 0.2302 4880
1749129815729 0.4094 4899
1749129885658 0.4076 4918
1749130048474 0.26 4920
1749130118369 0.4042 4939
1749130187851 0.4044 4958
1749130350655 0.3044 4960
1749130419885 0.404 4979
1749130489535 0.4046 4998
1749130652435 0.1962 5000
1749130722839 0.37 5019
1749130791871 0.4046 5038
1749130955117 0.2272 5040
1749131024961 0.3858 5059
1749131094057 0.4096 5078
1749131257361 0.311 5080
1749131326512 0.4082 5099
1749131396368 0.4106 5118
1749131560070 0.2524 5120
1749131629144 0.385 5139
1749131698896 0.401 5158
1749131866086 0.2604 5160
1749131935915 0.3916 5179
1749132006278 0.401 5198
1749132169120 0.2762 5200
1749132238252 0.3918 5219
1749132307902 0.405 5238
1749132471352 0.2734 5240
1749132540953 0.383 5259
1749132610001 0.4064 5278
1749132775535 0.2706 5280
1749132845925 0.3944 5299
1749132915404 0.4134 5318
1749133079908 0.273 5320
1749133148963 0.4104 5339
1749133218645 0.4116 5358
1749133382144 0.2604 5360
1749133452047 0.3968 5379
1749133521256 0.4152 5398
1749133685862 0.2618 5400
1749133756377 0.415 5419
1749133826155 0.4118 5438
1749133989508 0.2678 5440
1749134059122 0.4136 5459
1749134128770 0.4136 5478
1749134292710 0.3184 5480
1749134362594 0.4102 5499
1749134431657 0.4136 5518
1749134595930 0.3156 5520
1749134666456 0.411 5539
1749134735844 0.414 5558
1749134898736 0.2792 5560
1749134968550 0.3982 5579
1749135037617 0.4036 5598
1749135202938 0.2468 5600
1749135273170 0.4134 5619
1749135343809 0.4118 5638
1749135508051 0.246 5640
1749135577648 0.4118 5659
1749135647829 0.4178 5678
1749135812698 0.2584 5680
1749135883010 0.4196 5699
1749135952680 0.415 5718
1749136118646 0.2644 5720
1749136189666 0.4146 5739
1749136259420 0.4084 5758
1749136427679 0.2448 5760
1749136498743 0.414 5779
1749136570138 0.4194 5798
1749136735380 0.2418 5800
1749136805758 0.3792 5819
1749136875528 0.4072 5838
1749137039930 0.2468 5840
1749137110221 0.378 5859
1749137179876 0.4052 5878
1749137344178 0.256 5880
1749137413874 0.4182 5899
1749137484190 0.4164 5918
1749137648087 0.2684 5920
1749137717585 0.4096 5939
1749137787664 0.404 5958
1749137952353 0.2448 5960
1749138022209 0.4128 5979
1749138092638 0.4176 5998
1749138257011 0.2392 6000
1749138327181 0.3818 6019
1749138396815 0.4088 6038
1749138561867 0.2416 6040
1749138632183 0.4014 6059
1749138701998 0.412 6078
1749138867116 0.249 6080
1749138936954 0.4058 6099
1749139007120 0.4182 6118
1749139171144 0.2514 6120
1749139240918 0.4156 6139
1749139309987 0.419 6158
1749139473755 0.2416 6160
1749139543397 0.394 6179
1749139612596 0.4134 6198
1749139778255 0.2406 6200
1749139848134 0.3784 6219
1749139917361 0.4026 6238
1749140080825 0.2434 6240
1749140149617 0.4116 6259
1749140219042 0.419 6278
1749140383354 0.247 6280
1749140453046 0.4156 6299
1749140522146 0.4204 6318
1749140687252 0.2454 6320
1749140756414 0.4046 6339
1749140826291 0.4196 6358
1749140992058 0.2404 6360
1749141062092 0.4072 6379
1749141132727 0.4186 6398
1749141296929 0.2422 6400
1749141366817 0.4192 6419
1749141436042 0.4204 6438
1749141599917 0.2362 6440
1749141669587 0.4228 6459
1749141738562 0.4216 6478
1749141902998 0.2324 6480
1749141971913 0.4172 6499
1749142041573 0.4234 6518
1749142208321 0.2378 6520
1749142279372 0.4128 6539
1749142349615 0.4228 6558
1749142514220 0.2462 6560
1749142583329 0.412 6579
1749142652362 0.4198 6598
1749142816864 0.2392 6600
1749142885894 0.4148 6619
1749142955453 0.4256 6638
1749143120028 0.2392 6640
1749143189937 0.4112 6659
1749143259275 0.4252 6678
1749143422694 0.2568 6680
1749143492293 0.389 6699
1749143561267 0.414 6718
1749143726271 0.2382 6720
1749143795452 0.4162 6739
1749143865289 0.4214 6758
1749144028805 0.2302 6760
1749144098005 0.388 6779
1749144167865 0.414 6798
1749144332918 0.2388 6800
1749144402771 0.4142 6819
1749144471985 0.423 6838
1749144639263 0.2464 6840
1749144709988 0.4058 6859
1749144781054 0.406 6878
1749144945431 0.2446 6880
1749145014636 0.406 6899
1749145084264 0.407 6918
1749145248748 0.2758 6920
1749145318549 0.3868 6939
1749145387944 0.4126 6958
1749145553331 0.2692 6960
1749145622361 0.384 6979
1749145691979 0.4114 6998
1749145856660 0.2406 7000
1749145926313 0.4096 7019
1749145995266 0.4152 7038
1749146159329 0.2516 7040
1749146228319 0.3858 7059
1749146297781 0.4146 7078
1749146462612 0.2372 7080
1749146532502 0.4076 7099
1749146601808 0.4144 7118
1749146765291 0.2512 7120
1749146835051 0.3824 7139
1749146904116 0.4144 7158
1749147069684 0.256 7160
1749147138790 0.3802 7179
1749147208668 0.412 7198
1749147372914 0.2612 7200
1749147442169 0.379 7219
1749147512050 0.4098 7238
1749147675871 0.302 7240
1749147745581 0.4072 7259
1749147814547 0.4272 7278
1749147980255 0.2632 7280
1749148049633 0.381 7299
1749148119534 0.4108 7318
1749148284704 0.2898 7320
1749148354758 0.4218 7339
1749148423987 0.4262 7358
1749148589657 0.2338 7360
1749148658892 0.4056 7379
1749148728828 0.412 7398
1749148891226 0.2056 7400
1749148960889 0.4166 7419
1749149029796 0.4224 7438
1749149194492 0.2186 7440
1749149263780 0.4116 7459
1749149333412 0.4224 7478
1749149496978 0.2778 7480
1749149565951 0.4086 7499
1749149635445 0.4278 7518
1749149801130 0.2718 7520
1749149871351 0.3808 7539
1749149941001 0.4102 7558
1749150109119 0.2844 7560
1749150179405 0.4082 7579
1749150250444 0.4232 7598
1749150414459 0.2782 7600
1749150483601 0.4004 7619
1749150553373 0.4164 7638
1749150720440 0.2018 7640
1749150791329 0.4186 7659
1749150861611 0.4184 7678
1749151025861 0.1598 7680
1749151095834 0.3568 7699
1749151165235 0.396 7718
1749151330357 0.1952 7720
1749151400523 0.386 7739
1749151469739 0.4076 7758
1749151633214 0.1338 7760
1749151702926 0.3462 7779
1749151772179 0.3542 7798
1749151936353 0.1456 7800
1749152004925 0.3596 7819
1749152075007 0.4064 7838
1749152239006 0.2458 7840
1749152308283 0.403 7859
1749152378117 0.4242 7878
1749152541727 0.2726 7880
1749152612021 0.4 7899
1749152681629 0.4244 7918
1749152845325 0.348 7920
1749152915192 0.438 7939
1749152984395 0.4262 7958
1749153151063 0.3152 7960
1749153220543 0.4272 7979
1749153290695 0.431 7998
1749153456999 0.304 8000
1749153527344 0.43 8019
1749153597208 0.4292 8038
1749153762298 0.3146 8040
1749153832547 0.4248 8059
1749153901740 0.428 8078
1749154064873 0.3148 8080
1749154134306 0.4252 8099
1749154202933 0.433 8118
1749154366122 0.2964 8120
1749154435348 0.4232 8139
1749154503964 0.431 8158
1749154666609 0.2966 8160
1749154735906 0.4086 8179
1749154804655 0.4272 8198
1749154967627 0.2986 8200
1749155036962 0.4272 8219
1749155105665 0.4304 8238
1749155267772 0.3046 8240
1749155336893 0.4312 8259
1749155405535 0.4292 8278
1749155568234 0.339 8280
1749155637548 0.4272 8299
1749155706186 0.4308 8318
1749155869218 0.3594 8320
1749155938498 0.4256 8339
1749156007659 0.4366 8358
1749156171667 0.36 8360
1749156241440 0.4216 8379
1749156310426 0.4318 8398
1749156473614 0.3386 8400
1749156543468 0.4354 8419
1749156612652 0.4322 8438
1749156778441 0.3504 8440
1749156847805 0.4364 8459
1749156916892 0.428 8478
1749157081483 0.3576 8480
1749157150739 0.4332 8499
1749157220514 0.4322 8518
1749157384619 0.348 8520
1749157453701 0.4202 8539
1749157523059 0.4252 8558
1749157687040 0.3206 8560
1749157756878 0.4284 8579
1749157826089 0.4298 8598
1749157990190 0.3118 8600
1749158059779 0.426 8619
1749158128930 0.4304 8638
1749158293152 0.3304 8640
1749158362906 0.4362 8659
1749158432082 0.4328 8678
1749158595972 0.3256 8680
1749158665682 0.4312 8699
1749158734808 0.4304 8718
1749158899278 0.3106 8720
1749158968518 0.4246 8739
1749159037415 0.4302 8758
1749159202112 0.3256 8760
1749159271305 0.429 8779
1749159341067 0.437 8798
1749159505284 0.3482 8800
1749159574396 0.4236 8819
1749159643529 0.4318 8838
1749159808823 0.3252 8840
1749159878074 0.4328 8859
1749159947667 0.4334 8878
1749160111545 0.3252 8880
1749160180684 0.4356 8899
1749160250465 0.4332 8918
1749160414506 0.3396 8920
1749160483739 0.4314 8939
1749160553048 0.4332 8958
1749160719202 0.3334 8960
1749160788605 0.4334 8979
1749160858466 0.4326 8998
1749161022240 0.3174 9000
1749161091540 0.424 9019
1749161161333 0.4348 9038
1749161325181 0.332 9040
1749161394201 0.4214 9059
1749161463360 0.4336 9078
1749161629090 0.3234 9080
1749161699860 0.4214 9099
1749161769924 0.4314 9118
1749161934316 0.3088 9120
1749162004290 0.427 9139
1749162073451 0.4332 9158
1749162238208 0.324 9160
1749162307364 0.422 9179
1749162376573 0.4338 9198
1749162540387 0.333 9200
1749162610164 0.4196 9219
1749162679790 0.4306 9238
1749162846745 0.308 9240
1749162916426 0.4258 9259
1749162986508 0.4332 9278
1749163149949 0.3524 9280
1749163220229 0.4242 9299
1749163289988 0.4344 9318
1749163455674 0.3472 9320
1749163525808 0.4286 9339
1749163595385 0.4356 9358
1749163759868 0.3296 9360
1749163830020 0.419 9379
1749163899532 0.4302 9398
1749164064957 0.3344 9400
1749164135201 0.4212 9419
1749164204756 0.4302 9438
1749164369703 0.33 9440
1749164440050 0.4176 9459
1749164509585 0.43 9478
1749164673968 0.3226 9480
1749164743409 0.42 9499
1749164813462 0.4314 9518
1749164978094 0.3472 9520
1749165047721 0.4146 9539
1749165117863 0.4344 9558
1749165283818 0.3208 9560
1749165354065 0.4228 9579
1749165423842 0.4314 9598
1749165588598 0.3528 9600
1749165658170 0.4286 9619
1749165728209 0.4322 9638
1749165893959 0.3294 9640
1749165963568 0.4184 9659
1749166033723 0.4306 9678
1749166198998 0.3292 9680
1749166268534 0.4192 9699
1749166338620 0.43 9718
1749166504446 0.3338 9720
1749166574840 0.4214 9739
1749166644534 0.4304 9758
1749166809468 0.35 9760
1749166879267 0.424 9779
1749166949649 0.4392 9798
1749167114694 0.321 9800
1749167184233 0.4172 9819
1749167254443 0.4304 9838
1749167420589 0.3006 9840
1749167490799 0.426 9859
1749167560393 0.4274 9878
1749167725278 0.3446 9880
1749167794888 0.4404 9899
1749167865246 0.4328 9918
1749168029685 0.334 9920
1749168099459 0.4166 9939
1749168169832 0.4306 9958
1749168335701 0.2932 9960
1749168405404 0.431 9979
1749168475574 0.4304 9998
1749168640499 0.3316 10000
1749168710169 0.4202 10019
1749168780324 0.433 10038
1749168943997 0.3362 10040
1749169014250 0.4326 10059
1749169083795 0.4276 10078
1749169249188 0.3454 10080
1749169319388 0.4274 10099
1749169388933 0.434 10118
1749169553864 0.347 10120
1749169623876 0.4308 10139
1749169692850 0.4304 10158
1749169857452 0.3296 10160
1749169927219 0.4208 10179
1749169997559 0.4308 10198
1749170163610 0.347 10200
1749170233483 0.4212 10219
1749170303660 0.442 10238
1749170468201 0.3242 10240
1749170537791 0.4182 10259
1749170607946 0.4306 10278
1749170772415 0.31 10280
1749170840728 0.4166 10299
1749170909050 0.4298 10318
1749171072855 0.3354 10320
1749171141512 0.4252 10339
1749171210642 0.4322 10358
1749171373084 0.2958 10360
1749171441944 0.4272 10379
1749171511192 0.4322 10398
1749171674882 0.3242 10400
1749171744625 0.4156 10419
1749171813835 0.4276 10438
1749171978223 0.3022 10440
1749172048067 0.4186 10459
1749172117229 0.4294 10478
1749172281076 0.3264 10480
1749172350804 0.4138 10499
1749172419963 0.4336 10518
1749172582855 0.33 10520
1749172651853 0.4234 10539
1749172720877 0.4266 10558
1749172888942 0.2936 10560
1749172959212 0.4198 10579
1749173029584 0.432 10598
1749173194705 0.344 10600
1749173264282 0.4272 10619
1749173333712 0.4392 10638
1749173499396 0.2478 10640
1749173568915 0.4286 10659
1749173638242 0.4316 10678
1749173801952 0.2248 10680
1749173871497 0.393 10699
1749173941646 0.4284 10718
1749174105586 0.2822 10720
1749174175844 0.4348 10739
1749174245279 0.4336 10758
1749174410377 0.3364 10760
1749174479882 0.415 10779
1749174549939 0.425 10798
1749174714532 0.217 10800
1749174783922 0.39 10819
1749174853848 0.428 10838
1749175016677 0.3054 10840
1749175086680 0.4168 10859
1749175156128 0.4316 10878
1749175323410 0.3438 10880
1749175394341 0.4214 10899
1749175464736 0.4344 10918
1749175629435 0.3318 10920
1749175699349 0.4322 10939
1749175768726 0.429 10958
1749175932603 0.2978 10960
1749176002058 0.4168 10979
1749176071517 0.4308 10998
1749176236054 0.3106 11000
1749176306197 0.425 11019
1749176375601 0.4318 11038
1749176539449 0.2658 11040
1749176608462 0.4422 11059
1749176677979 0.4356 11078
1749176840999 0.3242 11080
1749176910106 0.4158 11099
1749176979075 0.429 11118
1749177143635 0.2662 11120
1749177212866 0.4296 11139
1749177281898 0.4354 11158
1749177445236 0.2686 11160
1749177514875 0.3886 11179
1749177583789 0.4298 11198
1749177747524 0.3144 11200
1749177816612 0.4062 11219
1749177886183 0.4286 11238
1749178049814 0.3232 11240
1749178118805 0.4146 11259
1749178188388 0.4266 11278
1749178352429 0.313 11280
1749178423031 0.4062 11299
1749178493095 0.4298 11318
1749178656733 0.3292 11320
1749178726332 0.4334 11339
1749178795801 0.43 11358
1749178961706 0.2956 11360
1749179031872 0.4278 11379
1749179101326 0.4352 11398
1749179266249 0.3326 11400
1749179335803 0.4196 11419
1749179405818 0.4386 11438
1749179571468 0.2464 11440
1749179640952 0.4318 11459
1749179711085 0.4348 11478
