1747889527051 2.3079525232315063 0
1747889753148 2.636677861213684 1
1747889974971 2.1584432125091553 2
1747890199547 2.0657461881637573 3
1747890424153 2.028887152671814 4
1747890649653 2.0339688062667847 5
1747890875732 2.0166330337524414 6
1747891101529 2.012139320373535 7
1747891326689 1.9910290241241455 8
1747891551262 1.9829455018043518 9
1747891776462 1.9820665121078491 10
1747892003572 1.9725804924964905 11
1747892230138 1.9572437405586243 12
1747892457136 1.9539995789527893 13
1747892683507 1.9526293277740479 14
1747892908816 1.9436904788017273 15
1747893135507 1.9440153241157532 16
1747893363961 1.9428927898406982 17
1747893594211 1.9389603734016418 18
1747893836879 1.936446726322174 19
1747894066310 1.932466208934784 20
1747894295790 1.9317079186439514 21
1747894524060 1.9271862506866455 22
1747894751823 1.9240790009498596 23
1747894981172 1.9248530268669128 24
1747895209861 1.9201111793518066 25
1747895438469 1.9168722033500671 26
1747895668021 1.915843904018402 27
1747895897186 1.9144099354743958 28
1747896126164 1.9102705717086792 29
1747896356161 1.9089073538780212 30
1747896586568 1.9067288041114807 31
1747896816666 1.9041253924369812 32
1747897046668 1.9016777276992798 33
1747897276206 1.9010930061340332 34
1747897506288 1.8981106877326965 35
1747897736382 1.8981391787528992 36
1747897965435 1.8956928849220276 37
1747898195341 1.8914942145347595 38
1747898424928 1.8894219398498535 39
1747898652109 1.888360619544983 40
1747898877646 1.8865354657173157 41
1747899099885 1.8860487341880798 42
1747899323983 1.8841661214828491 43
1747899547808 1.8818978667259216 44
1747899772566 1.8804908394813538 45
1747899997234 1.877346158027649 46
1747900219058 1.8767090439796448 47
1747900440575 1.8742402791976929 48
1747900662214 1.8728532195091248 49
1747900884676 1.871397316455841 50
1747901107226 1.8707116842269897 51
1747901329470 1.8710909485816956 52
1747901554154 1.8735327124595642 53
1747901778766 1.8671900629997253 54
1747902003053 1.8657281398773193 55
1747902227815 1.8658447861671448 56
1747902455692 1.8642095923423767 57
1747902683599 1.8657192587852478 58
1747902911777 1.8612484335899353 59
1747903139842 1.8586206436157227 60
1747903367351 1.8581405282020569 61
1747903596317 1.858074426651001 62
1747903825405 1.8588808178901672 63
1747904053810 1.8538203239440918 64
1747904280506 1.8544365763664246 65
1747904535910 1.8560002446174622 66
1747904763086 1.8519700169563293 67
1747904990061 1.8505172729492188 68
1747905217721 1.8525819182395935 69
1747905446706 1.8500277400016785 70
1747905672935 1.8505622744560242 71
1747905899338 1.847559630870819 72
1747906125998 1.846413791179657 73
1747906353186 1.8458646535873413 74
1747906580603 1.843338131904602 75
1747906808455 1.843458116054535 76
1747907036557 1.842214584350586 77
1747907264798 1.8414276242256165 78
1747907493994 1.8420568704605103 79
1747907723063 1.841127872467041 80
1747907951274 1.8394607305526733 81
1747908179153 1.8387077450752258 82
1747908406753 1.83700692653656 83
1747908633925 1.8347008228302002 84
1747908861894 1.8341706991195679 85
1747909089232 1.8340045809745789 86
1747909316819 1.8341845273971558 87
1747909544559 1.8340460658073425 88
1747909771879 1.8345440030097961 89
1747909999127 1.8351415395736694 90
1747910227248 1.8298370838165283 91
1747910453255 1.8292076587677002 92
1747910680086 1.8301951885223389 93
1747910906564 1.8301130533218384 94
1747911134151 1.8318113684654236 95
1747911361381 1.827582061290741 96
1747911588370 1.8257112503051758 97
1747911815232 1.8253941535949707 98
1747912042038 1.8259993195533752 99
1747912269490 1.8270773887634277 100
1747912496428 1.8239046931266785 101
1747912724263 1.8225568532943726 102
1747912953111 1.8220552802085876 103
1747913182018 1.82048100233078 104
1747913410521 1.8203728795051575 105
1747913639559 1.8197252750396729 106
1747913868578 1.8187783360481262 107
1747914097563 1.8211000561714172 108
1747914326653 1.8234205842018127 109
1747914555176 1.8185743689537048 110
1747914783104 1.8179321885108948 111
1747915011274 1.8164743185043335 112
1747915239807 1.8150888085365295 113
1747915467106 1.8167538046836853 114
1747915694203 1.8177319169044495 115
1747915921914 1.8170604705810547 116
1747916177144 1.8142536878585815 117
1747916406502 1.8131031394004822 118
1747916635961 1.811267912387848 119
1747916863959 1.8132728934288025 120
1747917092373 1.8145533204078674 121
1747917321576 1.8137578964233398 122
1747917549922 1.8126789927482605 123
1747917778849 1.8097454905509949 124
1747918007479 1.807710886001587 125
1747918237556 1.8093039393424988 126
1747918466547 1.8107943534851074 127
1747918695494 1.810888648033142 128
1747918924142 1.8079098463058472 129
1747919152593 1.8063466548919678 130
1747919379860 1.8070089221000671 131
1747919606126 1.809165894985199 132
1747919832269 1.8077563643455505 133
1747920059285 1.8039582967758179 134
1747920285204 1.8051257729530334 135
1747920511442 1.8051570653915405 136
1747920756065 1.8040308952331543 137
1747920982516 1.8031615614891052 138
1747921209167 1.8006735444068909 139
1747921437681 1.7991871237754822 140
1747921667344 1.8012949228286743 141
1747921896838 1.8000435829162598 142
1747922126230 1.8000292778015137 143
1747922353870 1.8003684878349304 144
1747922608612 1.7954272627830505 145
1747922836975 1.797147810459137 146
1747923065773 1.7965409755706787 147
1747923294600 1.7960909008979797 148
1747923522899 1.8006813526153564 149
1747923751722 1.7965654134750366 150
1747923980504 1.794383943080902 151
1747924208047 1.7944335341453552 152
1747924435282 1.7914639711380005 153
1747924664389 1.7935497760772705 154
1747924891639 1.7914804220199585 155
1747925119369 1.7915748953819275 156
1747925346974 1.794756531715393 157
1747925596737 1.7940951585769653 158
1747925824097 1.7937083840370178 159
1747926055034 1.7899426221847534 160
1747926322393 1.7916802167892456 161
1747926581866 1.7884706854820251 162
1747926822477 1.789039969444275 163
1747927063391 1.787839651107788 164
1747927303706 1.7886217832565308 165
1747927543293 1.7861016988754272 166
1747927783969 1.7856347560882568 167
1747928025122 1.7852163314819336 168
1747928266099 1.7859702706336975 169
1747928507190 1.7841281294822693 170
1747928748291 1.7836055755615234 171
1747928988338 1.7837051749229431 172
1747929228858 1.7838110327720642 173
1747929469830 1.782397210597992 174
1747929711048 1.7818423509597778 175
1747929953872 1.7822660207748413 176
1747930195997 1.7813595533370972 177
1747930439158 1.7807270884513855 178
1747930682212 1.7804926633834839 179
1747930924827 1.7808850407600403 180
1747931167387 1.779733657836914 181
1747931410424 1.7794016003608704 182
1747931652989 1.779691755771637 183
1747931895835 1.779030442237854 184
1747932138564 1.7784053683280945 185
1747932381325 1.7781617641448975 186
1747932624095 1.7779157161712646 187
1747932910197 1.7772353291511536 188
1747933224640 1.7767647504806519 189
1747933541314 1.7765381336212158 190
1747933857806 1.775829792022705 191
1747934175181 1.7755294442176819 192
1747934510878 1.7752488255500793 193
1747934839755 1.7743113040924072 194
1747935167886 1.7741088271141052 195
1747935498112 1.7739257216453552 196
1747935827239 1.773026704788208 197
1747936153189 1.7727586030960083 198
1747936481332 1.772654414176941 199
1747936808133 1.772032618522644 200
1747937137337 1.7717115879058838 201
1747937463996 1.7713106274604797 202
1747937792926 1.7708060145378113 203
1747938142774 1.7706106901168823 204
1747938471536 1.7697598934173584 205
1747938798625 1.76939195394516 206
1747939126293 1.769207775592804 207
1747939455084 1.7684451341629028 208
1747939782497 1.7683370113372803 209
1747940109571 1.7676069736480713 210
1747940438840 1.7674957513809204 211
1747940767507 1.7665030360221863 212
1747941094195 1.7662564516067505 213
1747941421553 1.7657204866409302 214
1747941750738 1.765185832977295 215
1747942078300 1.764574646949768 216
1747942405756 1.7640556693077087 217
1747942733332 1.7635291814804077 218
1747943062506 1.763005018234253 219
1747943390522 1.7624801993370056 220
1747943718123 1.7618979215621948 221
1747944045146 1.7614869475364685 222
1747944373663 1.7605623602867126 223
1747944701895 1.761383295059204 224
1747945030334 1.7609665989875793 225
1747945358910 1.7709499597549438 226
1747945702700 1.781644582748413 227
1747946028898 1.7673543095588684 228
1747946355538 1.7878627181053162 229
1747946682666 1.772463083267212 230
1747947008327 1.7747329473495483 231
1747947334164 1.7709436416625977 232
1747947660074 1.769098699092865 233
1747947986516 1.770798146724701 234
1747948312024 1.7672322392463684 235
1747948637858 1.7664254903793335 236
1747948965543 1.764109492301941 237
1747949292512 1.7628211975097656 238
1747949618466 1.7627310156822205 239
1747949944063 1.7618796825408936 240
1747950270355 1.761273205280304 241
1747950595157 1.7614564895629883 242
1747950920889 1.761469542980194 243
1747951246671 1.7612107396125793 244
1747951572143 1.760943055152893 245
1747951897513 1.7607306241989136 246
1747952223622 1.7604804635047913 247
1747952549479 1.7603570818901062 248
1747952875545 1.7601580619812012 249
1747953202702 1.760021686553955 250
1747953533499 1.7599116563796997 251
1747953859958 1.759864091873169 252
1747954186798 1.7599103450775146 253
1747954512659 1.7599511742591858 254
1747954839202 1.7599517703056335 255
1747955165431 1.7599565386772156 256
1747955490880 1.759966254234314 257
1747955817495 1.7599624395370483 258
1747956143066 1.7599635124206543 259
1747956468516 1.7599529027938843 260
1747956794634 1.759916365146637 261
1747957118815 1.7598851919174194 262
1747957443323 1.7598043084144592 263
1747957767024 1.7597752809524536 264
1747958091603 1.7597321271896362 265
1747958414888 1.7597010731697083 266
1747958739853 1.7596756219863892 267
1747959063326 1.7596389055252075 268
1747959387881 1.7596355676651 269
1747959712271 1.7596150636672974 270
1747960034935 1.7595653533935547 271
1747960358711 1.7595861554145813 272
1747960683099 1.759636402130127 273
1747961006997 1.759651243686676 274
1747961331929 1.7596654891967773 275
1747961658285 1.7596720457077026 276
1747961985600 1.7596880197525024 277
1747962313079 1.7597270607948303 278
1747962639992 1.7597463726997375 279
1747962967552 1.7597703337669373 280
1747963295683 1.7598047256469727 281
1747963621359 1.7598478198051453 282
1747963949065 1.7598445415496826 283
1747964277361 1.759836733341217 284
1747964605138 1.7598738074302673 285
1747964932823 1.7599130272865295 286
1747965258851 1.7599138021469116 287
1747965585831 1.7599164843559265 288
1747965911706 1.7599380612373352 289
1747966237391 1.7599567770957947 290
1747966563885 1.759976863861084 291
1747966890132 1.7599724531173706 292
1747967217908 1.7599711418151855 293
1747967546185 1.7599877715110779 294
1747967874782 1.7600011229515076 295
1747968199784 1.76000314950943 296
1747968523680 1.7600245475769043 297
1747968847996 1.760016918182373 298
1747969173049 1.7600317597389221 299
1747969497731 1.7600985765457153 300
1747969821663 1.7600953578948975 301
1747970144909 1.7601784467697144 302
1747970468408 1.760215938091278 303
1747970792453 1.760227382183075 304
1747971116735 1.7602218389511108 305
1747971440154 1.7602315545082092 306
1747971762810 1.7602684497833252 307
1747972084308 1.7602860927581787 308
1747972403963 1.7603826522827148 309
1747972725961 1.7603996992111206 310
1747973049529 1.760414183139801 311
1747973372164 1.7604053020477295 312
1747973695245 1.7604416012763977 313
1747974019538 1.7604418992996216 314
1747974343091 1.7604671716690063 315
1747974666705 1.760483205318451 316
1747974990947 1.7604973316192627 317
1747975314104 1.7605111598968506 318
1747975636683 1.7605510354042053 319
