1749729905841 0.4884 0
1749731172769 0.5122 1
1749732441239 0.5114 2
1749733710157 0.5164 3
1749734978770 0.5284 4
1749736250096 0.5342 5
1749737520239 0.543 6
1749738791581 0.549 7
1749740059947 0.5478 8
1749741328267 0.5544 9
1749742598459 0.5462 10
1749743869104 0.5486 11
1749745143646 0.5634 12
1749746417837 0.5572 13
1749747696161 0.5648 14
1749748974292 0.5608 15
1749750249160 0.5554 16
1749751525215 0.558 17
1749752800051 0.5592 18
1749754076080 0.558 19
1749755354631 0.5602 20
1749756635187 0.5658 21
1749757916394 0.5652 22
1749759197824 0.5624 23
1749760480513 0.571 24
1749761763068 0.5692 25
1749763044378 0.5656 26
1749764326361 0.5718 27
1749765608903 0.5698 28
1749766892698 0.5622 29
1749768181535 0.5684 30
1749769468065 0.5602 31
1749770757503 0.571 32
1749772048861 0.5632 33
1749773336399 0.5662 34
1749774627807 0.5618 35
1749775916759 0.5664 36
1749777209209 0.5698 37
1749778500270 0.5622 38
1749779792933 0.5674 39
1749781086003 0.5708 40
1749782379839 0.5694 41
1749783673855 0.5706 42
1749784969601 0.5698 43
1749786260365 0.564 44
1749787554453 0.569 45
1749788847505 0.5692 46
1749790140900 0.5686 47
1749791436165 0.5686 48
1749792729434 0.5694 49
1749794024671 0.57 50
1749795321669 0.57 51
1749796616891 0.5696 52
1749797914287 0.5712 53
1749799209966 0.5676 54
1749800504249 0.5642 55
1749801800006 0.5668 56
1749803097020 0.5668 57
1749804392015 0.5674 58
1749805706720 0.5688 59
1749806998464 0.5642 60
1749808288932 0.5662 61
1749809579003 0.5688 62
1749810872713 0.5682 63
1749812169123 0.5662 64
1749813464084 0.57 65
1749814759818 0.5626 66
1749816052577 0.566 67
1749817344992 0.564 68
1749818641080 0.5646 69
1749819936459 0.5664 70
1749821238883 0.5664 71
1749822533852 0.5666 72
1749823831043 0.5656 73
1749825123960 0.57 74
1749826422499 0.5684 75
1749827718741 0.5684 76
1749829017156 0.564 77
1749830314952 0.568 78
1749831611853 0.567 79
1749832919156 0.5642 80
1749834218199 0.5694 81
1749835520693 0.5678 82
1749836823340 0.5662 83
1749838123075 0.5672 84
1749839425405 0.5672 85
1749840728032 0.567 86
1749842034154 0.569 87
1749843337593 0.5658 88
1749844639651 0.571 89
1749845946386 0.564 90
1749847255141 0.57 91
1749848558405 0.5692 92
1749849867473 0.5644 93
1749851173937 0.5688 94
1749852483733 0.5696 95
1749853787168 0.5678 96
1749855098257 0.5678 97
1749856403930 0.5668 98
1749857712727 0.5686 99
1749859022170 0.5702 100
1749860328878 0.5692 101
1749861637290 0.5692 102
1749862947933 0.5632 103
1749864249667 0.565 104
1749865563446 0.5652 105
1749866869872 0.5678 106
1749868175251 0.5686 107
1749869481562 0.5658 108
1749870789111 0.5682 109
1749872096767 0.5672 110
1749873402691 0.5676 111
1749874711403 0.5678 112
1749876017940 0.5622 113
1749877322670 0.5664 114
1749878623739 0.5652 115
1749879922478 0.5688 116
1749881225056 0.5676 117
1749882529396 0.5662 118
1749883837467 0.5638 119
1749885145622 0.5658 120
1749886452390 0.5628 121
1749887753531 0.5684 122
1749889054776 0.5638 123
1749890360683 0.5654 124
1749891663325 0.5688 125
1749892969790 0.5636 126
1749894268416 0.5634 127
1749895574617 0.5662 128
1749896879749 0.5634 129
1749898182028 0.5684 130
1749899489174 0.5668 131
