1749729905841 1.4222451895475388 0
1749731172769 1.3648805379867555 1
1749732441239 1.3408157229423523 2
1749733710157 1.3251075536012649 3
1749734978770 1.3100347012281417 4
1749736250096 1.30231222063303 5
1749737520239 1.2652060091495514 6
1749738791581 1.2649738863110542 7
1749740059947 1.2556104958057404 8
1749741328267 1.2441281706094742 9
1749742598459 1.2697469145059586 10
1749743869104 1.26496921479702 11
1749745143646 1.2440866351127624 12
1749746417837 1.24299046844244 13
1749747696161 1.227975457906723 14
1749748974292 1.2265012621879579 15
1749750249160 1.2582636073231697 16
1749751525215 1.2473028913140296 17
1749752800051 1.241517996788025 18
1749754076080 1.2526333048939704 19
1749755354631 1.2379533782601357 20
1749756635187 1.2291331455111503 21
1749757916394 1.2288094609975815 22
1749759197824 1.2285163946449758 23
1749760480513 1.2224605828523636 24
1749761763068 1.2338751807808876 25
1749763044378 1.2314532950520516 26
1749764326361 1.2326583966612816 27
1749765608903 1.2385627031326294 28
1749766892698 1.24707200974226 29
1749768181535 1.2274209961295128 30
1749769468065 1.2401611760258675 31
1749770757503 1.2358222961425782 32
1749772048861 1.2374709486961364 33
1749773336399 1.2356932640075684 34
1749774627807 1.2505137085914613 35
1749775916759 1.2414289563894272 36
1749777209209 1.2312741786241532 37
1749778500270 1.2447113573551178 38
1749779792933 1.2324991203844546 39
1749781086003 1.2317751288414 40
1749782379839 1.2336537517607211 41
1749783673855 1.2322455540299415 42
1749784969601 1.2308367863297462 43
1749786260365 1.232102120667696 44
1749787554453 1.2303559206426145 45
1749788847505 1.236736024171114 46
1749790140900 1.230066992342472 47
1749791436165 1.2260816365480423 48
1749792729434 1.2295859038829804 49
1749794024671 1.2277129746973514 50
1749795321669 1.2254044614732265 51
1749796616891 1.225590505450964 52
1749797914287 1.228294499218464 53
1749799209966 1.2258158326148987 54
1749800504249 1.233090101927519 55
1749801800006 1.2287676595151424 56
1749803097020 1.2339454993605614 57
1749804392015 1.230020847916603 58
1749805706720 1.2285849325358869 59
1749806998464 1.230320607125759 60
1749808288932 1.2258066587150096 61
1749809579003 1.2286411367356778 62
1749810872713 1.2254372790455819 63
1749812169123 1.2309602469205856 64
1749813464084 1.22624923735857 65
1749814759818 1.22834085598588 66
1749816052577 1.2279351003468038 67
1749817344992 1.229349522292614 68
1749818641080 1.2246073290705681 69
1749819936459 1.225402081757784 70
1749821238883 1.224968421459198 71
1749822533852 1.231420700252056 72
1749823831043 1.2310430079698562 73
1749825123960 1.2282007284462453 74
1749826422499 1.2256613366305829 75
1749827718741 1.2219603411853313 76
1749829017156 1.2305592156946659 77
1749830314952 1.2270857729017735 78
1749831611853 1.225045381486416 79
1749832919156 1.2259891204535962 80
1749834218199 1.2238924980163575 81
1749835520693 1.2239229947328567 82
1749836823340 1.2265797600150108 83
1749838123075 1.2265738233923913 84
1749839425405 1.2233313463628293 85
1749840728032 1.2269356995821 86
1749842034154 1.224803100526333 87
1749843337593 1.2216306611895562 88
1749844639651 1.222748501598835 89
1749845946386 1.2266693651676177 90
1749847255141 1.2232755407691003 91
1749848558405 1.2273565515875817 92
1749849867473 1.2318436481058597 93
1749851173937 1.2245676875114442 94
1749852483733 1.222609930485487 95
1749853787168 1.2267247080802917 96
1749855098257 1.225289062410593 97
1749856403930 1.2279531069099903 98
1749857712727 1.2264957442879676 99
1749859022170 1.223479576408863 100
1749860328878 1.2275853231549263 101
1749861637290 1.224915286898613 102
1749862947933 1.2278756819665433 103
1749864249667 1.231262782216072 104
1749865563446 1.2281550467014313 105
1749866869872 1.2258385702967645 106
1749868175251 1.2309157431125641 107
1749869481562 1.230552564561367 108
1749870789111 1.2262942418456078 109
1749872096767 1.2312900364398955 110
1749873402691 1.2304979160428047 111
1749874711403 1.2300781458616257 112
1749876017940 1.2331956714391707 113
1749877322670 1.2292192921042442 114
1749878623739 1.228871300816536 115
1749879922478 1.232772947847843 116
1749881225056 1.2313726991415024 117
1749882529396 1.229109886288643 118
1749883837467 1.2353780552744866 119
1749885145622 1.2301392689347268 120
1749886452390 1.237091602385044 121
1749887753531 1.2334338530898095 122
1749889054776 1.2411382138729095 123
1749890360683 1.2337088093161583 124
1749891663325 1.2340363800525664 125
1749892969790 1.2343266606330872 126
1749894268416 1.2327938318252563 127
1749895574617 1.2343250408768653 128
1749896879749 1.235256116092205 129
1749898182028 1.2313234314322472 130
1749899489174 1.233201041817665 131
