1747885720462 0.001 0
1747885723130 0.001 1
1747885725735 0.001 2
1747885728343 0.001 3
1747885731192 0.001 4
1747885733833 0.001 5
1747885736476 0.001 6
1747885739122 0.001 7
1747885741968 0.001 8
1747885744603 0.001 9
1747885747229 0.001 10
1747885749843 0.001 11
1747885752687 0.001 12
1747885755323 0.001 13
1747885757982 0.001 14
1747885760599 0.001 15
1747885763203 0.001 16
1747885766086 0.001 17
1747885768721 0.001 18
1747885771553 0.001 19
1747885774179 0.001 20
1747885777057 0.001 21
1747885779709 0.001 22
1747885782328 0.001 23
1747885784994 0.001 24
1747885787636 0.001 25
1747885790504 0.001 26
1747885793135 0.001 27
1747885795770 0.001 28
1747885798405 0.001 29
1747885801261 0.001 30
1747885803900 0.001 31
1747885806538 0.001 32
1747885809186 0.001 33
1747885811817 0.001 34
1747885814690 0.001 35
1747885817333 0.001 36
1747885819984 0.001 37
1747885823066 0.001 38
1747885825718 0.001 39
1747885946187 0.001 40
1747885948865 0.001 41
1747885951542 0.001 42
1747885954225 0.001 43
1747885956911 0.001 44
1747885959600 0.001 45
1747885962277 0.001 46
1747885964961 0.001 47
1747885967363 0.001 48
1747885970051 0.001 49
1747885972746 0.0005 50
1747885975452 0.0005 51
1747885978129 0.0005 52
1747885980810 0.0005 53
1747885983494 0.0005 54
1747885986184 0.0005 55
1747885988871 0.0005 56
1747885991566 0.0005 57
1747885994246 0.0005 58
1747885997142 0.0005 59
1747885999823 0.0005 60
1747886002522 0.00025 61
1747886004933 0.00025 62
1747886007632 0.00025 63
1747886010319 0.00025 64
1747886013017 0.00025 65
1747886015715 0.00025 66
1747886018417 0.00025 67
1747886021111 0.00025 68
1747886023818 0.00025 69
1747886026515 0.00025 70
1747886029203 0.000125 71
1747886031892 0.000125 72
1747886034596 0.000125 73
1747886037296 0.000125 74
1747886040000 0.000125 75
1747886042423 0.000125 76
1747886045132 0.000125 77
1747886048039 0.000125 78
1747886050741 0.000125 79
1747886170083 0.001 80
1747886172834 0.001 81
1747886175598 0.001 82
1747886178358 0.001 83
1747886181124 0.001 84
1747886183871 0.001 85
1747886186647 0.001 86
1747886189402 0.001 87
1747886192158 0.001 88
1747886194629 0.0005 89
1747886197394 0.0005 90
1747886200150 0.0005 91
1747886202913 0.0005 92
1747886205682 0.0005 93
1747886208432 0.0005 94
1747886211185 0.00025 95
1747886213933 0.00025 96
1747886216700 0.00025 97
1747886219461 0.00025 98
1747886222424 0.00025 99
1747886225189 0.00025 100
1747886227957 0.000125 101
1747886230711 0.000125 102
1747886233190 0.000125 103
1747886235959 0.000125 104
1747886238731 0.000125 105
1747886241497 0.000125 106
1747886244257 0.000125 107
1747886247037 0.000125 108
1747886249804 0.000125 109
1747886252553 0.000125 110
1747886255336 0.000125 111
1747886258093 0.000125 112
1747886260858 0.000125 113
1747886263609 0.000125 114
1747886266388 0.000125 115
1747886268872 0.000125 116
1747886271631 0.000125 117
1747886274589 0.000125 118
1747886277348 0.000125 119
1747886398221 0.001 120
1747886400975 0.001 121
1747886403742 0.001 122
1747886406519 0.001 123
1747886409283 0.001 124
1747886412036 0.001 125
1747886414805 0.0005 126
1747886417571 0.0005 127
1747886420333 0.0005 128
1747886422802 0.0005 129
1747886425573 0.0005 130
1747886428374 0.0005 131
1747886431148 0.00025 132
1747886433914 0.00025 133
1747886436712 0.00025 134
1747886439501 0.00025 135
1747886442270 0.00025 136
1747886445043 0.00025 137
1747886447821 0.000125 138
1747886450773 0.000125 139
1747886453519 0.000125 140
1747886456289 0.000125 141
1747886459090 0.000125 142
1747886461873 0.000125 143
1747886464647 6.25e-05 144
1747886467159 6.25e-05 145
1747886469961 6.25e-05 146
1747886472754 6.25e-05 147
1747886475560 6.25e-05 148
1747886478343 6.25e-05 149
1747886481097 3.125e-05 150
1747886483851 3.125e-05 151
1747886486637 3.125e-05 152
1747886489413 3.125e-05 153
1747886492186 3.125e-05 154
1747886494993 3.125e-05 155
1747886497811 3.125e-05 156
1747886500604 3.125e-05 157
1747886503606 3.125e-05 158
1747886506107 3.125e-05 159
