1747885719407 2.3020814657211304 0
1747885769054 2.1610634326934814 19
1747885818704 2.0584523677825928 38
1747885933937 2.0589600801467896 40
1747885983412 2.0820332765579224 59
1747886033171 2.079760432243347 78
1747886146968 2.2898147106170654 80
1747886197867 2.0718098878860474 99
1747886248728 2.048547148704529 118
1747886364811 2.417038083076477 120
1747886415912 2.0666844844818115 139
1747886467360 2.0579895973205566 158
1747886583568 2.296103358268738 160
1747886634882 2.0552823543548584 179
1747886686188 2.0346055030822754 198
1747886802220 2.3284175395965576 200
1747886853709 2.046541213989258 219
1747886904832 2.0334951877593994 238
1747887021185 2.269174098968506 240
1747887072424 2.0332224369049072 259
1747887124045 2.0139052867889404 278
1747887240654 2.2840211391448975 280
1747887292427 2.025548219680786 299
1747887343875 1.9773722887039185 318
1747887461089 2.337362289428711 320
1747887512654 1.9915968179702759 339
1747887564443 1.9822540283203125 358
1747887681843 2.205416679382324 360
1747887733634 1.9898270964622498 379
1747887785275 1.952137529850006 398
1747887903102 2.17258358001709 400
1747887954634 1.9623084664344788 419
1747888006054 1.9449787139892578 438
1747888123369 2.1077874898910522 440
1747888175010 1.9476329684257507 459
1747888226579 1.9205192923545837 478
1747888343555 2.150295853614807 480
1747888394817 1.928207516670227 499
1747888446440 1.9123757481575012 518
1747888563375 2.0991766452789307 520
1747888614840 1.9224497079849243 539
1747888665781 1.9048974514007568 558
1747888783357 2.065947413444519 560
1747888834884 1.9193453192710876 579
1747888886585 1.894188404083252 598
1747889003890 2.0350981950759888 600
1747889055548 1.9082838892936707 619
1747889107044 1.886539876461029 638
1747889224958 2.0171456336975098 640
1747889276454 1.8953505754470825 659
1747889328224 1.8762177228927612 678
1747889445948 1.9997333884239197 680
1747889497718 1.8847644329071045 699
1747889549403 1.867350995540619 718
1747889667347 1.8653454184532166 720
1747889718942 1.8794355392456055 739
1747889770838 1.85957932472229 758
1747889887971 1.8870096802711487 760
1747889939924 1.858996868133545 779
1747889990997 1.8510379791259766 798
