1747892549841 0.1042 0
1747892602256 0.203 19
1747892655071 0.2126 38
1747892777960 0.2112 40
1747892830497 0.2092 59
1747892883094 0.2214 78
1747893006811 0.1874 80
1747893060245 0.2224 99
1747893113496 0.2322 118
1747893239907 0.2022 120
1747893294795 0.2326 139
1747893349445 0.2372 158
1747893476251 0.2102 160
1747893531281 0.2362 179
1747893586841 0.2618 198
1747893714598 0.2064 200
1747893770402 0.259 219
1747893836810 0.2724 238
1747893965598 0.2206 240
1747894021280 0.2712 259
1747894077256 0.2748 278
1747894207290 0.2346 280
1747894263096 0.2682 299
1747894318576 0.283 318
1747894447619 0.2496 320
1747894503657 0.2792 339
1747894559270 0.2822 358
1747894689363 0.2538 360
1747894745109 0.2748 379
1747894800293 0.2914 398
1747894930346 0.2638 400
1747894986139 0.283 419
1747895042409 0.295 438
1747895172823 0.2648 440
1747895228869 0.288 459
1747895284723 0.3002 478
1747895414969 0.275 480
1747895470780 0.2964 499
1747895526775 0.3004 518
1747895657304 0.279 520
1747895713422 0.2992 539
1747895769559 0.3086 558
1747895899728 0.2858 560
1747895955343 0.3026 579
1747896010961 0.3078 598
1747896141549 0.2938 600
1747896197406 0.3094 619
1747896253640 0.311 638
1747896383741 0.2964 640
1747896439772 0.3128 659
1747896495064 0.3124 678
1747896625333 0.2954 680
1747896680180 0.3152 699
1747896735359 0.3172 718
1747896864123 0.2992 720
1747896919225 0.3148 739
1747896974370 0.3198 758
1747897103064 0.3016 760
1747897158108 0.317 779
1747897213079 0.3238 798
1747897341837 0.3074 800
1747897396805 0.3202 819
1747897451686 0.3256 838
1747897579966 0.3128 840
1747897635208 0.323 859
1747897690127 0.3296 878
1747897819330 0.316 880
1747897874773 0.3304 899
1747897929997 0.3346 918
1747898059022 0.32 920
1747898114336 0.3342 939
1747898169654 0.337 958
1747898298458 0.3244 960
1747898353151 0.339 979
1747898408427 0.3394 998
1747898537759 0.3268 1000
1747898593897 0.344 1019
1747898649867 0.3434 1038
1747898780920 0.3272 1040
1747898837041 0.3432 1059
1747898892697 0.3478 1078
1747899022282 0.3298 1080
1747899078455 0.348 1099
1747899133503 0.3542 1118
1747899263776 0.3326 1120
1747899319640 0.346 1139
1747899375664 0.3576 1158
1747899506242 0.3348 1160
1747899562401 0.3506 1179
1747899617704 0.3606 1198
1747899748943 0.339 1200
1747899804062 0.3552 1219
1747899859692 0.3614 1238
1747899990886 0.344 1240
1747900047210 0.3556 1259
1747900103286 0.3682 1278
1747900234663 0.3426 1280
1747900291503 0.36 1299
1747900348345 0.3714 1318
1747900479937 0.3454 1320
1747900536166 0.3614 1339
1747900592589 0.3726 1358
1747900724970 0.3456 1360
1747900781240 0.3662 1379
1747900837745 0.375 1398
1747900969608 0.3464 1400
1747901026038 0.3706 1419
1747901081770 0.3756 1438
1747901212955 0.3492 1440
1747901268360 0.3752 1459
1747901323631 0.3796 1478
1747901453239 0.3502 1480
1747901508998 0.3786 1499
1747901564489 0.3814 1518
1747901693630 0.3538 1520
1747901748599 0.3822 1539
1747901803964 0.3864 1558
1747901932800 0.3556 1560
1747901988553 0.3836 1579
1747902043901 0.3894 1598
1747902173592 0.3574 1600
1747902228548 0.3886 1619
1747902283971 0.3912 1638
1747902413075 0.3612 1640
1747902468536 0.3906 1659
1747902523203 0.3926 1678
1747902652387 0.3648 1680
1747902707442 0.3924 1699
1747902763109 0.3946 1718
1747902892653 0.3682 1720
1747902948165 0.3938 1739
1747903003202 0.3976 1758
1747903132538 0.3696 1760
1747903188028 0.3948 1779
1747903243371 0.3976 1798
1747903372808 0.3738 1800
1747903428389 0.3966 1819
1747903484705 0.3976 1838
1747903615883 0.3774 1840
1747903672861 0.3996 1859
1747903729357 0.3984 1878
1747903860962 0.3852 1880
1747903916830 0.3898 1899
1747903973594 0.398 1918
1747904104793 0.3896 1920
1747904161120 0.4008 1939
1747904217306 0.4006 1958
1747904348522 0.3876 1960
1747904404680 0.4012 1979
1747904460790 0.4034 1998
1747904624342 0.3904 2000
1747904680530 0.4028 2019
1747904737027 0.4024 2038
1747904867643 0.3904 2040
1747904925433 0.4042 2059
1747904981906 0.4034 2078
1747905113077 0.3926 2080
1747905169045 0.4064 2099
1747905225384 0.404 2118
1747905356297 0.3928 2120
1747905414679 0.4078 2139
1747905471120 0.4058 2158
1747905602598 0.3942 2160
1747905658027 0.408 2179
1747905714221 0.4088 2198
1747905844941 0.3964 2200
1747905901018 0.4066 2219
1747905957530 0.4078 2238
1747906088735 0.4088 2240
1747906145322 0.407 2259
1747906201543 0.4088 2278
1747906332433 0.4086 2280
1747906388308 0.4082 2299
1747906444651 0.4098 2318
1747906576418 0.406 2320
1747906632395 0.4108 2339
1747906688720 0.4104 2358
1747906819861 0.4058 2360
1747906875848 0.4114 2379
1747906931810 0.4122 2398
1747907063633 0.4054 2400
1747907119761 0.4122 2419
1747907175583 0.4118 2438
1747907305681 0.406 2440
1747907362199 0.4138 2459
1747907417913 0.413 2478
1747907550331 0.4072 2480
1747907606771 0.4154 2499
1747907663297 0.415 2518
1747907795650 0.408 2520
1747907852175 0.4144 2539
1747907908536 0.416 2558
1747908040516 0.4078 2560
1747908097108 0.4142 2579
1747908153576 0.4162 2598
1747908285442 0.4092 2600
1747908342019 0.4142 2619
1747908398848 0.4168 2638
1747908530202 0.4096 2640
1747908585720 0.415 2659
1747908640798 0.4174 2678
1747908770007 0.411 2680
1747908824993 0.4148 2699
1747908880412 0.4198 2718
1747909009870 0.4122 2720
1747909065021 0.4146 2739
1747909119448 0.4198 2758
1747909248949 0.4118 2760
1747909304165 0.4152 2779
1747909359570 0.42 2798
1747909489189 0.4118 2800
1747909544314 0.415 2819
1747909599939 0.4196 2838
1747909729019 0.4116 2840
1747909784137 0.4154 2859
1747909839289 0.4192 2878
1747909967513 0.412 2880
1747910022899 0.4146 2899
1747910078812 0.4174 2918
1747910208980 0.4114 2920
1747910264174 0.4152 2939
1747910319838 0.4182 2958
1747910449902 0.4222 2960
1747910505707 0.415 2979
1747910560899 0.4168 2998
1747910690210 0.4154 3000
1747910745820 0.418 3019
1747910801569 0.4196 3038
1747910931438 0.4156 3040
1747910986140 0.4164 3059
1747911041540 0.4186 3078
1747911170697 0.4158 3080
1747911225781 0.4166 3099
1747911280400 0.4188 3118
1747911410285 0.416 3120
1747911466028 0.4174 3139
1747911521931 0.42 3158
1747911652448 0.4172 3160
1747911707907 0.4182 3179
1747911763757 0.4204 3198
1747911894136 0.4174 3200
1747911950264 0.4198 3219
1747912005557 0.4214 3238
1747912134949 0.4182 3240
1747912190553 0.4196 3259
1747912245976 0.4224 3278
1747912375753 0.4176 3280
1747912431442 0.4198 3299
1747912487283 0.4216 3318
1747912617204 0.4174 3320
1747912672132 0.4198 3339
1747912727710 0.4226 3358
1747912856895 0.4182 3360
1747912912482 0.4206 3379
1747912967908 0.423 3398
1747913097231 0.4186 3400
1747913152769 0.42 3419
1747913207883 0.4232 3438
1747913338058 0.419 3440
1747913394164 0.42 3459
1747913449827 0.4228 3478
1747913579966 0.419 3480
1747913635431 0.4204 3499
1747913690958 0.424 3518
1747913820297 0.4196 3520
1747913876732 0.4208 3539
1747913932237 0.4264 3558
1747914061164 0.4192 3560
1747914116640 0.4212 3579
1747914171849 0.4266 3598
1747914300614 0.4198 3600
1747914356158 0.4218 3619
1747914411274 0.4284 3638
1747914539518 0.42 3640
1747914594419 0.4228 3659
1747914649287 0.4284 3678
1747914778476 0.4198 3680
1747914833542 0.424 3699
1747914889062 0.4288 3718
1747915017416 0.4202 3720
1747915072673 0.4234 3739
1747915128292 0.4286 3758
1747915257421 0.4194 3760
1747915312723 0.4234 3779
1747915367538 0.428 3798
1747915495746 0.4206 3800
1747915550851 0.424 3819
1747915605346 0.429 3838
1747915734282 0.4208 3840
1747915789534 0.4252 3859
1747915844745 0.429 3878
1747915974211 0.4222 3880
1747916035746 0.4248 3899
1747916110737 0.4304 3918
1747916239746 0.4216 3920
1747916294793 0.4264 3939
1747916349992 0.4304 3958
1747916478713 0.4222 3960
1747916533583 0.4272 3979
1747916588954 0.4314 3998
1747916717985 0.4242 4000
1747916773543 0.43 4019
1747916828843 0.4302 4038
1747916957665 0.4264 4040
1747917013033 0.4282 4059
1747917068327 0.4302 4078
1747917196932 0.4306 4080
1747917252236 0.4276 4099
1747917307872 0.4324 4118
1747917437090 0.4272 4120
1747917492451 0.4316 4139
1747917547787 0.4308 4158
1747917677203 0.4288 4160
1747917732268 0.4318 4179
1747917788027 0.4314 4198
1747917917009 0.4294 4200
1747917972553 0.431 4219
1747918028229 0.4308 4238
1747918157256 0.429 4240
1747918212630 0.4308 4259
1747918267786 0.4316 4278
1747918396988 0.4294 4280
1747918452173 0.431 4299
1747918507443 0.4306 4318
1747918636647 0.4292 4320
1747918691916 0.4308 4339
1747918747122 0.43 4358
1747918876320 0.4294 4360
1747918931747 0.4308 4379
1747918986887 0.4296 4398
1747919116079 0.4294 4400
1747919171484 0.4312 4419
1747919226491 0.4296 4438
1747919355380 0.4296 4440
1747919410649 0.431 4459
1747919466058 0.4304 4478
1747919596158 0.4298 4480
1747919651387 0.4312 4499
1747919706826 0.4306 4518
1747919836158 0.4294 4520
1747919891599 0.4314 4539
1747919947395 0.4312 4558
1747920076737 0.43 4560
1747920132111 0.4316 4579
1747920187213 0.4312 4598
1747920316796 0.4298 4600
1747920372079 0.4318 4619
1747920427445 0.432 4638
1747920565537 0.43 4640
1747920629962 0.4322 4659
1747920685394 0.4322 4678
1747920816290 0.4306 4680
1747920872055 0.4322 4699
1747920927636 0.432 4718
1747921057737 0.43 4720
1747921113277 0.4326 4739
1747921169056 0.4322 4758
1747921299859 0.4306 4760
1747921355866 0.4322 4779
1747921411355 0.4326 4798
1747921541486 0.4296 4800
1747921597666 0.4326 4819
1747921653562 0.4326 4838
1747921783753 0.4302 4840
1747921839886 0.4326 4859
1747921895674 0.432 4878
1747922024970 0.4304 4880
1747922080064 0.4328 4899
1747922135618 0.4326 4918
1747922265550 0.4312 4920
1747922320753 0.4334 4939
1747922376359 0.4334 4958
1747922539206 0.4294 4960
1747922594717 0.4322 4979
1747922650772 0.4322 4998
1747922780331 0.4306 5000
1747922835970 0.4332 5019
1747922891792 0.4326 5038
1747923021954 0.4302 5040
1747923077574 0.434 5059
1747923133355 0.4324 5078
1747923263521 0.4302 5080
1747923319370 0.4344 5099
1747923375152 0.4328 5118
1747923504863 0.4298 5120
1747923560601 0.4344 5139
1747923616560 0.4326 5158
1747923746655 0.432 5160
1747923802203 0.4346 5179
1747923858077 0.434 5198
1747923986478 0.4314 5200
1747924042367 0.4346 5219
1747924097929 0.433 5238
1747924228562 0.4304 5240
1747924284395 0.4332 5259
1747924340727 0.4338 5278
1747924471091 0.4296 5280
1747924526677 0.4326 5299
1747924582335 0.4338 5318
1747924712367 0.43 5320
1747924768091 0.4332 5339
1747924823858 0.4344 5358
1747924954028 0.4296 5360
1747925009248 0.4332 5379
1747925064818 0.4346 5398
1747925194493 0.43 5400
1747925250648 0.433 5419
1747925306227 0.4344 5438
1747925435631 0.4304 5440
1747925490902 0.433 5459
1747925558840 0.4344 5478
1747925698898 0.4308 5480
1747925754856 0.4332 5499
1747925810667 0.4346 5518
1747925940918 0.431 5520
1747925996737 0.4336 5539
1747926052036 0.4346 5558
1747926206782 0.4316 5560
1747926262950 0.434 5579
1747926319218 0.4346 5598
1747926470121 0.431 5600
1747926526275 0.4352 5619
1747926582009 0.435 5638
1747926712795 0.4316 5640
1747926769012 0.4346 5659
1747926824305 0.4352 5678
1747926953406 0.4316 5680
1747927008868 0.4352 5699
1747927063912 0.435 5718
1747927192990 0.4318 5720
1747927248105 0.435 5739
1747927302331 0.4354 5758
1747927431563 0.432 5760
1747927486913 0.4352 5779
1747927542151 0.4362 5798
1747927671506 0.4318 5800
1747927726752 0.4348 5819
1747927782412 0.4358 5838
1747927911666 0.4318 5840
1747927966891 0.435 5859
1747928022558 0.4362 5878
1747928151823 0.432 5880
1747928207143 0.436 5899
1747928262535 0.4358 5918
1747928392159 0.4322 5920
1747928447685 0.4362 5939
1747928503240 0.437 5958
1747928632393 0.4316 5960
1747928687813 0.4368 5979
1747928742980 0.4366 5998
1747928872295 0.4314 6000
1747928927359 0.4372 6019
1747928982616 0.437 6038
1747929110778 0.4308 6040
1747929165464 0.4364 6059
1747929220585 0.4372 6078
1747929348890 0.431 6080
1747929403491 0.4364 6099
1747929458490 0.4372 6118
1747929586540 0.4318 6120
1747929641590 0.4366 6139
1747929696752 0.437 6158
1747929825463 0.431 6160
1747929880387 0.4366 6179
1747929935739 0.437 6198
1747930064658 0.4318 6200
1747930119627 0.4374 6219
1747930175130 0.4374 6238
1747930304097 0.432 6240
1747930359304 0.4368 6259
1747930414807 0.4376 6278
1747930544630 0.4318 6280
1747930599852 0.4372 6299
1747930655781 0.438 6318
1747930785471 0.432 6320
1747930841142 0.437 6339
1747930897172 0.4384 6358
1747931027252 0.431 6360
1747931082781 0.4378 6379
1747931138562 0.4386 6398
1747931268841 0.4314 6400
1747931324445 0.4376 6419
1747931380253 0.4384 6438
1747931509988 0.4318 6440
1747931565473 0.438 6459
1747931621120 0.4388 6478
1747931750757 0.4318 6480
1747931806391 0.4378 6499
1747931861980 0.4386 6518
1747931991967 0.4312 6520
1747932047712 0.4378 6539
1747932103267 0.4392 6558
1747932232855 0.431 6560
1747932288434 0.4378 6579
1747932343917 0.4388 6598
1747932473515 0.4312 6600
1747932529120 0.4372 6619
1747932584470 0.4392 6638
1747932713619 0.431 6640
1747932768547 0.4376 6659
1747932823575 0.439 6678
1747932951795 0.4312 6680
1747933006849 0.4378 6699
1747933061951 0.4396 6718
1747933191676 0.4314 6720
1747933247260 0.438 6739
1747933302655 0.4394 6758
1747933432175 0.4316 6760
1747933487736 0.4382 6779
1747933543220 0.4392 6798
1747933672523 0.432 6800
1747933727843 0.4374 6819
1747933782883 0.4396 6838
1747933912271 0.4328 6840
1747933967968 0.4378 6859
1747934023337 0.4398 6878
1747934153094 0.4326 6880
1747934208807 0.4378 6899
1747934264350 0.4402 6918
1747934394116 0.433 6920
1747934449691 0.4386 6939
1747934505589 0.4396 6958
1747934635684 0.4328 6960
1747934690605 0.438 6979
1747934745654 0.4412 6998
1747934875175 0.433 7000
1747934930930 0.4384 7019
1747934986647 0.4406 7038
1747935116482 0.4338 7040
1747935172344 0.439 7059
1747935227735 0.4404 7078
1747935356188 0.4334 7080
1747935411636 0.4384 7099
1747935467397 0.4402 7118
1747935597243 0.4336 7120
1747935652691 0.4382 7139
1747935708668 0.4398 7158
1747935838402 0.4336 7160
1747935894236 0.4382 7179
1747935949619 0.4396 7198
1747936077782 0.4344 7200
1747936132891 0.4384 7219
1747936187759 0.441 7238
1747936315918 0.4336 7240
1747936370258 0.4384 7259
1747936425308 0.4406 7278
1747936553652 0.434 7280
1747936608467 0.4384 7299
1747936663595 0.4406 7318
1747936791750 0.4348 7320
1747936846456 0.4384 7339
1747936901557 0.4408 7358
1747937029660 0.4358 7360
1747937084543 0.4386 7379
1747937139545 0.442 7398
1747937267905 0.4374 7400
1747937323207 0.4396 7419
1747937378331 0.4424 7438
1747937505235 0.437 7440
1747937560094 0.4406 7459
1747937615362 0.4424 7478
1747937744020 0.438 7480
1747937798582 0.4414 7499
1747937853110 0.4424 7518
1747937981598 0.438 7520
1747938036587 0.4416 7539
1747938109603 0.4426 7558
1747938251636 0.4378 7560
1747938307097 0.4422 7579
1747938362074 0.4422 7598
1747938490482 0.4382 7600
1747938545525 0.4422 7619
1747938600593 0.4426 7638
1747938728838 0.4378 7640
1747938784035 0.4412 7659
1747938839083 0.4422 7678
1747938968185 0.4382 7680
1747939023793 0.4412 7699
1747939078906 0.4428 7718
1747939207952 0.4386 7720
1747939263400 0.4412 7739
1747939318796 0.443 7758
1747939447433 0.4386 7760
1747939502545 0.4416 7779
1747939557890 0.4428 7798
1747939686441 0.4386 7800
1747939741740 0.4414 7819
1747939796943 0.4428 7838
1747939926398 0.4388 7840
1747939981465 0.442 7859
1747940036554 0.4418 7878
1747940165461 0.4384 7880
1747940220200 0.4414 7899
1747940275412 0.4414 7918
1747940404240 0.439 7920
1747940459595 0.4412 7939
1747940515008 0.4418 7958
1747940643161 0.4404 7960
1747940697835 0.4416 7979
1747940752808 0.4416 7998
1747940881660 0.4404 8000
1747940936970 0.4418 8019
1747940991324 0.4414 8038
1747941120371 0.4396 8040
1747941175581 0.4418 8059
1747941231157 0.442 8078
1747941360728 0.44 8080
1747941416493 0.4426 8099
1747941471932 0.4426 8118
1747941602088 0.44 8120
1747941657182 0.4424 8139
1747941712587 0.4428 8158
1747941842649 0.4406 8160
1747941898144 0.4422 8179
1747941953731 0.4424 8198
1747942083449 0.4406 8200
1747942138639 0.4418 8219
1747942193734 0.4424 8238
1747942323307 0.4404 8240
1747942378717 0.4424 8259
1747942434229 0.4426 8278
1747942563787 0.4406 8280
1747942619052 0.4424 8299
1747942674226 0.4424 8318
1747942803661 0.4408 8320
1747942859215 0.4428 8339
1747942914623 0.4424 8358
1747943043927 0.4408 8360
1747943099394 0.4422 8379
1747943155222 0.4426 8398
1747943284518 0.4406 8400
1747943340047 0.4418 8419
1747943395252 0.4424 8438
1747943524466 0.4398 8440
1747943579794 0.4426 8459
1747943635441 0.442 8478
1747943764344 0.4408 8480
1747943819434 0.4422 8499
1747943874562 0.4422 8518
1747944003653 0.4408 8520
1747944058987 0.4422 8539
1747944114151 0.4424 8558
1747944243447 0.441 8560
1747944298725 0.4422 8579
1747944353915 0.4424 8598
1747944482337 0.4404 8600
1747944537907 0.4422 8619
1747944593202 0.4426 8638
1747944722120 0.4406 8640
1747944777090 0.4424 8659
1747944832376 0.4422 8678
1747944960993 0.4404 8680
1747945015998 0.4426 8699
1747945071232 0.4434 8718
1747945199992 0.44 8720
1747945254999 0.4428 8739
1747945310298 0.4432 8758
1747945460750 0.4396 8760
1747945515960 0.4424 8779
1747945571106 0.4434 8798
1747945700267 0.4402 8800
1747945755616 0.4424 8819
1747945810714 0.444 8838
1747945939358 0.4408 8840
1747945994471 0.4422 8859
1747946049969 0.4438 8878
1747946178474 0.4418 8880
1747946233813 0.442 8899
1747946288973 0.4436 8918
1747946417690 0.4416 8920
1747946472494 0.4424 8939
1747946527933 0.444 8958
1747946656550 0.442 8960
1747946712107 0.4424 8979
1747946767397 0.4444 8998
1747946896508 0.442 9000
1747946951788 0.4428 9019
1747947007068 0.4446 9038
1747947136091 0.4422 9040
1747947191260 0.4428 9059
1747947246307 0.4448 9078
1747947375115 0.443 9080
1747947430432 0.442 9099
1747947485921 0.4452 9118
1747947615165 0.4418 9120
1747947670294 0.4428 9139
1747947725248 0.4452 9158
1747947854381 0.442 9160
1747947909643 0.4422 9179
1747947965233 0.4448 9198
1747948094440 0.4426 9200
1747948149502 0.4432 9219
1747948204372 0.4454 9238
1747948333176 0.4434 9240
1747948388649 0.4434 9259
1747948443637 0.445 9278
1747948572950 0.4434 9280
1747948628307 0.4426 9299
1747948684208 0.445 9318
1747948812800 0.4436 9320
1747948868370 0.4438 9339
1747948923641 0.445 9358
1747949052394 0.4432 9360
1747949108772 0.4438 9379
1747949166020 0.445 9398
1747949296420 0.4428 9400
1747949353772 0.4438 9419
1747949410638 0.4448 9438
1747949543818 0.4438 9440
1747949600787 0.4436 9459
1747949657999 0.4452 9478
1747949790671 0.445 9480
1747949848001 0.4448 9499
1747949904943 0.4452 9518
1747950038641 0.4452 9520
1747950094723 0.4444 9539
1747950152159 0.4458 9558
1747950285264 0.4444 9560
1747950342603 0.4446 9579
1747950399568 0.4456 9598
1747950531419 0.445 9600
1747950588453 0.4448 9619
1747950645676 0.446 9638
1747950778455 0.4442 9640
1747950835611 0.4446 9659
1747950892676 0.4462 9678
1747951025768 0.4472 9680
1747951082749 0.4444 9699
1747951139786 0.445 9718
1747951272705 0.447 9720
1747951330081 0.4428 9739
1747951387268 0.4454 9758
1747951520627 0.4472 9760
1747951577682 0.4434 9779
1747951634793 0.4456 9798
1747951767371 0.4472 9800
1747951824205 0.4448 9819
1747951881232 0.4458 9838
1747952013734 0.4456 9840
1747952070955 0.4436 9859
1747952128010 0.4458 9878
1747952261701 0.4466 9880
1747952318800 0.4436 9899
1747952376056 0.4466 9918
1747952509098 0.4444 9920
1747952566458 0.4448 9939
1747952623547 0.4466 9958
1747952751848 0.4448 9960
1747952806513 0.4446 9979
1747952860819 0.4446 9998
1747952989638 0.4462 10000
1747953044564 0.4444 10019
1747953099872 0.4448 10038
1747953228099 0.4462 10040
1747953283580 0.4452 10059
1747953338894 0.4452 10078
1747953467313 0.4458 10080
1747953525892 0.445 10099
1747953581147 0.4448 10118
1747953710152 0.446 10120
1747953765474 0.4444 10139
1747953820745 0.4454 10158
1747953949353 0.4454 10160
1747954004617 0.4448 10179
1747954059961 0.4456 10198
1747954187600 0.446 10200
1747954242635 0.445 10219
1747954297764 0.4458 10238
1747954426044 0.4466 10240
1747954480681 0.4456 10259
1747954535355 0.445 10278
1747954664156 0.4474 10280
1747954719415 0.4456 10299
1747954774919 0.4444 10318
1747954904639 0.4468 10320
1747954959477 0.445 10339
1747955015000 0.4458 10358
1747955143986 0.447 10360
1747955199293 0.4454 10379
1747955254574 0.4446 10398
1747955383297 0.4474 10400
1747955438352 0.4464 10419
1747955493515 0.445 10438
1747955623316 0.4474 10440
1747955678335 0.4466 10459
1747955733311 0.4452 10478
1747955863868 0.4472 10480
1747955919312 0.4462 10499
1747955974401 0.4452 10518
1747956103445 0.4474 10520
1747956158483 0.4464 10539
1747956213891 0.4452 10558
1747956343515 0.4478 10560
1747956398625 0.4464 10579
1747956454453 0.4454 10598
1747956584187 0.4474 10600
1747956639269 0.4468 10619
1747956694560 0.4462 10638
1747956823301 0.447 10640
1747956878500 0.447 10659
1747956933553 0.4462 10678
1747957063032 0.4474 10680
1747957117926 0.4464 10699
1747957173273 0.4464 10718
1747957303922 0.4474 10720
1747957358603 0.4466 10739
1747957414007 0.4464 10758
1747957544135 0.447 10760
1747957599607 0.4462 10779
1747957654928 0.4468 10798
1747957784751 0.4474 10800
1747957839927 0.4462 10819
1747957895522 0.4474 10838
1747958025829 0.4478 10840
1747958081246 0.4458 10859
1747958136915 0.4472 10878
1747958268224 0.4474 10880
1747958324363 0.4464 10899
1747958380058 0.4468 10918
1747958512057 0.4478 10920
1747958567810 0.4462 10939
1747958623327 0.447 10958
1747958758082 0.448 10960
1747958814892 0.4462 10979
1747958871589 0.4478 10998
1747959005605 0.4484 11000
1747959061861 0.4462 11019
1747959118410 0.447 11038
1747959252553 0.4478 11040
1747959309364 0.4462 11059
1747959366414 0.4476 11078
1747959501119 0.448 11080
1747959557424 0.4458 11099
1747959613961 0.448 11118
1747959748172 0.4472 11120
1747959803359 0.4456 11139
1747959858553 0.4478 11158
1747959988774 0.4474 11160
1747960045105 0.4452 11179
1747960101264 0.448 11198
1747960234631 0.4476 11200
1747960291682 0.4458 11219
1747960348257 0.448 11238
1747960481996 0.4482 11240
1747960538956 0.4458 11259
1747960595646 0.4482 11278
1747960727441 0.4474 11280
1747960783412 0.4462 11299
1747960840674 0.4478 11318
1747960975089 0.4474 11320
1747961031991 0.4454 11339
1747961088711 0.4478 11358
1747961223699 0.4476 11360
1747961280649 0.4462 11379
1747961337430 0.4474 11398
1747961472062 0.4478 11400
1747961528854 0.4466 11419
1747961585299 0.4474 11438
1747961719426 0.4482 11440
1747961776184 0.447 11459
1747961832892 0.447 11478
1747961966354 0.4484 11480
1747962022875 0.4468 11499
1747962080019 0.4472 11518
1747962214359 0.4488 11520
1747962270824 0.4468 11539
1747962327517 0.447 11558
1747962460795 0.4488 11560
1747962517177 0.4464 11579
1747962574344 0.4468 11598
1747962708978 0.449 11600
1747962765991 0.4464 11619
1747962822488 0.447 11638
1747962956627 0.4492 11640
1747963013123 0.4464 11659
1747963069430 0.447 11678
1747963203373 0.4492 11680
1747963259946 0.4462 11699
1747963316428 0.4472 11718
1747963448903 0.4494 11720
1747963504658 0.4464 11739
1747963559860 0.4474 11758
1747963690500 0.4488 11760
1747963745781 0.4458 11779
1747963801484 0.447 11798
1747963933074 0.449 11800
1747963988270 0.446 11819
1747964043801 0.4468 11838
1747964174461 0.4494 11840
1747964229595 0.4462 11859
1747964284644 0.4466 11878
1747964414320 0.4492 11880
1747964469628 0.4456 11899
1747964524687 0.4468 11918
1747964655545 0.449 11920
1747964710619 0.4456 11939
1747964765792 0.447 11958
1747964896569 0.4488 11960
1747964951904 0.446 11979
1747965006928 0.4474 11998
1747965138237 0.449 12000
1747965193054 0.4462 12019
1747965247850 0.4468 12038
1747965378086 0.449 12040
1747965433668 0.4464 12059
1747965489001 0.447 12078
1747965619811 0.4494 12080
1747965675298 0.4466 12099
1747965730295 0.4472 12118
1747965860593 0.4498 12120
1747965915655 0.4464 12139
1747965970989 0.4474 12158
1747966102088 0.4506 12160
1747966157350 0.4462 12179
1747966212867 0.4482 12198
1747966343680 0.4506 12200
1747966398849 0.4464 12219
1747966478260 0.4482 12238
1747966665322 0.45 12240
1747966743810 0.4464 12259
1747966822235 0.448 12278
1747967007779 0.4502 12280
1747967086834 0.4464 12299
1747967165014 0.4478 12318
1747967351409 0.45 12320
1747967430842 0.4464 12339
1747967509249 0.447 12358
1747967695174 0.4504 12360
1747967774174 0.4464 12379
1747967852383 0.4472 12398
1747968038333 0.4504 12400
1747968117337 0.4468 12419
1747968195608 0.447 12438
1747968381798 0.4508 12440
1747968460462 0.4468 12459
1747968539569 0.4474 12478
1747968725645 0.4504 12480
1747968803969 0.4468 12499
1747968882366 0.4476 12518
1747969069575 0.4504 12520
1747969147985 0.4476 12539
1747969226545 0.4474 12558
1747969412502 0.4498 12560
1747969491512 0.4476 12579
1747969569940 0.4474 12598
1747969756318 0.45 12600
1747969834603 0.448 12619
1747969913632 0.4474 12638
1747970099374 0.4496 12640
1747970177711 0.448 12659
1747970255898 0.4472 12678
1747970442474 0.4498 12680
1747970520738 0.4484 12699
1747970598871 0.4478 12718
1747970784124 0.45 12720
1747970862951 0.4484 12739
1747970941397 0.4474 12758
1747971128232 0.4502 12760
1747971207298 0.4486 12779
1747971285723 0.4474 12798
1747971471788 0.45 12800
1747971550164 0.4484 12819
1747971629297 0.4476 12838
1747971815815 0.4506 12840
1747971894316 0.4486 12859
1747971973553 0.448 12878
1747972160053 0.4504 12880
1747972238261 0.4486 12899
1747972316590 0.4478 12918
1747972502937 0.4504 12920
1747972581731 0.4484 12939
1747972659788 0.448 12958
1747972846020 0.4504 12960
1747972924236 0.4486 12979
1747973002962 0.4482 12998
1747973189338 0.4508 13000
1747973267836 0.4486 13019
1747973346193 0.4484 13038
1747973533543 0.451 13040
1747973611853 0.4484 13059
1747973690168 0.4482 13078
1747973876021 0.451 13080
1747973954866 0.449 13099
1747974033165 0.4486 13118
1747974219736 0.4514 13120
1747974299076 0.4486 13139
1747974377563 0.4482 13158
1747974564676 0.451 13160
1747974643003 0.449 13179
1747974722016 0.4486 13198
1747974907458 0.4512 13200
1747974986831 0.45 13219
1747975065355 0.4482 13238
1747975252801 0.4518 13240
1747975331022 0.4498 13259
1747975406560 0.4482 13278
1747975586415 0.4518 13280
1747975662112 0.4494 13299
1747975737893 0.4484 13318
1747975917764 0.4516 13320
1747975993327 0.4492 13339
1747976068857 0.4484 13358
1747976248544 0.452 13360
1747976324775 0.45 13379
1747976400117 0.449 13398
1747976579108 0.452 13400
1747976653939 0.4498 13419
1747976729443 0.4494 13438
1747976907412 0.452 13440
1747976982676 0.4496 13459
1747977057675 0.4488 13478
1747977236401 0.452 13480
1747977311520 0.4494 13499
1747977386581 0.449 13518
1747977563916 0.4524 13520
1747977639804 0.4492 13539
1747977714927 0.4486 13558
1747977893410 0.4526 13560
1747977968392 0.4498 13579
1747978043916 0.4486 13598
1747978222744 0.4528 13600
1747978297696 0.4496 13619
1747978373411 0.4486 13638
1747978551251 0.4528 13640
1747978626088 0.45 13659
1747978700975 0.4484 13678
