1751221295312 -235.69375610351562 0
1751221353162 -266.434814453125 1
1751221411001 -286.93548583984375 2
1751221469015 -274.59954833984375 3
1751221526836 -281.82403564453125 4
1751221584723 -285.866943359375 5
1751221642542 -302.6365966796875 6
1751221700321 -289.77532958984375 7
1751221758175 -291.11590576171875 8
1751221816120 -311.4796447753906 9
1751221874093 -314.154541015625 10
1751221931882 -308.0257873535156 11
1751221989778 -326.7176818847656 12
1751222047813 -327.4830017089844 13
1751222105595 -357.5480041503906 14
1751222163604 -330.120849609375 15
1751222221625 -324.6483154296875 16
1751222279446 -330.2917175292969 17
1751222337395 -339.41876220703125 18
1751222395433 -329.7761535644531 19
1751222453185 -330.8555603027344 20
1751222511337 -347.7081298828125 21
1751222569328 -339.4337463378906 22
1751222627371 -346.5696716308594 23
1751222685194 -335.54119873046875 24
1751222743187 -337.2701721191406 25
1751222800956 -332.9460144042969 26
1751222858774 -348.5780029296875 27
1751222916568 -335.833740234375 28
1751222974429 -324.2229919433594 29
1751223032265 -330.1695556640625 30
1751223090004 -338.85821533203125 31
1751223147801 -329.6096496582031 32
1751223205755 -330.62255859375 33
1751223263669 -338.6337890625 34
1751223321618 -331.81634521484375 35
1751223379525 -349.6475524902344 36
1751223437522 -316.1004943847656 37
1751223495435 -341.2029724121094 38
1751223553097 -336.63507080078125 39
1751233472098 -44.65922927856445 40
1751233530040 -37.984130859375 41
1751233588406 -36.48307418823242 42
1751233646523 -36.538299560546875 43
1751233704467 -36.09398651123047 44
1751233762484 -31.4218807220459 45
1751233820484 -34.539337158203125 46
1751233878460 -30.937393188476562 47
1751233936559 -32.56079864501953 48
1751233994785 -43.517799377441406 49
1751234053002 -40.90103530883789 50
1751234110945 -36.20842742919922 51
1751234168924 -41.89026641845703 52
1751234227096 -46.268314361572266 53
1751234285188 -42.84276580810547 54
1751234343121 -41.72305679321289 55
1751234401025 -38.251861572265625 56
1751234459099 -38.67514419555664 57
1751234517075 -41.97992706298828 58
1751234574892 -43.079376220703125 59
1751234632712 -42.58682632446289 60
1751234690817 -43.928932189941406 61
1751234748774 -53.16238021850586 62
1751234806834 -42.421756744384766 63
1751234864851 -50.649959564208984 64
1751234922898 -45.89659881591797 65
1751234981057 -49.41876983642578 66
1751235039249 -45.17319869995117 67
1751235097288 -48.55794143676758 68
1751235155385 -53.78565979003906 69
1751235213310 -48.56755447387695 70
1751235271471 -46.949974060058594 71
1751235329686 -56.45988464355469 72
1751235387517 -57.528961181640625 73
1751235445554 -53.39891052246094 74
1751235503776 -51.65341567993164 75
1751235561751 -53.73383712768555 76
1751235619738 -53.27088928222656 77
1751235677814 -47.40021896362305 78
1751235735644 -60.73139953613281 79
1751246046211 -22.871421813964844 80
1751246104350 -32.44007110595703 81
1751246162566 -27.377222061157227 82
1751246220721 -25.96300506591797 83
1751246278804 -32.00201416015625 84
1751246336811 -34.556793212890625 85
1751246395134 -32.35464859008789 86
1751246453353 -31.778076171875 87
1751246511395 -28.817127227783203 88
1751246569643 -26.39554786682129 89
1751246627900 -28.526809692382812 90
1751246686083 -21.599685668945312 91
1751246744223 -34.45497512817383 92
1751246802525 -28.756996154785156 93
1751246860599 -38.284088134765625 94
1751246918652 -24.385940551757812 95
1751246976680 -40.2402229309082 96
1751247034826 -28.524948120117188 97
1751247092828 -31.93410873413086 98
1751247150949 -41.09129333496094 99
1751247208841 -38.400718688964844 100
1751247266900 -29.21051788330078 101
1751247325213 -29.94622039794922 102
1751247383440 -33.11151123046875 103
1751247441504 -28.4442138671875 104
1751247499658 -20.875896453857422 105
1751247557995 -33.84518051147461 106
1751247616254 -35.02374267578125 107
1751247674384 -35.324363708496094 108
1751247732280 -27.59634780883789 109
1751247790434 -33.104347229003906 110
1751247848635 -34.53314208984375 111
1751247906741 -35.66972351074219 112
1751247964864 -34.84649658203125 113
1751248022927 -33.9359016418457 114
1751248080807 -34.607460021972656 115
1751248139013 -30.229610443115234 116
1751248196951 -25.00808334350586 117
1751248255215 -33.83761978149414 118
1751248313230 -30.919519424438477 119
1751258659922 -43.04090881347656 120
1751258718116 -48.85730743408203 121
1751258776291 -41.73613739013672 122
1751258834457 -48.646156311035156 123
1751258892941 -47.39656448364258 124
1751258951128 -52.09419250488281 125
1751259009458 -46.8651123046875 126
1751259067788 -52.3587646484375 127
1751259126137 -50.65422439575195 128
1751259184386 -39.411659240722656 129
1751259242822 -46.23515319824219 130
1751259301061 -54.50892639160156 131
1751259359340 -42.852203369140625 132
1751259417441 -47.5628662109375 133
1751259475562 -51.262691497802734 134
1751259533831 -53.14131164550781 135
1751259591993 -46.90671157836914 136
1751259650384 -48.7149543762207 137
1751259708714 -55.02606201171875 138
1751259766975 -50.289207458496094 139
1751259825255 -51.5447883605957 140
1751259883418 -57.041603088378906 141
1751259941542 -54.53868103027344 142
1751259999663 -56.148887634277344 143
1751260057797 -60.22193908691406 144
1751260116061 -50.26539611816406 145
1751260174115 -54.48854064941406 146
1751260232252 -58.954689025878906 147
1751260290408 -59.986183166503906 148
1751260348509 -56.9012565612793 149
1751260406796 -56.14472198486328 150
1751260465010 -57.09918975830078 151
1751260523094 -59.83597183227539 152
1751260581303 -56.806053161621094 153
1751260639551 -59.76649475097656 154
1751260697815 -58.1342887878418 155
1751260756164 -63.585472106933594 156
1751260814391 -63.51006317138672 157
1751260872604 -64.46927642822266 158
1751260930758 -67.32003784179688 159
1751271584599 0.46637845039367676 160
1751271642934 4.00048303604126 161
1751271701323 -7.2627668380737305 162
1751271759737 -5.4447550773620605 163
1751271818109 -9.789712905883789 164
1751271876309 -21.359119415283203 165
1751271934619 -7.808619499206543 166
1751271992840 -15.616405487060547 167
1751272051097 -9.834441184997559 168
1751272109488 -16.814516067504883 169
1751272167970 -8.266450881958008 170
1751272226239 -14.584169387817383 171
1751272284401 -14.256248474121094 172
1751272342580 -10.467069625854492 173
1751272400790 -13.955850601196289 174
1751272459211 -6.856769561767578 175
1751272517718 -12.325471878051758 176
1751272576230 -11.171623229980469 177
1751272634474 -12.86667251586914 178
1751272692870 -33.22893524169922 179
1751272751256 -10.389249801635742 180
1751272809666 -21.83330535888672 181
1751272867850 -9.819459915161133 182
1751272926117 -19.63444709777832 183
1751272984431 -15.655832290649414 184
1751273042825 -19.170616149902344 185
1751273101178 -14.079869270324707 186
1751273159460 -16.86644172668457 187
1751273217712 -8.270147323608398 188
1751273276078 -13.73324203491211 189
1751273334494 -16.18883514404297 190
1751273392766 -12.061187744140625 191
1751273451161 -19.993919372558594 192
1751273509526 -15.418695449829102 193
1751273568039 -12.689697265625 194
1751273626387 -18.4781494140625 195
1751273684712 -13.60538101196289 196
1751273743025 -9.890154838562012 197
1751273801484 -16.836034774780273 198
1751273859854 -19.32807159423828 199
1751284493403 3.8483901023864746 200
1751284551863 -1.2224886417388916 201
1751284610270 0.567896842956543 202
1751284668816 3.126647710800171 203
1751284727293 4.515687942504883 204
1751284785637 -2.111968755722046 205
1751284844215 -3.39564847946167 206
1751284902574 0.5524722337722778 207
1751284961104 12.265281677246094 208
1751285019323 5.444016933441162 209
1751285077771 0.04599389433860779 210
1751285136275 -3.1842446327209473 211
1751285194872 3.946997880935669 212
1751285253370 1.211061716079712 213
1751285311650 -7.878260612487793 214
1751285370113 1.5728708505630493 215
1751285428734 0.9292118549346924 216
1751285487429 3.2485620975494385 217
1751285545823 -2.7032618522644043 218
1751285604229 -4.1362104415893555 219
1751285662548 4.101888179779053 220
1751285720851 -0.5934138298034668 221
1751285779214 -10.980363845825195 222
1751285837672 -2.6665005683898926 223
1751285896324 -1.1585824489593506 224
1751285954774 -2.9805195331573486 225
1751286013242 -7.516258239746094 226
1751286071750 -2.521145820617676 227
1751286130175 0.8507019281387329 228
1751286188506 -1.0421563386917114 229
1751286246897 7.734117031097412 230
1751286305204 -1.4122425317764282 231
1751286363702 2.7334585189819336 232
1751286422172 2.937107563018799 233
1751286480663 -5.443211555480957 234
1751286539091 -5.64877986907959 235
1751286597549 -2.653474807739258 236
1751286655985 -3.2402989864349365 237
1751286714422 -3.59740948677063 238
1751286772894 -0.6333658695220947 239
1751297447078 -19.282699584960938 240
1751297505302 -5.371663570404053 241
1751297563643 -4.824227809906006 242
1751297622002 0.11674833297729492 243
1751297680274 -11.650518417358398 244
1751297738770 -12.082335472106934 245
1751297796961 -8.908876419067383 246
1751297855282 -15.633519172668457 247
1751297913722 -7.912878036499023 248
1751297972123 -5.8003644943237305 249
1751298031400 -8.131221771240234 250
1751298090063 -26.48406982421875 251
1751298148569 -21.395919799804688 252
1751298207097 -13.984861373901367 253
1751298265762 -14.754830360412598 254
1751298324378 -14.990863800048828 255
1751298383270 -7.194391250610352 256
1751298441771 -20.46834373474121 257
1751298500165 -16.954334259033203 258
1751298558855 -17.32306480407715 259
1751298617486 -9.129536628723145 260
1751298675934 -13.803349494934082 261
1751298734587 -13.889209747314453 262
1751298793058 -7.757279872894287 263
1751298851646 -6.531492233276367 264
1751298910263 -11.22191047668457 265
1751298969108 -13.51740837097168 266
1751299027705 -16.924968719482422 267
1751299086273 -7.9964118003845215 268
1751299144892 -23.08043670654297 269
1751299203445 -16.645524978637695 270
1751299261879 -12.75161075592041 271
1751299320335 -24.4609432220459 272
1751299378782 -13.625045776367188 273
1751299437457 -9.109075546264648 274
1751299496130 -8.962259292602539 275
1751299554823 -14.537154197692871 276
1751299613557 -14.378013610839844 277
1751299672071 -7.548039436340332 278
1751299730764 -12.446819305419922 279
1751310353461 -29.51643180847168 280
1751310411844 -29.49736785888672 281
1751310470154 -25.947969436645508 282
1751310528630 -30.086977005004883 283
1751310586855 -30.03441619873047 284
1751310645120 -30.358781814575195 285
1751310703528 -30.581161499023438 286
1751310761972 -25.024858474731445 287
1751310820520 -28.75203514099121 288
1751310879020 -36.0804557800293 289
1751310937378 -25.487167358398438 290
1751310995581 -33.765384674072266 291
1751311054144 -30.00572967529297 292
1751311112409 -33.0264892578125 293
1751311170675 -27.39472198486328 294
1751311229192 -24.358943939208984 295
1751311287536 -29.200695037841797 296
1751311346019 -32.6172981262207 297
1751311404427 -29.11372184753418 298
1751311462829 -29.341142654418945 299
1751311521291 -28.356916427612305 300
1751311580144 -32.81480407714844 301
1751311638686 -32.25302505493164 302
1751311696924 -29.241504669189453 303
1751311755883 -30.37320899963379 304
1751311814234 -31.53882598876953 305
1751311873094 -29.92547607421875 306
1751311932220 -30.690650939941406 307
1751311991029 -32.92939376831055 308
1751312049606 -30.418121337890625 309
1751312108386 -32.00559997558594 310
1751312167163 -31.48951530456543 311
1751312226098 -39.5573844909668 312
1751312284748 -33.965484619140625 313
1751312343751 -31.666046142578125 314
1751312402731 -32.00067901611328 315
1751312461462 -35.27508544921875 316
1751312520148 -34.852699279785156 317
1751312578835 -39.82802963256836 318
1751312637358 -31.998870849609375 319
1751323269150 13.85267448425293 320
1751323327492 19.061126708984375 321
1751323386002 12.046181678771973 322
1751323444418 10.9453763961792 323
1751323502868 14.446130752563477 324
1751323561336 15.365568161010742 325
1751323619724 9.988289833068848 326
1751323678157 8.489950180053711 327
1751323736510 9.03480052947998 328
1751323794835 13.292669296264648 329
1751323853114 11.812906265258789 330
1751323911520 11.092059135437012 331
1751323969937 10.097357749938965 332
1751324028352 11.563864707946777 333
1751324086757 10.518036842346191 334
1751324144979 14.217572212219238 335
1751324203521 10.180118560791016 336
1751324261829 13.307781219482422 337
1751324320259 9.826777458190918 338
1751324378672 11.031539916992188 339
1751324436936 6.223125457763672 340
1751324495311 9.494941711425781 341
1751324553603 14.09320068359375 342
1751324612187 6.981613636016846 343
1751324670621 6.4122819900512695 344
1751324729166 12.84791088104248 345
1751324787335 9.139361381530762 346
1751324845639 11.956573486328125 347
1751324904140 10.338470458984375 348
1751324962664 5.5242600440979 349
1751325021368 6.900877475738525 350
1751325079918 6.21177864074707 351
1751325138362 4.657801628112793 352
1751325196719 7.312191009521484 353
1751325255135 8.574288368225098 354
1751325313588 6.978654861450195 355
1751325372062 4.644740104675293 356
1751325430646 6.3027024269104 357
1751325489102 11.355942726135254 358
1751325547417 8.2442626953125 359
1751336389587 -10.530172348022461 360
1751336448050 -5.995769500732422 361
1751336506481 -8.328024864196777 362
1751336564869 -10.862815856933594 363
1751336623322 -10.762665748596191 364
1751336681824 -13.269060134887695 365
1751336740288 -10.114126205444336 366
1751336798795 -6.96329927444458 367
1751336857220 -11.59744644165039 368
1751336915517 -11.77389907836914 369
1751336973858 -13.508504867553711 370
1751337032374 -14.25113296508789 371
1751337090946 -4.392611503601074 372
1751337149395 -6.516249656677246 373
1751337207672 -12.426363945007324 374
1751337266122 -13.607080459594727 375
1751337324562 -12.2296142578125 376
1751337382903 -9.683049201965332 377
1751337441441 -9.070313453674316 378
1751337499947 -9.156656265258789 379
1751337558457 -6.594508171081543 380
1751337617043 -11.69516658782959 381
1751337675697 -9.418923377990723 382
1751337734336 -14.071247100830078 383
1751337792817 -9.449114799499512 384
1751337851351 -13.269830703735352 385
1751337909945 -10.193784713745117 386
1751337968333 -14.014020919799805 387
1751338026873 -9.588821411132812 388
1751338085252 -12.931375503540039 389
1751338143731 -12.540201187133789 390
1751338202248 -15.192804336547852 391
1751338260619 -10.299772262573242 392
1751338318808 -9.572734832763672 393
1751338377208 -8.070417404174805 394
1751338435654 -13.74886703491211 395
1751338493950 -13.149941444396973 396
1751338552297 -12.07435417175293 397
1751338610802 -14.266937255859375 398
1751338669360 -14.301568984985352 399
1751349559228 -16.08356285095215 400
1751349618178 -31.028486251831055 401
1751349676955 -26.290019989013672 402
1751349736009 -26.9305419921875 403
1751349794851 -27.405834197998047 404
1751349853826 -23.632301330566406 405
1751349912741 -22.464641571044922 406
1751349971611 -28.063278198242188 407
1751350030404 -25.84701919555664 408
1751350089368 -27.390043258666992 409
1751350148194 -29.51131820678711 410
1751350206925 -30.943187713623047 411
1751350265977 -26.281797409057617 412
1751350324751 -28.51683235168457 413
1751350383455 -20.13732147216797 414
1751350442214 -22.794626235961914 415
1751350501046 -27.56505012512207 416
1751350560002 -21.25939178466797 417
1751350618653 -22.373600006103516 418
1751350677491 -24.44446563720703 419
1751350736194 -33.14339828491211 420
1751350794851 -22.73174285888672 421
1751350853713 -28.800582885742188 422
1751350912403 -23.105594635009766 423
1751350971377 -24.721330642700195 424
1751351030237 -34.798789978027344 425
1751351089035 -23.380191802978516 426
1751351147564 -26.84164810180664 427
1751351206099 -23.174072265625 428
1751351264852 -24.456336975097656 429
1751351323658 -22.37143325805664 430
1751351382409 -20.523635864257812 431
1751351441075 -28.36292839050293 432
1751351499820 -23.808521270751953 433
1751351558405 -23.66524887084961 434
1751351617107 -27.754291534423828 435
1751351675910 -28.769489288330078 436
1751351735336 -28.054794311523438 437
1751351794082 -26.07927131652832 438
1751351852767 -30.230113983154297 439
1751362724154 -2.3423690795898438 440
1751362782976 -8.417634963989258 441
1751362841645 -6.479047775268555 442
1751362900415 2.5667619705200195 443
1751362959205 -0.9000730514526367 444
1751363017908 1.0298309326171875 445
1751363076496 -0.8522977828979492 446
1751363135126 -1.7576265335083008 447
1751363193784 1.1041135787963867 448
1751363252316 2.6750364303588867 449
1751363310909 1.1533527374267578 450
1751363369579 3.780344009399414 451
1751363428307 5.417341232299805 452
1751363487116 3.6043014526367188 453
1751363545874 11.602838516235352 454
1751363604543 9.334474563598633 455
1751363663340 6.209124565124512 456
1751363722025 12.392580032348633 457
1751363780538 12.98226261138916 458
1751363839304 12.2262544631958 459
1751363897841 7.780705451965332 460
1751363956406 16.338640213012695 461
1751364015011 7.743383407592773 462
1751364073813 6.08314847946167 463
1751364132364 11.69720458984375 464
1751364191093 11.032978057861328 465
1751364249780 11.787491798400879 466
1751364308380 10.720569610595703 467
1751364366936 4.023820400238037 468
1751364425752 9.562116622924805 469
1751364484486 8.394497871398926 470
1751364543340 9.52972412109375 471
1751364602243 8.246824264526367 472
1751364660751 7.3893842697143555 473
1751364719408 8.476798057556152 474
1751364777904 7.868412971496582 475
1751364836666 5.905396461486816 476
1751364895336 9.441164016723633 477
1751364953874 9.981465339660645 478
1751365012657 10.003835678100586 479
1751375825151 -28.804460525512695 480
1751375883937 -37.66455841064453 481
1751375942657 -32.928401947021484 482
1751376001299 -39.454673767089844 483
1751376059974 -41.382389068603516 484
1751376118779 -34.564857482910156 485
1751376177576 -31.2977294921875 486
1751376236118 -26.03777503967285 487
1751376294767 -35.03839874267578 488
1751376353502 -31.60624122619629 489
1751376412072 -30.67743682861328 490
1751376470739 -29.894981384277344 491
1751376529425 -28.273040771484375 492
1751376588164 -27.57296371459961 493
1751376647031 -25.93029022216797 494
1751376705840 -16.753915786743164 495
1751376764642 -29.433574676513672 496
1751376823283 -22.52820587158203 497
1751376882083 -34.11089324951172 498
1751376940804 -33.68590545654297 499
1751376999592 -19.494083404541016 500
1751377058172 -25.288921356201172 501
1751377117105 -27.08206558227539 502
1751377175803 -28.494232177734375 503
1751377234569 -17.473621368408203 504
1751377293380 -24.1951847076416 505
1751377352160 -19.37948226928711 506
1751377410842 -25.855350494384766 507
1751377469571 -23.85210418701172 508
1751377528344 -30.714717864990234 509
1751377587128 -24.19414520263672 510
1751377646021 -26.45272445678711 511
1751377704883 -27.47188949584961 512
1751377763633 -26.368663787841797 513
1751377822493 -26.289758682250977 514
1751377881268 -29.30162811279297 515
1751377940050 -26.745872497558594 516
1751377999001 -30.053955078125 517
1751378057770 -28.453189849853516 518
1751378116454 -25.292484283447266 519
1751388954280 -11.192228317260742 520
1751389013117 -11.437406539916992 521
1751389072082 -11.592570304870605 522
1751389131000 -14.57281494140625 523
1751389189686 -17.184467315673828 524
1751389248363 -16.792028427124023 525
1751389307197 -20.754924774169922 526
1751389365965 -16.670312881469727 527
1751389425128 -18.92180633544922 528
1751389483903 -20.200496673583984 529
1751389542671 -17.402851104736328 530
