1747299746921 2.3040852546691895 0
1747299861029 2.3040850162506104 19
1747299974836 2.3040852546691895 38
1747300693211 2.2965288162231445 40
1747300801248 2.296528697013855 59
1747300908775 2.296528935432434 78
1747301616358 2.286460757255554 80
1747301723820 2.2864603996276855 99
1747301831019 2.2864606380462646 118
1747302536857 2.2739925384521484 120
1747302643177 2.2739925384521484 139
1747302749597 2.2739925384521484 158
1747303451351 2.259238839149475 160
1747303558173 2.2592387199401855 179
1747303665215 2.259238123893738 198
