1747300839750 0.104 0
1747300890839 0.104 19
1747300942620 0.104 38
1747301067621 0.105 40
1747301119746 0.105 59
1747301172075 0.105 78
1747301297238 0.1064 80
1747301349494 0.1064 99
1747301401718 0.1064 118
1747301524353 0.118 120
1747301576006 0.118 139
1747301627825 0.118 158
1747301750076 0.1502 160
1747301801917 0.1502 179
1747301853935 0.1502 198
1747301976300 0.1494 200
1747302027945 0.1494 219
1747302079950 0.1494 238
1747302203960 0.1616 240
1747302256500 0.1616 259
1747302309374 0.1616 278
1747302433788 0.1642 280
1747302486593 0.1642 299
1747302539221 0.1642 318
1747302663796 0.1756 320
1747302716833 0.1756 339
1747302769541 0.1756 358
1747302893824 0.1942 360
1747302945866 0.1942 379
1747302998337 0.1942 398
1747303121744 0.2162 400
1747303174357 0.2162 419
1747303226572 0.2162 438
1747303350259 0.2336 440
1747303403066 0.2336 459
1747303455340 0.2336 478
1747303579758 0.2498 480
1747303632374 0.2498 499
1747303684629 0.2498 518
1747303808621 0.2676 520
1747303861358 0.2676 539
1747303914029 0.2676 558
1747304037850 0.2696 560
1747304090002 0.2696 579
1747304142483 0.2694 598
1747304266091 0.2802 600
