1747297922330 2.2991658449172974 0
1747297973715 2.2991658449172974 19
1747298025219 2.2991658449172974 38
1747298146702 2.289754629135132 40
1747298198167 2.2897543907165527 59
1747298249776 2.2897543907165527 78
1747298371608 2.278544306755066 80
1747298422717 2.278544306755066 99
1747298474156 2.2785444259643555 118
1747298597925 2.2633631229400635 120
1747298650535 2.2633625268936157 139
1747298703307 2.263362765312195 158
1747298828976 2.244442105293274 160
1747298881752 2.244442582130432 179
1747298934613 2.2444422245025635 198
1747299060375 2.2222044467926025 200
1747299113973 2.222204566001892 219
1747299166987 2.2222046852111816 238
1747299293856 2.197849750518799 240
1747299347506 2.19784939289093 259
1747299400697 2.197849750518799 278
1747299527220 2.1725720167160034 280
1747299580710 2.172571897506714 299
1747299633737 2.172572374343872 318
1747299760239 2.147438883781433 320
1747299813530 2.1474390029907227 339
1747299866676 2.1474390029907227 358
1747299992877 2.124353051185608 360
1747300045922 2.1243531703948975 379
1747300098394 2.1243523359298706 398
1747300223559 2.1033929586410522 400
1747300276267 2.1033926010131836 419
1747300328513 2.103392720222473 438
1747300453747 2.0856575965881348 440
1747300506376 2.085658073425293 459
1747300558651 2.085657238960266 478
1747300684684 2.0711255073547363 480
1747300737651 2.07112455368042 499
1747300790458 2.0711244344711304 518
1747300916233 2.061168074607849 520
1747300969331 2.061169385910034 539
1747301021767 2.061170816421509 558
1747301147757 2.0558334589004517 560
1747301200748 2.055833101272583 579
1747301253271 2.0558340549468994 598
1747301379162 2.0545246601104736 600
1747301432256 2.054524779319763 619
1747301485281 2.054525375366211 638
1747301611118 2.0529102087020874 640
1747301663936 2.0529102087020874 659
1747301716983 2.052910089492798 678
1747301842829 2.0516865253448486 680
1747301895962 2.051686644554138 699
1747301948525 2.0516862869262695 718
1747302074212 2.048398733139038 720
1747302127342 2.0483983755111694 739
1747302180031 2.048399329185486 758
1747302305428 2.0467655658721924 760
1747302357997 2.0467649698257446 779
1747302410742 2.0467647314071655 798
1747302536126 2.0443145036697388 800
1747302588711 2.044313669204712 819
1747302641525 2.0443129539489746 838
1747302766899 2.0420756340026855 840
1747302819799 2.0420753955841064 859
1747302872642 2.0420751571655273 878
1747302998455 2.039459466934204 880
1747303051834 2.0394595861434937 899
1747303104480 2.0394595861434937 918
1747303230345 2.0378241539001465 920
1747303283324 2.037823796272278 939
1747303336515 2.0378230810165405 958
1747303462425 2.0355844497680664 960
1747303515746 2.0355833768844604 979
1747303568590 2.035585045814514 998
1747303694945 2.031584143638611 1000
1747303748267 2.0315853357315063 1019
1747303801222 2.0315842628479004 1038
1747303926845 2.028932213783264 1040
1747303978337 2.0289318561553955 1059
1747304029983 2.0289318561553955 1078
1747304152625 2.0254164934158325 1080
1747304204487 2.025416374206543 1099
1747304256014 2.0254167318344116 1118
