1749095840791 0.1044 0
1749095851848 0.1194 1
1749095861775 0.1516 2
1749095871151 0.1216 3
1749095882742 0.1862 4
1749095894197 0.1106 5
1749095906313 0.1588 6
1749095918002 0.1254 7
1749095929911 0.1142 8
1749095941794 0.1116 9
1749095953951 0.1176 10
1749095965852 0.1246 11
1749095977952 0.124 12
1749095990302 0.1336 13
1749096002391 0.1304 14
1749096014771 0.1282 15
1749096027420 0.1244 16
1749096039733 0.162 17
1749096051820 0.2278 18
1749096064604 0.1686 19
1749096076698 0.158 20
1749096090439 0.2054 21
1749096102523 0.2148 22
1749096114855 0.1922 23
1749096127136 0.2002 24
1749096139262 0.2014 25
1749096151623 0.19 26
1749096163769 0.172 27
1749096176083 0.1836 28
1749096188451 0.1786 29
1749096200753 0.1736 30
1749096213062 0.183 31
1749096225606 0.1888 32
1749096237909 0.2 33
1749096249986 0.1958 34
1749096262553 0.211 35
1749096274663 0.1938 36
1749096286971 0.1944 37
1749096299518 0.2004 38
1749096311806 0.2162 39
1749096324391 0.229 40
1749096336688 0.2154 41
1749096348970 0.19 42
1749096361515 0.1634 43
1749096373802 0.1912 44
1749096386208 0.142 45
1749096398832 0.2184 46
1749096411218 0.1462 47
1749096423600 0.1098 48
1749096436458 0.1488 49
1749096448674 0.1072 50
1749096461689 0.1706 51
1749096474279 0.1532 52
1749096486673 0.2076 53
1749096499402 0.1302 54
1749096512207 0.1482 55
1749096524892 0.198 56
1749096537535 0.162 57
1749096550431 0.1312 58
1749096562856 0.1058 59
1749096575475 0.113 60
1749096588178 0.1058 61
1749096600797 0.1318 62
1749096613609 0.1096 63
1749096626008 0.1058 64
1749096638627 0.1686 65
1749096651503 0.1138 66
1749096663886 0.106 67
1749096676959 0.1216 68
1749096690149 0.126 69
1749096702749 0.123 70
1749096715557 0.1706 71
1749096728416 0.1304 72
1749096740639 0.1044 73
1749096753486 0.0924 74
1749096765897 0.0996 75
1749096778102 0.1256 76
1749096790577 0.102 77
1749096802761 0.1042 78
1749096814935 0.1472 79
1749096827395 0.1102 80
1749096839965 0.124 81
1749096853021 0.0964 82
1749096865391 0.096 83
1749096877859 0.25 84
1749096890268 0.1302 85
1749096903716 0.2444 86
1749096916293 0.0948 87
1749096928933 0.095 88
1749096941338 0.2104 89
1749096954783 0.123 90
1749096968004 0.0938 91
1749096980394 0.093 92
1749096993065 0.1996 93
1749097005430 0.213 94
1749097018640 0.0922 95
1749097031016 0.0924 96
1749097043631 0.2126 97
1749097056400 0.2118 98
1749097069417 0.0922 99
1749097081790 0.1062 100
1749097094468 0.1876 101
1749097106630 0.0924 102
1749097118977 0.0922 103
1749097131633 0.1966 104
1749097144172 0.092 105
1749097156817 0.0922 106
1749097169203 0.21 107
1749097182432 0.092 108
1749097194821 0.092 109
1749097207480 0.2098 110
1749097220241 0.092 111
1749097232890 0.1922 112
1749097245256 0.092 113
1749097257905 0.1422 114
1749097270504 0.092 115
1749097282688 0.1316 116
1749097295159 0.092 117
1749097307344 0.1624 118
1749097319496 0.0968 119
1749097332157 0.0958 120
1749097344373 0.2542 121
1749097357206 0.162 122
1749097369750 0.2202 123
1749097382402 0.095 124
1749097394572 0.1972 125
1749097406746 0.2522 126
1749097419951 0.2612 127
1749097432822 0.099 128
1749097445201 0.099 129
1749097457557 0.2328 130
1749097470199 0.2558 131
1749097482899 0.098 132
1749097495535 0.1006 133
1749097507919 0.2316 134
1749097520547 0.2124 135
1749097532899 0.0944 136
1749097545522 0.1872 137
1749097557692 0.3304 138
1749097570073 0.3296 139
1749097582725 0.303 140
1749097594897 0.227 141
1749097607085 0.2404 142
1749097619554 0.2878 143
1749097631939 0.3242 144
1749097643941 0.329 145
1749097656599 0.2808 146
1749097668778 0.2236 147
1749097680962 0.2428 148
1749097693538 0.302 149
1749097706051 0.3254 150
1749097718574 0.3142 151
1749097731386 0.2358 152
1749097743711 0.2142 153
1749097756335 0.266 154
1749097768775 0.321 155
1749097781190 0.3282 156
1749097793889 0.274 157
1749097806222 0.197 158
1749097818474 0.2418 159
1749097831050 0.3082 160
1749097843504 0.3254 161
1749097856259 0.2756 162
1749097868506 0.187 163
1749097880685 0.221 164
1749097893168 0.2858 165
1749097905649 0.324 166
1749097918362 0.291 167
1749097930638 0.1918 168
1749097942893 0.2074 169
1749097955169 0.2972 170
1749097967927 0.3234 171
1749097980390 0.2778 172
1749097993128 0.177 173
1749098005375 0.2196 174
1749098017637 0.2864 175
1749098030403 0.3224 176
1749098042914 0.2766 177
1749098055365 0.1746 178
1749098067956 0.2358 179
1749098080240 0.2832 180
1749098092737 0.3062 181
1749098105418 0.2524 182
1749098117712 0.1746 183
1749098130504 0.2224 184
1749098142818 0.2918 185
1749098155275 0.2744 186
1749098168017 0.2238 187
1749098180503 0.221 188
1749098193047 0.239 189
1749098205502 0.2688 190
1749098217968 0.2574 191
1749098230718 0.2132 192
1749098243163 0.2056 193
1749098255897 0.2666 194
1749098268371 0.2608 195
1749098280824 0.219 196
1749098293569 0.234 197
1749098305847 0.252 198
1749098318615 0.2342 199
1749098331069 0.213 200
1749098343519 0.2326 201
1749098356037 0.2458 202
1749098368491 0.2376 203
1749098380964 0.2008 204
1749098393653 0.2238 205
1749098406091 0.2212 206
1749098418803 0.231 207
1749098431277 0.2318 208
1749098444005 0.2316 209
1749098456469 0.2182 210
1749098468929 0.2178 211
1749098481654 0.2302 212
1749098494144 0.2394 213
1749098506902 0.2184 214
1749098519400 0.2226 215
1749098531900 0.234 216
1749098544618 0.21 217
1749098557060 0.1914 218
1749098569778 0.2354 219
1749098582196 0.2202 220
1749098594674 0.1938 221
1749098607387 0.2112 222
1749098619848 0.217 223
1749098632625 0.1954 224
1749098645101 0.2012 225
1749098657593 0.1934 226
1749098670346 0.2086 227
1749098682772 0.2074 228
1749098695496 0.1646 229
1749098707934 0.2008 230
1749098720322 0.1936 231
1749098733045 0.1694 232
1749098745521 0.2046 233
1749098758267 0.181 234
1749098770708 0.1792 235
1749098783183 0.2064 236
1749098795936 0.1808 237
1749098808376 0.1618 238
1749098821094 0.2284 239
1749098833542 0.1566 240
1749098846273 0.1954 241
1749098858760 0.1984 242
1749098871266 0.162 243
1749098884026 0.168 244
1749098896460 0.1724 245
1749098909100 0.1574 246
1749098921511 0.1968 247
1749098933899 0.1474 248
1749098946533 0.1588 249
1749098958971 0.158 250
1749098971626 0.156 251
1749098984046 0.219 252
1749098996433 0.1282 253
1749099009130 0.209 254
1749099021558 0.1292 255
1749099034299 0.228 256
1749099046758 0.1188 257
1749099059178 0.2812 258
1749099071886 0.1144 259
1749099084287 0.3084 260
1749099096953 0.1082 261
1749099109361 0.3044 262
1749099121743 0.1156 263
1749099134413 0.2996 264
1749099146627 0.1336 265
1749099159311 0.2716 266
1749099171692 0.1222 267
1749099184090 0.2556 268
1749099196966 0.1222 269
1749099209374 0.2436 270
1749099222027 0.135 271
1749099234395 0.1678 272
1749099246757 0.1756 273
1749099259422 0.1622 274
1749099271826 0.1206 275
1749099284527 0.302 276
1749099297154 0.1038 277
1749099309873 0.2136 278
1749099322327 0.0988 279
1749099334594 0.1864 280
1749099346800 0.0988 281
1749099359337 0.3096 282
1749099371606 0.2434 283
1749099383874 0.2034 284
1749099396414 0.3612 285
1749099409420 0.3314 286
1749099421962 0.2946 287
1749099434391 0.2032 288
1749099446642 0.324 289
1749099459328 0.3464 290
1749099471753 0.402 291
1749099484172 0.3972 292
1749099496725 0.3898 293
1749099508965 0.4012 294
1749099521216 0.4028 295
1749099534531 0.4036 296
1749099547197 0.4022 297
1749099559944 0.4054 298
1749099572410 0.3964 299
1749099584685 0.3982 300
1749099597254 0.4042 301
1749099609512 0.4046 302
1749099622136 0.4024 303
1749099634868 0.4038 304
1749099647482 0.4004 305
1749099659729 0.3982 306
1749099672346 0.4046 307
1749099684846 0.4042 308
1749099697361 0.403 309
1749099710585 0.4042 310
1749099723103 0.4046 311
1749099735522 0.3996 312
1749099748064 0.3988 313
1749099760394 0.4064 314
1749099773384 0.404 315
1749099785490 0.4036 316
1749099797823 0.4072 317
1749099810139 0.3992 318
1749099822751 0.4028 319
1749099834887 0.4066 320
1749099847437 0.4046 321
1749099860240 0.403 322
1749099872187 0.407 323
1749099884481 0.4 324
1749099896806 0.4014 325
1749099909002 0.4068 326
1749099921399 0.4032 327
1749099934078 0.4028 328
1749099947142 0.4042 329
1749099959714 0.407 330
1749099971750 0.4052 331
1749099983818 0.4044 332
1749099996740 0.405 333
1749100009379 0.4064 334
1749100022021 0.4052 335
1749100034928 0.4076 336
1749100046994 0.407 337
1749100059288 0.4074 338
1749100071591 0.406 339
1749100084557 0.4038 340
1749100097228 0.4048 341
1749100109879 0.4064 342
1749100122645 0.4062 343
1749100134877 0.4056 344
1749100147475 0.4056 345
1749100160418 0.404 346
1749100172885 0.404 347
1749100184947 0.405 348
1749100197889 0.4046 349
1749100210186 0.4044 350
1749100222772 0.4042 351
1749100235718 0.4036 352
1749100248139 0.402 353
1749100261186 0.4042 354
1749100274075 0.4026 355
1749100286846 0.4046 356
1749100299673 0.4048 357
1749100312252 0.4052 358
1749100324475 0.4036 359
1749100337449 0.4054 360
1749100350326 0.4028 361
1749100363156 0.4028 362
1749100375563 0.4036 363
1749100388527 0.4048 364
1749100401104 0.4046 365
1749100413762 0.404 366
1749100426489 0.4048 367
1749100439128 0.4054 368
1749100451734 0.4044 369
1749100464663 0.4042 370
1749100477282 0.4026 371
1749100489916 0.4026 372
1749100502828 0.4036 373
1749100515415 0.402 374
1749100528039 0.4032 375
1749100540738 0.4046 376
1749100553357 0.406 377
1749100565981 0.4036 378
1749100578860 0.4034 379
1749100591483 0.4032 380
1749100604580 0.4034 381
1749100617397 0.4044 382
1749100629966 0.4034 383
1749100642522 0.404 384
1749100655449 0.402 385
1749100668077 0.4012 386
1749100680982 0.4026 387
1749100693593 0.4024 388
1749100706179 0.4028 389
1749100719083 0.4028 390
1749100731740 0.4034 391
1749100744861 0.4024 392
1749100757489 0.4016 393
1749100770108 0.4032 394
1749100782869 0.4034 395
1749100795557 0.4036 396
1749100808139 0.4024 397
1749100821429 0.4022 398
1749100834080 0.4038 399
1749100847488 0.4046 400
1749100859976 0.4032 401
1749100872823 0.4038 402
1749100885759 0.401 403
1749100898229 0.4016 404
1749100910789 0.4026 405
1749100923409 0.4032 406
1749100936537 0.4028 407
1749100949307 0.4022 408
1749100962840 0.429 409
1749100975268 0.4274 410
1749100988359 0.4272 411
1749101000954 0.4284 412
1749101013549 0.4276 413
1749101026843 0.4288 414
1749101039121 0.4282 415
1749101051922 0.4282 416
1749101064843 0.4278 417
1749101077452 0.428 418
1749101089835 0.4284 419
1749101102101 0.4292 420
1749101115367 0.428 421
1749101129227 0.4276 422
1749101141800 0.4278 423
1749101153814 0.4278 424
1749101166904 0.4286 425
1749101179464 0.4286 426
1749101191479 0.4382 427
1749101203877 0.4382 428
1749101217374 0.4382 429
1749101229783 0.4386 430
1749101242390 0.4386 431
1749101255909 0.4386 432
1749101269240 0.4384 433
1749101282497 0.4396 434
1749101294530 0.4394 435
1749101306519 0.4382 436
1749101320315 0.4386 437
1749101332893 0.4392 438
1749101345276 0.4396 439
1749101359118 0.4386 440
1749101371096 0.439 441
1749101383824 0.439 442
1749101396244 0.4388 443
1749101407931 0.4398 444
1749101419372 0.4398 445
1749101431584 0.4398 446
1749101443271 0.44 447
1749101457136 0.4396 448
1749101469555 0.439 449
1749101482176 0.4412 450
1749101493778 0.4412 451
1749101506427 0.4412 452
1749101517871 0.441 453
1749101530094 0.4412 454
1749101542601 0.441 455
1749101553869 0.441 456
1749101564331 0.4414 457
1749101576528 0.441 458
1749101589695 0.4406 459
1749101600344 0.4406 460
1749101611683 0.4402 461
1749101622454 0.4416 462
1749101635406 0.4408 463
1749101646472 0.4406 464
1749101658125 0.441 465
1749101669378 0.4416 466
1749101681035 0.4406 467
1749101694016 0.4406 468
1749101704431 0.44 469
1749101715483 0.4406 470
1749101725693 0.4412 471
1749101736905 0.4404 472
1749101748644 0.4404 473
1749101759956 0.4404 474
1749101772666 0.4412 475
1749101783355 0.4404 476
1749101794734 0.4404 477
1749101805247 0.4402 478
1749101816239 0.4402 479
1749101828377 0.44 480
1749101840664 0.4402 481
1749101852166 0.4398 482
1749101863174 0.4398 483
1749101875510 0.4398 484
1749101887134 0.4398 485
1749101899498 0.4402 486
1749101910196 0.4402 487
1749101922720 0.4398 488
1749101932813 0.4406 489
1749101942625 0.4406 490
1749101953411 0.4408 491
1749101963680 0.4404 492
1749101975563 0.4404 493
1749101986007 0.4398 494
1749101996027 0.44 495
1749102006626 0.4396 496
1749102016943 0.4404 497
1749102030837 0.4406 498
1749102043263 0.4402 499
1749102053689 0.4402 500
1749102066809 0.44 501
1749102078492 0.4402 502
1749102090250 0.4404 503
1749102100602 0.4404 504
1749102112385 0.4408 505
1749102123812 0.44 506
1749102133788 0.4402 507
1749102144865 0.4402 508
1749102156689 0.4402 509
1749102168631 0.4402 510
1749102180734 0.44 511
1749102191005 0.44 512
1749102202601 0.4404 513
1749102213150 0.4398 514
1749102225347 0.4402 515
1749102236389 0.4398 516
1749102246371 0.4408 517
1749102258375 0.4398 518
1749102269030 0.44 519
1749102279013 0.4402 520
1749102288820 0.4404 521
1749102298912 0.4404 522
1749102308703 0.4402 523
1749102318475 0.4402 524
1749102329129 0.4404 525
1749102338899 0.44 526
1749102351111 0.44 527
1749102361576 0.4404 528
1749102372450 0.4402 529
1749102383118 0.4404 530
1749102393459 0.4404 531
1749102404890 0.4402 532
1749102416805 0.44 533
1749102429065 0.4404 534
1749102439353 0.4406 535
1749102451227 0.4408 536
1749102461447 0.4404 537
1749102472944 0.44 538
1749102484978 0.4404 539
1749102496056 0.4402 540
1749102508402 0.44 541
1749102519489 0.4398 542
1749102529405 0.4402 543
1749102539315 0.4406 544
1749102550511 0.4398 545
1749102561992 0.4402 546
1749102572002 0.4404 547
1749102582306 0.4402 548
1749102593774 0.4404 549
1749102604923 0.4404 550
1749102616407 0.4404 551
1749102628254 0.4406 552
1749102638042 0.4404 553
1749102649329 0.4406 554
1749102662408 0.4404 555
1749102673503 0.44 556
1749102684215 0.4402 557
1749102696036 0.44 558
1749102705830 0.44 559
1749102717453 0.4404 560
1749102729303 0.4404 561
1749102739291 0.4404 562
1749102749395 0.4404 563
1749102761244 0.4406 564
1749102772556 0.44 565
1749102783608 0.4402 566
1749102795180 0.4396 567
1749102805500 0.4404 568
1749102816813 0.4406 569
1749102828855 0.44 570
1749102840722 0.4402 571
1749102851773 0.4406 572
1749102862164 0.4402 573
1749102872671 0.4398 574
1749102882497 0.4396 575
1749102892314 0.4402 576
1749102904221 0.4402 577
1749102918145 0.4408 578
1749102929161 0.44 579
1749102939386 0.4402 580
1749102949325 0.4408 581
1749102959465 0.4402 582
1749102970824 0.4402 583
1749102981908 0.4398 584
1749102992576 0.4404 585
1749103005012 0.4402 586
1749103015001 0.4406 587
1749103025377 0.4404 588
1749103035497 0.4404 589
1749103046313 0.4402 590
1749103059098 0.4398 591
1749103070255 0.4406 592
1749103080714 0.4402 593
1749103090629 0.44 594
1749103102176 0.4402 595
1749103113199 0.44 596
1749103123794 0.4402 597
1749103135059 0.44 598
1749103146668 0.4404 599
1749103157200 0.4402 600
1749103167131 0.4404 601
1749103179134 0.441 602
1749103189354 0.441 603
1749103200287 0.4404 604
1749103211325 0.4396 605
1749103222541 0.4404 606
1749103235929 0.4406 607
1749103246661 0.4404 608
1749103258586 0.4408 609
1749103269026 0.4404 610
1749103278949 0.4406 611
1749103290550 0.44 612
1749103301931 0.4402 613
1749103312043 0.4404 614
1749103321969 0.4404 615
1749103334163 0.4406 616
1749103344058 0.4402 617
1749103355243 0.4402 618
1749103365280 0.44 619
1749103376243 0.4406 620
1749103386487 0.4404 621
1749103397618 0.4404 622
1749103408096 0.4402 623
1749103418432 0.44 624
1749103428724 0.4404 625
1749103440300 0.4406 626
1749103451521 0.4398 627
1749103463328 0.4402 628
1749103474197 0.44 629
1749103485137 0.4402 630
1749103495765 0.4402 631
1749103506098 0.4398 632
1749103516530 0.4396 633
1749103527672 0.44 634
1749103539790 0.4404 635
1749103549946 0.4408 636
1749103562501 0.4414 637
1749103574522 0.4404 638
1749103584897 0.441 639
1749103594874 0.4408 640
1749103606031 0.4408 641
1749103616678 0.4402 642
1749103626822 0.4404 643
1749103636689 0.4402 644
1749103646658 0.4402 645
1749103656827 0.4402 646
1749103666992 0.4402 647
1749103677796 0.4406 648
1749103689870 0.4408 649
1749103701745 0.4402 650
1749103712457 0.4402 651
1749103722294 0.4404 652
1749103732166 0.4404 653
1749103742271 0.4404 654
1749103753792 0.4404 655
1749103764177 0.4406 656
1749103774839 0.4404 657
1749103785010 0.4404 658
1749103797029 0.4402 659
1749103807302 0.4398 660
1749103818563 0.4406 661
1749103829245 0.4402 662
1749103839214 0.4404 663
1749103849392 0.4402 664
1749103859691 0.44 665
1749103870466 0.4402 666
1749103882565 0.4408 667
1749103894503 0.4402 668
1749103906246 0.4402 669
1749103917389 0.4408 670
1749103927986 0.441 671
1749103939050 0.4402 672
1749103951068 0.4404 673
1749103961983 0.4408 674
1749103972154 0.4404 675
1749103982019 0.4398 676
1749103991914 0.4406 677
1749104001843 0.4408 678
1749104012445 0.4404 679
1749104023344 0.4404 680
1749104035084 0.44 681
1749104046327 0.44 682
1749104057414 0.4402 683
1749104068770 0.4402 684
1749104080136 0.4404 685
1749104090008 0.4406 686
1749104101772 0.4402 687
1749104111682 0.4402 688
1749104122563 0.4404 689
1749104132645 0.4402 690
1749104143902 0.4404 691
1749104155190 0.4408 692
1749104165489 0.4412 693
1749104176615 0.44 694
1749104187662 0.4404 695
1749104198618 0.4408 696
1749104208604 0.4404 697
1749104219161 0.4406 698
1749104233176 0.4402 699
1749104243642 0.4408 700
1749104255193 0.4394 701
1749104267122 0.4404 702
1749104278689 0.4408 703
1749104290170 0.4402 704
1749104301548 0.4412 705
1749104312089 0.4404 706
1749104323797 0.4404 707
1749104335027 0.4404 708
1749104345222 0.4398 709
1749104355680 0.4404 710
1749104367632 0.4408 711
1749104378428 0.44 712
1749104388512 0.441 713
1749104398802 0.4406 714
1749104409574 0.4408 715
1749104420538 0.4404 716
1749104431245 0.4408 717
1749104443218 0.4406 718
1749104456955 0.4406 719
1749104467890 0.4398 720
1749104479472 0.4402 721
1749104490534 0.44 722
1749104500751 0.4406 723
1749104511836 0.441 724
1749104523775 0.44 725
1749104536148 0.4406 726
1749104548107 0.4404 727
1749104558713 0.4404 728
1749104570665 0.4404 729
1749104582834 0.4408 730
1749104593504 0.4402 731
1749104606178 0.4406 732
1749104616374 0.4404 733
1749104627774 0.4404 734
1749104638976 0.4404 735
1749104649927 0.4402 736
1749104660306 0.4402 737
1749104670576 0.4402 738
1749104681974 0.4404 739
1749104693947 0.4402 740
1749104704909 0.4406 741
1749104714776 0.4398 742
1749104727283 0.4398 743
1749104737666 0.44 744
1749104747842 0.4398 745
1749104760818 0.4404 746
1749104771013 0.4404 747
1749104781534 0.4402 748
1749104791912 0.44 749
1749104803393 0.44 750
1749104815195 0.4406 751
1749104825659 0.4402 752
1749104835548 0.4406 753
1749104845903 0.4406 754
1749104856774 0.4398 755
1749104867181 0.4406 756
1749104877452 0.4402 757
1749104887615 0.44 758
1749104898569 0.4404 759
1749104912046 0.4402 760
1749104924471 0.4404 761
1749104936607 0.4406 762
1749104948323 0.441 763
1749104961018 0.4412 764
1749104971748 0.441 765
1749104984049 0.4414 766
1749104994258 0.44 767
1749105005286 0.44 768
1749105015430 0.4406 769
1749105027726 0.441 770
1749105040010 0.4402 771
1749105052107 0.4402 772
1749105062117 0.4404 773
1749105072350 0.441 774
1749105082782 0.4402 775
1749105094096 0.4404 776
1749105105068 0.4408 777
1749105117960 0.4412 778
1749105128284 0.4408 779
1749105138299 0.441 780
1749105150706 0.4404 781
1749105161565 0.4404 782
1749105171993 0.4406 783
1749105184842 0.4404 784
1749105195148 0.4404 785
1749105207279 0.44 786
1749105217668 0.4402 787
1749105227672 0.4408 788
1749105240193 0.4408 789
1749105251322 0.4402 790
1749105261462 0.4408 791
1749105272677 0.4404 792
1749105283279 0.4406 793
1749105294718 0.44 794
1749105307053 0.4404 795
1749105317296 0.44 796
1749105328750 0.44 797
1749105339696 0.4406 798
1749105351166 0.4402 799
1749105364928 0.4404 800
1749105376001 0.4402 801
1749105386275 0.4406 802
1749105396855 0.4404 803
1749105408466 0.4402 804
1749105419145 0.4402 805
1749105432452 0.4406 806
1749105443354 0.4404 807
1749105454795 0.4408 808
1749105466819 0.4408 809
1749105478748 0.4406 810
1749105489186 0.4406 811
1749105500993 0.4398 812
1749105513025 0.441 813
1749105523358 0.4404 814
1749105534972 0.4408 815
1749105547965 0.4404 816
1749105560463 0.4406 817
1749105571921 0.4402 818
1749105582452 0.4412 819
1749105594255 0.4404 820
1749105604921 0.4408 821
1749105615625 0.4406 822
1749105626468 0.441 823
1749105637163 0.4406 824
1749105647287 0.4404 825
1749105657558 0.4404 826
1749105667711 0.4406 827
1749105678618 0.4404 828
1749105690631 0.4408 829
1749105703934 0.4402 830
1749105714813 0.4406 831
1749105725377 0.4406 832
1749105735748 0.44 833
1749105746002 0.4404 834
1749105757452 0.4406 835
1749105769722 0.4408 836
1749105780437 0.4402 837
1749105791669 0.4406 838
1749105801838 0.4406 839
1749105812333 0.4402 840
1749105825605 0.441 841
1749105837078 0.4406 842
1749105847718 0.441 843
1749105857745 0.441 844
1749105868136 0.4402 845
1749105878423 0.4404 846
1749105888564 0.4402 847
1749105898789 0.4406 848
1749105909667 0.4402 849
1749105920719 0.4404 850
1749105930781 0.4404 851
1749105941124 0.441 852
1749105951162 0.4406 853
1749105962892 0.4406 854
1749105975418 0.4412 855
1749105985900 0.441 856
1749105996655 0.44 857
1749106008222 0.4404 858
1749106019443 0.44 859
1749106030015 0.4402 860
1749106040277 0.4408 861
1749106051308 0.4406 862
1749106063406 0.4406 863
1749106074348 0.4406 864
1749106087389 0.4406 865
1749106099295 0.4398 866
1749106110319 0.4404 867
1749106122760 0.4404 868
1749106134071 0.4406 869
1749106144266 0.441 870
1749106155675 0.4404 871
1749106165649 0.4404 872
1749106178087 0.441 873
1749106190157 0.4404 874
1749106202464 0.4408 875
1749106213093 0.4406 876
1749106225347 0.441 877
1749106235697 0.4408 878
1749106247960 0.4406 879
1749106259747 0.4402 880
1749106272084 0.441 881
1749106282386 0.4402 882
1749106293182 0.4402 883
1749106304885 0.4406 884
1749106315128 0.4404 885
1749106326739 0.4406 886
1749106339503 0.4414 887
1749106350407 0.4408 888
1749106361209 0.4402 889
1749106372564 0.4404 890
1749106382792 0.4404 891
1749106393753 0.4404 892
1749106404102 0.441 893
1749106416369 0.4404 894
1749106427904 0.4402 895
1749106440237 0.4406 896
1749106453151 0.44 897
1749106463357 0.4406 898
1749106474884 0.4408 899
1749106487108 0.4404 900
1749106499830 0.44 901
1749106511972 0.4404 902
1749106525731 0.4406 903
1749106536584 0.4402 904
1749106549390 0.4404 905
1749106560260 0.4408 906
1749106572320 0.4408 907
1749106584738 0.441 908
1749106595276 0.4408 909
1749106605300 0.4404 910
1749106616996 0.441 911
1749106627796 0.4404 912
1749106637896 0.4402 913
1749106648141 0.4398 914
1749106658654 0.4402 915
1749106669398 0.44 916
1749106682794 0.4408 917
1749106693585 0.4402 918
1749106704931 0.44 919
1749106716370 0.44 920
1749106727030 0.4402 921
1749106738449 0.44 922
1749106748716 0.441 923
1749106759216 0.4404 924
1749106769345 0.4406 925
1749106781501 0.4402 926
1749106793883 0.4408 927
1749106804165 0.4406 928
1749106814368 0.4408 929
1749106824904 0.4404 930
1749106835361 0.4398 931
1749106846043 0.4404 932
1749106856105 0.4406 933
1749106866668 0.441 934
1749106877951 0.4408 935
1749106888479 0.4408 936
1749106899190 0.4404 937
1749106910814 0.4408 938
1749106923669 0.44 939
1749106935370 0.4402 940
1749106946910 0.44 941
1749106958493 0.441 942
1749106968778 0.4402 943
1749106980334 0.441 944
1749106991747 0.4406 945
1749107003972 0.4402 946
1749107015502 0.4402 947
1749107025941 0.4402 948
1749107039387 0.4402 949
1749107050639 0.44 950
1749107061998 0.4404 951
1749107071940 0.4408 952
1749107082623 0.441 953
1749107093874 0.4408 954
1749107104927 0.4402 955
1749107116115 0.4404 956
1749107127837 0.44 957
1749107139243 0.44 958
1749107149513 0.4406 959
1749107162511 0.4408 960
1749107172561 0.4404 961
1749107184103 0.44 962
1749107194635 0.44 963
1749107205733 0.4406 964
1749107215918 0.4408 965
1749107227815 0.4408 966
1749107240245 0.4402 967
1749107250443 0.4404 968
1749107260477 0.441 969
1749107270846 0.4408 970
1749107281031 0.4412 971
1749107293876 0.4408 972
1749107304509 0.4414 973
1749107315819 0.4404 974
1749107325860 0.4404 975
1749107336729 0.4406 976
1749107347184 0.4414 977
1749107360466 0.4412 978
1749107370552 0.4404 979
1749107382563 0.4408 980
1749107393424 0.441 981
1749107405005 0.4404 982
1749107415035 0.4406 983
1749107427349 0.4406 984
1749107438319 0.4402 985
1749107449757 0.441 986
1749107462089 0.4408 987
1749107473084 0.441 988
1749107483264 0.44 989
1749107495767 0.4404 990
1749107506631 0.4404 991
1749107517607 0.4402 992
1749107529729 0.4406 993
1749107541769 0.4408 994
1749107552849 0.4404 995
1749107563742 0.4404 996
1749107573710 0.4408 997
1749107583840 0.4398 998
1749107596043 0.4406 999
