1751836555887 1.9900962114334106 0
1751838940004 1.2816869020462036 1
1751841346682 2.0156102180480957 2
1751843817823 1.391636610031128 3
1751846304336 1.2726646661758423 4
1751848736008 1.7210291624069214 5
1751851112729 4.245783805847168 6
1751853516798 3.268922805786133 7
1751855989229 2.5000219345092773 8
1751858476978 2.2614290714263916 9
1751860926948 2.6274890899658203 10
1751863338919 2.7549169063568115 11
1751865827671 2.605985641479492 12
1751868340566 2.8299736976623535 13
1751870853946 3.542337417602539 14
1751873239678 3.106732130050659 15
1751875644794 3.696500778198242 16
1751878092652 4.765719890594482 17
1751880602416 2.2836999893188477 18
1751883120862 2.430204391479492 19
1751885553782 3.8011739253997803 20
1751887950149 3.382056713104248 21
1751890379383 2.023080348968506 22
1751892880225 3.3341257572174072 23
1751895398270 2.150991916656494 24
1751897846284 2.6857779026031494 25
1751900368658 2.955744504928589 26
1751902789505 2.833739995956421 27
1751905293671 1.6666815280914307 28
1751907812921 3.270559549331665 29
