1751838634521 -0.6714314818382263 0
1751841034006 -0.2933323085308075 1
1751843505527 -0.1513480693101883 2
1751845976838 -0.07159922271966934 3
1751848428749 -0.050840552896261215 4
1751850806246 -0.06211371347308159 5
1751853203623 -0.07692965865135193 6
1751855676753 -0.07492350041866302 7
1751858149753 -0.08141737431287766 8
1751860606142 -0.03872906044125557 9
1751863022586 -0.04831169545650482 10
1751865511208 -0.015343157574534416 11
1751868010407 -0.03721332177519798 12
1751870521158 -0.008639132604002953 13
1751872929783 -0.014621203765273094 14
1751875330549 -0.04780980944633484 15
1751877775992 -0.06471181660890579 16
1751880279025 -0.1456463783979416 17
1751882787592 -0.052225805819034576 18
1751885227968 0.0036026372108608484 19
1751887641112 -0.06967855989933014 20
1751890062910 -0.03705030679702759 21
1751892563395 -0.017680887132883072 22
1751895065329 0.021046699956059456 23
1751897535846 0.02762051671743393 24
1751900058569 0.008420055732131004 25
1751902472716 0.009173824451863766 26
1751904977142 -0.0228500384837389 27
1751907480254 0.007442330941557884 28
