1751838819675 14.82353401184082 0
1751841222951 74.17202758789062 1
1751843694068 136.0453338623047 2
1751846175056 198.01736450195312 3
1751848614856 260.0087585449219 4
1751850992002 322.00567626953125 5
1751853392786 384.003662109375 6
1751855865502 446.0030212402344 7
1751858347234 508.0015869140625 8
1751860792189 570.0016479492188 9
1751863213346 632.0009765625 10
1751865702357 694.001220703125 11
1751868208972 756.0006713867188 12
1751870722281 818.0006103515625 13
1751873117551 880.0004272460938 14
1751875520741 942.0003051757812 15
1751877967201 1004.0003662109375 16
1751880474636 1066.00048828125 17
1751882989070 1128.0003662109375 18
1751885415888 1190.0003662109375 19
1751887828201 1252.000244140625 20
1751890253735 1314.0001220703125 21
1751892754219 1376.0001220703125 22
1751895266653 1438.0001220703125 23
1751897723717 1500.0 24
1751900246271 1562.0 25
1751902663990 1624.0 26
1751905167954 1686.0 27
1751907681012 1748.0 28
