1751912354016 1.5232574208216234 0
1751915174602 1.3935180936347356 1
1751918004620 1.3339860926974902 2
1751920847407 1.2997182800688527 3
1751923689004 1.2671890892088413 4
1751926515564 1.2475473950193687 5
1751929337221 1.2216655425727367 6
1751932159541 1.1986051728440956 7
1751934995832 1.1839975164356558 8
1751937844670 1.1717371495271272 9
1751940699348 1.1568044642494484 10
1751943536070 1.1452913280915131 11
1751946372532 1.1275007560510526 12
1751949216014 1.1159299159930511 13
1751952077103 1.1036462998864325 14
1751954936269 1.0897463705729356 15
1751957778100 1.079162233593789 16
1751960616264 1.0657639117403463 17
1751963452184 1.058822019364346 18
1751966298208 1.0451680867170745 19
1751969165246 1.0059846368702976 20
1751972020780 1.0032895806838165 21
1751974859275 0.9963561740111221 22
1751977694694 0.9850568131289699 23
1751980533843 0.9800020554526285 24
1751983374119 0.9796037794175473 25
1751986232540 0.9537463824857365 26
1751989088320 0.9426701498979871 27
1751991926968 0.9417426039210774 28
1751994761012 0.9416399184953083 29
1751997601905 0.9349460442635146 30
1752000444039 0.931567193093625 31
1752003301597 0.916964440183206 32
1752006159663 0.9148632875559005 33
1752008997989 0.9140024574642832 34
1752011832044 0.9096689915115183 35
1752014663521 0.9102363713424314 36
1752017501706 0.9123712576587092 37
1752020358516 0.9029376842081547 38
1752023213822 0.8990526231513782 39
1752026061244 0.8974431836130944 40
1752028898228 0.8971145606853745 41
1752031732272 0.893465640192682 42
1752034572977 0.8948415709151463 43
1752037430962 0.895034874196757 44
1752040290230 0.8941423324021426 45
1752043130312 0.8880891740660776 46
1752045966867 0.890074307268316 47
1752048802096 0.8875118504193696 48
1752051644583 0.8871745172549378 49
1752054521013 0.8889041102745316 50
1752057400571 0.8878283708948981 51
1752060242325 0.8864873429252342 52
1752063080653 0.8824757039546967 53
1752065915183 0.8838697839528322 54
1752068760348 0.8863806031983007 55
1752071626449 0.8850681510838595 56
1752074492317 0.8850320296531374 57
1752077340915 0.8852732295001094 58
1752080184307 0.8854813074523752 59
