1747887545760 2.0734159512953325 0
1747888070149 2.078628106550737 1
1747888596406 2.0358224348588423 2
1747889128326 2.026054252277721 3
1747889658255 2.018562002615495 4
1747890192205 2.0081483017314565 5
1747890731016 1.9980166717009111 6
1747891271056 1.9913538152521306 7
1747891813055 1.977740233594721 8
1747892356313 1.9613542773506858 9
1747892903315 1.9594094103032893 10
1747893459492 1.9490346908569336 11
1747894024751 1.9402304237539119 12
1747894581378 1.9320401603525335 13
1747895135060 1.9211037809198552 14
1747895694490 1.9115303971550681 15
1747896249830 1.9006884856657549 16
1747896806015 1.8888377709822222 17
1747897361345 1.875363057309931 18
1747897914887 1.8645994663238525 19
1747898467698 1.8591225038875232 20
1747899017142 1.8540104302493008 21
1747899567668 1.845327301458879 22
1747900116102 1.8385468829761853 23
1747900670296 1.8333635438572278 24
1747901222344 1.825142036784779 25
1747901778819 1.8172677755355835 26
1747902334342 1.8101620240644976 27
1747902880165 1.798257676037875 28
1747903430375 1.7857372652400623 29
1747903985796 1.7745506763458252 30
1747904561608 1.7613085183230313 31
1747905119076 1.7468530264767734 32
1747905680006 1.7387110211632468 33
1747906235932 1.7306887019764294 34
1747906791616 1.7264441143382678 35
1747907347064 1.720519640228965 36
1747907904901 1.7163606556979092 37
1747908461674 1.714665337042375 38
1747909018340 1.710535396229137 39
1747909566481 1.7070301446047695 40
1747910108636 1.7031008221886375 41
1747910650616 1.6997697353363037 42
1747911198012 1.6962222402746028 43
1747911748654 1.6936678778041492 44
1747912296608 1.6904530741951682 45
1747912841480 1.687656586820429 46
1747913390724 1.6848112561485984 47
1747913936695 1.6821181232278997 48
1747914482707 1.6795034408569336 49
1747915037695 1.6785514788194136 50
1747915593519 1.6762631264599888 51
1747916171318 1.6719765879891135 52
1747916730894 1.6694052652879194 53
1747917286236 1.666771650314331 54
1747917839852 1.6640773686495693 55
1747918389036 1.6615543907338923 56
1747918937064 1.6590309034694324 57
1747919485267 1.6555508808656172 58
1747920035036 1.6525858965787021 59
1747920600478 1.6502042033455588 60
1747921153788 1.6472037055275657 61
1747921704305 1.6438920281150124 62
1747922252200 1.6408108906312422 63
1747922820449 1.6371105042370884 64
1747923369403 1.6339934305711226 65
1747923916303 1.6296556321057407 66
1747924462065 1.6274666677821765 67
1747925013293 1.6292178630828857 68
1747925585038 1.6224542314356023 69
1747926144213 1.6193760633468628 70
1747926728854 1.6196276274594394 71
1747927282060 1.615842797539451 72
1747927830328 1.613885055888783 73
1747928378783 1.6088629310781306 74
1747928931750 1.6074552210894497 75
1747929484296 1.6057413816452026 76
1747930039246 1.6042120890183882 77
1747930590574 1.6037604483691128 78
1747931139483 1.5949666933579878 79
1747931689370 1.5904537547718396 80
1747932243867 1.5919803922826594 81
1747932802755 1.5906111218712546 82
1747933355397 1.5897673476826062 83
1747933904907 1.5887672250921077 84
1747934457711 1.5880250172181563 85
1747935012769 1.5870820825750178 86
1747935566614 1.5848202922127463 87
1747936120066 1.5817500894719905 88
1747936675257 1.5833500190214678 89
1747937226544 1.5812450755726208 90
1747937779102 1.5777511596679688 91
1747938349973 1.5788134878331965 92
1747938903906 1.575801740993153 93
1747939459578 1.575247504494407 94
1747940010948 1.576059720732949 95
1747940563445 1.5747698111967607 96
1747941116913 1.5724284974011509 97
1747941668887 1.571586619723927 98
1747942219902 1.5707135525616733 99
1747942773082 1.5700012011961504 100
1747943322738 1.5693063844333996 101
1747943874879 1.5685144879601218 102
1747944425634 1.5680593902414495 103
1747944979240 1.5600679137490012 104
1747945548767 1.5574976097453723 105
1747946102647 1.555688272822987 106
1747946656055 1.5545087619261309 107
1747947213878 1.553176533092152 108
1747947765014 1.5523420355536721 109
1747948314564 1.5509327216581865 110
1747948865562 1.5508191585540771 111
1747949419968 1.5487605008212002 112
1747949964119 1.547734336419539 113
1747950515519 1.5467977307059548 114
1747951072092 1.5454872521487149 115
1747951629147 1.5444089391014793 116
1747952183904 1.5433456355875188 117
1747952730847 1.5422457998449153 118
1747953277316 1.5411976033991033 119
1747953826584 1.5401674509048462 120
1747954374001 1.5392012271014126 121
1747954924448 1.5382027409293435 122
1747955473334 1.5371997573158958 123
1747956020535 1.536248272115534 124
1747956569825 1.5352879654277454 125
1747957120362 1.5343202352523804 126
1747957676779 1.5333475091240623 127
1747958231520 1.532379930669611 128
1747958789275 1.531563780524514 129
1747959341971 1.5307401743802158 130
1747959896699 1.5299385352568193 131
1747960453578 1.5291807759891858 132
1747961008454 1.5284448320215398 133
1747961562729 1.5276937159624966 134
1747962117674 1.5270386067303745 135
1747962672458 1.526342977177013 136
1747963226947 1.5256542400880293 137
1747963783417 1.5250179875980725 138
1747964335428 1.5243945013393054 139
1747964892943 1.5238204869357022 140
1747965449950 1.5232226956974377 141
1747966005046 1.5226018103686245 142
1747966559055 1.5220723152160645 143
1747967115477 1.52149836583571 144
1747967668132 1.5209931243549695 145
1747968222079 1.520437240600586 146
1747968782665 1.5199552124196833 147
1747969344330 1.5194305181503296 148
1747969906849 1.518931052901528 149
1747970469478 1.5184491330927068 150
1747971030612 1.5179952383041382 151
1747971590436 1.517542221329429 152
