1747891141285 2.307952642440796 0
1747891366607 2.6313364505767822 1
1747891588852 2.133791208267212 2
1747891813813 2.0302311182022095 3
1747892040499 2.0227538347244263 4
1747892267979 2.028539538383484 5
1747892496501 1.9878067374229431 6
1747892726095 1.9849053025245667 7
1747892955409 1.973923683166504 8
1747893185209 1.970480501651764 9
1747893416062 1.9766849875450134 10
1747893645450 2.0223602056503296 11
1747893886859 2.0213170051574707 12
1747894116491 2.029416799545288 13
1747894345608 2.0052504539489746 14
1747894574960 2.0025880336761475 15
1747894802743 1.9058809876441956 16
1747895064014 1.9036399126052856 17
1747895399815 1.9037192463874817 18
1747895734576 1.9018658995628357 19
1747896068227 1.9020150899887085 20
1747896404692 1.9018979668617249 21
1747896736495 1.9004493951797485 22
1747897070264 1.8962358236312866 23
1747897405638 1.8906016945838928 24
1747897741963 1.8854288458824158 25
1747898077598 1.8836206793785095 26
1747898413011 1.883948266506195 27
1747898748993 1.8835166692733765 28
1747899084842 1.880374789237976 29
1747899419539 1.8754830360412598 30
1747899754140 1.8712162971496582 31
1747900089859 1.8683963418006897 32
1747900416536 1.866453230381012 33
1747900652433 1.8645371794700623 34
1747900879623 1.8626453876495361 35
1747901108727 1.8562566637992859 36
1747901337426 1.8623881340026855 37
1747901572732 1.8512216806411743 38
1747901813383 1.865415871143341 39
1747902053680 1.852446973323822 40
1747902294805 1.8527711033821106 41
1747902538680 1.854034423828125 42
1747902781399 1.8551339507102966 43
1747903027437 1.8559510707855225 44
1747903270748 1.7755029201507568 45
1747903513626 1.774940550327301 46
1747903758121 1.7736298441886902 47
1747904001929 1.77308589220047 48
1747904247222 1.7722667455673218 49
1747904518887 1.7708672881126404 50
1747904765728 1.7692111730575562 51
1747905010367 1.7685421109199524 52
1747905254341 1.768796682357788 53
1747905500531 1.770161509513855 54
1747905745262 1.7730058431625366 55
1747905990762 1.7762636542320251 56
1747906235222 1.7784746289253235 57
1747906480313 1.7768310904502869 58
1747906724829 1.723577857017517 59
1747906969044 1.7217599153518677 60
1747907213273 1.7203682661056519 61
1747907458490 1.7192829251289368 62
1747907703667 1.718083679676056 63
1747907948002 1.7173486948013306 64
1747908191497 1.7168564200401306 65
1747908434798 1.7169215083122253 66
1747908678579 1.7161094546318054 67
1747908922451 1.7155406475067139 68
1747909165375 1.715491533279419 69
1747909407075 1.7148680686950684 70
1747909650000 1.7134666442871094 71
1747909892570 1.7124379873275757 72
1747910136280 1.7120394110679626 73
1747910380372 1.7127003073692322 74
1747910621982 1.7126375436782837 75
1747910864686 1.7111521363258362 76
1747911106133 1.7111455202102661 77
1747911348772 1.710840880870819 78
1747911590677 1.7102807760238647 79
1747911836921 1.7081108093261719 80
1747912084446 1.7059417366981506 81
1747912331568 1.7048625349998474 82
1747912579180 1.7062345147132874 83
1747912824695 1.7062720656394958 84
1747913068651 1.7040507793426514 85
1747913322216 1.7023851871490479 86
1747913578458 1.7018311023712158 87
1747913834856 1.7012879848480225 88
1747914092452 1.6981695294380188 89
1747914348799 1.6962460279464722 90
1747914605384 1.6973257064819336 91
1747914861201 1.6982944011688232 92
1747915118131 1.6961275935173035 93
1747915373841 1.693556547164917 94
1747915631768 1.6917396783828735 95
1747915892348 1.6917832493782043 96
1747916178489 1.6917937397956848 97
1747916439119 1.6899033188819885 98
1747916699572 1.6861265897750854 99
1747916960634 1.6827788352966309 100
1747917222413 1.681132197380066 101
1747917483196 1.680689513683319 102
1747917741756 1.6807131171226501 103
1747917998811 1.6812337040901184 104
1747918255831 1.6828531622886658 105
1747918513614 1.6804455518722534 106
1747918774546 1.6759957671165466 107
1747919035843 1.6743999123573303 108
1747919296255 1.6754770278930664 109
1747919557193 1.6769825220108032 110
1747919818341 1.6758320927619934 111
1747920079837 1.6736369729042053 112
1747920340777 1.6725649237632751 113
1747920618087 1.6725927591323853 114
1747920878765 1.6729245781898499 115
1747921139960 1.6727447509765625 116
1747921399208 1.6717185974121094 117
1747921657386 1.6716347932815552 118
1747921916512 1.671985149383545 119
1747922175857 1.6725224256515503 120
1747922460040 1.6707946062088013 121
1747922719444 1.6677284836769104 122
1747922980354 1.6682475805282593 123
1747923240152 1.6692192554473877 124
1747923500864 1.6686533689498901 125
1747923785513 1.6668007373809814 126
1747924118948 1.6664966940879822 127
1747924453558 1.6669821739196777 128
1747924788643 1.665920913219452 129
1747925122943 1.665136992931366 130
1747925457854 1.665052354335785 131
1747925811849 1.6642816066741943 132
1747926164725 1.66487056016922 133
1747926524954 1.6688660979270935 134
1747926861241 1.6712580919265747 135
1747927196290 1.6638221740722656 136
1747927530734 1.6585398316383362 137
1747927864693 1.6598087549209595 138
1747928198641 1.6626219153404236 139
1747928533444 1.6602029204368591 140
1747928867884 1.6587218046188354 141
1747929201155 1.6598036289215088 142
1747929535540 1.6601063013076782 143
1747929868567 1.630014419555664 144
1747930201706 1.6287111043930054 145
1747930535752 1.6277167201042175 146
1747930868889 1.627377450466156 147
1747931201635 1.6272296905517578 148
1747931535284 1.6265510320663452 149
1747931867526 1.6255682110786438 150
1747932200579 1.6251535415649414 151
1747932532473 1.624838411808014 152
1747932863578 1.6241384148597717 153
1747933196433 1.6235185861587524 154
1747933528601 1.6231279373168945 155
1747933862281 1.623525619506836 156
1747934196683 1.622348129749298 157
1747934531466 1.6217360496520996 158
1747934865408 1.6216930747032166 159
1747935199289 1.623568058013916 160
1747935533729 1.6236867308616638 161
1747935870536 1.622710406780243 162
1747936206534 1.622298538684845 163
1747936543280 1.622519850730896 164
1747936880576 1.6132584810256958 165
1747937219210 1.6126681566238403 166
1747937557294 1.6123931407928467 167
1747937894814 1.612195074558258 168
1747938255129 1.6119588017463684 169
1747938592769 1.611838161945343 170
1747938931033 1.6116081476211548 171
1747939268616 1.611565887928009 172
1747939606415 1.6115288138389587 173
1747939943142 1.6117779612541199 174
1747940280391 1.6116852760314941 175
1747940618292 1.611580729484558 176
1747940954478 1.6116465330123901 177
1747941291118 1.6072475910186768 178
1747941627117 1.6071733236312866 179
1747941959225 1.6069087982177734 180
1747942292576 1.606818675994873 181
1747942625302 1.6065504550933838 182
1747942958655 1.6062727570533752 183
1747943291447 1.6059922575950623 184
1747943625104 1.6057170629501343 185
1747943959455 1.605540156364441 186
1747944293329 1.6052311658859253 187
1747944628001 1.6050401329994202 188
1747944962906 1.6048427820205688 189
1747945286720 1.6046542525291443 190
1747945626430 1.6044018268585205 191
1747945949387 1.6042085886001587 192
1747946270294 1.6039389967918396 193
1747946591079 1.6035377979278564 194
1747946911853 1.6034393310546875 195
1747947233921 1.6033838987350464 196
1747947555743 1.6031676530838013 197
1747947875990 1.6029720306396484 198
1747948197650 1.6026746034622192 199
1747948519766 1.602582573890686 200
1747948842570 1.6022647023200989 201
1747949162510 1.6021047830581665 202
1747949483402 1.602030098438263 203
1747949802870 1.6017603278160095 204
1747950123680 1.6016045808792114 205
1747950444090 1.6014601588249207 206
1747950764587 1.6012199521064758 207
1747951084887 1.600978970527649 208
1747951403317 1.6007646322250366 209
1747951723592 1.60045325756073 210
1747952044246 1.6004167795181274 211
1747952364836 1.600163459777832 212
1747952685788 1.5999097228050232 213
1747953005055 1.599679410457611 214
1747953326787 1.5994814038276672 215
1747953652776 1.5993603467941284 216
1747953974856 1.5992589592933655 217
1747954296777 1.599177062511444 218
1747954618134 1.598975419998169 219
1747954939728 1.5986788272857666 220
1747955261379 1.5983679294586182 221
1747955583871 1.5982045531272888 222
1747955906502 1.5979737639427185 223
1747956229002 1.597841739654541 224
1747956551347 1.597723364830017 225
1747956874526 1.5974634289741516 226
1747957197316 1.5973034501075745 227
1747957519074 1.5969202518463135 228
1747957841069 1.596708357334137 229
1747958162792 1.59661465883255 230
1747958483904 1.5963783860206604 231
1747958804194 1.5962166786193848 232
1747959124450 1.5960238575935364 233
1747959444693 1.5957661271095276 234
1747959765828 1.5955714583396912 235
1747960085971 1.5953814387321472 236
1747960406476 1.5952162742614746 237
1747960728620 1.5949652194976807 238
1747961050039 1.5947940945625305 239
1747961371254 1.5944595336914062 240
1747961690640 1.594254970550537 241
1747962010975 1.5940625071525574 242
1747962332755 1.5938163995742798 243
1747962653528 1.5934456586837769 244
1747962974570 1.5933097004890442 245
1747963295182 1.5930801033973694 246
1747963615764 1.592985451221466 247
1747963938211 1.5927241444587708 248
1747964260075 1.5925198793411255 249
1747964581879 1.592421054840088 250
1747964900059 1.5922374725341797 251
1747965217778 1.5919909477233887 252
1747965537057 1.5918330550193787 253
1747965854659 1.5917657017707825 254
1747966171608 1.5915963053703308 255
1747966487712 1.591451108455658 256
1747966806732 1.5911641716957092 257
1747967140069 1.591045081615448 258
1747967477101 1.5907689332962036 259
1747967814751 1.5906826257705688 260
1747968150885 1.590483546257019 261
1747968487411 1.5904242396354675 262
1747968824582 1.5901824235916138 263
1747969161813 1.5896933674812317 264
1747969499514 1.5896850228309631 265
1747969837435 1.5895283222198486 266
1747970174540 1.5894290804862976 267
1747970511592 1.5891849994659424 268
1747970848430 1.5890920162200928 269
1747971171592 1.5888142585754395 270
1747971497178 1.5885719656944275 271
1747971826169 1.5885186195373535 272
1747972155206 1.5882123112678528 273
1747972488017 1.5880309343338013 274
1747972819938 1.587857723236084 275
1747973152888 1.5876269936561584 276
1747973485490 1.587341070175171 277
1747973817780 1.5873929262161255 278
1747974149599 1.5870037078857422 279
1747974481025 1.5869410037994385 280
1747974812887 1.5867579579353333 281
1747975145594 1.5864498615264893 282
1747975477390 1.58634614944458 283
1747975810417 1.5861546397209167 284
1747976143252 1.5859752893447876 285
1747976475540 1.5858296751976013 286
1747976807752 1.585609495639801 287
1747977139387 1.5853869915008545 288
1747977471674 1.5853734016418457 289
