1750089705629 2.6366281628608705 0
1750089873151 2.0924489378929136 19
1750090039831 2.079355949163437 38
1750090457468 2.4453979551792147 40
1750090623815 2.042051690816879 59
1750090790370 2.0226112633943556 78
1750091200600 2.1654043436050414 80
1750091367113 1.9601087421178818 99
1750091533886 1.9507877290248872 118
1750091945713 2.1952976882457733 120
1750092110355 1.967511275410652 139
1750092275041 1.948876404762268 158
1750092682485 2.1274783819913865 160
1750092847179 1.9343714386224746 179
1750093012512 1.91663216650486 198
1750093420025 2.1409487634897233 200
1750093585108 1.8975892573595048 219
1750093750270 1.8908918619155883 238
1750094160890 2.198709037899971 240
1750094326270 1.9025949984788895 259
1750094491155 1.8903867036104203 278
1750094915108 2.4532856404781342 280
1750095080395 1.918201982975006 299
1750095245865 1.8973800182342528 318
1750095662539 2.485876649618149 320
1750095828052 1.9022030681371689 339
1750095993180 1.8814791291952133 358
1750096411404 2.2638526141643522 360
1750096576566 1.8812061369419097 379
1750096742210 1.8715597361326217 398
1750097162505 2.651692545413971 400
1750097327923 1.9031235575675964 419
1750097493348 1.8837807416915893 438
1750097909841 2.0506163060665132 440
1750098075779 1.836552482843399 459
1750098240990 1.8246371775865555 478
1750098649855 2.120737740397453 480
1750098815085 1.8485105603933334 499
1750098980406 1.8319955617189407 518
1750099401043 2.6200997114181517 520
1750099567007 1.9065556615591048 539
1750099732565 1.8845743715763092 558
1750100158270 2.860031133890152 560
1750100323665 1.9158351719379425 579
1750100489492 1.894086515903473 598
1750100914045 2.950303828716278 600
1750101079510 1.9229066133499146 619
1750101245094 1.8976497113704682 638
1750101665036 2.5633599698543548 640
1750101831359 1.9043991804122924 659
1750101997234 1.8811379581689835 678
1750102417158 2.2507670283317567 680
1750102582929 1.8356487333774567 699
1750102748637 1.8045954346656798 718
1750103172158 3.3323787689208983 720
1750103337938 1.9053756445646286 739
1750103503804 1.884689661860466 758
1750103929594 5.142367529869079 760
1750104095630 1.9917226374149322 779
1750104262156 1.960800552368164 798
1750104688300 2.535329169034958 800
1750104853993 1.896510124206543 819
1750105019731 1.8419995039701462 838
1750105445741 2.3151936292648316 840
1750105611384 1.8775067687034608 859
1750105777137 1.8239223688840867 878
1750106193768 2.2338912725448608 880
1750106359703 1.8071959108114242 899
1750106526164 1.7666886508464814 918
1750106948037 3.679135340452194 920
1750107114076 1.9919835835695268 939
1750107279942 1.9548465847969054 958
1750107705564 4.4108435869216915 960
1750107871756 1.9391524106264115 979
1750108037481 1.8687626451253891 998
1750108463737 10.165197372436523 1000
1750108629843 2.070631575584412 1019
1750108796074 2.03376824259758 1038
1750109223251 10.451145195960999 1040
1750109389297 2.1000272214412687 1059
1750109555369 2.047000619769096 1078
1750109981248 6.271581482887268 1080
1750110147658 2.043077901005745 1099
1750110313682 2.015643668174744 1118
1750110739900 2.832654297351837 1120
1750110906109 1.9223754197359084 1139
1750111072491 1.846484750509262 1158
1750111498712 4.161408269405365 1160
1750111665150 1.916265407204628 1179
1750111831648 1.8562257170677186 1198
1750112258897 5.13238958120346 1200
1750112424660 1.9699929267168046 1219
1750112590964 1.9073084056377412 1238
1750113011221 4.60603404045105 1240
1750113177505 1.922311359643936 1259
1750113343955 1.8914944887161256 1278
1750113765719 5.116174072027206 1280
1750113932731 1.9606699973344803 1299
1750114099258 1.9152926206588745 1318
1750114523834 4.220837289094925 1320
1750114690482 1.970324632525444 1339
1750114856824 1.9079186201095581 1358
1750115280807 4.4929611623287204 1360
1750115447032 1.9766808480024338 1379
1750115613275 1.9221632540225984 1398
1750116031497 2.198478105664253 1400
1750116197820 1.854874888062477 1419
1750116364783 1.7329743176698684 1438
1750116783189 7.808658087253571 1440
1750116949741 2.063310149312019 1459
1750117116259 2.037103760242462 1478
1750117538900 3.704085963964462 1480
1750117705505 1.982210636138916 1499
1750117871585 1.9262000441551208 1518
1750118293192 3.7243800103664397 1520
1750118459530 1.934528613090515 1539
1750118626060 1.9141755729913712 1558
1750119049743 3.851537364721298 1560
1750119216222 1.9395628452301026 1579
1750119382614 1.9070831328630446 1598
1750119805556 2.1103126466274262 1600
1750119972185 1.7164667457342149 1619
1750120139286 1.6812514334917068 1638
1750120559897 2.5621060848236086 1640
1750120726160 1.753316667675972 1659
1750120892376 1.724281907081604 1678
1750121319397 2.784515988826752 1680
1750121486511 1.7493479639291762 1699
1750121653289 1.7084128916263581 1718
1750122081325 3.0192815244197844 1720
1750122248183 1.7609172254800796 1739
1750122415623 1.705665048956871 1758
1750122843742 3.110807168483734 1760
1750123010395 1.7607954561710357 1779
1750123177092 1.7096045076847077 1798
1750123604698 2.6868214428424837 1800
1750123771675 1.744840109348297 1819
1750123938224 1.7145778447389604 1838
1750124363080 3.07636701464653 1840
1750124529989 1.745940974354744 1859
1750124696816 1.6936575949192048 1878
1750125125737 3.185868978500366 1880
1750125292625 1.7475934743881225 1899
1750125459391 1.6999416768550872 1918
1750125883606 2.883789485692978 1920
1750126050567 1.722217035293579 1939
1750126217904 1.6924706101417542 1958
1750126645353 3.361255580186844 1960
1750126811947 1.747780331969261 1979
1750126978666 1.6990416914224624 1998
1750127406053 3.353607934713364 2000
1750127573328 1.750295251607895 2019
1750127740142 1.6926881492137908 2038
1750128165531 3.378475618362427 2040
1750128332396 1.754315733909607 2059
1750128499372 1.6920606672763825 2078
1750128928460 3.4563115894794465 2080
1750129095537 1.743089857697487 2099
1750129262528 1.6892963379621506 2118
1750129690330 3.292652875185013 2120
1750129857589 1.7453221380710602 2139
1750130024447 1.6905019253492355 2158
1750130452268 3.51316614151001 2160
1750130619297 1.7349362313747405 2179
1750130786260 1.692413330078125 2198
1750131213967 3.388114982843399 2200
1750131380975 1.7225411236286163 2219
1750131548125 1.685292947292328 2238
1750131973777 3.6346085906028747 2240
1750132140864 1.7455050975084305 2259
1750132308438 1.692612525820732 2278
1750132732471 3.765003132820129 2280
1750132899382 1.7453418672084808 2299
1750133066435 1.702851015329361 2318
1750133494841 3.8821233749389648 2320
1750133662336 1.7363553673028946 2339
1750133829602 1.6912996411323546 2358
1750134255433 3.447626733779907 2360
1750134422571 1.7205424457788467 2379
1750134589871 1.6818612545728684 2398
1750135016002 3.2006138265132904 2400
1750135183439 1.7187041193246841 2419
1750135350967 1.6695895582437514 2438
1750135773768 3.9735349476337434 2440
1750135940535 1.778768327832222 2459
1750136107886 1.7406644135713578 2478
1750136536199 9.017719554901124 2480
1750136703242 2.1778778195381165 2499
1750136870457 2.050730696320534 2518
1750137299611 3.8581389248371125 2520
1750137467463 1.726474356651306 2539
1750137634850 1.681321492791176 2558
1750138058470 4.050372540950775 2560
1750138225800 1.7820590883493423 2579
1750138393087 1.740543481707573 2598
1750138816790 4.0109011054039 2600
1750138984049 1.7532681852579117 2619
1750139151158 1.7145315378904342 2638
1750139579720 3.995774084329605 2640
1750139746899 1.7533327221870423 2659
1750139914676 1.6923813462257384 2678
1750140344023 4.742422658205032 2680
1750140511265 2.2680995225906373 2699
1750140678613 2.125685545802116 2718
1750141102308 4.236838173866272 2720
1750141270063 1.7787489295005798 2739
1750141437487 1.7448839962482452 2758
1750141862089 3.8562423646450044 2760
1750142029472 1.7288965702056884 2779
1750142197044 1.6824364811182022 2798
1750142626128 7.600039911270142 2800
1750142793225 2.286230754852295 2819
1750142960392 2.1654637813568116 2838
1750143384943 4.419206583499909 2840
1750143552185 1.7644100308418273 2859
1750143720617 1.7005065232515335 2878
1750144144697 4.415604513883591 2880
1750144312214 1.761719313263893 2899
1750144479691 1.7224201381206512 2918
1750144904431 4.264677733182907 2920
1750145072490 1.7399894624948502 2939
1750145240126 1.691924437880516 2958
1750145669958 3.349968504905701 2960
1750145837607 1.8586811602115632 2979
1750146004909 1.7129532009363175 2998
1750146430816 4.659789752960205 3000
1750146597724 1.7391269594430923 3019
1750146764701 1.689191085100174 3038
1750147192691 3.945447152853012 3040
1750147360245 1.7375476658344269 3059
1750147528240 1.6797252207994462 3078
1750147953265 3.053872674703598 3080
1750148120760 1.7318419516086578 3099
1750148288381 1.6817957431077957 3118
1750148710848 4.6507673263549805 3120
1750148878722 1.7669709086418153 3139
1750149046196 1.7220495730638503 3158
1750149467726 2.639674198627472 3160
1750149635108 1.8337172478437425 3179
1750149802426 1.7992292106151582 3198
1750150231883 6.257232677936554 3200
1750150398976 2.20840579867363 3219
1750150566279 2.0772313863039016 3238
1750150995424 9.642271256446838 3240
1750151162977 2.2074779093265535 3259
1750151330952 2.0824651539325716 3278
1750151753427 2.6154472172260284 3280
1750151920888 1.653892570734024 3299
1750152088308 1.622889244556427 3318
1750152513054 3.069472539424896 3320
1750152681237 1.6825259923934937 3339
1750152848701 1.6352740079164505 3358
1750153271643 2.785889220237732 3360
1750153439109 1.636497899889946 3379
1750153606290 1.609867227077484 3398
1750154035799 2.21424663066864 3400
1750154203184 1.6246249049901962 3419
1750154370434 1.6050858944654465 3438
1750154791333 2.5372233033180236 3440
1750154958838 1.6364678144454956 3459
1750155126787 1.6072412937879563 3478
1750155551535 2.722229701280594 3480
1750155719030 1.6341308563947679 3499
1750155886683 1.6032094717025758 3518
1750156311509 2.5323100447654725 3520
1750156479109 1.6525085777044297 3539
1750156647153 1.5956623673439025 3558
1750157076921 2.7429373979568483 3560
1750157244547 1.642663124203682 3579
1750157411871 1.619486477971077 3598
1750157835121 2.545965224504471 3600
1750158002775 1.6653604805469513 3619
1750158169985 1.6056735038757324 3638
1750158600300 2.7669463992118835 3640
1750158767701 1.6457942873239517 3659
1750158935498 1.6201144248247146 3678
1750159361821 2.667863887548447 3680
1750159529488 1.6657129555940628 3699
1750159697145 1.5988205462694167 3718
1750160125378 2.7593174159526823 3720
1750160293215 1.642478421330452 3739
1750160461448 1.601797303557396 3758
1750160884000 2.8163022637367248 3760
1750161051590 1.663228103518486 3779
1750161219228 1.6001056522130965 3798
1750161648401 2.8020291149616243 3800
1750161816084 1.6588811457157135 3819
1750161983418 1.6067929208278655 3838
1750162408020 2.779686450958252 3840
1750162575717 1.6513493955135345 3859
1750162743364 1.5954260021448134 3878
1750163174132 2.8761251747608183 3880
1750163341988 1.6454931616783142 3899
1750163509772 1.600905540585518 3918
1750163937111 2.7715704143047333 3920
1750164104778 1.6515398383140565 3939
1750164272848 1.590163767337799 3958
1750164702231 2.7327894508838653 3960
1750164869947 1.6127150863409043 3979
1750165037681 1.5785859316587447 3998
