1749646413943 2.3032166957855225 0
1749646541660 2.163057565689087 19
1749646863964 2.315113067626953 30
1749646991027 2.0444557666778564 49
1749647297897 2.4393959045410156 60
1749647425002 2.0213401317596436 79
1749647730968 2.3636374473571777 90
1749647856816 1.9675787687301636 109
1749648161516 2.0500261783599854 120
1749648286892 1.9351831674575806 139
1749648589716 2.304243803024292 150
1749648714850 1.9264289140701294 169
1749649020322 2.053971767425537 180
1749649145507 1.8949042558670044 199
1749649453110 2.2302587032318115 210
1749649578381 1.8951302766799927 229
1749649887091 2.5588650703430176 240
1749650012465 1.9117498397827148 259
1749650321638 3.0536398887634277 270
1749650447168 1.951427698135376 289
1749650760078 3.786637544631958 300
1749650885598 1.9895007610321045 319
1749651198640 4.653564453125 330
1749651324673 2.0092287063598633 349
1749651638354 5.673206806182861 360
1749651763788 2.0220110416412354 379
1749652077022 5.755837440490723 390
1749652202642 2.024412155151367 409
1749652515455 7.12274694442749 420
1749652641225 2.053471326828003 439
1749652954990 9.355569839477539 450
1749653080960 2.0686569213867188 469
1749653395052 8.99402141571045 480
1749653521083 2.0762617588043213 499
1749653834834 5.638152122497559 510
1749653960849 1.9972695112228394 529
1749654275150 5.965742111206055 540
1749654400661 2.0801146030426025 559
1749654714985 11.02726936340332 570
1749654840979 2.0877623558044434 589
1749655156145 3.941725730895996 600
1749655282783 1.9360920190811157 619
1749655597329 14.021322250366211 630
1749655723923 2.115394353866577 649
1749656038197 16.200307846069336 660
1749656164176 2.200483560562134 679
1749656478757 7.2199883460998535 690
1749656604740 1.9908767938613892 709
1749656916034 5.918728351593018 720
1749657042257 1.9377330541610718 739
1749657356013 8.364433288574219 750
1749657482236 2.1669769287109375 769
1749657796886 5.923520088195801 780
1749657923232 1.9789798259735107 799
1749658238272 12.823969841003418 810
1749658364730 2.455901622772217 829
1749658680656 6.591028213500977 840
1749658807267 2.1386258602142334 859
1749659122309 6.819247722625732 870
1749659249011 2.076831102371216 889
1749659564820 6.8384294509887695 900
1749659691562 2.081575870513916 919
1749660007341 7.41893196105957 930
1749660133553 2.097902536392212 949
1749660444123 9.321178436279297 960
1749660570736 2.110271453857422 979
1749660882275 9.215397834777832 990
1749661008959 2.050602436065674 1009
1749661325139 6.292986869812012 1020
1749661451851 2.0317225456237793 1039
1749661763490 7.26123046875 1050
1749661889761 2.1186578273773193 1069
1749662204197 6.791545391082764 1080
1749662330883 2.0735719203948975 1099
1749662644372 5.173939228057861 1110
1749662771111 2.082552671432495 1129
1749663083990 5.684322357177734 1140
1749663210859 1.995239019393921 1159
1749663527085 7.706371784210205 1170
1749663653508 2.013003349304199 1189
1749663966316 5.91267728805542 1200
1749664093269 2.020306348800659 1219
1749664409942 9.278992652893066 1230
1749664536365 2.057532787322998 1249
1749664850179 8.027142524719238 1260
1749664976744 1.9920116662979126 1279
1749665291575 8.138359069824219 1290
1749665418698 2.050819158554077 1309
1749665735190 4.720089435577393 1320
1749665862436 2.086808681488037 1339
1749666177247 6.919188499450684 1350
1749666304357 2.099458694458008 1369
1749666620475 8.278438568115234 1380
1749666747874 2.052668333053589 1399
1749667059768 7.132500648498535 1410
1749667187019 2.073058843612671 1429
1749667500497 7.550200939178467 1440
1749667627864 2.0400443077087402 1459
1749667941954 6.172455310821533 1470
1749668069405 2.0618035793304443 1489
1749668381522 4.176466941833496 1500
1749668508592 1.8699030876159668 1519
1749668823962 3.6799798011779785 1530
1749668951214 1.828783631324768 1549
1749669266345 4.168827533721924 1560
1749669393462 1.8082655668258667 1579
1749669711607 3.655904769897461 1590
1749669839205 1.8646773099899292 1609
1749670154732 4.33236026763916 1620
1749670282356 1.8810673952102661 1639
1749670600467 5.4505743980407715 1650
1749670727776 1.866829514503479 1669
1749671046470 4.3071208000183105 1680
1749671174054 1.8275587558746338 1699
1749671490497 5.564688205718994 1710
1749671618694 1.844658613204956 1729
1749671937851 4.4880900382995605 1740
1749672065818 1.8444759845733643 1759
1749672384227 4.851888179779053 1770
1749672512310 1.8582475185394287 1789
1749672830719 4.675372123718262 1800
1749672958899 1.9229062795639038 1819
1749673275766 4.548704147338867 1830
1749673403912 1.9684351682662964 1849
1749673721453 4.560858249664307 1860
1749673849152 1.8400906324386597 1879
1749674168257 6.426476001739502 1890
1749674296280 1.9355919361114502 1909
1749674614974 4.833004474639893 1920
1749674743115 1.959877371788025 1939
1749675060224 5.2231974601745605 1950
1749675188276 1.8827513456344604 1969
1749675506949 4.843578338623047 1980
1749675635152 1.8856052160263062 1999
1749675954129 5.758485794067383 2010
1749676081820 1.8928476572036743 2029
1749676401152 4.737110137939453 2040
1749676529317 1.9257711172103882 2059
1749676847748 5.399301052093506 2070
1749676975936 1.8913660049438477 2089
1749677293406 5.033541202545166 2100
1749677421564 1.9483290910720825 2119
1749677738797 4.787201881408691 2130
1749677867046 1.9215689897537231 2149
1749678186677 6.894175052642822 2160
1749678314500 1.9092702865600586 2179
1749678633917 6.253767013549805 2190
1749678762206 1.908294677734375 2209
1749679081453 4.95856237411499 2220
1749679209703 1.868776798248291 2239
1749679527289 5.287140369415283 2250
1749679655541 1.9414713382720947 2269
1749679974689 6.848860263824463 2280
1749680102886 1.9816724061965942 2299
1749680422382 5.10398530960083 2310
1749680550163 2.1222705841064453 2329
1749680868483 4.361427307128906 2340
1749680996705 2.0335991382598877 2359
1749681313155 6.541286468505859 2370
1749681441452 2.0031445026397705 2389
1749681761079 5.46438455581665 2400
1749681888903 1.9663593769073486 2419
1749682208777 4.217992782592773 2430
1749682336536 1.9542964696884155 2449
1749682651785 3.434577226638794 2460
1749682780030 1.7159640789031982 2479
1749683097233 3.4476473331451416 2490
1749683225438 1.683233618736267 2509
1749683541865 3.445209264755249 2520
1749683670153 1.7235912084579468 2539
1749683988365 3.3501250743865967 2550
1749684116602 1.7401998043060303 2569
1749684434449 3.446030855178833 2580
1749684562188 1.7225679159164429 2599
1749684879455 3.437276840209961 2610
1749685007713 1.7120850086212158 2629
1749685325497 3.3860418796539307 2640
1749685453731 1.7376620769500732 2659
1749685773249 3.5757429599761963 2670
1749685901568 1.7389699220657349 2689
1749686221481 3.4401047229766846 2700
1749686349199 1.7302056550979614 2719
1749686667486 3.2576444149017334 2730
1749686795274 1.7789955139160156 2749
1749687112508 3.545910120010376 2760
1749687240779 1.7561861276626587 2779
1749687558578 3.5499749183654785 2790
1749687686778 1.7164982557296753 2809
1749688006852 3.704578399658203 2820
1749688134835 1.7368004322052002 2839
1749688454755 3.602909803390503 2850
1749688582725 1.7340203523635864 2869
1749688900713 3.5542731285095215 2880
1749689029366 1.7245216369628906 2899
1749689349677 3.4346871376037598 2910
1749689477559 1.8287105560302734 2929
1749689795688 3.7768757343292236 2940
1749689924098 1.7224054336547852 2959
1749690243332 3.481708288192749 2970
1749690372000 1.7770453691482544 2989
1749690690552 3.563189744949341 3000
1749690819114 1.7171472311019897 3019
1749691137217 3.5043797492980957 3030
1749691265970 1.7412148714065552 3049
1749691585817 3.52591872215271 3060
1749691714431 1.7317314147949219 3079
1749692034855 3.4167559146881104 3090
1749692163780 1.7844820022583008 3109
1749692482956 3.5860655307769775 3120
1749692611892 1.7614730596542358 3139
1749692931589 3.6235804557800293 3150
1749693060614 1.855715274810791 3169
1749693378896 3.5419929027557373 3180
1749693507309 1.8147780895233154 3199
1749693826547 3.3043949604034424 3210
1749693955468 1.9364111423492432 3229
1749694274139 3.6930606365203857 3240
1749694403225 1.7600361108779907 3259
1749694724470 3.6984057426452637 3270
1749694853565 1.7532525062561035 3289
1749695169792 3.6373987197875977 3300
1749695298637 1.7637780904769897 3319
1749695617983 3.6543824672698975 3330
1749695746920 1.7905179262161255 3349
1749696066416 3.7729973793029785 3360
1749696195519 1.8200488090515137 3379
1749696514864 3.704542875289917 3390
1749696643880 1.7782750129699707 3409
1749696963986 3.747901678085327 3420
1749697093039 1.7698941230773926 3439
1749697413955 3.769179344177246 3450
1749697543060 1.8674261569976807 3469
1749697861507 3.7714550495147705 3480
1749697990289 1.7473185062408447 3499
1749698309298 4.0103678703308105 3510
1749698438625 1.725357174873352 3529
1749698760206 3.589317560195923 3540
1749698888836 1.819424033164978 3559
1749699208466 3.741098403930664 3570
1749699337601 1.92075777053833 3589
1749699656878 3.689535140991211 3600
1749699786124 2.043367862701416 3619
1749700105123 3.7747395038604736 3630
1749700233938 1.7382689714431763 3649
1749700552525 3.9403610229492188 3660
1749700681830 1.7761634588241577 3679
1749701003290 4.137308597564697 3690
1749701132128 1.7935203313827515 3709
1749701454050 4.079257488250732 3720
1749701582826 2.035809278488159 3739
1749701901159 3.8107268810272217 3750
1749702030194 1.781893014907837 3769
1749702350429 3.7768969535827637 3780
1749702479633 2.0289390087127686 3799
1749702798286 3.7154438495635986 3810
1749702927681 2.040088176727295 3829
1749703247160 4.485465049743652 3840
1749703376524 2.033245325088501 3859
1749703695421 4.207948207855225 3870
1749703824866 1.9365400075912476 3889
1749704143741 4.0227460861206055 3900
1749704273233 1.790895938873291 3919
1749704594938 3.936084747314453 3930
1749704724445 1.794105887413025 3949
1749705046158 3.5684914588928223 3960
1749705175737 1.9696598052978516 3979
1749705494137 2.66031813621521 3990
1749705623238 1.563459038734436 4009
1749705944208 2.5991275310516357 4020
1749706073082 1.5738641023635864 4039
1749706393720 2.540884256362915 4050
1749706522715 1.5829263925552368 4069
1749706842288 2.5702757835388184 4080
1749706971243 1.6069139242172241 4099
1749707290302 2.5606889724731445 4110
1749707419747 1.5761592388153076 4129
1749707738170 2.591303825378418 4140
1749707867549 1.6037968397140503 4159
1749708187165 2.619746208190918 4170
1749708316609 1.6255035400390625 4189
1749708636790 2.559194564819336 4200
1749708765665 1.5453717708587646 4219
1749709084976 2.591085910797119 4230
1749709214126 1.5707703828811646 4249
1749709532680 2.571734666824341 4260
1749709661689 1.6047372817993164 4279
1749709980991 2.591158628463745 4290
1749710109682 1.6107467412948608 4309
1749710428649 2.568202495574951 4320
1749710557858 1.5502121448516846 4339
1749710877406 2.5736069679260254 4350
1749711006548 1.6073956489562988 4369
1749711325492 2.5758180618286133 4380
1749711454704 1.5822162628173828 4399
1749711774794 2.6038756370544434 4410
1749711904086 1.5691418647766113 4429
1749712223103 2.5723342895507812 4440
1749712351720 1.6077033281326294 4459
1749712671311 2.567317247390747 4470
1749712800637 1.5503828525543213 4489
1749713119122 2.6228246688842773 4500
1749713247633 1.623458981513977 4519
1749713566813 2.5845718383789062 4530
1749713695940 1.565185308456421 4549
1749714014907 2.6110522747039795 4560
1749714143607 1.589158058166504 4579
1749714462219 2.5890743732452393 4590
1749714591340 1.5696377754211426 4609
1749714909403 2.5832676887512207 4620
1749715038549 1.6047539710998535 4639
1749715358961 2.645397186279297 4650
1749715487911 1.570783257484436 4669
1749715806047 2.5933022499084473 4680
1749715934865 1.5585317611694336 4699
1749716253067 2.5860097408294678 4710
1749716381982 1.5575931072235107 4729
1749716699890 2.613398551940918 4740
1749716828827 1.5820239782333374 4759
1749717147561 2.6340394020080566 4770
1749717276045 1.592958927154541 4789
1749717594182 2.58976149559021 4800
1749717723179 1.5590331554412842 4819
1749718041190 2.5947041511535645 4830
1749718169724 1.5786232948303223 4849
1749718487967 2.6299145221710205 4860
1749718616586 1.5574008226394653 4879
1749718934717 1.9761399030685425 4890
1749719063785 1.5530742406845093 4909
1749719380510 1.9645347595214844 4920
1749719509589 1.5290486812591553 4939
1749719828250 1.9816558361053467 4950
1749719956790 1.5265473127365112 4969
1749720275352 1.975674033164978 4980
1749720404340 1.5319714546203613 4999
1749720722570 1.9870412349700928 5010
1749720851588 1.5250900983810425 5029
1749721170402 1.9804540872573853 5040
1749721299406 1.531188726425171 5059
1749721617383 1.9798697233200073 5070
1749721746499 1.5302929878234863 5089
1749722064810 1.9711884260177612 5100
1749722193363 1.5328787565231323 5119
1749722511834 1.9769103527069092 5130
1749722640927 1.5349704027175903 5149
1749722959053 1.9728991985321045 5160
1749723088044 1.5353832244873047 5179
1749723406620 1.9751648902893066 5190
1749723535618 1.5417553186416626 5209
1749723854515 1.976226568222046 5220
1749723983823 1.5301309823989868 5239
1749724303787 1.9799480438232422 5250
1749724432529 1.5384608507156372 5269
1749724751718 1.9871208667755127 5280
1749724880958 1.5288182497024536 5299
1749725199313 1.9827752113342285 5310
1749725328271 1.5319640636444092 5329
1749725647725 1.9843207597732544 5340
1749725776382 1.5284254550933838 5359
1749726095582 1.985335111618042 5370
1749726224537 1.5256388187408447 5389
1749726542489 1.998214840888977 5400
1749726671476 1.5238568782806396 5419
1749726990531 1.990209937095642 5430
1749727119579 1.5217385292053223 5449
1749727438720 1.9960625171661377 5460
1749727567776 1.5261175632476807 5479
1749727886947 1.9904476404190063 5490
1749728015435 1.527993083000183 5509
1749728334821 1.9857392311096191 5520
1749728463867 1.5288687944412231 5539
1749728782123 1.9930386543273926 5550
1749728911256 1.5230482816696167 5569
1749729230244 1.9851306676864624 5580
1749729358824 1.528400182723999 5599
1749729677542 2.0017294883728027 5610
1749729806145 1.524422287940979 5629
1749730125582 1.9967093467712402 5640
1749730254700 1.5302495956420898 5659
1749730575088 2.006582021713257 5670
1749730704279 1.5237292051315308 5689
1749731022701 1.9935635328292847 5700
1749731152049 1.5301718711853027 5719
1749731471205 2.006058931350708 5730
1749731600083 1.5224941968917847 5749
1749731919984 1.9965037107467651 5760
1749732049252 1.528425931930542 5779
1749732369498 1.9928064346313477 5790
1749732498294 1.5288746356964111 5809
1749732817399 1.9991700649261475 5820
1749732946657 1.5342191457748413 5839
1749733266047 1.9956666231155396 5850
1749733395433 1.527466058731079 5869
1749733714825 2.000028371810913 5880
1749733843766 1.5272878408432007 5899
1749734163312 2.0057551860809326 5910
1749734292380 1.5289332866668701 5929
1749734611123 1.9997859001159668 5940
1749734740275 1.526976227760315 5959
1749735059717 2.008780002593994 5970
1749735188135 1.5218372344970703 5989
1749735508846 2.0080666542053223 6000
1749735637656 1.5227103233337402 6019
1749735956786 2.0063281059265137 6030
1749736085888 1.528981328010559 6049
1749736403826 2.003380060195923 6060
1749736533130 1.5272983312606812 6079
1749736851417 2.0019757747650146 6090
1749736980641 1.5259294509887695 6109
1749737299557 2.002812385559082 6120
1749737428271 1.530186414718628 6139
1749737746788 2.000227689743042 6150
1749737875739 1.540422797203064 6169
1749738195067 2.009737253189087 6180
1749738324300 1.5176646709442139 6199
1749738646062 2.0172901153564453 6210
1749738775975 1.522970199584961 6229
1749739095715 2.0152268409729004 6240
1749739225644 1.5234359502792358 6259
1749739545380 2.007251501083374 6270
1749739675470 1.5331577062606812 6289
1749739995432 2.008214235305786 6300
1749740125149 1.5269917249679565 6319
1749740444624 2.0116465091705322 6330
1749740574576 1.521012544631958 6349
1749740895261 2.0126688480377197 6360
1749741024710 1.5222439765930176 6379
1749741345396 2.0164952278137207 6390
1749741474821 1.5167509317398071 6409
1749741795464 2.0144739151000977 6420
1749741925348 1.5175018310546875 6439
1749742245740 2.020376443862915 6450
1749742375698 1.5172126293182373 6469
1749742696172 2.0174474716186523 6480
1749742826185 1.5221542119979858 6499
1749743146623 2.0176007747650146 6510
1749743276655 1.5227051973342896 6529
1749743597075 2.0193777084350586 6540
1749743727112 1.5256602764129639 6559
1749744047414 2.0288398265838623 6570
1749744176964 1.5228499174118042 6589
1749744498164 2.0144925117492676 6600
1749744628176 1.5418423414230347 6619
1749744949643 2.0306389331817627 6630
1749745079432 1.517547607421875 6649
1749745400954 2.020465135574341 6660
1749745530905 1.518502116203308 6679
1749745851942 2.039628028869629 6690
1749745981972 1.5246604681015015 6709
1749746302733 2.0359930992126465 6720
1749746433120 1.5297151803970337 6739
1749746754796 2.0254838466644287 6750
1749746884641 1.5160948038101196 6769
1749747205226 2.0329675674438477 6780
1749747335646 1.5185521841049194 6799
1749747657918 2.022207498550415 6810
1749747787849 1.5257436037063599 6829
1749748109038 2.034231424331665 6840
1749748238957 1.518145203590393 6859
1749748560822 2.037109851837158 6870
1749748690833 1.5234111547470093 6889
1749749011867 2.02077579498291 6900
1749749141789 1.523586630821228 6919
1749749463412 2.023111343383789 6930
1749749593878 1.5137962102890015 6949
1749749915793 2.041346788406372 6960
1749750045529 1.5176247358322144 6979
1749750366840 2.050163507461548 6990
1749750496943 1.5296374559402466 7009
1749750819190 2.0367727279663086 7020
1749750949093 1.5179990530014038 7039
1749751270887 2.0389909744262695 7050
1749751401384 1.5151294469833374 7069
1749751724959 2.0365376472473145 7080
1749751855359 1.5230058431625366 7099
1749752175670 2.041268825531006 7110
1749752305946 1.5167510509490967 7129
1749752626181 2.0349926948547363 7140
1749752755957 1.5140838623046875 7159
1749753076820 2.049302816390991 7170
1749753207234 1.5189601182937622 7189
1749753528082 2.0392954349517822 7200
1749753658263 1.5130995512008667 7219
1749753979435 2.044781446456909 7230
1749754109874 1.5145152807235718 7249
1749754430818 2.040410280227661 7260
1749754560978 1.522354245185852 7279
1749754881431 2.049959897994995 7290
1749755011160 1.517116665840149 7309
1749755331934 2.043818235397339 7320
1749755461569 1.5161153078079224 7339
1749755782079 2.0544142723083496 7350
1749755911772 1.5278503894805908 7369
1749756232775 2.0463833808898926 7380
1749756362448 1.5150014162063599 7399
1749756682714 2.040254592895508 7410
1749756813138 1.5158668756484985 7429
1749757134287 2.045088291168213 7440
1749757263905 1.524231195449829 7459
1749757584583 1.650084376335144 7470
1749757714686 1.5034737586975098 7489
1749758034905 1.65211820602417 7500
1749758165159 1.5121225118637085 7519
1749758486494 1.6517205238342285 7530
1749758616532 1.510023832321167 7549
1749758937405 1.6496611833572388 7560
1749759067605 1.5076125860214233 7579
1749759387937 1.648344874382019 7590
1749759518207 1.5106736421585083 7609
1749759839071 1.652899980545044 7620
1749759969376 1.509994387626648 7639
1749760290357 1.650734543800354 7650
1749760420727 1.5124441385269165 7669
1749760741859 1.6545838117599487 7680
1749760872100 1.5113239288330078 7699
1749761193086 1.656003713607788 7710
1749761323478 1.5111442804336548 7729
1749761645307 1.6496433019638062 7740
1749761775703 1.5099163055419922 7759
1749762096496 1.6545617580413818 7770
1749762226848 1.5124117136001587 7789
1749762547357 1.653438687324524 7800
1749762677774 1.511995792388916 7819
1749762998787 1.649033784866333 7830
1749763129039 1.5092312097549438 7849
1749763449432 1.651558756828308 7860
1749763579300 1.5107437372207642 7879
1749763900947 1.6531695127487183 7890
1749764030821 1.511441707611084 7909
1749764352808 1.6539150476455688 7920
1749764482433 1.5094399452209473 7939
1749764802898 1.6543691158294678 7950
1749764932668 1.5137790441513062 7969
1749765254234 1.6532903909683228 7980
1749765383983 1.5121326446533203 7999
1749765705030 1.6559844017028809 8010
1749765834854 1.5110194683074951 8029
1749766156341 1.655165433883667 8040
1749766286369 1.5090502500534058 8059
1749766607668 1.6534111499786377 8070
1749766737543 1.5119376182556152 8089
1749767059460 1.6523140668869019 8100
1749767189430 1.5097146034240723 8119
1749767510341 1.6586226224899292 8130
1749767640910 1.5149818658828735 8149
1749767962283 1.6580455303192139 8160
1749768092668 1.5118519067764282 8179
1749768413704 1.6535972356796265 8190
1749768543645 1.5097218751907349 8209
1749768865594 1.655009150505066 8220
1749768995583 1.5106581449508667 8239
1749769317070 1.6554588079452515 8250
1749769447575 1.509796142578125 8269
1749769769106 1.655303955078125 8280
1749769899384 1.5115985870361328 8299
1749770219796 1.6530483961105347 8310
1749770349564 1.5138652324676514 8329
1749770670809 1.6567575931549072 8340
1749770800435 1.5093774795532227 8359
1749771121629 1.6563392877578735 8370
1749771251232 1.5084582567214966 8389
1749771571480 1.6553828716278076 8400
1749771701716 1.5115759372711182 8419
1749772022409 1.6561646461486816 8430
1749772152518 1.5123131275177002 8449
1749772473027 1.6597888469696045 8460
1749772602826 1.5114511251449585 8479
1749772924128 1.6566734313964844 8490
1749773053985 1.5107336044311523 8509
1749773375824 1.6582679748535156 8520
1749773505803 1.5124293565750122 8539
1749773826825 1.6578195095062256 8550
1749773957319 1.5126696825027466 8569
1749774278273 1.6530845165252686 8580
1749774408793 1.5107334852218628 8599
1749774729498 1.6579176187515259 8610
1749774859626 1.5115894079208374 8629
1749775180637 1.6592243909835815 8640
1749775311087 1.5110697746276855 8659
1749775631771 1.6553606986999512 8670
1749775762211 1.512510061264038 8689
1749776083228 1.4925588369369507 8700
1749776213013 1.532535195350647 8719
1749776533411 1.4977011680603027 8730
1749776663844 1.5279532670974731 8749
1749776985245 1.4959291219711304 8760
1749777115700 1.5294235944747925 8779
1749777436481 1.4954345226287842 8790
1749777566480 1.5277340412139893 8809
1749777887462 1.496680736541748 8820
1749778017914 1.526324987411499 8839
1749778339014 1.4949480295181274 8850
1749778469527 1.5293771028518677 8869
1749778790837 1.495962381362915 8880
1749778920900 1.5263975858688354 8899
1749779242096 1.4946683645248413 8910
1749779372684 1.5281527042388916 8929
1749779693780 1.4956101179122925 8940
1749779823865 1.5273371934890747 8959
1749780145248 1.4958115816116333 8970
1749780275821 1.5258705615997314 8989
