1750089378041 0.1044 0
1750089558344 0.2114 19
1750089736433 0.209 38
1750090198538 0.1998 40
1750090376611 0.2576 59
1750090555483 0.2864 78
1750091021041 0.1362 80
1750091198613 0.267 99
1750091376020 0.2766 118
1750091836304 0.2042 120
1750092012878 0.289 139
1750092189113 0.298 158
1750092649990 0.2032 160
1750092826889 0.2966 179
1750093003511 0.307 198
1750093466823 0.1834 200
1750093643017 0.2986 219
1750093819170 0.3116 238
1750094289505 0.2508 240
1750094465935 0.31 259
1750094642459 0.325 278
1750095104884 0.2172 280
1750095282429 0.3164 299
1750095459339 0.33 318
1750095922932 0.2066 320
1750096099539 0.3184 339
1750096276477 0.3302 358
1750096741158 0.1466 360
1750096918041 0.289 379
1750097095003 0.2938 398
1750097566882 0.1198 400
1750097743572 0.2816 419
1750097920304 0.3004 438
1750098376067 0.1508 440
1750098553244 0.2806 459
1750098729954 0.2946 478
1750099197823 0.2084 480
1750099374938 0.3192 499
1750099552419 0.3258 518
1750100017467 0.1612 520
1750100194197 0.2974 539
1750100370791 0.3092 558
1750100842296 0.1 560
1750101019352 0.2446 579
1750101196344 0.2812 598
1750101667798 0.172 600
1750101845893 0.2998 619
1750102023021 0.3084 638
1750102493597 0.1662 640
1750102670652 0.3038 659
1750102848077 0.3156 678
1750103319719 0.132 680
1750103496705 0.2718 699
1750103673658 0.2868 718
1750104137941 0.0956 720
1750104314721 0.217 739
1750104491371 0.2604 758
1750104962629 0.1782 760
1750105140218 0.2982 779
1750105317382 0.3156 798
1750105783299 0.1556 800
1750105960602 0.2932 819
1750106138398 0.3138 838
1750106610559 0.093 840
1750106787773 0.2128 859
1750106965055 0.2204 878
1750107437572 0.1578 880
1750107614859 0.2778 899
1750107792180 0.3088 918
1750108265192 0.1304 920
1750108442746 0.2822 939
1750108620404 0.2884 958
1750109088897 0.092 960
1750109266182 0.2058 979
1750109443888 0.2314 998
1750109916062 0.1406 1000
1750110093427 0.2954 1019
1750110271086 0.307 1038
1750110741628 0.1264 1040
1750110919394 0.2574 1059
1750111097492 0.2816 1078
1750111566186 0.1172 1080
1750111744082 0.2672 1099
1750111921583 0.284 1118
1750112393793 0.1096 1120
1750112571715 0.2196 1139
1750112749310 0.298 1158
1750113216203 0.1116 1160
1750113393914 0.2576 1179
1750113571602 0.3004 1198
1750114042439 0.092 1200
1750114219924 0.2448 1219
1750114397496 0.2694 1238
1750114870795 0.1788 1240
1750115048712 0.3136 1259
1750115226372 0.3156 1278
1750115695259 0.1334 1280
1750115873409 0.28 1299
1750116051996 0.3108 1318
1750116522150 0.1224 1320
1750116699706 0.247 1339
1750116877305 0.3014 1358
1750117346032 0.1234 1360
1750117523788 0.2192 1379
1750117701537 0.286 1398
1750118169785 0.1252 1400
1750118348275 0.224 1419
1750118526363 0.285 1438
1750118994403 0.102 1440
1750119172513 0.2998 1459
1750119350563 0.3128 1478
1750119823068 0.154 1480
1750120000573 0.292 1499
1750120178155 0.3016 1518
1750120652433 0.1428 1520
1750120830497 0.261 1539
1750121008599 0.2826 1558
1750121479908 0.1222 1560
1750121658595 0.2344 1579
1750121836709 0.2824 1598
1750122308197 0.092 1600
1750122486215 0.213 1619
1750122664556 0.2334 1638
1750123138291 0.092 1640
1750123316539 0.2724 1659
1750123494832 0.3092 1678
1750123969920 0.1274 1680
1750124148352 0.2214 1699
1750124326739 0.2618 1718
1750124799764 0.1294 1720
1750124978545 0.2302 1739
1750125157000 0.2506 1758
1750125626170 0.1836 1760
1750125804223 0.2492 1779
1750125982745 0.287 1798
1750126456267 0.1462 1800
1750126634818 0.293 1819
1750126813426 0.308 1838
1750127286849 0.0934 1840
1750127465329 0.2362 1859
1750127643902 0.2374 1878
1750128118122 0.1656 1880
1750128296811 0.232 1899
1750128475233 0.269 1918
1750128945620 0.092 1920
1750129123930 0.2474 1939
1750129302580 0.296 1958
1750129775146 0.092 1960
1750129953510 0.2006 1979
1750130132114 0.237 1998
1750130607989 0.092 2000
1750130786722 0.2426 2019
1750130965200 0.2324 2038
1750131439574 0.1788 2040
1750131618319 0.3484 2059
1750131796917 0.3774 2078
1750132265843 0.1498 2080
1750132444596 0.3534 2099
1750132623725 0.3974 2118
1750133094190 0.1828 2120
1750133272976 0.353 2139
1750133451934 0.3942 2158
1750133927934 0.179 2160
1750134106240 0.3344 2179
1750134284713 0.377 2198
1750134756527 0.1818 2200
1750134935674 0.3396 2219
1750135114426 0.3828 2238
1750135586133 0.1616 2240
1750135764958 0.341 2259
1750135944432 0.3766 2278
1750136415953 0.1328 2280
1750136594756 0.3426 2299
1750136773734 0.3646 2318
1750137247418 0.1674 2320
1750137426102 0.3316 2339
1750137604898 0.3742 2358
1750138076149 0.1316 2360
1750138255246 0.3344 2379
1750138434101 0.3446 2398
1750138909056 0.1158 2400
1750139088043 0.3372 2419
1750139267535 0.3804 2438
1750139740523 0.175 2440
1750139919391 0.3298 2459
1750140098346 0.3864 2478
1750140574623 0.1732 2480
1750140753180 0.3348 2499
1750140931958 0.3854 2518
1750141404716 0.1442 2520
1750141584156 0.3418 2539
1750141763124 0.3634 2558
1750142236145 0.1418 2560
1750142415260 0.3388 2579
1750142594855 0.3836 2598
1750143066918 0.1304 2600
1750143246286 0.3334 2619
1750143425801 0.3538 2638
1750143902962 0.1606 2640
1750144081676 0.3352 2659
1750144260573 0.3818 2678
1750144732238 0.1626 2680
1750144911355 0.332 2699
1750145090727 0.3684 2718
1750145562835 0.2052 2720
1750145741810 0.3052 2739
1750145920811 0.3666 2758
1750146394697 0.1142 2760
1750146573957 0.2548 2779
1750146753195 0.2518 2798
1750147229928 0.1606 2800
1750147408894 0.3308 2819
1750147587448 0.3624 2838
1750148058976 0.1692 2840
1750148237752 0.323 2859
1750148417219 0.379 2878
1750148890499 0.1468 2880
1750149069326 0.3218 2899
1750149248394 0.3822 2918
1750149718044 0.092 2920
1750149897324 0.2206 2939
1750150076571 0.2586 2958
1750150548137 0.0926 2960
1750150727734 0.2474 2979
1750150906527 0.2384 2998
1750151382006 0.133 3000
1750151560823 0.3042 3019
1750151740286 0.3434 3038
1750152211425 0.1776 3040
1750152390610 0.3108 3059
1750152569869 0.3482 3078
1750153042654 0.2294 3080
1750153221743 0.3692 3099
1750153400891 0.4196 3118
1750153871542 0.2284 3120
1750154050782 0.4066 3139
1750154230563 0.437 3158
1750154703240 0.2092 3160
1750154882065 0.385 3179
1750155060917 0.427 3198
1750155537110 0.2206 3200
1750155716120 0.3898 3219
1750155895341 0.4284 3238
1750156371874 0.2012 3240
1750156551637 0.4204 3259
1750156730823 0.4384 3278
1750157207450 0.2012 3280
1750157386673 0.3906 3299
1750157566418 0.4334 3318
1750158042787 0.2118 3320
1750158221949 0.3908 3339
1750158400745 0.4396 3358
1750158873727 0.2292 3360
1750159052615 0.3858 3379
1750159231421 0.425 3398
1750159703490 0.2402 3400
1750159883011 0.4084 3419
1750160062121 0.4392 3438
1750160534893 0.2382 3440
1750160714157 0.4012 3459
1750160893900 0.424 3478
1750161368118 0.2098 3480
1750161547317 0.3888 3499
1750161726465 0.4236 3518
1750162199687 0.212 3520
1750162378450 0.3744 3539
1750162557280 0.4298 3558
1750163030335 0.2324 3560
1750163209778 0.4028 3579
1750163388583 0.4354 3598
1750163864776 0.2338 3600
1750164044094 0.407 3619
1750164223854 0.4354 3638
1750164697552 0.2244 3640
1750164876775 0.3872 3659
1750165055984 0.43 3678
1750165529427 0.242 3680
1750165709151 0.3826 3699
1750165888412 0.4308 3718
1750166361736 0.2206 3720
1750166540726 0.411 3739
1750166720190 0.4346 3758
1750167193919 0.2184 3760
1750167373157 0.3824 3779
1750167552473 0.4294 3798
1750168025150 0.2222 3800
1750168204544 0.3798 3819
1750168383992 0.4272 3838
1750168857798 0.211 3840
1750169037427 0.3862 3859
1750169216731 0.4402 3878
1750169689759 0.2056 3880
1750169868973 0.396 3899
1750170048635 0.4286 3918
1750170520787 0.2398 3920
1750170699703 0.3952 3939
1750170878699 0.4274 3958
1750171354086 0.2224 3960
1750171533223 0.4126 3979
1750171712462 0.4324 3998
