1751909415865 0.001 0
1751909443068 0.001 1
1751909470234 0.001 2
1751909497352 0.001 3
1751909524514 0.001 4
1751909551675 0.001 5
1751909578936 0.001 6
1751909606157 0.001 7
1751909633342 0.001 8
1751909660576 0.001 9
1751909687730 0.001 10
1751909714900 0.001 11
1751909742052 0.001 12
1751909769282 0.001 13
1751909796482 0.001 14
1751909823641 0.001 15
1751909851476 0.001 16
1751909878635 0.001 17
1751909910303 0.001 18
1751909937407 0.001 19
1751909964546 0.001 20
1751909991672 0.001 21
1751910018829 0.001 22
1751910046000 0.001 23
1751910073197 0.001 24
1751910100378 0.001 25
1751910127590 0.001 26
1751910154785 0.001 27
1751910181930 0.001 28
1751910209154 0.001 29
1751910236343 0.001 30
1751910263581 0.001 31
1751910290786 0.001 32
1751910317935 0.001 33
1751910345095 0.001 34
1751910372342 0.001 35
1751910399497 0.001 36
1751910426714 0.001 37
1751910453920 0.001 38
1751910481111 0.001 39
1751912163309 0.001 40
1751912190412 0.001 41
1751912217582 0.001 42
1751912244700 0.001 43
1751912271867 0.001 44
1751912299019 0.001 45
1751912326122 0.001 46
1751912353249 0.001 47
1751912380370 0.001 48
1751912407516 0.001 49
1751912434620 0.001 50
1751912461746 0.001 51
1751912488875 0.001 52
1751912516007 0.001 53
1751912543167 0.001 54
1751912570295 0.001 55
1751912597454 0.001 56
1751912624590 0.001 57
1751912651709 0.001 58
1751912678890 0.001 59
1751912706025 0.001 60
1751912733169 0.001 61
1751912760313 0.001 62
1751912787470 0.001 63
1751912814580 0.001 64
1751912841646 0.001 65
1751912868779 0.001 66
1751912895968 0.001 67
1751912923079 0.001 68
1751912950297 0.001 69
1751912977371 0.001 70
1751913004491 0.001 71
1751913031715 0.001 72
1751913058859 0.001 73
1751913085949 0.001 74
1751913113132 0.001 75
1751913140306 0.001 76
1751913167460 0.001 77
1751913194613 0.001 78
1751913221699 0.001 79
1751914659888 0.001 80
1751914687353 0.001 81
1751914714446 0.001 82
1751914741613 0.001 83
1751914768699 0.001 84
1751914795793 0.001 85
1751914822904 0.001 86
1751914850390 0.001 87
1751914877826 0.001 88
1751914904972 0.001 89
1751914933889 0.001 90
1751914961014 0.001 91
1751914988104 0.001 92
1751915015221 0.001 93
1751915042359 0.001 94
1751915069526 0.001 95
1751915096967 0.001 96
1751915124110 0.001 97
1751915151536 0.001 98
1751915178734 0.001 99
1751915205784 0.001 100
1751915233291 0.001 101
1751915260761 0.001 102
1751915288238 0.001 103
1751915315318 0.001 104
1751915342442 0.001 105
1751915369554 0.001 106
1751915396973 0.001 107
1751915424044 0.001 108
1751915451127 0.001 109
1751915478263 0.001 110
1751915505343 0.001 111
1751915532448 0.001 112
1751915559672 0.001 113
1751915586789 0.001 114
1751915613926 0.001 115
1751915641073 0.001 116
1751915668514 0.001 117
1751915695977 0.001 118
1751915723045 0.001 119
1751917168238 0.001 120
1751917195754 0.001 121
1751917223238 0.001 122
1751917250745 0.001 123
1751917278139 0.001 124
1751917305309 0.001 125
1751917332783 0.001 126
1751917359962 0.001 127
1751917387533 0.001 128
1751917414979 0.001 129
1751917442495 0.001 130
1751917469647 0.001 131
1751917497095 0.001 132
1751917524355 0.001 133
1751917551890 0.001 134
1751917579460 0.001 135
1751917606957 0.001 136
1751917634430 0.001 137
1751917661905 0.001 138
1751917689371 0.001 139
1751917716507 0.001 140
1751917743967 0.001 141
1751917771494 0.001 142
1751917798967 0.001 143
1751917826460 0.001 144
1751917853944 0.001 145
1751917881386 0.001 146
1751917908882 0.001 147
1751917936374 0.001 148
1751917963860 0.001 149
1751917991413 0.001 150
1751918018973 0.001 151
1751918046434 0.001 152
1751918073930 0.001 153
1751918101427 0.001 154
1751918128918 0.001 155
1751918156037 0.001 156
1751918183588 0.001 157
1751918211092 0.001 158
1751918238609 0.001 159
1751919691093 0.001 160
1751919718564 0.001 161
1751919746135 0.001 162
1751919773609 0.001 163
1751919801140 0.001 164
1751919828698 0.001 165
1751919856215 0.001 166
1751919883702 0.001 167
1751919911155 0.001 168
1751919938606 0.001 169
1751919966078 0.001 170
1751919993582 0.001 171
1751920021107 0.001 172
1751920048581 0.001 173
1751920076060 0.001 174
1751920103472 0.001 175
1751920130920 0.001 176
1751920158394 0.001 177
1751920185842 0.001 178
1751920213275 0.001 179
1751920240703 0.001 180
1751920268171 0.001 181
1751920295641 0.001 182
1751920323089 0.001 183
1751920350549 0.001 184
1751920378077 0.001 185
1751920405524 0.001 186
1751920432977 0.001 187
1751920460475 0.001 188
1751920487942 0.001 189
1751920515410 0.001 190
1751920542905 0.001 191
1751920570368 0.001 192
1751920597849 0.001 193
1751920625342 0.001 194
1751920652805 0.001 195
1751920680279 0.001 196
1751920707787 0.001 197
1751920735293 0.001 198
1751920762760 0.001 199
1751922212919 0.001 200
1751922240316 0.001 201
1751922267850 0.001 202
1751922295357 0.001 203
1751922322822 0.001 204
1751922350235 0.001 205
1751922377700 0.001 206
1751922405111 0.001 207
1751922432553 0.001 208
1751922460060 0.001 209
1751922487514 0.001 210
1751922514957 0.001 211
1751922542408 0.001 212
1751922570109 0.001 213
1751922597359 0.001 214
1751922624645 0.001 215
1751922651857 0.001 216
1751922679079 0.001 217
1751922706294 0.001 218
1751922733540 0.001 219
1751922760768 0.001 220
1751922788098 0.001 221
1751922815321 0.001 222
1751922842542 0.001 223
1751922869780 0.001 224
1751922897051 0.001 225
1751922924324 0.001 226
1751922951569 0.001 227
1751922978766 0.001 228
1751923005989 0.001 229
1751923033265 0.001 230
1751923060588 0.001 231
1751923087880 0.001 232
1751923115127 0.001 233
1751923142349 0.001 234
1751923169647 0.001 235
1751923196918 0.001 236
1751923224157 0.001 237
1751923251474 0.001 238
1751923278708 0.001 239
1751924721728 0.001 240
1751924748893 0.001 241
1751924776164 0.001 242
1751924803338 0.001 243
1751924830621 0.001 244
1751924857777 0.001 245
1751924885090 0.001 246
1751924912278 0.001 247
1751924939511 0.001 248
1751924966716 0.001 249
1751924993969 0.001 250
1751925021197 0.001 251
1751925048446 0.001 252
1751925075774 0.001 253
1751925103056 0.001 254
1751925130259 0.001 255
1751925157477 0.001 256
1751925184667 0.001 257
1751925211920 0.001 258
1751925239153 0.001 259
1751925266428 0.001 260
1751925293648 0.001 261
1751925320885 0.001 262
1751925348133 0.001 263
1751925375395 0.001 264
1751925402708 0.001 265
1751925429890 0.001 266
1751925457236 0.001 267
1751925484455 0.001 268
1751925511700 0.001 269
1751925538993 0.001 270
1751925566259 0.001 271
1751925593462 0.001 272
1751925620683 0.001 273
1751925647897 0.001 274
1751925675121 0.001 275
1751925702361 0.001 276
1751925729548 0.001 277
1751925756778 0.001 278
1751925784065 0.001 279
1751927225525 0.001 280
1751927252766 0.001 281
1751927279944 0.001 282
1751927307158 0.001 283
1751927334338 0.001 284
1751927361560 0.001 285
1751927388788 0.001 286
1751927416022 0.001 287
1751927443227 0.001 288
1751927470375 0.001 289
1751927497535 0.001 290
1751927524725 0.001 291
1751927551899 0.001 292
1751927579103 0.001 293
1751927606214 0.001 294
1751927633434 0.001 295
1751927660667 0.001 296
1751927687827 0.001 297
1751927714969 0.001 298
1751927742170 0.001 299
1751927769361 0.001 300
1751927796548 0.001 301
1751927823684 0.001 302
1751927850881 0.001 303
1751927878131 0.001 304
1751927905298 0.001 305
1751927932462 0.001 306
1751927959665 0.001 307
1751927986861 0.001 308
1751928014070 0.001 309
1751928041299 0.001 310
1751928068518 0.001 311
1751928095660 0.001 312
1751928122843 0.001 313
1751928150050 0.001 314
1751928177273 0.001 315
1751928204497 0.001 316
1751928231689 0.001 317
1751928258906 0.001 318
1751928286134 0.001 319
1751929727520 0.001 320
1751929754693 0.001 321
1751929781889 0.001 322
1751929809053 0.001 323
1751929836238 0.001 324
1751929863394 0.001 325
1751929890550 0.001 326
1751929917809 0.001 327
1751929945008 0.001 328
1751929972588 0.001 329
1751929999797 0.001 330
1751930027019 0.001 331
1751930054225 0.001 332
1751930081429 0.001 333
1751930108611 0.001 334
1751930135865 0.001 335
1751930163059 0.001 336
1751930190613 0.001 337
1751930217782 0.001 338
1751930244987 0.001 339
1751930272226 0.001 340
1751930299364 0.001 341
1751930326520 0.001 342
1751930354085 0.001 343
1751930381633 0.001 344
1751930408847 0.001 345
1751930436063 0.001 346
1751930463260 0.001 347
1751930490491 0.001 348
1751930517678 0.001 349
1751930545236 0.001 350
1751930572503 0.001 351
1751930599780 0.001 352
1751930627101 0.001 353
1751930654829 0.001 354
1751930682232 0.001 355
1751930709787 0.001 356
1751930737574 0.001 357
1751930765070 0.001 358
1751930792292 0.001 359
1751932244262 0.001 360
1751932271729 0.001 361
1751932298969 0.001 362
1751932326468 0.001 363
1751932353999 0.001 364
1751932381541 0.001 365
1751932409066 0.001 366
1751932436527 0.001 367
1751932463735 0.001 368
1751932491279 0.001 369
1751932518810 0.001 370
1751932546625 0.001 371
1751932574178 0.001 372
1751932601702 0.001 373
1751932629189 0.001 374
1751932656698 0.001 375
1751932684223 0.001 376
1751932711419 0.001 377
1751932739220 0.001 378
1751932766995 0.001 379
1751932794501 0.001 380
1751932822043 0.001 381
1751932849546 0.001 382
1751932877102 0.001 383
1751932904580 0.001 384
1751932931836 0.001 385
1751932959639 0.001 386
1751932986891 0.001 387
1751933014440 0.001 388
1751933042036 0.001 389
1751933069636 0.001 390
1751933096948 0.001 391
1751933125529 0.001 392
1751933153092 0.001 393
1751933180599 0.001 394
1751933208108 0.001 395
1751933235666 0.001 396
1751933263202 0.001 397
1751933290731 0.001 398
1751933318208 0.001 399
1751934803873 0.001 400
1751934831481 0.001 401
1751934859043 0.001 402
1751934886584 0.001 403
1751934914127 0.001 404
1751934941758 0.001 405
1751934969398 0.001 406
1751934997003 0.001 407
1751935024594 0.001 408
1751935052186 0.001 409
1751935079934 0.001 410
1751935107570 0.001 411
1751935135217 0.001 412
1751935162812 0.001 413
1751935190422 0.001 414
1751935218166 0.001 415
1751935245778 0.001 416
1751935273425 0.001 417
1751935300948 0.001 418
1751935328544 0.001 419
1751935356065 0.001 420
1751935383671 0.001 421
1751935411371 0.001 422
1751935439008 0.001 423
1751935466621 0.001 424
1751935494241 0.001 425
1751935521843 0.001 426
1751935549404 0.001 427
1751935577090 0.001 428
1751935604690 0.001 429
1751935632348 0.001 430
1751935660043 0.001 431
1751935687653 0.001 432
1751935715187 0.001 433
1751935742822 0.001 434
1751935770413 0.001 435
1751935798054 0.001 436
1751935825650 0.001 437
1751935853177 0.001 438
1751935881065 0.001 439
1751937328798 0.001 440
1751937356079 0.001 441
1751937383432 0.001 442
1751937410841 0.001 443
1751937438170 0.001 444
1751937465553 0.001 445
1751937492921 0.001 446
1751937520218 0.001 447
1751937547551 0.001 448
1751937574994 0.001 449
1751937602353 0.001 450
1751937629650 0.001 451
1751937657102 0.001 452
1751937684402 0.001 453
1751937711744 0.001 454
1751937739153 0.001 455
1751937766488 0.001 456
1751937794237 0.001 457
1751937821580 0.001 458
1751937848926 0.001 459
1751937876289 0.001 460
1751937903715 0.001 461
1751937931077 0.001 462
1751937958411 0.001 463
1751937985825 0.001 464
1751938013213 0.001 465
1751938040558 0.001 466
1751938067962 0.001 467
1751938095373 0.001 468
1751938122694 0.001 469
1751938150091 0.001 470
1751938177414 0.001 471
1751938204812 0.001 472
1751938232201 0.001 473
1751938259579 0.001 474
1751938286882 0.001 475
1751938314268 0.001 476
1751938341657 0.001 477
1751938369031 0.001 478
1751938396480 0.001 479
1751939844941 0.001 480
1751939872359 0.001 481
1751939899710 0.001 482
1751939927053 0.001 483
1751939954371 0.001 484
1751939981722 0.001 485
1751940009055 0.001 486
1751940036372 0.001 487
1751940063713 0.001 488
1751940091073 0.001 489
1751940118370 0.001 490
1751940145698 0.001 491
1751940173111 0.001 492
1751940200485 0.001 493
1751940227818 0.001 494
1751940255150 0.001 495
1751940282445 0.001 496
1751940309802 0.001 497
1751940337110 0.001 498
1751940364471 0.001 499
1751940391807 0.001 500
1751940419117 0.001 501
1751940446456 0.001 502
1751940473720 0.001 503
1751940501034 0.001 504
1751940528362 0.001 505
1751940555687 0.001 506
1751940583337 0.001 507
1751940610714 0.001 508
1751940638058 0.001 509
1751940665400 0.001 510
1751940692727 0.001 511
1751940720074 0.001 512
1751940747450 0.001 513
1751940774776 0.001 514
1751940802119 0.001 515
1751940829457 0.001 516
1751940856762 0.001 517
1751940884157 0.001 518
1751940911488 0.001 519
1751942361762 0.001 520
1751942389060 0.001 521
1751942416370 0.001 522
1751942443654 0.001 523
1751942470976 0.001 524
1751942498298 0.001 525
1751942525596 0.001 526
1751942552922 0.001 527
1751942580210 0.001 528
1751942607530 0.001 529
1751942634798 0.001 530
1751942662097 0.001 531
1751942689369 0.001 532
1751942716721 0.001 533
1751942744086 0.001 534
1751942771924 0.001 535
1751942799370 0.001 536
1751942826692 0.001 537
1751942854009 0.001 538
1751942881389 0.001 539
1751942908763 0.001 540
1751942936045 0.001 541
1751942963354 0.001 542
1751942990699 0.001 543
1751943017928 0.001 544
1751943045252 0.001 545
1751943072563 0.001 546
1751943099901 0.001 547
1751943127273 0.001 548
1751943154559 0.001 549
1751943181821 0.001 550
1751943209151 0.001 551
1751943236433 0.001 552
1751943263743 0.001 553
1751943291159 0.001 554
1751943318500 0.001 555
1751943345846 0.001 556
1751943373119 0.001 557
1751943400426 0.001 558
1751943427729 0.001 559
1751944880866 0.001 560
1751944908547 0.001 561
1751944936199 0.001 562
1751944963445 0.001 563
1751944991120 0.001 564
1751945018391 0.001 565
1751945045652 0.001 566
1751945073293 0.001 567
1751945100608 0.001 568
1751945127841 0.001 569
1751945155133 0.001 570
1751945182691 0.001 571
1751945209996 0.001 572
1751945237616 0.001 573
1751945265237 0.001 574
1751945292533 0.001 575
1751945320257 0.001 576
1751945347834 0.001 577
1751945375070 0.001 578
1751945402384 0.001 579
1751945430049 0.001 580
1751945457708 0.001 581
1751945485553 0.001 582
1751945513218 0.001 583
1751945540517 0.001 584
1751945567835 0.001 585
1751945595141 0.001 586
1751945622554 0.001 587
1751945650318 0.001 588
1751945678057 0.001 589
1751945705904 0.001 590
1751945733281 0.001 591
1751945760946 0.001 592
1751945788654 0.001 593
1751945815928 0.001 594
1751945843263 0.001 595
1751945870949 0.001 596
1751945898805 0.001 597
1751945926477 0.001 598
1751945954094 0.001 599
1751947416658 0.001 600
1751947444345 0.001 601
1751947471995 0.001 602
1751947499686 0.001 603
1751947527353 0.001 604
1751947555082 0.001 605
1751947582751 0.001 606
1751947610468 0.001 607
1751947638484 0.001 608
1751947666120 0.001 609
1751947693776 0.001 610
1751947721440 0.001 611
1751947749342 0.001 612
1751947776997 0.001 613
1751947805095 0.001 614
1751947832785 0.001 615
1751947860757 0.001 616
1751947888400 0.001 617
1751947916090 0.001 618
1751947943742 0.001 619
1751947971554 0.001 620
1751947999237 0.001 621
1751948026896 0.001 622
1751948054805 0.001 623
1751948082426 0.001 624
1751948110047 0.001 625
1751948137735 0.001 626
1751948165405 0.001 627
1751948193255 0.001 628
1751948220926 0.001 629
1751948248683 0.001 630
1751948276293 0.001 631
1751948304167 0.001 632
1751948331814 0.001 633
1751948359433 0.001 634
1751948387090 0.001 635
1751948414764 0.001 636
1751948442376 0.001 637
1751948470051 0.001 638
1751948497682 0.001 639
1751949962295 0.001 640
1751949989886 0.001 641
1751950017454 0.001 642
1751950045155 0.001 643
1751950073105 0.001 644
1751950100740 0.001 645
1751950128348 0.001 646
1751950155912 0.001 647
1751950183535 0.001 648
1751950211552 0.001 649
1751950239165 0.001 650
1751950266769 0.001 651
1751950294449 0.001 652
1751950322299 0.001 653
1751950349883 0.001 654
1751950377493 0.001 655
1751950405151 0.001 656
1751950432821 0.001 657
1751950460422 0.001 658
1751950488071 0.001 659
1751950516137 0.001 660
1751950543810 0.001 661
1751950571425 0.001 662
1751950599015 0.001 663
1751950626894 0.001 664
1751950654530 0.001 665
1751950682151 0.001 666
1751950709800 0.001 667
1751950737548 0.001 668
1751950765223 0.001 669
1751950792897 0.001 670
1751950820515 0.001 671
1751950848291 0.001 672
1751950875855 0.001 673
1751950903539 0.001 674
1751950931605 0.001 675
1751950959280 0.001 676
1751950986961 0.001 677
1751951014601 0.001 678
1751951042222 0.001 679
1751952494232 0.001 680
1751952521585 0.001 681
1751952549227 0.001 682
1751952576607 0.001 683
1751952603913 0.001 684
1751952631276 0.001 685
1751952658938 0.001 686
1751952686302 0.001 687
1751952713655 0.001 688
1751952741088 0.001 689
1751952768778 0.001 690
1751952796125 0.001 691
1751952823487 0.001 692
1751952850809 0.001 693
1751952878317 0.001 694
1751952905673 0.001 695
1751952933075 0.001 696
1751952960460 0.001 697
1751952988141 0.001 698
1751953015486 0.001 699
1751953042846 0.001 700
1751953070207 0.001 701
1751953097613 0.001 702
1751953124957 0.001 703
1751953152223 0.001 704
1751953179842 0.001 705
1751953207328 0.001 706
1751953234735 0.001 707
1751953262059 0.001 708
1751953289488 0.001 709
1751953317164 0.001 710
1751953344668 0.001 711
1751953371943 0.001 712
1751953399309 0.001 713
1751953426894 0.001 714
1751953454321 0.001 715
1751953481673 0.001 716
1751953509018 0.001 717
1751953536386 0.001 718
1751953563741 0.001 719
1751955015061 0.001 720
1751955042370 0.001 721
1751955069645 0.001 722
1751955096978 0.001 723
1751955124317 0.001 724
1751955151563 0.001 725
1751955178830 0.001 726
1751955206167 0.001 727
1751955233415 0.001 728
1751955260775 0.001 729
1751955288129 0.001 730
1751955315477 0.001 731
1751955342782 0.001 732
1751955370050 0.001 733
1751955397371 0.001 734
1751955425620 0.001 735
1751955452962 0.001 736
1751955480303 0.001 737
1751955507672 0.001 738
1751955534975 0.001 739
1751955562315 0.001 740
1751955589687 0.001 741
1751955617041 0.001 742
1751955644343 0.001 743
1751955671695 0.001 744
1751955698988 0.001 745
1751955726358 0.001 746
1751955753662 0.001 747
1751955780983 0.001 748
1751955808331 0.001 749
1751955835742 0.001 750
1751955863045 0.001 751
1751955890352 0.001 752
1751955918015 0.001 753
1751955945332 0.001 754
1751955972703 0.001 755
1751956000044 0.001 756
1751956027365 0.001 757
1751956054705 0.001 758
1751956082037 0.001 759
1751957530983 0.001 760
1751957558246 0.001 761
1751957585511 0.001 762
1751957612821 0.001 763
1751957640100 0.001 764
1751957667384 0.001 765
1751957694697 0.001 766
1751957721970 0.001 767
1751957749193 0.001 768
1751957776499 0.001 769
1751957803785 0.001 770
1751957831092 0.001 771
1751957858399 0.001 772
1751957885738 0.001 773
1751957912997 0.001 774
1751957940309 0.001 775
1751957967617 0.001 776
1751957994919 0.001 777
1751958022215 0.001 778
1751958049464 0.001 779
1751958076754 0.001 780
1751958104078 0.001 781
1751958131402 0.001 782
1751958158709 0.001 783
1751958186003 0.001 784
1751958213301 0.001 785
1751958240673 0.001 786
1751958267964 0.001 787
1751958295194 0.001 788
1751958322602 0.001 789
1751958349921 0.001 790
1751958377206 0.001 791
1751958404510 0.001 792
1751958431796 0.001 793
1751958459089 0.001 794
1751958486415 0.001 795
1751958513690 0.001 796
1751958540980 0.001 797
1751958568769 0.001 798
1751958596075 0.001 799
1751960057318 0.001 800
1751960084601 0.001 801
1751960111869 0.001 802
1751960139556 0.001 803
1751960167256 0.001 804
1751960194545 0.001 805
1751960221982 0.001 806
1751960249286 0.001 807
1751960276641 0.001 808
1751960304300 0.001 809
1751960331595 0.001 810
1751960358905 0.001 811
1751960386197 0.001 812
1751960413901 0.001 813
1751960441145 0.001 814
1751960468479 0.001 815
1751960495759 0.001 816
1751960523058 0.001 817
1751960550667 0.001 818
1751960578372 0.001 819
1751960606087 0.001 820
1751960633413 0.001 821
1751960661101 0.001 822
1751960688517 0.001 823
1751960716181 0.001 824
1751960743883 0.001 825
1751960771528 0.001 826
1751960798793 0.001 827
1751960826342 0.001 828
1751960853621 0.001 829
1751960880878 0.001 830
1751960908243 0.001 831
1751960935947 0.001 832
1751960963251 0.001 833
1751960990913 0.001 834
1751961018569 0.001 835
1751961046229 0.001 836
1751961073610 0.001 837
1751961101308 0.001 838
1751961128981 0.001 839
1751962588643 0.001 840
1751962616346 0.001 841
1751962643980 0.001 842
1751962671666 0.001 843
1751962699331 0.001 844
1751962726954 0.001 845
1751962754593 0.001 846
1751962782218 0.001 847
1751962809915 0.001 848
1751962837609 0.001 849
1751962865294 0.001 850
1751962893030 0.001 851
1751962920685 0.001 852
1751962948636 0.001 853
1751962976347 0.001 854
1751963003999 0.001 855
1751963031677 0.001 856
1751963059390 0.001 857
1751963087008 0.001 858
1751963114707 0.001 859
1751963142658 0.001 860
1751963170249 0.001 861
1751963197940 0.001 862
1751963225638 0.001 863
1751963253555 0.001 864
1751963281321 0.001 865
1751963308947 0.001 866
1751963336911 0.001 867
1751963364520 0.001 868
1751963392197 0.001 869
1751963419926 0.001 870
1751963447680 0.001 871
1751963475430 0.001 872
1751963503174 0.001 873
1751963531482 0.001 874
1751963559148 0.001 875
1751963586806 0.001 876
1751963614473 0.001 877
1751963642212 0.001 878
1751963670373 0.001 879
1751965135530 0.001 880
1751965163168 0.001 881
1751965190754 0.001 882
1751965218392 0.001 883
1751965246046 0.001 884
1751965273656 0.001 885
1751965301330 0.001 886
1751965328965 0.001 887
1751965356624 0.001 888
1751965384257 0.001 889
1751965411838 0.001 890
1751965439408 0.001 891
1751965466961 0.001 892
1751965494605 0.001 893
1751965522200 0.001 894
1751965549841 0.001 895
1751965577476 0.001 896
1751965605101 0.001 897
1751965632753 0.001 898
1751965660393 0.001 899
1751965688053 0.001 900
1751965715684 0.001 901
1751965743382 0.001 902
1751965771031 0.001 903
1751965798663 0.001 904
1751965826322 0.001 905
1751965854015 0.001 906
1751965881656 0.001 907
1751965909262 0.001 908
1751965936914 0.001 909
1751965964534 0.001 910
1751965992250 0.001 911
1751966019830 0.001 912
1751966047433 0.001 913
1751966075054 0.001 914
1751966102652 0.001 915
1751966130285 0.001 916
1751966157917 0.001 917
1751966185502 0.001 918
1751966213160 0.001 919
1751967666986 0.001 920
1751967694247 0.001 921
1751967721632 0.001 922
1751967749012 0.001 923
1751967776326 0.001 924
1751967803683 0.001 925
1751967831058 0.001 926
1751967858429 0.001 927
1751967885723 0.001 928
1751967913072 0.001 929
1751967940450 0.001 930
1751967967774 0.001 931
1751967995048 0.001 932
1751968022342 0.001 933
1751968049707 0.001 934
1751968077048 0.001 935
1751968104332 0.001 936
1751968131762 0.001 937
1751968159062 0.001 938
1751968186433 0.001 939
1751968213984 0.001 940
1751968241326 0.001 941
1751968268689 0.001 942
1751968296063 0.001 943
1751968323402 0.001 944
1751968350726 0.001 945
1751968378082 0.001 946
1751968405466 0.001 947
1751968432831 0.001 948
1751968460155 0.001 949
1751968487483 0.001 950
1751968514835 0.001 951
1751968542211 0.001 952
1751968569537 0.001 953
1751968596917 0.001 954
1751968624266 0.001 955
1751968651654 0.001 956
1751968678991 0.001 957
1751968706383 0.001 958
1751968733698 0.001 959
1751970181542 0.001 960
1751970208909 0.001 961
1751970236242 0.001 962
1751970263513 0.001 963
1751970290772 0.001 964
1751970318101 0.001 965
1751970345362 0.001 966
1751970372619 0.001 967
1751970399943 0.001 968
1751970427240 0.001 969
1751970454605 0.001 970
1751970481937 0.001 971
1751970509251 0.001 972
1751970536655 0.001 973
1751970564006 0.001 974
1751970591359 0.001 975
1751970618741 0.001 976
1751970646075 0.001 977
1751970673382 0.001 978
1751970700676 0.001 979
1751970728041 0.001 980
1751970755365 0.001 981
1751970782734 0.001 982
1751970810087 0.001 983
1751970837515 0.001 984
1751970864795 0.001 985
1751970892177 0.001 986
1751970919472 0.001 987
1751970946810 0.001 988
1751970974102 0.001 989
1751971001457 0.001 990
1751971028758 0.001 991
1751971056141 0.001 992
1751971083453 0.001 993
1751971110814 0.001 994
1751971138157 0.001 995
1751971165534 0.001 996
1751971192886 0.001 997
1751971220243 0.001 998
1751971247569 0.001 999
1751972695729 0.001 1000
1751972723050 0.001 1001
1751972750371 0.001 1002
1751972777774 0.001 1003
1751972805037 0.001 1004
1751972832318 0.001 1005
1751972859701 0.001 1006
1751972887031 0.001 1007
1751972914375 0.001 1008
1751972941729 0.001 1009
1751972969089 0.001 1010
1751972996425 0.001 1011
1751973023746 0.001 1012
1751973051066 0.001 1013
1751973078408 0.001 1014
1751973105709 0.001 1015
1751973133094 0.001 1016
1751973160420 0.001 1017
1751973187654 0.001 1018
1751973214964 0.001 1019
1751973242274 0.001 1020
1751973269635 0.001 1021
1751973297003 0.001 1022
1751973324315 0.001 1023
1751973351622 0.001 1024
1751973379048 0.001 1025
1751973406308 0.001 1026
1751973433711 0.001 1027
1751973461072 0.001 1028
1751973488366 0.001 1029
1751973515664 0.001 1030
1751973543016 0.001 1031
1751973570348 0.001 1032
1751973597668 0.001 1033
1751973624963 0.001 1034
1751973652298 0.001 1035
1751973679606 0.001 1036
1751973706891 0.001 1037
1751973734213 0.001 1038
1751973761587 0.001 1039
1751975208099 0.001 1040
1751975235451 0.001 1041
1751975262704 0.001 1042
1751975290426 0.001 1043
1751975318089 0.001 1044
1751975345324 0.001 1045
1751975372567 0.001 1046
1751975399869 0.001 1047
1751975427207 0.001 1048
1751975454491 0.001 1049
1751975482178 0.001 1050
1751975509828 0.001 1051
1751975537153 0.001 1052
1751975564440 0.001 1053
1751975591731 0.001 1054
1751975619133 0.001 1055
1751975646498 0.001 1056
1751975673902 0.001 1057
1751975701175 0.001 1058
1751975728889 0.001 1059
1751975756216 0.001 1060
1751975783467 0.001 1061
1751975810843 0.001 1062
1751975838161 0.001 1063
1751975865788 0.001 1064
1751975893533 0.001 1065
1751975921188 0.001 1066
1751975948897 0.001 1067
1751975976242 0.001 1068
1751976003561 0.001 1069
1751976030926 0.001 1070
1751976058237 0.001 1071
1751976085891 0.001 1072
1751976113245 0.001 1073
1751976140584 0.001 1074
1751976167859 0.001 1075
1751976195158 0.001 1076
1751976222513 0.001 1077
1751976250218 0.001 1078
1751976277565 0.001 1079
1751977736654 0.001 1080
1751977764748 0.001 1081
1751977792451 0.001 1082
1751977820143 0.001 1083
1751977847843 0.001 1084
1751977875515 0.001 1085
1751977903148 0.001 1086
1751977930804 0.001 1087
1751977958480 0.001 1088
1751977986156 0.001 1089
1751978013787 0.001 1090
1751978041079 0.001 1091
1751978068701 0.001 1092
1751978096366 0.001 1093
1751978124072 0.001 1094
1751978151673 0.001 1095
1751978179343 0.001 1096
1751978207113 0.001 1097
1751978234821 0.001 1098
1751978262496 0.001 1099
1751978290216 0.001 1100
1751978317907 0.001 1101
1751978345606 0.001 1102
1751978373685 0.001 1103
1751978401372 0.001 1104
1751978429378 0.001 1105
1751978457298 0.001 1106
1751978485413 0.001 1107
1751978513228 0.001 1108
1751978540872 0.001 1109
1751978568500 0.001 1110
1751978596138 0.001 1111
1751978623842 0.001 1112
1751978651517 0.001 1113
1751978679207 0.001 1114
1751978706867 0.001 1115
1751978734552 0.001 1116
1751978762263 0.001 1117
1751978790249 0.001 1118
1751978817864 0.001 1119
1751980282958 0.0005 1120
1751980310627 0.0005 1121
1751980338254 0.0005 1122
1751980365863 0.0005 1123
1751980393523 0.0005 1124
1751980421134 0.0005 1125
1751980448685 0.0005 1126
1751980476238 0.0005 1127
1751980503812 0.0005 1128
1751980531418 0.0005 1129
1751980559116 0.0005 1130
1751980586696 0.0005 1131
1751980614307 0.0005 1132
1751980641986 0.0005 1133
1751980669542 0.0005 1134
1751980697167 0.0005 1135
1751980724835 0.0005 1136
1751980752498 0.0005 1137
1751980780198 0.0005 1138
1751980807889 0.0005 1139
1751980835517 0.0005 1140
1751980863151 0.0005 1141
1751980890706 0.0005 1142
1751980918259 0.0005 1143
1751980945915 0.0005 1144
1751980973543 0.0005 1145
1751981001203 0.0005 1146
1751981028786 0.0005 1147
1751981056355 0.0005 1148
1751981083945 0.0005 1149
1751981111612 0.0005 1150
1751981139297 0.0005 1151
1751981166997 0.0005 1152
1751981194635 0.0005 1153
1751981222247 0.0005 1154
1751981249835 0.0005 1155
1751981277449 0.0005 1156
1751981305114 0.0005 1157
1751981332812 0.0005 1158
1751981360422 0.0005 1159
1751982818072 0.0005 1160
1751982845447 0.0005 1161
1751982872808 0.0005 1162
1751982900224 0.0005 1163
1751982927575 0.0005 1164
1751982954982 0.0005 1165
1751982982348 0.0005 1166
1751983009678 0.0005 1167
1751983037034 0.0005 1168
1751983064411 0.0005 1169
1751983091763 0.0005 1170
1751983119190 0.0005 1171
1751983146517 0.0005 1172
1751983173841 0.0005 1173
1751983201188 0.0005 1174
1751983228529 0.0005 1175
1751983255881 0.0005 1176
1751983283224 0.0005 1177
1751983310560 0.0005 1178
1751983337908 0.0005 1179
1751983365213 0.0005 1180
1751983392560 0.0005 1181
1751983419923 0.0005 1182
1751983447284 0.0005 1183
1751983474601 0.0005 1184
1751983501975 0.0005 1185
1751983529335 0.0005 1186
1751983556733 0.0005 1187
1751983584181 0.0005 1188
1751983611548 0.0005 1189
1751983638937 0.0005 1190
1751983666315 0.0005 1191
1751983693654 0.0005 1192
1751983721126 0.0005 1193
1751983748493 0.0005 1194
1751983775892 0.0005 1195
1751983803252 0.0005 1196
1751983830610 0.0005 1197
1751983858001 0.0005 1198
1751983885322 0.0005 1199
1751985346697 0.0005 1200
1751985374082 0.0005 1201
1751985401380 0.0005 1202
1751985428739 0.0005 1203
1751985456065 0.0005 1204
1751985483348 0.0005 1205
1751985510750 0.0005 1206
1751985538072 0.0005 1207
1751985565430 0.0005 1208
1751985592754 0.0005 1209
1751985620137 0.0005 1210
1751985647508 0.0005 1211
1751985674832 0.0005 1212
1751985702220 0.0005 1213
1751985729553 0.0005 1214
1751985756858 0.0005 1215
1751985784132 0.0005 1216
1751985811448 0.0005 1217
1751985838693 0.0005 1218
1751985866021 0.0005 1219
1751985893387 0.0005 1220
1751985920805 0.0005 1221
1751985948223 0.0005 1222
1751985975572 0.0005 1223
1751986002890 0.0005 1224
1751986030190 0.0005 1225
1751986057540 0.0005 1226
1751986084885 0.0005 1227
1751986112202 0.0005 1228
1751986139588 0.0005 1229
1751986166914 0.0005 1230
1751986194305 0.0005 1231
1751986221706 0.0005 1232
1751986249191 0.0005 1233
1751986276559 0.0005 1234
1751986303921 0.0005 1235
1751986331211 0.0005 1236
1751986358559 0.0005 1237
1751986385919 0.0005 1238
1751986413196 0.0005 1239
1751987860901 0.0005 1240
1751987888275 0.0005 1241
1751987915607 0.0005 1242
1751987942925 0.0005 1243
1751987970240 0.0005 1244
1751987997540 0.0005 1245
1751988024853 0.0005 1246
1751988052171 0.0005 1247
1751988079505 0.0005 1248
1751988106848 0.0005 1249
1751988134291 0.0005 1250
1751988161640 0.0005 1251
1751988188959 0.0005 1252
1751988216298 0.0005 1253
1751988243671 0.0005 1254
1751988271044 0.0005 1255
1751988298398 0.0005 1256
1751988325729 0.0005 1257
1751988353100 0.0005 1258
1751988380456 0.0005 1259
1751988407776 0.0005 1260
1751988435095 0.0005 1261
1751988462458 0.0005 1262
1751988489867 0.0005 1263
1751988517211 0.0005 1264
1751988544535 0.0005 1265
1751988571846 0.0005 1266
1751988599179 0.0005 1267
1751988626578 0.0005 1268
1751988653999 0.0005 1269
1751988681286 0.0005 1270
1751988708619 0.0005 1271
1751988735929 0.0005 1272
1751988763274 0.0005 1273
1751988790572 0.0005 1274
1751988817915 0.0005 1275
1751988845246 0.0005 1276
1751988872633 0.0005 1277
1751988899963 0.0005 1278
1751988927320 0.0005 1279
1751990374267 0.0005 1280
1751990401559 0.0005 1281
1751990428852 0.0005 1282
1751990456192 0.0005 1283
1751990483480 0.0005 1284
1751990510819 0.0005 1285
1751990538129 0.0005 1286
1751990565417 0.0005 1287
1751990592720 0.0005 1288
1751990620016 0.0005 1289
1751990647291 0.0005 1290
1751990674567 0.0005 1291
1751990701936 0.0005 1292
1751990729272 0.0005 1293
1751990756951 0.0005 1294
1751990784568 0.0005 1295
1751990811922 0.0005 1296
1751990839238 0.0005 1297
1751990866542 0.0005 1298
1751990893860 0.0005 1299
1751990921209 0.0005 1300
1751990948552 0.0005 1301
1751990975908 0.0005 1302
1751991003246 0.0005 1303
1751991030586 0.0005 1304
1751991057884 0.0005 1305
1751991085154 0.0005 1306
1751991112513 0.0005 1307
1751991139817 0.0005 1308
1751991167555 0.0005 1309
1751991195242 0.0005 1310
1751991222553 0.0005 1311
1751991249851 0.0005 1312
1751991277132 0.0005 1313
1751991304451 0.0005 1314
1751991332112 0.0005 1315
1751991359839 0.0005 1316
1751991387171 0.0005 1317
1751991414498 0.0005 1318
1751991441822 0.0005 1319
1751992898825 0.0005 1320
1751992926470 0.0005 1321
1751992953743 0.0005 1322
1751992981382 0.0005 1323
1751993008645 0.0005 1324
1751993036246 0.0005 1325
1751993063904 0.0005 1326
1751993091160 0.0005 1327
1751993118379 0.0005 1328
1751993146044 0.0005 1329
1751993173689 0.0005 1330
1751993201336 0.0005 1331
1751993228953 0.0005 1332
1751993256603 0.0005 1333
1751993284248 0.0005 1334
1751993311930 0.0005 1335
1751993339564 0.0005 1336
1751993366882 0.0005 1337
1751993394569 0.0005 1338
1751993422255 0.0005 1339
1751993449908 0.0005 1340
1751993477573 0.0005 1341
1751993505210 0.0005 1342
1751993532837 0.0005 1343
1751993560286 0.0005 1344
1751993587544 0.0005 1345
1751993615212 0.0005 1346
1751993642843 0.0005 1347
1751993670547 0.0005 1348
1751993698217 0.0005 1349
1751993725903 0.0005 1350
1751993753532 0.0005 1351
1751993781180 0.0005 1352
1751993808460 0.0005 1353
1751993836265 0.0005 1354
1751993863912 0.0005 1355
1751993891543 0.0005 1356
1751993919252 0.0005 1357
1751993946886 0.0005 1358
1751993974516 0.0005 1359
1751995435197 0.0005 1360
1751995462823 0.0005 1361
1751995490422 0.0005 1362
1751995518060 0.0005 1363
1751995545700 0.0005 1364
1751995573351 0.0005 1365
1751995600977 0.0005 1366
1751995628587 0.0005 1367
1751995656168 0.0005 1368
1751995683836 0.0005 1369
1751995711407 0.0005 1370
1751995739049 0.0005 1371
1751995766710 0.0005 1372
1751995794364 0.0005 1373
1751995822025 0.0005 1374
1751995849732 0.0005 1375
1751995877331 0.0005 1376
1751995904992 0.0005 1377
1751995932628 0.0005 1378
1751995960245 0.0005 1379
1751995987932 0.0005 1380
1751996015489 0.0005 1381
1751996043163 0.0005 1382
1751996070830 0.0005 1383
1751996098409 0.0005 1384
1751996126073 0.0005 1385
1751996153769 0.0005 1386
1751996181420 0.0005 1387
1751996209084 0.0005 1388
1751996236783 0.0005 1389
1751996264485 0.0005 1390
1751996292186 0.0005 1391
1751996319838 0.0005 1392
1751996347492 0.0005 1393
1751996375145 0.0005 1394
1751996402831 0.0005 1395
1751996430491 0.0005 1396
1751996458115 0.0005 1397
1751996485766 0.0005 1398
1751996513380 0.0005 1399
1751997973146 0.0005 1400
1751998000816 0.0005 1401
1751998028499 0.0005 1402
1751998056132 0.0005 1403
1751998083801 0.0005 1404
1751998111478 0.0005 1405
1751998139331 0.0005 1406
1751998166752 0.0005 1407
1751998194159 0.0005 1408
1751998221520 0.0005 1409
1751998248814 0.0005 1410
1751998276150 0.0005 1411
1751998303562 0.0005 1412
1751998330916 0.0005 1413
1751998358270 0.0005 1414
1751998385604 0.0005 1415
1751998413055 0.0005 1416
1751998440400 0.0005 1417
1751998467755 0.0005 1418
1751998495107 0.0005 1419
1751998522472 0.0005 1420
1751998549869 0.0005 1421
1751998577288 0.0005 1422
1751998604655 0.0005 1423
1751998632023 0.0005 1424
1751998659440 0.0005 1425
1751998686787 0.0005 1426
1751998714154 0.0005 1427
1751998741525 0.0005 1428
1751998768896 0.0005 1429
1751998796290 0.0005 1430
1751998823693 0.0005 1431
1751998851080 0.0005 1432
1751998878462 0.0005 1433
1751998905815 0.0005 1434
1751998933167 0.0005 1435
1751998960596 0.0005 1436
1751998988043 0.0005 1437
1751999015501 0.0005 1438
1751999042903 0.0005 1439
1752000490125 0.0005 1440
1752000517483 0.0005 1441
1752000544821 0.0005 1442
1752000572217 0.0005 1443
1752000599564 0.0005 1444
1752000626905 0.0005 1445
1752000654227 0.0005 1446
1752000681558 0.0005 1447
1752000708870 0.0005 1448
1752000736301 0.0005 1449
1752000763645 0.0005 1450
1752000790991 0.0005 1451
1752000818326 0.0005 1452
1752000845767 0.0005 1453
1752000873124 0.0005 1454
1752000900501 0.0005 1455
1752000927862 0.0005 1456
1752000955241 0.0005 1457
1752000982602 0.0005 1458
1752001009925 0.0005 1459
1752001037277 0.0005 1460
1752001064615 0.0005 1461
1752001091927 0.0005 1462
1752001119295 0.0005 1463
1752001146622 0.0005 1464
1752001173935 0.0005 1465
1752001201236 0.0005 1466
1752001228641 0.0005 1467
1752001256005 0.0005 1468
1752001283341 0.0005 1469
1752001310706 0.0005 1470
1752001338060 0.0005 1471
1752001365402 0.0005 1472
1752001392709 0.0005 1473
1752001420077 0.0005 1474
1752001447389 0.0005 1475
1752001474736 0.0005 1476
1752001502078 0.0005 1477
1752001529444 0.0005 1478
1752001556806 0.0005 1479
1752003006063 0.0005 1480
1752003033465 0.0005 1481
1752003060795 0.0005 1482
1752003088104 0.0005 1483
1752003115427 0.0005 1484
1752003142746 0.0005 1485
1752003170125 0.0005 1486
1752003197450 0.0005 1487
1752003224801 0.0005 1488
1752003252225 0.0005 1489
1752003279575 0.0005 1490
1752003306889 0.0005 1491
1752003334199 0.0005 1492
1752003361642 0.0005 1493
1752003388965 0.0005 1494
1752003416403 0.0005 1495
1752003443699 0.0005 1496
1752003470987 0.0005 1497
1752003498358 0.0005 1498
1752003525719 0.0005 1499
1752003553035 0.0005 1500
1752003580421 0.0005 1501
1752003607825 0.0005 1502
1752003635244 0.0005 1503
1752003662609 0.0005 1504
1752003689994 0.0005 1505
1752003717375 0.0005 1506
1752003744665 0.0005 1507
1752003772073 0.0005 1508
1752003799398 0.0005 1509
1752003826822 0.0005 1510
1752003854184 0.0005 1511
1752003881536 0.0005 1512
1752003908802 0.0005 1513
1752003936138 0.0005 1514
1752003963460 0.0005 1515
1752003990821 0.0005 1516
1752004018135 0.0005 1517
1752004045469 0.0005 1518
1752004072809 0.0005 1519
1752005521220 0.0005 1520
1752005548539 0.0005 1521
1752005575928 0.0005 1522
1752005603285 0.0005 1523
1752005630591 0.0005 1524
1752005657929 0.0005 1525
1752005685276 0.0005 1526
1752005712644 0.0005 1527
1752005739943 0.0005 1528
1752005767234 0.0005 1529
1752005794565 0.0005 1530
1752005821921 0.0005 1531
1752005849199 0.0005 1532
1752005876904 0.0005 1533
1752005904228 0.0005 1534
1752005931561 0.0005 1535
1752005958823 0.0005 1536
1752005986102 0.0005 1537
1752006013341 0.0005 1538
1752006041005 0.0005 1539
1752006068390 0.0005 1540
1752006095713 0.0005 1541
1752006123015 0.0005 1542
1752006150356 0.0005 1543
1752006177670 0.0005 1544
1752006205032 0.0005 1545
1752006232382 0.0005 1546
1752006259665 0.0005 1547
1752006287038 0.0005 1548
1752006314370 0.0005 1549
1752006341691 0.0005 1550
1752006369074 0.0005 1551
1752006396375 0.0005 1552
1752006423675 0.0005 1553
1752006451343 0.0005 1554
1752006479005 0.0005 1555
1752006506319 0.0005 1556
1752006533651 0.0005 1557
1752006560917 0.0005 1558
1752006588230 0.0005 1559
1752008044469 0.00025 1560
1752008072164 0.00025 1561
1752008099899 0.00025 1562
1752008127352 0.00025 1563
1752008155044 0.00025 1564
1752008182650 0.00025 1565
1752008210305 0.00025 1566
1752008237563 0.00025 1567
1752008265228 0.00025 1568
1752008292882 0.00025 1569
1752008320562 0.00025 1570
1752008348194 0.00025 1571
1752008376089 0.00025 1572
1752008403789 0.00025 1573
1752008431065 0.00025 1574
1752008458653 0.00025 1575
1752008486309 0.00025 1576
1752008513916 0.00025 1577
1752008541185 0.00025 1578
1752008568930 0.00025 1579
1752008596602 0.00025 1580
1752008624232 0.00025 1581
1752008651537 0.00025 1582
1752008679241 0.00025 1583
1752008706957 0.00025 1584
1752008734623 0.00025 1585
1752008762347 0.00025 1586
1752008790042 0.00025 1587
1752008817335 0.00025 1588
1752008845101 0.00025 1589
1752008872765 0.00025 1590
1752008900414 0.00025 1591
1752008928147 0.00025 1592
1752008955873 0.00025 1593
1752008983177 0.00025 1594
1752009010482 0.00025 1595
1752009038182 0.00025 1596
1752009065848 0.00025 1597
1752009093558 0.00025 1598
1752009121237 0.00025 1599
1752010597028 0.00025 1600
1752010624723 0.00025 1601
1752010652328 0.00025 1602
1752010679935 0.00025 1603
1752010707561 0.00025 1604
1752010735150 0.00025 1605
1752010762761 0.00025 1606
1752010790324 0.00025 1607
1752010817911 0.00025 1608
1752010845517 0.00025 1609
1752010873131 0.00025 1610
1752010900801 0.00025 1611
1752010928433 0.00025 1612
1752010956141 0.00025 1613
1752010983770 0.00025 1614
1752011011469 0.00025 1615
1752011039111 0.00025 1616
1752011066743 0.00025 1617
1752011094405 0.00025 1618
1752011122038 0.00025 1619
1752011149669 0.00025 1620
1752011177324 0.00025 1621
1752011204963 0.00025 1622
1752011232603 0.00025 1623
1752011260149 0.00025 1624
1752011287703 0.00025 1625
1752011315300 0.00025 1626
1752011342896 0.00025 1627
1752011370536 0.00025 1628
1752011398196 0.00025 1629
1752011425804 0.00025 1630
1752011453437 0.00025 1631
1752011481043 0.00025 1632
1752011508699 0.00025 1633
1752011536327 0.00025 1634
1752011563945 0.00025 1635
1752011591516 0.00025 1636
1752011619153 0.00025 1637
1752011646769 0.00025 1638
1752011674359 0.00025 1639
1752013134972 0.00025 1640
1752013162589 0.00025 1641
1752013190129 0.00025 1642
1752013217778 0.00025 1643
1752013245440 0.00025 1644
1752013273047 0.00025 1645
1752013300739 0.00025 1646
1752013328326 0.00025 1647
1752013355927 0.00025 1648
1752013383534 0.00025 1649
1752013411084 0.00025 1650
1752013438678 0.00025 1651
1752013466291 0.00025 1652
1752013493905 0.00025 1653
1752013521570 0.00025 1654
1752013549163 0.00025 1655
1752013576805 0.00025 1656
1752013604378 0.00025 1657
1752013632019 0.00025 1658
1752013659633 0.00025 1659
1752013687263 0.00025 1660
1752013714895 0.00025 1661
1752013742547 0.00025 1662
1752013770414 0.00025 1663
1752013797804 0.00025 1664
1752013825163 0.00025 1665
1752013852611 0.00025 1666
1752013879981 0.00025 1667
1752013907386 0.00025 1668
1752013934815 0.00025 1669
1752013962198 0.00025 1670
1752013989584 0.00025 1671
1752014016897 0.00025 1672
1752014044286 0.00025 1673
1752014071690 0.00025 1674
1752014099086 0.00025 1675
1752014126442 0.00025 1676
1752014153807 0.00025 1677
1752014181203 0.00025 1678
1752014208511 0.00025 1679
1752015654947 0.00025 1680
1752015682299 0.00025 1681
1752015709661 0.00025 1682
1752015737024 0.00025 1683
1752015764389 0.00025 1684
1752015791665 0.00025 1685
1752015818974 0.00025 1686
1752015846253 0.00025 1687
1752015873622 0.00025 1688
1752015900946 0.00025 1689
1752015928353 0.00025 1690
1752015955673 0.00025 1691
1752015983022 0.00025 1692
1752016010337 0.00025 1693
1752016037690 0.00025 1694
1752016065021 0.00025 1695
1752016092311 0.00025 1696
1752016119623 0.00025 1697
1752016146969 0.00025 1698
1752016174315 0.00025 1699
1752016201671 0.00025 1700
1752016228997 0.00025 1701
1752016256369 0.00025 1702
1752016283659 0.00025 1703
1752016311051 0.00025 1704
1752016338508 0.00025 1705
1752016365934 0.00025 1706
1752016393348 0.00025 1707
1752016420683 0.00025 1708
1752016447994 0.00025 1709
1752016475328 0.00025 1710
1752016502625 0.00025 1711
1752016529942 0.00025 1712
1752016557270 0.00025 1713
1752016584660 0.00025 1714
1752016612027 0.00025 1715
1752016639373 0.00025 1716
1752016666765 0.00025 1717
1752016694094 0.00025 1718
1752016721494 0.00025 1719
1752018169659 0.00025 1720
1752018196997 0.00025 1721
1752018224331 0.00025 1722
1752018251633 0.00025 1723
1752018279007 0.00025 1724
1752018306339 0.00025 1725
1752018333559 0.00025 1726
1752018360959 0.00025 1727
1752018388300 0.00025 1728
1752018415580 0.00025 1729
1752018442938 0.00025 1730
1752018470315 0.00025 1731
1752018497626 0.00025 1732
1752018525029 0.00025 1733
1752018552387 0.00025 1734
1752018579662 0.00025 1735
1752018606959 0.00025 1736
1752018634328 0.00025 1737
1752018661701 0.00025 1738
1752018688991 0.00025 1739
1752018716325 0.00025 1740
1752018743642 0.00025 1741
1752018771003 0.00025 1742
1752018798360 0.00025 1743
1752018825694 0.00025 1744
1752018853075 0.00025 1745
1752018880421 0.00025 1746
1752018907692 0.00025 1747
1752018934976 0.00025 1748
1752018962334 0.00025 1749
1752018989606 0.00025 1750
1752019016922 0.00025 1751
1752019044206 0.00025 1752
1752019071529 0.00025 1753
1752019098833 0.00025 1754
1752019126109 0.00025 1755
1752019153408 0.00025 1756
1752019180795 0.00025 1757
1752019208122 0.00025 1758
1752019235439 0.00025 1759
1752020683151 0.00025 1760
1752020710529 0.00025 1761
1752020737854 0.00025 1762
1752020765132 0.00025 1763
1752020792426 0.00025 1764
1752020819726 0.00025 1765
1752020847022 0.00025 1766
1752020874323 0.00025 1767
1752020901656 0.00025 1768
1752020928970 0.00025 1769
1752020956257 0.00025 1770
1752020983581 0.00025 1771
1752021010839 0.00025 1772
1752021038180 0.00025 1773
1752021065502 0.00025 1774
1752021092777 0.00025 1775
1752021120023 0.00025 1776
1752021147311 0.00025 1777
1752021174633 0.00025 1778
1752021201969 0.00025 1779
1752021229270 0.00025 1780
1752021256610 0.00025 1781
1752021283945 0.00025 1782
1752021311247 0.00025 1783
1752021338540 0.00025 1784
1752021365863 0.00025 1785
1752021393132 0.00025 1786
1752021420450 0.00025 1787
1752021447723 0.00025 1788
1752021475013 0.00025 1789
1752021502368 0.00025 1790
1752021529649 0.00025 1791
1752021556980 0.00025 1792
1752021584284 0.00025 1793
1752021612040 0.00025 1794
1752021639282 0.00025 1795
1752021666542 0.00025 1796
1752021693841 0.00025 1797
1752021721164 0.00025 1798
1752021748405 0.00025 1799
1752023199303 0.00025 1800
1752023226543 0.00025 1801
1752023253803 0.00025 1802
1752023281146 0.00025 1803
1752023308850 0.00025 1804
1752023336119 0.00025 1805
1752023363808 0.00025 1806
1752023391456 0.00025 1807
1752023418694 0.00025 1808
1752023446348 0.00025 1809
1752023473976 0.00025 1810
1752023501318 0.00025 1811
1752023528650 0.00025 1812
1752023556368 0.00025 1813
1752023584074 0.00025 1814
1752023611779 0.00025 1815
1752023639490 0.00025 1816
1752023666831 0.00025 1817
1752023694486 0.00025 1818
1752023721772 0.00025 1819
1752023749411 0.00025 1820
1752023777131 0.00025 1821
1752023804824 0.00025 1822
1752023832547 0.00025 1823
1752023859892 0.00025 1824
1752023887608 0.00025 1825
1752023914907 0.00025 1826
1752023942155 0.00025 1827
1752023969464 0.00025 1828
1752023997108 0.00025 1829
1752024024815 0.00025 1830
1752024052522 0.00025 1831
1752024080237 0.00025 1832
1752024107594 0.00025 1833
1752024135274 0.00025 1834
1752024162608 0.00025 1835
1752024190250 0.00025 1836
1752024217962 0.00025 1837
1752024245605 0.00025 1838
1752024273311 0.00025 1839
1752025733109 0.00025 1840
1752025760817 0.00025 1841
1752025788445 0.00025 1842
1752025816077 0.00025 1843
1752025843712 0.00025 1844
1752025871326 0.00025 1845
1752025898974 0.00025 1846
1752025926613 0.00025 1847
1752025954243 0.00025 1848
1752025981851 0.00025 1849
1752026009483 0.00025 1850
1752026037117 0.00025 1851
1752026064714 0.00025 1852
1752026092380 0.00025 1853
1752026120016 0.00025 1854
1752026147653 0.00025 1855
1752026175253 0.00025 1856
1752026202886 0.00025 1857
1752026230567 0.00025 1858
1752026258173 0.00025 1859
1752026285783 0.00025 1860
1752026313427 0.00025 1861
1752026341037 0.00025 1862
1752026368685 0.00025 1863
1752026396350 0.00025 1864
1752026424035 0.00025 1865
1752026451662 0.00025 1866
1752026479357 0.00025 1867
1752026507040 0.00025 1868
1752026534693 0.00025 1869
1752026562331 0.00025 1870
1752026590013 0.00025 1871
1752026617601 0.00025 1872
1752026645299 0.00025 1873
1752026673085 0.00025 1874
1752026700705 0.00025 1875
1752026728318 0.00025 1876
1752026755929 0.00025 1877
1752026783521 0.00025 1878
1752026811178 0.00025 1879
1752028271886 0.00025 1880
1752028299437 0.00025 1881
1752028327048 0.00025 1882
1752028354637 0.00025 1883
1752028382269 0.00025 1884
1752028409895 0.00025 1885
1752028437566 0.00025 1886
1752028465234 0.00025 1887
1752028492836 0.00025 1888
1752028520372 0.00025 1889
1752028547979 0.00025 1890
1752028575561 0.00025 1891
1752028603208 0.00025 1892
1752028630777 0.00025 1893
1752028658424 0.00025 1894
1752028686087 0.00025 1895
1752028713689 0.00025 1896
1752028741357 0.00025 1897
1752028768992 0.00025 1898
1752028796645 0.00025 1899
1752028824210 0.00025 1900
1752028851876 0.00025 1901
1752028879423 0.00025 1902
1752028907034 0.00025 1903
1752028934593 0.00025 1904
1752028962181 0.00025 1905
1752028989829 0.00025 1906
1752029017513 0.00025 1907
1752029045080 0.00025 1908
1752029072719 0.00025 1909
1752029100334 0.00025 1910
1752029127948 0.00025 1911
1752029155547 0.00025 1912
1752029183284 0.00025 1913
1752029210951 0.00025 1914
1752029238535 0.00025 1915
1752029266168 0.00025 1916
1752029293776 0.00025 1917
1752029321395 0.00025 1918
1752029349018 0.00025 1919
1752030796128 0.00025 1920
1752030823390 0.00025 1921
1752030850780 0.00025 1922
1752030878164 0.00025 1923
1752030905545 0.00025 1924
1752030932994 0.00025 1925
1752030960379 0.00025 1926
1752030987717 0.00025 1927
1752031015099 0.00025 1928
1752031042505 0.00025 1929
1752031069887 0.00025 1930
1752031097315 0.00025 1931
1752031124676 0.00025 1932
1752031151973 0.00025 1933
1752031179339 0.00025 1934
1752031206644 0.00025 1935
1752031233989 0.00025 1936
1752031261324 0.00025 1937
1752031288686 0.00025 1938
1752031316023 0.00025 1939
1752031343412 0.00025 1940
1752031370804 0.00025 1941
1752031398163 0.00025 1942
1752031425522 0.00025 1943
1752031452852 0.00025 1944
1752031480218 0.00025 1945
1752031507582 0.00025 1946
1752031535011 0.00025 1947
1752031562369 0.00025 1948
1752031589720 0.00025 1949
1752031617102 0.00025 1950
1752031644483 0.00025 1951
1752031671835 0.00025 1952
1752031699181 0.00025 1953
1752031726581 0.00025 1954
1752031753930 0.00025 1955
1752031781325 0.00025 1956
1752031808674 0.00025 1957
1752031836063 0.00025 1958
1752031863435 0.00025 1959
1752033312249 0.000125 1960
1752033339563 0.000125 1961
1752033366870 0.000125 1962
1752033394194 0.000125 1963
1752033421486 0.000125 1964
1752033448712 0.000125 1965
1752033476020 0.000125 1966
1752033503297 0.000125 1967
1752033530625 0.000125 1968
1752033557939 0.000125 1969
1752033585342 0.000125 1970
1752033612633 0.000125 1971
1752033640007 0.000125 1972
1752033667360 0.000125 1973
1752033694661 0.000125 1974
1752033722047 0.000125 1975
1752033749431 0.000125 1976
1752033776717 0.000125 1977
1752033804025 0.000125 1978
1752033831327 0.000125 1979
1752033858674 0.000125 1980
1752033885938 0.000125 1981
1752033913259 0.000125 1982
1752033940564 0.000125 1983
1752033967938 0.000125 1984
1752033995266 0.000125 1985
1752034022598 0.000125 1986
1752034049946 0.000125 1987
1752034077252 0.000125 1988
1752034104569 0.000125 1989
1752034131917 0.000125 1990
1752034159348 0.000125 1991
1752034186672 0.000125 1992
1752034213999 0.000125 1993
1752034241423 0.000125 1994
1752034268796 0.000125 1995
1752034296174 0.000125 1996
1752034323476 0.000125 1997
1752034350751 0.000125 1998
1752034378088 0.000125 1999
1752035834283 0.000125 2000
1752035861558 0.000125 2001
1752035888852 0.000125 2002
1752035916087 0.000125 2003
1752035943379 0.000125 2004
1752035970681 0.000125 2005
1752035998041 0.000125 2006
1752036025338 0.000125 2007
1752036052696 0.000125 2008
1752036079982 0.000125 2009
1752036107358 0.000125 2010
1752036134718 0.000125 2011
1752036162039 0.000125 2012
1752036189403 0.000125 2013
1752036216734 0.000125 2014
1752036244073 0.000125 2015
1752036271420 0.000125 2016
1752036298710 0.000125 2017
1752036326041 0.000125 2018
1752036353421 0.000125 2019
1752036380744 0.000125 2020
1752036408077 0.000125 2021
1752036435443 0.000125 2022
1752036462777 0.000125 2023
1752036490064 0.000125 2024
1752036517420 0.000125 2025
1752036544860 0.000125 2026
1752036572252 0.000125 2027
1752036599617 0.000125 2028
1752036626893 0.000125 2029
1752036654284 0.000125 2030
1752036681653 0.000125 2031
1752036709043 0.000125 2032
1752036736423 0.000125 2033
1752036763809 0.000125 2034
1752036791128 0.000125 2035
1752036818465 0.000125 2036
1752036845844 0.000125 2037
1752036873126 0.000125 2038
1752036900471 0.000125 2039
1752038349369 0.000125 2040
1752038376719 0.000125 2041
1752038404472 0.000125 2042
1752038432183 0.000125 2043
1752038459851 0.000125 2044
1752038487180 0.000125 2045
1752038514461 0.000125 2046
1752038541770 0.000125 2047
1752038569184 0.000125 2048
1752038596809 0.000125 2049
1752038624493 0.000125 2050
1752038651799 0.000125 2051
1752038679476 0.000125 2052
1752038706685 0.000125 2053
1752038733952 0.000125 2054
1752038761608 0.000125 2055
1752038789378 0.000125 2056
1752038816730 0.000125 2057
1752038844407 0.000125 2058
1752038872075 0.000125 2059
1752038899374 0.000125 2060
1752038926649 0.000125 2061
1752038953961 0.000125 2062
1752038981281 0.000125 2063
1752039009045 0.000125 2064
1752039036740 0.000125 2065
1752039064408 0.000125 2066
1752039091672 0.000125 2067
1752039119354 0.000125 2068
1752039146617 0.000125 2069
1752039174311 0.000125 2070
1752039201937 0.000125 2071
1752039229332 0.000125 2072
1752039256629 0.000125 2073
1752039283937 0.000125 2074
1752039311603 0.000125 2075
1752039338919 0.000125 2076
1752039366585 0.000125 2077
1752039394241 0.000125 2078
1752039421579 0.000125 2079
1752040880527 0.000125 2080
1752040908132 0.000125 2081
1752040935764 0.000125 2082
1752040963368 0.000125 2083
1752040991031 0.000125 2084
1752041018654 0.000125 2085
1752041046250 0.000125 2086
1752041073940 0.000125 2087
1752041101575 0.000125 2088
1752041129218 0.000125 2089
1752041156911 0.000125 2090
1752041184494 0.000125 2091
1752041212180 0.000125 2092
1752041239854 0.000125 2093
1752041267446 0.000125 2094
1752041295108 0.000125 2095
1752041322744 0.000125 2096
1752041350374 0.000125 2097
1752041378080 0.000125 2098
1752041405718 0.000125 2099
1752041433402 0.000125 2100
1752041461036 0.000125 2101
1752041488680 0.000125 2102
1752041516339 0.000125 2103
1752041544057 0.000125 2104
1752041571744 0.000125 2105
1752041599397 0.000125 2106
1752041627052 0.000125 2107
1752041654731 0.000125 2108
1752041682444 0.000125 2109
1752041710087 0.000125 2110
1752041737760 0.000125 2111
1752041765418 0.000125 2112
1752041793039 0.000125 2113
1752041820689 0.000125 2114
1752041848372 0.000125 2115
1752041875996 0.000125 2116
1752041903657 0.000125 2117
1752041931290 0.000125 2118
1752041958914 0.000125 2119
1752043418873 0.000125 2120
1752043446456 0.000125 2121
1752043474058 0.000125 2122
1752043501696 0.000125 2123
1752043529315 0.000125 2124
1752043556905 0.000125 2125
1752043584503 0.000125 2126
1752043612122 0.000125 2127
1752043639755 0.000125 2128
1752043667393 0.000125 2129
1752043694936 0.000125 2130
1752043722590 0.000125 2131
1752043750184 0.000125 2132
1752043777763 0.000125 2133
1752043805389 0.000125 2134
1752043833010 0.000125 2135
1752043860631 0.000125 2136
1752043888238 0.000125 2137
1752043915883 0.000125 2138
1752043943507 0.000125 2139
1752043971169 0.000125 2140
1752043998716 0.000125 2141
1752044026301 0.000125 2142
1752044053838 0.000125 2143
1752044081441 0.000125 2144
1752044109053 0.000125 2145
1752044136629 0.000125 2146
1752044164187 0.000125 2147
1752044191831 0.000125 2148
1752044219526 0.000125 2149
1752044247173 0.000125 2150
1752044274788 0.000125 2151
1752044302384 0.000125 2152
1752044330028 0.000125 2153
1752044357561 0.000125 2154
1752044385141 0.000125 2155
1752044412759 0.000125 2156
1752044440386 0.000125 2157
1752044467963 0.000125 2158
1752044495599 0.000125 2159
1752045946043 0.000125 2160
1752045973379 0.000125 2161
1752046000719 0.000125 2162
1752046028052 0.000125 2163
1752046055409 0.000125 2164
1752046082759 0.000125 2165
1752046110094 0.000125 2166
1752046137427 0.000125 2167
1752046164755 0.000125 2168
1752046192143 0.000125 2169
1752046219501 0.000125 2170
1752046246844 0.000125 2171
1752046274263 0.000125 2172
1752046301575 0.000125 2173
1752046328998 0.000125 2174
1752046356277 0.000125 2175
1752046383721 0.000125 2176
1752046411052 0.000125 2177
1752046438370 0.000125 2178
1752046465699 0.000125 2179
1752046493085 0.000125 2180
1752046520422 0.000125 2181
1752046547770 0.000125 2182
1752046575018 0.000125 2183
1752046602387 0.000125 2184
1752046629760 0.000125 2185
1752046657178 0.000125 2186
1752046684542 0.000125 2187
1752046711937 0.000125 2188
1752046739328 0.000125 2189
1752046766722 0.000125 2190
1752046794076 0.000125 2191
1752046821479 0.000125 2192
1752046848901 0.000125 2193
1752046876278 0.000125 2194
1752046903691 0.000125 2195
1752046931108 0.000125 2196
1752046958500 0.000125 2197
1752046985885 0.000125 2198
1752047013219 0.000125 2199
1752048463102 6.25e-05 2200
1752048490412 6.25e-05 2201
1752048517745 6.25e-05 2202
1752048545133 6.25e-05 2203
1752048572521 6.25e-05 2204
1752048599863 6.25e-05 2205
1752048627222 6.25e-05 2206
1752048654532 6.25e-05 2207
1752048681896 6.25e-05 2208
1752048709250 6.25e-05 2209
1752048736622 6.25e-05 2210
1752048763954 6.25e-05 2211
1752048791345 6.25e-05 2212
1752048818689 6.25e-05 2213
1752048846025 6.25e-05 2214
1752048873392 6.25e-05 2215
1752048900778 6.25e-05 2216
1752048928085 6.25e-05 2217
1752048955458 6.25e-05 2218
1752048982837 6.25e-05 2219
1752049010170 6.25e-05 2220
1752049037549 6.25e-05 2221
1752049064873 6.25e-05 2222
1752049092178 6.25e-05 2223
1752049119569 6.25e-05 2224
1752049146944 6.25e-05 2225
1752049174336 6.25e-05 2226
1752049201712 6.25e-05 2227
1752049229089 6.25e-05 2228
1752049256467 6.25e-05 2229
1752049283841 6.25e-05 2230
1752049311154 6.25e-05 2231
1752049338581 6.25e-05 2232
1752049365936 6.25e-05 2233
1752049393313 6.25e-05 2234
1752049420641 6.25e-05 2235
1752049447973 6.25e-05 2236
1752049475380 6.25e-05 2237
1752049502700 6.25e-05 2238
1752049530116 6.25e-05 2239
1752050978732 6.25e-05 2240
1752051006026 6.25e-05 2241
1752051033393 6.25e-05 2242
1752051060802 6.25e-05 2243
1752051088195 6.25e-05 2244
1752051115515 6.25e-05 2245
1752051142873 6.25e-05 2246
1752051170185 6.25e-05 2247
1752051197476 6.25e-05 2248
1752051224888 6.25e-05 2249
1752051252190 6.25e-05 2250
1752051279499 6.25e-05 2251
1752051306848 6.25e-05 2252
1752051334175 6.25e-05 2253
1752051361565 6.25e-05 2254
1752051388925 6.25e-05 2255
1752051416250 6.25e-05 2256
1752051443658 6.25e-05 2257
1752051471003 6.25e-05 2258
1752051498394 6.25e-05 2259
1752051525763 6.25e-05 2260
1752051553142 6.25e-05 2261
1752051580501 6.25e-05 2262
1752051607881 6.25e-05 2263
1752051635216 6.25e-05 2264
1752051662574 6.25e-05 2265
1752051689896 6.25e-05 2266
1752051717254 6.25e-05 2267
1752051744664 6.25e-05 2268
1752051772057 6.25e-05 2269
1752051799464 6.25e-05 2270
1752051826793 6.25e-05 2271
1752051854100 6.25e-05 2272
1752051881471 6.25e-05 2273
1752051908870 6.25e-05 2274
1752051936215 6.25e-05 2275
1752051963677 6.25e-05 2276
1752051991124 6.25e-05 2277
1752052018472 6.25e-05 2278
1752052045849 6.25e-05 2279
1752053505623 6.25e-05 2280
1752053532946 6.25e-05 2281
1752053560630 6.25e-05 2282
1752053587920 6.25e-05 2283
1752053615233 6.25e-05 2284
1752053642507 6.25e-05 2285
1752053669817 6.25e-05 2286
1752053697120 6.25e-05 2287
1752053724422 6.25e-05 2288
1752053752105 6.25e-05 2289
1752053779800 6.25e-05 2290
1752053807395 6.25e-05 2291
1752053834706 6.25e-05 2292
1752053862090 6.25e-05 2293
1752053889413 6.25e-05 2294
1752053917127 6.25e-05 2295
1752053944845 6.25e-05 2296
1752053972222 6.25e-05 2297
1752053999904 6.25e-05 2298
1752054027197 6.25e-05 2299
1752054054506 6.25e-05 2300
1752054083852 6.25e-05 2301
1752054111127 6.25e-05 2302
1752054138575 6.25e-05 2303
1752054165986 6.25e-05 2304
1752054193678 6.25e-05 2305
1752054221503 6.25e-05 2306
1752054248888 6.25e-05 2307
1752054276477 6.25e-05 2308
1752054304314 6.25e-05 2309
1752054332175 6.25e-05 2310
1752054360336 6.25e-05 2311
1752054388392 6.25e-05 2312
1752054415741 6.25e-05 2313
1752054443096 6.25e-05 2314
1752054470795 6.25e-05 2315
1752054498684 6.25e-05 2316
1752054525963 6.25e-05 2317
1752054553700 6.25e-05 2318
1752054581929 6.25e-05 2319
1752056053372 6.25e-05 2320
1752056081301 6.25e-05 2321
1752056110700 6.25e-05 2322
1752056138388 6.25e-05 2323
1752056165989 6.25e-05 2324
1752056193681 6.25e-05 2325
1752056221510 6.25e-05 2326
1752056249320 6.25e-05 2327
1752056277006 6.25e-05 2328
1752056304674 6.25e-05 2329
1752056332341 6.25e-05 2330
1752056359969 6.25e-05 2331
1752056387681 6.25e-05 2332
1752056416250 6.25e-05 2333
1752056444323 6.25e-05 2334
1752056472579 6.25e-05 2335
1752056500836 6.25e-05 2336
1752056529143 6.25e-05 2337
1752056557354 6.25e-05 2338
1752056586015 6.25e-05 2339
1752056614122 6.25e-05 2340
1752056641802 6.25e-05 2341
1752056669485 6.25e-05 2342
1752056697197 6.25e-05 2343
1752056724885 6.25e-05 2344
1752056753473 6.25e-05 2345
1752056782332 6.25e-05 2346
1752056810086 6.25e-05 2347
1752056838091 6.25e-05 2348
1752056865782 6.25e-05 2349
1752056894220 6.25e-05 2350
1752056922548 6.25e-05 2351
1752056950478 6.25e-05 2352
1752056978150 6.25e-05 2353
1752057005886 6.25e-05 2354
1752057034138 6.25e-05 2355
1752057061841 6.25e-05 2356
1752057089444 6.25e-05 2357
1752057117388 6.25e-05 2358
1752057145148 6.25e-05 2359
1752058611758 6.25e-05 2360
1752058639458 6.25e-05 2361
1752058667129 6.25e-05 2362
1752058694729 6.25e-05 2363
1752058722410 6.25e-05 2364
1752058749979 6.25e-05 2365
1752058777636 6.25e-05 2366
1752058805295 6.25e-05 2367
1752058832963 6.25e-05 2368
1752058860681 6.25e-05 2369
1752058888281 6.25e-05 2370
1752058915963 6.25e-05 2371
1752058943591 6.25e-05 2372
1752058971285 6.25e-05 2373
1752058998889 6.25e-05 2374
1752059026503 6.25e-05 2375
1752059054173 6.25e-05 2376
1752059081752 6.25e-05 2377
1752059109343 6.25e-05 2378
1752059136960 6.25e-05 2379
1752059164584 6.25e-05 2380
1752059192185 6.25e-05 2381
1752059219756 6.25e-05 2382
1752059247468 6.25e-05 2383
1752059275142 6.25e-05 2384
1752059302792 6.25e-05 2385
1752059330461 6.25e-05 2386
1752059358075 6.25e-05 2387
1752059385745 6.25e-05 2388
1752059413389 6.25e-05 2389
1752059441066 6.25e-05 2390
1752059468719 6.25e-05 2391
1752059496380 6.25e-05 2392
1752059524028 6.25e-05 2393
1752059551652 6.25e-05 2394
1752059579272 6.25e-05 2395
1752059606913 6.25e-05 2396
1752059634544 6.25e-05 2397
1752059662225 6.25e-05 2398
1752059689921 6.25e-05 2399
1752061167377 6.25e-05 2400
1752061194744 6.25e-05 2401
1752061222153 6.25e-05 2402
1752061249523 6.25e-05 2403
1752061276895 6.25e-05 2404
1752061304315 6.25e-05 2405
1752061331680 6.25e-05 2406
1752061359045 6.25e-05 2407
1752061386463 6.25e-05 2408
1752061413843 6.25e-05 2409
1752061441229 6.25e-05 2410
1752061468601 6.25e-05 2411
1752061495896 6.25e-05 2412
1752061523259 6.25e-05 2413
1752061550619 6.25e-05 2414
1752061577972 6.25e-05 2415
1752061605395 6.25e-05 2416
1752061632817 6.25e-05 2417
1752061660192 6.25e-05 2418
1752061687587 6.25e-05 2419
1752061714895 6.25e-05 2420
1752061742264 6.25e-05 2421
1752061769605 6.25e-05 2422
1752061797039 6.25e-05 2423
1752061824436 6.25e-05 2424
1752061851862 6.25e-05 2425
1752061879185 6.25e-05 2426
1752061906617 6.25e-05 2427
1752061934007 6.25e-05 2428
1752061961367 6.25e-05 2429
1752061988751 6.25e-05 2430
1752062016141 6.25e-05 2431
1752062043545 6.25e-05 2432
1752062070930 6.25e-05 2433
1752062098315 6.25e-05 2434
1752062125769 6.25e-05 2435
1752062153154 6.25e-05 2436
1752062180519 6.25e-05 2437
1752062207880 6.25e-05 2438
1752062235282 6.25e-05 2439
1752063685676 3.125e-05 2440
1752063713019 3.125e-05 2441
1752063740401 3.125e-05 2442
1752063767817 3.125e-05 2443
1752063795196 3.125e-05 2444
1752063822538 3.125e-05 2445
1752063849933 3.125e-05 2446
1752063877356 3.125e-05 2447
1752063904708 3.125e-05 2448
1752063932021 3.125e-05 2449
1752063959329 3.125e-05 2450
1752063986671 3.125e-05 2451
1752064014054 3.125e-05 2452
1752064041386 3.125e-05 2453
1752064068755 3.125e-05 2454
1752064096165 3.125e-05 2455
1752064123545 3.125e-05 2456
1752064150884 3.125e-05 2457
1752064178303 3.125e-05 2458
1752064205628 3.125e-05 2459
1752064233002 3.125e-05 2460
1752064260389 3.125e-05 2461
1752064287750 3.125e-05 2462
1752064315089 3.125e-05 2463
1752064342434 3.125e-05 2464
1752064369781 3.125e-05 2465
1752064397178 3.125e-05 2466
1752064424563 3.125e-05 2467
1752064451914 3.125e-05 2468
1752064479244 3.125e-05 2469
1752064506625 3.125e-05 2470
1752064534047 3.125e-05 2471
1752064561501 3.125e-05 2472
1752064588860 3.125e-05 2473
1752064616205 3.125e-05 2474
1752064643534 3.125e-05 2475
1752064670878 3.125e-05 2476
1752064698289 3.125e-05 2477
1752064725677 3.125e-05 2478
1752064753008 3.125e-05 2479
1752066201083 3.125e-05 2480
1752066228527 3.125e-05 2481
1752066255888 3.125e-05 2482
1752066283286 3.125e-05 2483
1752066310611 3.125e-05 2484
1752066337904 3.125e-05 2485
1752066365184 3.125e-05 2486
1752066392491 3.125e-05 2487
1752066419754 3.125e-05 2488
1752066447095 3.125e-05 2489
1752066474386 3.125e-05 2490
1752066501708 3.125e-05 2491
1752066529231 3.125e-05 2492
1752066556856 3.125e-05 2493
1752066584152 3.125e-05 2494
1752066611750 3.125e-05 2495
1752066639082 3.125e-05 2496
1752066666388 3.125e-05 2497
1752066693707 3.125e-05 2498
1752066720982 3.125e-05 2499
1752066748305 3.125e-05 2500
1752066775567 3.125e-05 2501
1752066802905 3.125e-05 2502
1752066830263 3.125e-05 2503
1752066857611 3.125e-05 2504
1752066884985 3.125e-05 2505
1752066912295 3.125e-05 2506
1752066939672 3.125e-05 2507
1752066967018 3.125e-05 2508
1752066994388 3.125e-05 2509
1752067021758 3.125e-05 2510
1752067049053 3.125e-05 2511
1752067076349 3.125e-05 2512
1752067103644 3.125e-05 2513
1752067130926 3.125e-05 2514
1752067158218 3.125e-05 2515
1752067185529 3.125e-05 2516
1752067212811 3.125e-05 2517
1752067240120 3.125e-05 2518
1752067267412 3.125e-05 2519
1752068716523 3.125e-05 2520
1752068744011 3.125e-05 2521
1752068771290 3.125e-05 2522
1752068798584 3.125e-05 2523
1752068826074 3.125e-05 2524
1752068853342 3.125e-05 2525
1752068881012 3.125e-05 2526
1752068908618 3.125e-05 2527
1752068935907 3.125e-05 2528
1752068963198 3.125e-05 2529
1752068990426 3.125e-05 2530
1752069017712 3.125e-05 2531
1752069045019 3.125e-05 2532
1752069072292 3.125e-05 2533
1752069099595 3.125e-05 2534
1752069126883 3.125e-05 2535
1752069154232 3.125e-05 2536
1752069181568 3.125e-05 2537
1752069208953 3.125e-05 2538
1752069236332 3.125e-05 2539
1752069263724 3.125e-05 2540
1752069291436 3.125e-05 2541
1752069319120 3.125e-05 2542
1752069346416 3.125e-05 2543
1752069373691 3.125e-05 2544
1752069400960 3.125e-05 2545
1752069428292 3.125e-05 2546
1752069455604 3.125e-05 2547
1752069483294 3.125e-05 2548
1752069510629 3.125e-05 2549
1752069538067 3.125e-05 2550
1752069565410 3.125e-05 2551
1752069592841 3.125e-05 2552
1752069620684 3.125e-05 2553
1752069647983 3.125e-05 2554
1752069675266 3.125e-05 2555
1752069702582 3.125e-05 2556
1752069730300 3.125e-05 2557
1752069757621 3.125e-05 2558
1752069784939 3.125e-05 2559
1752071242098 3.125e-05 2560
1752071269474 3.125e-05 2561
1752071297202 3.125e-05 2562
1752071324817 3.125e-05 2563
1752071352926 3.125e-05 2564
1752071380606 3.125e-05 2565
1752071408335 3.125e-05 2566
1752071436425 3.125e-05 2567
1752071463756 3.125e-05 2568
1752071491501 3.125e-05 2569
1752071519167 3.125e-05 2570
1752071546878 3.125e-05 2571
1752071574645 3.125e-05 2572
1752071602310 3.125e-05 2573
1752071629946 3.125e-05 2574
1752071657681 3.125e-05 2575
1752071685310 3.125e-05 2576
1752071713563 3.125e-05 2577
1752071741236 3.125e-05 2578
1752071768926 3.125e-05 2579
1752071796583 3.125e-05 2580
1752071824259 3.125e-05 2581
1752071852194 3.125e-05 2582
1752071880545 3.125e-05 2583
1752071908325 3.125e-05 2584
1752071935912 3.125e-05 2585
1752071963534 3.125e-05 2586
1752071991242 3.125e-05 2587
1752072018889 3.125e-05 2588
1752072046592 3.125e-05 2589
1752072074268 3.125e-05 2590
1752072101880 3.125e-05 2591
1752072129596 3.125e-05 2592
1752072157229 3.125e-05 2593
1752072184905 3.125e-05 2594
1752072212598 3.125e-05 2595
1752072240283 3.125e-05 2596
1752072267948 3.125e-05 2597
1752072295620 3.125e-05 2598
1752072323266 3.125e-05 2599
1752073790588 3.125e-05 2600
1752073818206 3.125e-05 2601
1752073845863 3.125e-05 2602
1752073873519 3.125e-05 2603
1752073901221 3.125e-05 2604
1752073928820 3.125e-05 2605
1752073956427 3.125e-05 2606
1752073984071 3.125e-05 2607
1752074011748 3.125e-05 2608
1752074039385 3.125e-05 2609
1752074067015 3.125e-05 2610
1752074094704 3.125e-05 2611
1752074122378 3.125e-05 2612
1752074150227 3.125e-05 2613
1752074177846 3.125e-05 2614
1752074205513 3.125e-05 2615
1752074233187 3.125e-05 2616
1752074261553 3.125e-05 2617
1752074289197 3.125e-05 2618
1752074316949 3.125e-05 2619
1752074344564 3.125e-05 2620
1752074372137 3.125e-05 2621
1752074399764 3.125e-05 2622
1752074427411 3.125e-05 2623
1752074455058 3.125e-05 2624
1752074482665 3.125e-05 2625
1752074510312 3.125e-05 2626
1752074538140 3.125e-05 2627
1752074565763 3.125e-05 2628
1752074593373 3.125e-05 2629
1752074620996 3.125e-05 2630
1752074648647 3.125e-05 2631
1752074676253 3.125e-05 2632
1752074704501 3.125e-05 2633
1752074732122 3.125e-05 2634
1752074759768 3.125e-05 2635
1752074787382 3.125e-05 2636
1752074815044 3.125e-05 2637
1752074842663 3.125e-05 2638
1752074870352 3.125e-05 2639
1752076334584 3.125e-05 2640
1752076362188 3.125e-05 2641
1752076389850 3.125e-05 2642
1752076417725 3.125e-05 2643
1752076445046 3.125e-05 2644
1752076472437 3.125e-05 2645
1752076499809 3.125e-05 2646
1752076527307 3.125e-05 2647
1752076555175 3.125e-05 2648
1752076582547 3.125e-05 2649
1752076609862 3.125e-05 2650
1752076637643 3.125e-05 2651
1752076665051 3.125e-05 2652
1752076692663 3.125e-05 2653
1752076720011 3.125e-05 2654
1752076748221 3.125e-05 2655
1752076775617 3.125e-05 2656
1752076803013 3.125e-05 2657
1752076831101 3.125e-05 2658
1752076858532 3.125e-05 2659
1752076885942 3.125e-05 2660
1752076913382 3.125e-05 2661
1752076940810 3.125e-05 2662
1752076968245 3.125e-05 2663
1752076995640 3.125e-05 2664
1752077023008 3.125e-05 2665
1752077050403 3.125e-05 2666
1752077077853 3.125e-05 2667
1752077105268 3.125e-05 2668
1752077132697 3.125e-05 2669
1752077160325 3.125e-05 2670
1752077187852 3.125e-05 2671
1752077215296 3.125e-05 2672
1752077242691 3.125e-05 2673
1752077270115 3.125e-05 2674
1752077297526 3.125e-05 2675
1752077324860 3.125e-05 2676
1752077352437 3.125e-05 2677
1752077379822 3.125e-05 2678
1752077407203 3.125e-05 2679
1752078858987 1.5625e-05 2680
1752078886374 1.5625e-05 2681
1752078913661 1.5625e-05 2682
1752078941328 1.5625e-05 2683
1752078968710 1.5625e-05 2684
1752078996015 1.5625e-05 2685
1752079023395 1.5625e-05 2686
1752079051163 1.5625e-05 2687
1752079078513 1.5625e-05 2688
1752079106425 1.5625e-05 2689
1752079133823 1.5625e-05 2690
1752079161220 1.5625e-05 2691
1752079188580 1.5625e-05 2692
1752079215879 1.5625e-05 2693
1752079243266 1.5625e-05 2694
1752079270626 1.5625e-05 2695
1752079297939 1.5625e-05 2696
1752079325309 1.5625e-05 2697
1752079352649 1.5625e-05 2698
1752079379987 1.5625e-05 2699
1752079407362 1.5625e-05 2700
1752079434643 1.5625e-05 2701
1752079462015 1.5625e-05 2702
1752079489359 1.5625e-05 2703
1752079517344 1.5625e-05 2704
1752079544634 1.5625e-05 2705
1752079571969 1.5625e-05 2706
1752079599308 1.5625e-05 2707
1752079627450 1.5625e-05 2708
1752079654800 1.5625e-05 2709
1752079682089 1.5625e-05 2710
1752079709476 1.5625e-05 2711
1752079736844 1.5625e-05 2712
1752079764249 1.5625e-05 2713
1752079791577 1.5625e-05 2714
1752079818968 1.5625e-05 2715
1752079846291 1.5625e-05 2716
1752079873567 1.5625e-05 2717
1752079900900 1.5625e-05 2718
1752079928286 1.5625e-05 2719
1752081377502 1.5625e-05 2720
1752081404810 1.5625e-05 2721
1752081432127 1.5625e-05 2722
1752081459401 1.5625e-05 2723
1752081486761 1.5625e-05 2724
1752081514117 1.5625e-05 2725
1752081541411 1.5625e-05 2726
1752081568907 1.5625e-05 2727
1752081596259 1.5625e-05 2728
1752081623831 1.5625e-05 2729
1752081651160 1.5625e-05 2730
1752081678495 1.5625e-05 2731
1752081705817 1.5625e-05 2732
1752081733184 1.5625e-05 2733
1752081760493 1.5625e-05 2734
1752081787909 1.5625e-05 2735
1752081815229 1.5625e-05 2736
1752081842580 1.5625e-05 2737
1752081869863 1.5625e-05 2738
1752081897181 1.5625e-05 2739
1752081924446 1.5625e-05 2740
1752081951738 1.5625e-05 2741
1752081979132 1.5625e-05 2742
1752082006467 1.5625e-05 2743
1752082033828 1.5625e-05 2744
1752082061154 1.5625e-05 2745
1752082088514 1.5625e-05 2746
