1751914845096 1.2364280030808665 0
1751919620398 1.1542069278657436 1
1751924376553 1.1042451487684792 2
1751929246344 1.0621548437259414 3
1751934075419 1.0211730440231888 4
1751938908522 0.9888123913922093 5
1751943900782 0.9558743419633671 6
1751948825727 0.9316475508226589 7
1751953766833 0.8969317032870922 8
1751958777351 0.8762610341337594 9
1751963700979 0.7877876470712099 10
1751968839736 0.7700183960524473 11
1751973941090 0.7526272302493453 12
1751979062364 0.7337235119193792 13
1751984155357 0.7165541842749173 14
1751989270390 0.6974635965783488 15
1751994378199 0.6438147931952368 16
1751999503480 0.6314836165613749 17
1752004648527 0.6204114252362739 18
1752009808063 0.6116084702820941 19
1752014983679 0.5997677481817928 20
1752020137527 0.5953772879967635 21
1752025315402 0.5614136915484612 22
1752030484972 0.5556265501813455 23
1752035665407 0.5486386819657955 24
1752040848283 0.5438015652312473 25
1752046025936 0.53636419612237 26
1752051208499 0.5383911183611914 27
1752056421472 0.5142808327112686 28
1752061618297 0.5162109999324788 29
1752066824203 0.5140735724602233 30
1752072031970 0.5083869473839348 31
1752077240035 0.506072839552706 32
1752082447675 0.5023978035897017 33
