1751914845096 0.001 0
1751919620398 0.001 1
1751924376553 0.001 2
1751929246344 0.001 3
1751934075419 0.001 4
1751938908522 0.001 5
1751943900782 0.001 6
1751948825727 0.001 7
1751953766833 0.001 8
1751958777351 0.0005 9
1751963700979 0.0005 10
1751968839736 0.0005 11
1751973941090 0.0005 12
1751979062364 0.0005 13
1751984155357 0.0005 14
1751989270390 0.00025 15
1751994378199 0.00025 16
1751999503480 0.00025 17
1752004648527 0.00025 18
1752009808063 0.00025 19
1752014983679 0.00025 20
1752020137527 0.000125 21
1752025315402 0.000125 22
1752030484972 0.000125 23
1752035665407 0.000125 24
1752040848283 0.000125 25
1752046025936 0.000125 26
1752051208499 6.25e-05 27
1752056421472 6.25e-05 28
1752061618297 6.25e-05 29
1752066824203 6.25e-05 30
1752072031970 6.25e-05 31
1752077240035 6.25e-05 32
1752082447675 3.125e-05 33
