1751218762579 0.0245905052870512 0
1751218792261 0.009798056446015835 1
1751218822019 0.03422757238149643 2
1751218851728 0.045542120933532715 3
1751218881521 0.030069397762417793 4
1751218911298 0.007221907377243042 5
1751218941037 0.002400417812168598 6
1751218970869 -0.050237901508808136 7
1751219000615 -0.06746948510408401 8
1751219030368 -0.05659600719809532 9
1751219060045 -0.13483355939388275 10
1751219089791 -0.11703804135322571 11
1751219119546 -0.12929360568523407 12
1751219149409 -0.16783206164836884 13
1751219179096 -0.17002978920936584 14
1751219208825 -0.20404954254627228 15
1751219238587 -0.20702704787254333 16
1751219268321 -0.21247541904449463 17
1751219298148 -0.22725851833820343 18
1751219327882 -0.26297837495803833 19
1751219357637 -0.26340025663375854 20
1751219387372 -0.24817021191120148 21
1751219417118 -0.2636975646018982 22
1751219446871 -0.304614782333374 23
1751219476578 -0.2806481420993805 24
1751219506340 -0.323936402797699 25
1751219536020 -0.318227082490921 26
1751219565720 -0.3432443141937256 27
1751219595370 -0.35609373450279236 28
1751219625069 -0.3734023869037628 29
1751219654777 -0.3891035318374634 30
1751219684458 -0.38995152711868286 31
1751219714192 -0.40594911575317383 32
1751219743923 -0.40067577362060547 33
1751219773631 -0.41140231490135193 34
1751219803356 -0.41595882177352905 35
1751219833007 -0.4403996169567108 36
1751219862683 -0.4366331696510315 37
1751219892429 -0.461651086807251 38
1751219922253 -0.4532335102558136 39
1751222560197 -0.07682238519191742 40
1751222589777 -0.08315739780664444 41
1751222619529 -0.06367926299571991 42
1751222649206 -0.10725967586040497 43
1751222678974 -0.07999035716056824 44
1751222708627 -0.11173204332590103 45
1751222738336 -0.11790750920772552 46
1751222768032 -0.10461699962615967 47
1751222797751 -0.1534920036792755 48
1751222827496 -0.17191937565803528 49
1751222857258 -0.15191785991191864 50
1751222887044 -0.14563974738121033 51
1751222916801 -0.16336920857429504 52
1751222946534 -0.12294609844684601 53
1751222976253 -0.14870917797088623 54
1751223005945 -0.14754866063594818 55
1751223035676 -0.12359392642974854 56
1751223065479 -0.15937449038028717 57
1751223095222 -0.1644877791404724 58
1751223125059 -0.10904482752084732 59
1751223154892 -0.13403452932834625 60
1751223184588 -0.2071341574192047 61
1751223214277 -0.17656400799751282 62
1751223244063 -0.15511023998260498 63
1751223273798 -0.17765961587429047 64
1751223303535 -0.201791912317276 65
1751223333337 -0.19678746163845062 66
1751223363148 -0.23778565227985382 67
1751223392906 -0.2360057532787323 68
1751223422614 -0.22402122616767883 69
1751223452242 -0.2523078918457031 70
1751223482017 -0.2948732376098633 71
1751223511823 -0.27419161796569824 72
1751223541598 -0.2633698582649231 73
1751223571242 -0.2466220259666443 74
1751223601029 -0.24424242973327637 75
1751223630771 -0.2753797173500061 76
1751223660582 -0.24433761835098267 77
1751223690309 -0.21516823768615723 78
1751223720040 -0.2519764304161072 79
1751226489524 0.04053273797035217 80
1751226519200 0.009221361018717289 81
1751226548936 0.0021274378523230553 82
1751226578671 0.06860390305519104 83
1751226608404 0.07461044937372208 84
1751226637981 0.07554115355014801 85
1751226667637 0.04859158396720886 86
1751226697405 0.10265231132507324 87
1751226727177 0.08639185130596161 88
1751226756950 0.07531119883060455 89
1751226786719 0.0777478739619255 90
1751226816480 0.0021479278802871704 91
1751226846129 0.004089818336069584 92
1751226875783 -0.0038290293887257576 93
1751226905517 -0.0004077870398759842 94
1751226935337 -0.0031889425590634346 95
1751226965113 0.026772934943437576 96
1751226994782 0.04074413701891899 97
1751227024450 0.04257188364863396 98
1751227054079 0.011331673711538315 99
1751227083819 0.04403792321681976 100
1751227113543 0.02959803119301796 101
1751227143257 -0.00662006251513958 102
1751227172949 -0.028749162331223488 103
1751227202568 -0.038595546036958694 104
1751227232289 -0.012218529358506203 105
1751227261880 -0.00254682544618845 106
1751227291641 -0.01895475573837757 107
1751227321305 -0.033257368952035904 108
1751227351088 -0.0480809323489666 109
1751227380880 0.013599028810858727 110
1751227410629 -0.052736081182956696 111
1751227440237 -0.002062681131064892 112
1751227470008 0.0106245968490839 113
1751227499820 -0.03320782631635666 114
1751227529499 -0.005813362076878548 115
1751227559263 0.0006670448929071426 116
1751227589081 -0.0414145365357399 117
1751227618789 -0.05220513045787811 118
1751227648588 -0.041856102645397186 119
1751230476677 0.0584491528570652 120
1751230506440 0.055313579738140106 121
1751230536271 0.08727215230464935 122
1751230565983 0.0928199291229248 123
1751230595771 0.10147544741630554 124
1751230625465 0.10530878603458405 125
1751230655191 0.11574366688728333 126
1751230685011 0.09721014648675919 127
1751230714804 0.1395602822303772 128
1751230744554 0.13712742924690247 129
1751230774342 0.10988733917474747 130
1751230804000 0.08296601474285126 131
1751230833747 0.12780368328094482 132
1751230863430 0.08698350936174393 133
1751230893069 0.10649426281452179 134
1751230922759 0.12457525730133057 135
1751230952476 0.07785091549158096 136
1751230982276 0.09417925029993057 137
1751231012021 0.08204968273639679 138
1751231041692 0.053126320242881775 139
1751231071435 0.10815763473510742 140
1751231101149 0.10248763859272003 141
1751231130840 0.09184668958187103 142
1751231160593 0.07146017253398895 143
1751231190424 0.07321860641241074 144
1751231220208 0.09572483599185944 145
1751231249866 0.06622795760631561 146
1751231279548 0.060795560479164124 147
1751231309258 0.057131826877593994 148
1751231338903 0.04683016985654831 149
1751231368520 0.026614300906658173 150
1751231398278 0.02972877398133278 151
1751231428166 0.002873506397008896 152
1751231458006 0.016212690621614456 153
1751231487753 0.029048707336187363 154
1751231517547 0.07451162487268448 155
1751231547289 0.035915303975343704 156
1751231576999 0.038314275443553925 157
1751231606736 0.042032718658447266 158
1751231636567 0.02964724972844124 159
1751234582098 -0.07401114702224731 160
1751234611736 -0.05480155348777771 161
1751234641502 -0.0054970234632492065 162
1751234671186 -0.07152551412582397 163
1751234700888 -0.021411340683698654 164
1751234730546 -0.036651987582445145 165
1751234760289 -0.026783179491758347 166
1751234790003 -0.009312640875577927 167
1751234819664 -0.03119853138923645 168
1751234849275 -0.02716881036758423 169
1751234878963 -0.01536260824650526 170
1751234908568 -0.0550602525472641 171
1751234938181 -0.02429838664829731 172
1751234967820 -0.03431512415409088 173
1751234997473 -0.020433351397514343 174
1751235027282 -0.027629252523183823 175
1751235057050 -0.03268975764513016 176
1751235086804 -0.02679670974612236 177
1751235116504 -0.0386454276740551 178
1751235146221 -0.02753240242600441 179
1751235175889 -0.02227659896016121 180
1751235205509 -0.028943141922354698 181
1751235235207 -0.03905927389860153 182
1751235264834 -0.026459544897079468 183
1751235294536 -0.05718206241726875 184
1751235324243 -0.01798168197274208 185
1751235353860 -0.07814987003803253 186
1751235383480 -0.026464007794857025 187
1751235413221 -0.04524247348308563 188
1751235442986 -0.05026756227016449 189
1751235472689 -0.03692014887928963 190
1751235502405 -0.03423738107085228 191
1751235532112 -0.06323528289794922 192
1751235561788 -0.034763794392347336 193
1751235591460 -0.05161086842417717 194
1751235621155 -0.05239633470773697 195
1751235650813 -0.04677789658308029 196
1751235680485 -0.03799991309642792 197
1751235710206 -0.03920922800898552 198
1751235740005 -0.043800562620162964 199
1751238613318 -0.00045351823791861534 200
1751238643046 0.021908218041062355 201
1751238672773 0.04791664332151413 202
1751238702461 0.04598332196474075 203
1751238732116 0.05583082512021065 204
1751238761865 0.049177296459674835 205
1751238791585 0.0821797102689743 206
1751238821305 0.05707612261176109 207
1751238851014 0.03943415731191635 208
1751238880842 0.049353037029504776 209
1751238910670 0.06275349110364914 210
1751238940337 0.033905379474163055 211
1751238970060 0.038739778101444244 212
1751238999791 0.03562164679169655 213
1751239029358 0.03953980654478073 214
1751239059065 0.04841938614845276 215
1751239088768 0.03319732844829559 216
1751239118376 0.04165211692452431 217
1751239148053 0.009941300377249718 218
1751239177688 0.06445558369159698 219
1751239207437 0.0279926136136055 220
1751239237125 0.04149268940091133 221
1751239266818 0.050687406212091446 222
1751239296503 0.05158783495426178 223
1751239326189 0.03661581873893738 224
1751239356023 0.018010379746556282 225
1751239385820 0.04822555184364319 226
1751239415555 0.04054480046033859 227
1751239445255 0.03403107821941376 228
1751239474975 0.02348306216299534 229
1751239504703 0.05821826681494713 230
1751239534515 0.05584350973367691 231
1751239564301 0.018267305567860603 232
1751239594029 0.007522609084844589 233
1751239623796 0.010989470407366753 234
1751239653613 7.039681077003479e-05 235
1751239683344 0.0006000138819217682 236
1751239713048 -0.003595244139432907 237
1751239742833 -0.002210000529885292 238
1751239772507 -0.01757451705634594 239
1751242631350 0.011821511201560497 240
1751242661053 0.027654269710183144 241
1751242690744 0.055260058492422104 242
1751242720439 0.0663858950138092 243
1751242750144 0.059519749134778976 244
1751242779825 0.06439951062202454 245
1751242809577 0.07376036047935486 246
1751242839379 0.06688324362039566 247
1751242869126 0.07566022872924805 248
1751242898909 0.062408946454524994 249
1751242928613 0.06488436460494995 250
1751242958278 0.07291104644536972 251
1751242988000 0.05502667278051376 252
1751243017776 0.0725044459104538 253
1751243047499 0.07524126768112183 254
1751243077155 0.06608646363019943 255
1751243106887 0.0526076965034008 256
1751243136618 0.05938978120684624 257
1751243166365 0.05493837222456932 258
1751243196114 0.06555552780628204 259
1751243225771 0.07182377576828003 260
1751243255460 0.0571240559220314 261
1751243285108 0.07124360650777817 262
1751243314796 0.06598389148712158 263
1751243344521 0.06108393892645836 264
1751243374213 0.051818955689668655 265
1751243403909 0.045649122446775436 266
1751243433697 0.06653264909982681 267
1751243463396 0.05688225105404854 268
1751243493026 0.059099867939949036 269
1751243522849 0.05852257460355759 270
1751243552638 0.06107180565595627 271
1751243582386 0.047875843942165375 272
1751243612070 0.04153137654066086 273
1751243641738 0.05809837952256203 274
1751243671526 0.0497313067317009 275
1751243701311 0.04542192816734314 276
1751243731009 0.047194819897413254 277
1751243760813 0.0376163087785244 278
1751243790496 0.036690015345811844 279
1751246678924 -0.015091902576386929 280
1751246708655 -0.04089142754673958 281
1751246738208 0.010816837660968304 282
1751246767953 0.003483179956674576 283
1751246797658 0.016101233661174774 284
1751246827322 0.043026916682720184 285
1751246857037 0.02823282778263092 286
1751246886784 0.05602600425481796 287
1751246916550 0.023518525063991547 288
1751246946264 0.037709519267082214 289
1751246975941 0.04906298220157623 290
1751247005636 0.06460118293762207 291
1751247035376 0.03881799057126045 292
1751247065066 0.03581176698207855 293
1751247094750 0.05098414421081543 294
1751247124524 0.0379350483417511 295
1751247154269 0.06059980392456055 296
1751247184005 0.03914766013622284 297
1751247213668 0.028465602546930313 298
1751247243389 0.04763501137495041 299
1751247273047 0.039220891892910004 300
1751247302735 0.04402599483728409 301
1751247332360 0.03908456116914749 302
1751247362032 0.05524866655468941 303
1751247391899 0.03268301114439964 304
1751247421704 0.02715219184756279 305
1751247451425 0.05071530118584633 306
1751247481184 0.02411474846303463 307
1751247510888 0.051511604338884354 308
1751247540653 0.025638826191425323 309
1751247570331 0.03999538719654083 310
1751247599956 0.022358272224664688 311
1751247629650 0.04788665473461151 312
1751247659376 0.028796721249818802 313
1751247689176 0.03427498787641525 314
1751247718766 0.030668824911117554 315
1751247748469 0.02176571823656559 316
1751247778151 0.041423067450523376 317
1751247807911 0.022704442963004112 318
1751247837619 0.03291696310043335 319
1751250784464 -0.07000285387039185 320
1751250814188 -0.10495884716510773 321
1751250844057 0.05063091963529587 322
1751250873819 -0.040690116584300995 323
1751250903525 0.041191425174474716 324
1751250933193 -0.034880198538303375 325
1751250962964 0.01981137879192829 326
1751250992599 0.009573619812726974 327
1751251022309 -0.01370350830256939 328
1751251052006 0.021316030994057655 329
1751251081715 0.0021274741739034653 330
1751251111439 -0.0020621949806809425 331
1751251141134 -0.00010321196168661118 332
1751251170871 0.0196368470788002 333
1751251200664 -0.0024003908038139343 334
1751251230403 0.013391278684139252 335
1751251260144 -0.006701088510453701 336
1751251289851 0.020864594727754593 337
1751251319497 0.0013764575123786926 338
1751251349240 -0.0037214774638414383 339
1751251378885 0.02141907997429371 340
1751251408578 0.002520632930099964 341
1751251438235 -0.013927925378084183 342
1751251468072 0.006223933771252632 343
1751251497843 0.0009101089090108871 344
1751251527460 -0.00953560322523117 345
1751251557146 0.0007337485440075397 346
1751251586806 0.006027606315910816 347
1751251616537 -0.012909582816064358 348
1751251646244 0.012078344821929932 349
1751251675920 0.00348708126693964 350
1751251705569 -0.015126409940421581 351
1751251735199 -0.012406562454998493 352
1751251764956 -0.007072929292917252 353
1751251794769 -0.0025239260867238045 354
1751251824486 0.014961257576942444 355
1751251854126 -0.02174368128180504 356
1751251883861 -0.0008056126534938812 357
1751251913597 -0.013211037963628769 358
1751251943364 -0.01187095046043396 359
1751254861922 -0.01154760830104351 360
1751254891713 0.03922799602150917 361
1751254921339 0.047043800354003906 362
1751254951189 0.014046721160411835 363
1751254980912 0.028458623215556145 364
1751255010600 0.0705796629190445 365
1751255040378 0.06786525249481201 366
1751255070175 0.05196477472782135 367
1751255099841 0.024483108893036842 368
1751255129563 0.03967992961406708 369
1751255159206 0.05190705135464668 370
1751255188944 0.07287123799324036 371
1751255218769 0.06986469030380249 372
1751255248565 0.0425085574388504 373
1751255278308 0.025869805365800858 374
1751255308030 0.047682613134384155 375
1751255337784 0.00249660387635231 376
1751255367462 0.017542637884616852 377
1751255397192 0.02235702984035015 378
1751255426937 0.023707199841737747 379
1751255456707 0.025482481345534325 380
1751255486410 0.0361909419298172 381
1751255516197 0.02242293208837509 382
1751255545843 0.017717448994517326 383
1751255575602 0.0451178178191185 384
1751255605249 0.039363034069538116 385
1751255635095 0.03858534246683121 386
1751255664866 0.061774998903274536 387
1751255694516 0.03872859477996826 388
1751255724184 0.020155087113380432 389
1751255753905 0.032348908483982086 390
1751255783720 0.011651928536593914 391
1751255813358 0.013708120211958885 392
1751255843104 0.015029427595436573 393
1751255873090 0.00656922347843647 394
1751255902756 0.01339702121913433 395
1751255932426 0.017176363617181778 396
1751255962205 0.0051727695390582085 397
1751255991839 -0.0011594258248806 398
1751256021612 0.02058573253452778 399
1751258950664 -0.25369301438331604 400
1751258980499 -0.2363044172525406 401
1751259010459 -0.19902662932872772 402
1751259040259 -0.20505394041538239 403
1751259070013 -0.21588069200515747 404
1751259099835 -0.17967915534973145 405
1751259129700 -0.12564490735530853 406
1751259159500 -0.16659501194953918 407
1751259189382 -0.13470232486724854 408
1751259219242 -0.1811276078224182 409
1751259248998 -0.17035230994224548 410
1751259278840 -0.18895219266414642 411
1751259308631 -0.1451551765203476 412
1751259338644 -0.1736205518245697 413
1751259368611 -0.16011564433574677 414
1751259398454 -0.14853595197200775 415
1751259428311 -0.18866723775863647 416
1751259458163 -0.18028542399406433 417
1751259488015 -0.15817902982234955 418
1751259517866 -0.12091508507728577 419
1751259547726 -0.15090207755565643 420
1751259577488 -0.1748839020729065 421
1751259607404 -0.1518564373254776 422
1751259637293 -0.13158506155014038 423
1751259667142 -0.16082744300365448 424
1751259696994 -0.13929961621761322 425
1751259726805 -0.13746100664138794 426
1751259756581 -0.15240344405174255 427
1751259786313 -0.1665695309638977 428
1751259816169 -0.1498612016439438 429
1751259846033 -0.17315350472927094 430
1751259875754 -0.2213456779718399 431
1751259905531 -0.18348947167396545 432
1751259935346 -0.1547984629869461 433
1751259965220 -0.1372310072183609 434
1751259995009 -0.11735095828771591 435
1751260024782 -0.16382744908332825 436
1751260054638 -0.16510431468486786 437
1751260084415 -0.16707924008369446 438
1751260114289 -0.14918825030326843 439
1751262997346 -0.09620676934719086 440
1751263027245 0.014152320101857185 441
1751263057017 0.012676205486059189 442
1751263086909 -0.01454208418726921 443
1751263116799 0.006715789437294006 444
1751263146742 -0.02811182662844658 445
1751263176518 -0.001841111108660698 446
1751263206499 0.0049249567091465 447
1751263236451 -0.01260953489691019 448
1751263266323 -0.006813332438468933 449
1751263296239 -0.02360658347606659 450
1751263326158 0.011641079559922218 451
1751263356035 0.010448034852743149 452
1751263385905 0.0179393719881773 453
1751263415770 0.007185232825577259 454
1751263445620 0.002801579423248768 455
1751263475538 -0.005411943420767784 456
1751263505362 -0.0014997832477092743 457
1751263535209 0.05297783389687538 458
1751263565103 -0.023605722934007645 459
1751263595067 0.01579601876437664 460
1751263625018 0.007247565779834986 461
1751263654882 0.002150698099285364 462
1751263684829 0.017642030492424965 463
1751263714628 1.6035279259085655e-05 464
1751263744457 0.01918388158082962 465
1751263774227 0.008256558328866959 466
1751263804110 0.013523286208510399 467
1751263833935 -0.001969816628843546 468
1751263863763 0.005522049963474274 469
1751263893761 0.012049781158566475 470
1751263923528 -0.003976841922849417 471
1751263953334 0.013040500693023205 472
1751263983235 -0.006215150002390146 473
1751264013151 0.009177780710160732 474
1751264043016 -0.006127683445811272 475
1751264072861 0.0068886843509972095 476
1751264102771 0.007742221467196941 477
1751264132603 -0.003782997839152813 478
1751264162477 0.0038280957378447056 479
1751267162172 -0.1014777421951294 480
1751267192014 -0.2033413201570511 481
1751267221898 -0.09278376400470734 482
1751267251766 -0.08168390393257141 483
1751267281658 -0.08301499485969543 484
1751267311572 -0.09534603357315063 485
1751267341338 -0.07445625960826874 486
1751267371228 -0.058000847697257996 487
1751267401191 -0.06147640198469162 488
1751267431100 -0.08291275054216385 489
1751267460981 -0.07204979658126831 490
1751267490876 -0.033785805106163025 491
1751267520766 -0.08173436671495438 492
1751267550559 -0.07035262882709503 493
1751267580363 -0.0773576945066452 494
1751267610207 -0.05026480183005333 495
1751267640011 -0.0580153688788414 496
1751267669828 -0.03372851759195328 497
1751267699659 -0.08988825231790543 498
1751267729537 -0.07569018006324768 499
1751267759285 -0.07604621350765228 500
1751267789205 -0.03708576783537865 501
1751267819018 -0.044500719755887985 502
1751267848863 -0.08616676181554794 503
1751267878734 -0.058313414454460144 504
1751267908634 -0.0702916607260704 505
1751267938593 -0.07545023411512375 506
1751267968537 -0.025888916105031967 507
1751267998384 -0.015642162412405014 508
1751268028125 -0.07793917506933212 509
1751268058074 -0.07963284850120544 510
1751268087986 -0.061477016657590866 511
1751268117979 -0.034352101385593414 512
1751268147852 -0.0681685209274292 513
1751268177776 -0.04398372769355774 514
1751268207659 -0.03449670225381851 515
1751268237470 -0.08195499330759048 516
1751268267348 -0.06252823024988174 517
1751268297163 -0.04977819323539734 518
1751268327027 -0.08853574097156525 519
1751271331095 -0.02833496406674385 520
1751271361046 -0.005209198221564293 521
1751271390926 -0.008018393069505692 522
1751271420865 0.0016556475311517715 523
1751271450630 0.022007500752806664 524
1751271480403 0.0005901884287595749 525
1751271510275 0.010146787390112877 526
1751271540247 0.01757277362048626 527
1751271570183 0.00887610949575901 528
1751271600009 0.00662732869386673 529
1751271629853 0.01389591209590435 530
1751271659749 -0.016931552439928055 531
1751271689730 0.009645545855164528 532
1751271719721 0.01534411869943142 533
1751271749572 0.0027702823281288147 534
1751271779390 0.013468043878674507 535
1751271809358 0.017800534144043922 536
1751271839228 0.018255144357681274 537
1751271869016 0.027528483420610428 538
1751271898887 0.015225758776068687 539
1751271928757 0.002984948456287384 540
1751271958564 0.011099280789494514 541
1751271988451 0.03205839544534683 542
1751272018361 0.01397029496729374 543
1751272048136 0.010185455903410912 544
1751272078004 0.017772894352674484 545
1751272107926 0.005692996084690094 546
1751272137812 0.029134562239050865 547
1751272167731 0.031088460236787796 548
1751272197452 0.022940250113606453 549
1751272227191 0.02795715443789959 550
1751272256908 0.010088885203003883 551
1751272286754 0.005382690578699112 552
1751272316597 0.0062984563410282135 553
1751272346392 0.02537299320101738 554
1751272376283 0.009916622191667557 555
1751272406273 0.020463254302740097 556
1751272436220 0.01210118643939495 557
1751272466110 0.02186039462685585 558
1751272495978 0.013475481420755386 559
1751275454973 -0.21959851682186127 560
1751275484829 -0.1843082755804062 561
1751275514673 -0.07616731524467468 562
1751275544536 -0.10145178437232971 563
1751275574519 -0.06262502074241638 564
1751275604499 -0.07941227406263351 565
1751275634303 -0.11775500327348709 566
1751275664200 -0.034947965294122696 567
1751275694039 -0.06713076680898666 568
1751275723782 0.010728482156991959 569
1751275753725 -0.04019007086753845 570
1751275783634 -0.04784909635782242 571
1751275813471 -0.07868349552154541 572
1751275843238 -0.11821825057268143 573
1751275872981 -0.0709758922457695 574
1751275902804 -0.05786087363958359 575
1751275932687 -0.058612506836652756 576
1751275962553 -0.0695425495505333 577
1751275992461 -0.09583098441362381 578
1751276022302 -0.08103089779615402 579
1751276052303 -0.10310545563697815 580
1751276082250 -0.06750864535570145 581
1751276112133 -0.05494723096489906 582
1751276141989 -0.04701559245586395 583
1751276171921 -0.05596045404672623 584
1751276201707 -0.03662256523966789 585
1751276231595 -0.026895608752965927 586
1751276261547 -0.06750758737325668 587
1751276291466 -0.05042394995689392 588
1751276321172 -0.054971083998680115 589
1751276351069 -0.05406663939356804 590
1751276381020 -0.05489974468946457 591
1751276410889 -0.08364586532115936 592
1751276440731 -0.048417091369628906 593
1751276470743 -0.040070679038763046 594
1751276500615 -0.06713569909334183 595
1751276530580 -0.08093445748090744 596
1751276560493 -0.046698495745658875 597
1751276590304 -0.06464537233114243 598
1751276620136 -0.06645599752664566 599
1751279594466 -0.1771412491798401 600
1751279624251 -0.05584229156374931 601
1751279654098 -0.07758558541536331 602
1751279683841 -0.06687973439693451 603
1751279713580 -0.04753583297133446 604
1751279743382 -0.04945751652121544 605
1751279773106 -0.03683612868189812 606
1751279802924 -0.03410563990473747 607
1751279832838 -0.031362321227788925 608
1751279862746 -0.030189447104930878 609
1751279892594 -0.01129017025232315 610
1751279922438 -0.03902198374271393 611
1751279952213 -0.01757587306201458 612
1751279982099 -0.01180393248796463 613
1751280012021 -0.0160341989248991 614
1751280041977 -0.006165065802633762 615
1751280071867 0.00997937936335802 616
1751280101676 -0.0057667833752930164 617
1751280131526 0.02070947363972664 618
1751280161344 0.008947598747909069 619
1751280191118 0.0032931435853242874 620
1751280220990 0.007666773162782192 621
1751280250838 0.006028813309967518 622
1751280280769 0.004429486580193043 623
1751280310654 0.013136333785951138 624
1751280340548 0.011846832931041718 625
1751280370444 0.008609273470938206 626
1751280400350 -0.004361416213214397 627
1751280430238 0.006007947959005833 628
1751280460049 0.00045690638944506645 629
1751280489926 0.0070146797224879265 630
1751280519771 -0.00637471117079258 631
1751280549626 0.020065445452928543 632
1751280579586 0.018703483045101166 633
1751280609503 -0.013204330578446388 634
1751280639275 0.0035372120328247547 635
1751280669142 0.01098307128995657 636
1751280699064 -0.0007945196703076363 637
1751280728902 -0.002261271234601736 638
1751280758789 -0.004449647385627031 639
1751283670782 -0.013376536779105663 640
1751283700644 0.005124586168676615 641
1751283730558 0.06429873406887054 642
1751283760366 0.038672782480716705 643
1751283790208 0.1014433354139328 644
1751283820133 0.05245933681726456 645
1751283849961 0.06546525657176971 646
1751283879765 0.043617136776447296 647
1751283909536 0.05191514268517494 648
1751283939401 0.030932273715734482 649
1751283969356 0.06162848323583603 650
1751283999090 0.059764787554740906 651
1751284029002 0.10514640808105469 652
1751284058819 0.10732877254486084 653
1751284088665 0.09055423736572266 654
1751284118561 0.08069056272506714 655
1751284148379 0.06933918595314026 656
1751284178215 0.03163529932498932 657
1751284207928 0.007939605042338371 658
1751284237756 0.027486123144626617 659
1751284267551 0.06254930794239044 660
1751284297367 0.021608615294098854 661
1751284327269 -0.01751028560101986 662
1751284357114 0.0407286174595356 663
1751284386933 0.04491801559925079 664
1751284416852 0.03979707136750221 665
1751284446683 0.0020985305309295654 666
1751284476513 -0.006577624008059502 667
1751284506412 0.014552319422364235 668
1751284536194 0.0487217903137207 669
1751284566078 0.0647001564502716 670
1751284595927 0.07680036127567291 671
1751284625767 0.07597032189369202 672
1751284655642 0.036194995045661926 673
1751284685522 0.051405347883701324 674
1751284715417 0.026511631906032562 675
1751284745320 0.010679246857762337 676
1751284775206 0.004387079272419214 677
1751284805078 0.03022056445479393 678
1751284834965 0.026569366455078125 679
1751287778245 -0.04579997807741165 680
1751287808054 -0.05694391578435898 681
1751287838032 -0.05181409418582916 682
1751287867980 -0.05619647353887558 683
1751287897771 -0.01098811998963356 684
1751287927577 -0.08784540742635727 685
1751287957410 -0.01239041332155466 686
1751287987227 -0.04135037213563919 687
1751288017174 -0.04104641079902649 688
1751288047048 -0.044739507138729095 689
1751288076982 -0.0399772934615612 690
1751288106877 -0.059053901582956314 691
1751288136803 -0.051041245460510254 692
1751288166753 -0.013864738866686821 693
1751288196646 0.045524269342422485 694
1751288226536 -0.00899898074567318 695
1751288256515 -0.053065959364175797 696
1751288286503 -0.0034712152555584908 697
1751288316305 0.013836381956934929 698
1751288346177 -0.025334520265460014 699
1751288375900 -0.049013882875442505 700
1751288405740 -0.04680925980210304 701
1751288435480 0.00022912770509719849 702
1751288465266 -0.034123506397008896 703
1751288495089 -0.025546200573444366 704
1751288524992 -0.03726503625512123 705
1751288554749 -0.03664557635784149 706
1751288584576 -0.013298282399773598 707
1751288614398 -0.002570241689682007 708
1751288644217 -0.01727619394659996 709
1751288673999 -0.04447650909423828 710
1751288703838 -0.05206901580095291 711
1751288733712 -0.05153414607048035 712
1751288763485 -0.04823731631040573 713
1751288793376 -0.018625283613801003 714
1751288823286 -0.017810557037591934 715
1751288853207 -0.035029277205467224 716
1751288883091 -0.045521173626184464 717
1751288913061 -0.003231249749660492 718
1751288943037 -0.023116840049624443 719
1751291871085 -0.05601169914007187 720
1751291900946 0.008772236295044422 721
1751291930889 0.044535085558891296 722
1751291960677 0.00014900043606758118 723
1751291990441 0.08301068842411041 724
1751292020254 0.07751865684986115 725
1751292050077 0.08757492899894714 726
1751292079972 0.07887178659439087 727
1751292109895 0.05727474391460419 728
1751292139785 0.0678555890917778 729
1751292169622 0.0674782395362854 730
1751292199492 0.036791976541280746 731
1751292229353 0.022102102637290955 732
1751292259141 0.047124482691287994 733
1751292289014 0.05612684786319733 734
1751292318890 0.07143833488225937 735
1751292348665 0.1057550460100174 736
1751292378521 0.028790459036827087 737
1751292408279 0.06762564182281494 738
1751292437966 0.061234164983034134 739
1751292467766 0.05548328161239624 740
1751292497716 0.05029473826289177 741
1751292527677 0.06146510690450668 742
1751292557538 0.06593967229127884 743
1751292587536 0.05038115754723549 744
1751292617406 0.05305769294500351 745
1751292647260 0.06023825332522392 746
1751292677044 0.05380360782146454 747
1751292706871 0.03869534283876419 748
1751292736687 0.05201593041419983 749
1751292766608 0.05223546922206879 750
1751292796425 0.0573718324303627 751
1751292826327 0.039529312402009964 752
1751292856210 0.062407687306404114 753
1751292886000 0.03632953390479088 754
1751292915906 0.05271875858306885 755
1751292945649 0.04584301635622978 756
1751292975452 0.034266915172338486 757
1751293005227 0.051252998411655426 758
1751293035053 0.031869903206825256 759
1751296053749 -0.2022012174129486 760
1751296083670 -0.22729095816612244 761
1751296113480 -0.23631824553012848 762
1751296143393 -0.31283408403396606 763
1751296173382 -0.27660876512527466 764
1751296203283 -0.25508421659469604 765
1751296233129 -0.2173071801662445 766
1751296262922 -0.20110774040222168 767
1751296292727 -0.1500234305858612 768
1751296322596 -0.16299854218959808 769
1751296352396 -0.1322680115699768 770
1751296382299 -0.16717493534088135 771
1751296412183 -0.13642457127571106 772
1751296442050 -0.12653324007987976 773
1751296471773 -0.13566258549690247 774
1751296501770 -0.15370240807533264 775
1751296531584 -0.14020177721977234 776
1751296561528 -0.14859314262866974 777
1751296591386 -0.14031420648097992 778
1751296621363 -0.10268139839172363 779
1751296651221 -0.16517046093940735 780
1751296681024 -0.14461512863636017 781
1751296710799 -0.155181884765625 782
1751296740550 -0.13663628697395325 783
1751296770444 -0.11954142153263092 784
1751296800291 -0.18490897119045258 785
1751296830071 -0.1312534213066101 786
1751296859823 -0.1397590935230255 787
1751296889662 -0.13938157260417938 788
1751296919548 -0.14759880304336548 789
1751296949379 -0.14126333594322205 790
1751296979274 -0.11233869940042496 791
1751297009073 -0.12115217000246048 792
1751297038900 -0.11143511533737183 793
1751297068645 -0.12556807696819305 794
1751297098483 -0.13261659443378448 795
1751297128347 -0.15647123754024506 796
1751297158218 -0.1483130306005478 797
1751297188027 -0.15578614175319672 798
1751297217883 -0.11866600811481476 799
1751300185871 -0.26480066776275635 800
1751300215714 -0.2999255955219269 801
1751300245522 -0.24757815897464752 802
1751300275425 -0.17575040459632874 803
1751300305261 -0.19272232055664062 804
1751300335151 -0.17449644207954407 805
1751300364892 -0.18156197667121887 806
1751300394801 -0.19087548553943634 807
1751300424694 -0.19918516278266907 808
1751300454541 -0.20101432502269745 809
1751300484426 -0.16765804588794708 810
1751300514278 -0.1193971261382103 811
1751300544113 -0.1429431438446045 812
1751300574070 -0.12702617049217224 813
1751300604008 -0.14503586292266846 814
1751300633916 -0.15811249613761902 815
1751300663759 -0.12557046115398407 816
1751300693591 -0.07274017482995987 817
1751300723466 -0.08867603540420532 818
1751300753379 -0.07826124131679535 819
1751300783292 -0.07059018313884735 820
1751300813198 -0.10714462399482727 821
1751300842990 -0.09860426932573318 822
1751300872856 -0.1011589989066124 823
1751300902727 -0.07011954486370087 824
1751300932592 -0.09689748287200928 825
1751300962338 -0.09248670190572739 826
1751300992084 -0.12279770523309708 827
1751301022023 -0.09203652292490005 828
1751301051845 -0.11348315328359604 829
1751301081758 -0.1306641399860382 830
1751301111617 -0.14394624531269073 831
1751301141552 -0.1332753598690033 832
1751301171461 -0.09048672020435333 833
1751301201361 -0.09687905013561249 834
1751301231174 -0.05862663686275482 835
1751301261030 -0.08880859613418579 836
1751301290822 -0.07557663321495056 837
1751301320680 -0.08644749224185944 838
1751301350424 -0.05715426057577133 839
1751304309194 0.019177382811903954 840
1751304339031 -0.06893701106309891 841
1751304368875 0.045985206961631775 842
1751304398740 -0.010890770703554153 843
1751304428666 0.05336415767669678 844
1751304458539 0.019226914271712303 845
1751304488342 0.04742823913693428 846
1751304518245 0.020000264048576355 847
1751304548069 0.03954005986452103 848
1751304578003 0.031204288825392723 849
1751304607804 0.025489451363682747 850
1751304637761 0.01855858787894249 851
1751304667531 0.04451297968626022 852
1751304697366 0.023467283695936203 853
1751304727071 0.03289839252829552 854
1751304756872 0.04208436980843544 855
1751304786739 0.01500808633863926 856
1751304816595 0.011912915855646133 857
1751304846450 0.03530584275722504 858
1751304876397 0.03589623421430588 859
1751304906196 0.015548573806881905 860
1751304936140 0.03748589754104614 861
1751304965986 0.010097815655171871 862
1751304995878 0.03082282282412052 863
1751305025627 0.0316242091357708 864
1751305055382 0.023231282830238342 865
1751305085216 0.007437967695295811 866
1751305115170 0.04171416163444519 867
1751305144993 0.023690061643719673 868
1751305174834 0.023237254470586777 869
1751305204688 0.03340832144021988 870
1751305234576 0.03220537304878235 871
1751305264392 0.029817748814821243 872
1751305294228 0.037293706089258194 873
1751305323954 0.02523675002157688 874
1751305353909 0.017927000299096107 875
1751305383750 0.033819105476140976 876
1751305413603 0.04541975259780884 877
1751305443539 0.02827984094619751 878
1751305473413 0.02860955521464348 879
1751308447289 -0.11367817968130112 880
1751308477212 0.008287192322313786 881
1751308507019 -0.022177379578351974 882
1751308536942 -0.02224336564540863 883
1751308566787 0.01684533804655075 884
1751308596589 -0.007584448903799057 885
1751308626434 0.0038765929639339447 886
1751308656231 -0.012310296297073364 887
1751308686162 0.020800679922103882 888
1751308716155 -0.0059178173542022705 889
1751308745880 -0.0074772462248802185 890
1751308775632 0.013927828520536423 891
1751308805380 0.004163913428783417 892
1751308835158 -0.013296917080879211 893
1751308864925 -0.006179109215736389 894
1751308894783 0.007124200463294983 895
1751308924737 0.004294261336326599 896
1751308954632 0.01047435775399208 897
1751308984490 -0.0112638920545578 898
1751309014381 0.036567386239767075 899
1751309044239 0.01275278627872467 900
1751309074070 0.0014382079243659973 901
1751309103920 0.011655401438474655 902
1751309133876 -0.0022677406668663025 903
1751309163649 -0.031162036582827568 904
1751309193512 -0.016741689294576645 905
1751309223350 0.005442749708890915 906
1751309253142 0.020014554262161255 907
1751309282941 0.010731019079685211 908
1751309312665 0.013853427022695541 909
1751309342538 0.0236014686524868 910
1751309372481 0.0020232051610946655 911
1751309402320 0.030712183564901352 912
1751309432170 0.012202717363834381 913
1751309461987 0.026973165571689606 914
1751309491827 0.011221252381801605 915
1751309521747 0.02117983251810074 916
1751309551509 0.02002909779548645 917
1751309581298 0.00983966514468193 918
1751309611309 0.019166789948940277 919
1751312538686 -0.10106335580348969 920
1751312568622 -0.04134340211749077 921
1751312598442 -0.019212501123547554 922
1751312628290 0.07417584955692291 923
1751312658123 0.02941579557955265 924
1751312687988 0.11353525519371033 925
1751312717807 0.06398310512304306 926
1751312747670 0.11129588633775711 927
1751312777570 0.08862973004579544 928
1751312807502 0.04025018960237503 929
1751312837346 0.057517290115356445 930
1751312867239 0.06537560373544693 931
1751312897080 0.047344982624053955 932
1751312927015 0.07732358574867249 933
1751312956834 0.06481622159481049 934
1751312986713 0.0633869618177414 935
1751313016590 0.05249038338661194 936
1751313046605 0.06723163276910782 937
1751313076547 0.0405232273042202 938
1751313106435 0.05492648482322693 939
1751313136256 0.05777989700436592 940
1751313166054 0.039173249155282974 941
1751313195986 0.03460788354277611 942
1751313225996 0.020986799150705338 943
1751313255830 0.06745652854442596 944
1751313285631 0.04255858436226845 945
1751313315454 0.03203907236456871 946
1751313345365 0.025671759620308876 947
1751313375306 0.05227675661444664 948
1751313405139 0.048274800181388855 949
1751313434920 0.01866617053747177 950
1751313464702 0.02427988313138485 951
1751313494418 0.004441224038600922 952
1751313524290 -0.008384838700294495 953
1751313554199 0.06793505698442459 954
1751313584113 0.04564957693219185 955
1751313613918 0.023868273943662643 956
1751313643829 0.04387811943888664 957
1751313673780 0.04653549566864967 958
1751313703776 0.04099481552839279 959
1751316676151 -0.12071673572063446 960
1751316706076 -0.0014617503620684147 961
1751316735762 0.05469498783349991 962
1751316765570 0.08285150676965714 963
1751316795352 0.09267166256904602 964
1751316825229 0.028421880677342415 965
1751316855069 0.07911884784698486 966
1751316884891 0.026393085718154907 967
1751316914568 0.048407554626464844 968
1751316944415 0.005820814520120621 969
1751316974216 0.04749508947134018 970
1751317004043 0.03145098686218262 971
1751317033950 0.057620223611593246 972
1751317063794 0.032585032284259796 973
1751317093724 0.04125524312257767 974
1751317123426 0.0618041567504406 975
1751317153326 0.059600964188575745 976
1751317183271 0.022574394941329956 977
1751317213272 0.023726563900709152 978
1751317243107 0.06323036551475525 979
1751317272965 0.003637261688709259 980
1751317302795 0.06108938157558441 981
1751317332584 0.07341252267360687 982
1751317362454 0.01436767727136612 983
1751317392315 0.08063720911741257 984
1751317422130 0.054366402328014374 985
1751317451934 0.033575065433979034 986
1751317481864 0.04975157603621483 987
1751317511819 0.06943946331739426 988
1751317541702 0.025400839745998383 989
1751317571587 0.03422243893146515 990
1751317601415 0.03371138125658035 991
1751317631232 0.04805181175470352 992
1751317661014 0.04197962209582329 993
1751317690821 0.06388983130455017 994
1751317720756 0.03964387625455856 995
1751317750665 0.04062839597463608 996
1751317780554 0.06760498136281967 997
1751317810364 0.044877342879772186 998
1751317840383 0.05082816258072853 999
1751320798157 -0.13346651196479797 1000
1751320828007 -0.22810512781143188 1001
1751320857888 -0.14053648710250854 1002
1751320887694 -0.08407305926084518 1003
1751320917618 -0.11752696335315704 1004
1751320947479 -0.06692248582839966 1005
1751320977286 -0.031193487346172333 1006
1751321007192 -0.05745761841535568 1007
1751321036964 -0.08130381256341934 1008
1751321066948 -0.06637674570083618 1009
1751321096783 -0.01539616845548153 1010
1751321126618 0.006888140458613634 1011
1751321156413 0.04020320251584053 1012
1751321186309 0.014999711886048317 1013
1751321216062 -0.020219847559928894 1014
1751321245887 -0.0054053328931331635 1015
1751321275709 -0.0007395334541797638 1016
1751321305569 -0.023264337331056595 1017
1751321335434 -0.028936011716723442 1018
1751321365262 -0.03599520027637482 1019
1751321395078 -0.003022526390850544 1020
1751321425007 -0.04610072076320648 1021
1751321454777 -0.06728646159172058 1022
1751321484626 -0.046756941825151443 1023
1751321514453 -0.04425261169672012 1024
1751321544379 0.01762143149971962 1025
1751321574225 -0.005261880345642567 1026
1751321604046 -0.031147554516792297 1027
1751321633988 -0.050982892513275146 1028
1751321663764 -0.024899668991565704 1029
1751321693611 -0.04930122569203377 1030
1751321723528 -0.051942385733127594 1031
1751321753357 -0.04152512922883034 1032
1751321783252 -0.04153009131550789 1033
1751321813236 -0.05999013036489487 1034
1751321843111 -0.03740080073475838 1035
1751321872916 -0.06333768367767334 1036
1751321902801 -0.053625546395778656 1037
1751321932640 -0.04078296944499016 1038
1751321962520 -0.05635026842355728 1039
1751324954318 -0.10835186392068863 1040
1751324984139 -0.09830772876739502 1041
1751325013975 -0.10309629142284393 1042
1751325043744 -0.15707848966121674 1043
1751325073606 -0.1304074078798294 1044
1751325103424 -0.08848265558481216 1045
1751325133330 -0.14215657114982605 1046
1751325163176 -0.101105235517025 1047
1751325193068 -0.11010917276144028 1048
1751325222912 -0.08093936741352081 1049
1751325252780 -0.05774373561143875 1050
1751325282624 -0.12358856201171875 1051
1751325312460 -0.09969937056303024 1052
1751325342404 -0.08039042353630066 1053
1751325372294 -0.07670219987630844 1054
1751325402101 -0.07843104749917984 1055
1751325432010 -0.08233758807182312 1056
1751325461788 -0.09466256201267242 1057
1751325491600 -0.07597370445728302 1058
1751325521519 -0.04753199592232704 1059
1751325551255 -0.019273895770311356 1060
1751325581044 -0.09193048626184464 1061
1751325610971 -0.027411308139562607 1062
1751325640865 -0.0893591046333313 1063
1751325670729 -0.06433670222759247 1064
1751325700601 -0.059575483202934265 1065
1751325730441 -0.06821593642234802 1066
1751325760245 -0.05192437767982483 1067
1751325790095 -0.04291370511054993 1068
1751325819893 -0.04557988420128822 1069
1751325849757 -0.07023126631975174 1070
1751325879572 -0.08941968530416489 1071
1751325909589 -0.07098796963691711 1072
1751325939439 -0.07492203265428543 1073
1751325969409 -0.048122793436050415 1074
1751325999286 -0.01819320023059845 1075
1751326029121 -0.04241339862346649 1076
1751326058997 -0.05088680982589722 1077
1751326088833 -0.055198073387145996 1078
1751326118804 -0.06251244992017746 1079
1751329055077 -0.3141743540763855 1080
1751329084847 -0.1857374608516693 1081
1751329115021 -0.2609773576259613 1082
1751329145365 -0.1905287206172943 1083
1751329175265 -0.16787609457969666 1084
1751329205014 -0.14248502254486084 1085
1751329235192 -0.19226859509944916 1086
1751329265039 -0.13910023868083954 1087
1751329294925 -0.12616485357284546 1088
1751329324697 -0.08598804473876953 1089
1751329354586 -0.10517467558383942 1090
1751329384429 -0.12153853476047516 1091
1751329414301 -0.10392716526985168 1092
1751329444136 -0.11916552484035492 1093
1751329474007 -0.14843854308128357 1094
1751329503915 -0.16291454434394836 1095
1751329533742 -0.13482451438903809 1096
1751329563631 -0.10987908393144608 1097
1751329593384 -0.07973532378673553 1098
1751329623243 -0.089521624147892 1099
1751329653099 -0.1060115322470665 1100
1751329683400 -0.09863954037427902 1101
1751329713241 -0.11318470537662506 1102
1751329743533 -0.08550392836332321 1103
1751329773771 -0.09899367392063141 1104
1751329803578 -0.11498241126537323 1105
1751329833792 -0.07283949851989746 1106
1751329864098 -0.08186256140470505 1107
1751329893987 -0.10673844814300537 1108
1751329924215 -0.05683056265115738 1109
1751329954577 -0.07284682244062424 1110
1751329984494 -0.0776931419968605 1111
1751330014596 -0.10416419059038162 1112
1751330044508 -0.0851384624838829 1113
1751330074367 -0.07147770375013351 1114
1751330104358 -0.07043127715587616 1115
1751330134155 -0.08499229699373245 1116
1751330164407 -0.12199413031339645 1117
1751330194225 -0.1169610247015953 1118
1751330224094 -0.1107233464717865 1119
1751333264152 -0.8625801801681519 1120
1751333293802 -0.6391782164573669 1121
1751333323477 -0.613847017288208 1122
1751333353072 -0.6596019864082336 1123
1751333382642 -0.5529786944389343 1124
1751333412240 -0.5110388994216919 1125
1751333441795 -0.6040640473365784 1126
1751333471495 -0.5436232686042786 1127
1751333501275 -0.557515561580658 1128
1751333530933 -0.5475566387176514 1129
1751333560524 -0.4484542906284332 1130
1751333590103 -0.5470874309539795 1131
1751333619657 -0.5672094821929932 1132
1751333649283 -0.6056481599807739 1133
1751333679353 -0.5273158550262451 1134
1751333708880 -0.5617434978485107 1135
1751333738973 -0.5511033535003662 1136
1751333769048 -0.5289151668548584 1137
1751333798602 -0.5274946689605713 1138
1751333828573 -0.5693058967590332 1139
1751333858660 -0.5176917910575867 1140
1751333888351 -0.5371440649032593 1141
1751333918379 -0.575456976890564 1142
1751333948404 -0.5691949129104614 1143
1751333978034 -0.5605497360229492 1144
1751334008050 -0.5723229646682739 1145
1751334037795 -0.49428415298461914 1146
1751334067498 -0.5256889462471008 1147
1751334097123 -0.5895759463310242 1148
1751334126795 -0.4627450108528137 1149
1751334156492 -0.4399965703487396 1150
1751334186134 -0.5089382529258728 1151
1751334215695 -0.5150758028030396 1152
1751334245329 -0.49527305364608765 1153
1751334274935 -0.46036607027053833 1154
1751334304572 -0.5026776790618896 1155
1751334334249 -0.46021538972854614 1156
1751334363840 -0.48577994108200073 1157
1751334393526 -0.48270517587661743 1158
1751334423200 -0.506791889667511 1159
1751337378723 -0.14854826033115387 1160
1751337408780 -0.09310503304004669 1161
1751337438646 -0.019228167831897736 1162
1751337468625 -0.1377064734697342 1163
1751337498725 -0.03762805461883545 1164
1751337528641 -0.031495094299316406 1165
1751337558562 -0.03249966353178024 1166
1751337588474 0.033922336995601654 1167
1751337618538 -0.016920387744903564 1168
1751337648583 0.02193770557641983 1169
1751337678529 0.05093936622142792 1170
1751337708503 -0.01868516206741333 1171
1751337738440 0.015334658324718475 1172
1751337768492 0.055276427417993546 1173
1751337798555 0.020243782550096512 1174
1751337828629 -0.0059311650693416595 1175
1751337858619 0.037937264889478683 1176
1751337888625 0.012762743979692459 1177
1751337918631 0.04229317605495453 1178
1751337948672 0.043005578219890594 1179
1751337978733 0.048915017396211624 1180
1751338008762 -0.012106116861104965 1181
1751338038794 0.012045565992593765 1182
1751338068902 0.06171182915568352 1183
1751338098860 0.052411999553442 1184
1751338129001 0.05006843060255051 1185
1751338158984 0.05402893200516701 1186
1751338188956 0.039668258279561996 1187
1751338218875 0.0039035379886627197 1188
1751338248886 0.023989610373973846 1189
1751338278908 0.04487777501344681 1190
1751338308835 0.0628274604678154 1191
1751338338845 0.051268741488456726 1192
1751338368790 0.02509348839521408 1193
1751338398763 0.022880230098962784 1194
1751338428759 0.03100835159420967 1195
1751338458793 0.0928790271282196 1196
1751338488927 0.037903718650341034 1197
1751338519017 0.006800521165132523 1198
1751338549003 -0.004361305385828018 1199
1751341609412 -0.1537758857011795 1200
1751341639369 -0.31779414415359497 1201
1751341669279 -0.21419905126094818 1202
1751341699361 -0.1403375267982483 1203
1751341729370 -0.26711320877075195 1204
1751341759261 -0.19577579200267792 1205
1751341789194 -0.1821378916501999 1206
1751341819171 -0.14956754446029663 1207
1751341849020 -0.21223482489585876 1208
1751341879121 -0.13468271493911743 1209
1751341909086 -0.21811282634735107 1210
1751341939021 -0.1621728241443634 1211
1751341969076 -0.18462495505809784 1212
1751341999105 -0.11352498829364777 1213
1751342029135 -0.16527001559734344 1214
1751342059117 -0.1837698519229889 1215
1751342089134 -0.24188625812530518 1216
1751342119062 -0.1604488044977188 1217
1751342149177 -0.15207567811012268 1218
1751342179154 -0.1911112517118454 1219
1751342209116 -0.1855294108390808 1220
1751342239151 -0.169778972864151 1221
1751342269203 -0.12651684880256653 1222
1751342299117 -0.1385539472103119 1223
1751342329077 -0.15539345145225525 1224
1751342359137 -0.11752238869667053 1225
1751342389078 -0.1574987769126892 1226
1751342418968 -0.1272543966770172 1227
1751342448899 -0.13544884324073792 1228
1751342478764 -0.14677858352661133 1229
1751342508759 -0.12344028055667877 1230
1751342538731 -0.12874314188957214 1231
1751342568746 -0.13846826553344727 1232
1751342598888 -0.12923263013362885 1233
1751342628835 -0.14241407811641693 1234
1751342658669 -0.11357583105564117 1235
1751342688625 -0.14165297150611877 1236
1751342718572 -0.12149304151535034 1237
1751342748493 -0.12747840583324432 1238
1751342778520 -0.12894731760025024 1239
1751345755577 -0.10876695811748505 1240
1751345785523 0.004101738333702087 1241
1751345815489 -0.024997208267450333 1242
1751345845520 0.10902849584817886 1243
1751345875514 0.01723802462220192 1244
1751345905501 0.06277500092983246 1245
1751345935522 0.09106636047363281 1246
1751345965414 -0.016235850751399994 1247
1751345995428 0.021468285471200943 1248
1751346025344 0.015076935291290283 1249
1751346055325 -0.04306495562195778 1250
1751346085308 0.014332596212625504 1251
1751346115359 -0.01130533218383789 1252
1751346145347 0.03140559047460556 1253
1751346175356 0.005468728020787239 1254
1751346205463 0.018237769603729248 1255
1751346235514 -0.0013988111168146133 1256
1751346265535 0.026573285460472107 1257
1751346295447 -0.006732391193509102 1258
1751346325437 0.033401526510715485 1259
1751346355346 -0.01679757609963417 1260
1751346385297 -0.006511654704809189 1261
1751346415283 -0.03196436166763306 1262
1751346445288 0.014722991734743118 1263
1751346475343 0.01683732494711876 1264
1751346505416 -0.011884570121765137 1265
1751346535423 -0.003437073901295662 1266
1751346565466 0.041355691850185394 1267
1751346595468 -0.019457358866930008 1268
1751346625397 -0.029517199844121933 1269
1751346655309 0.0068944599479436874 1270
1751346685374 -0.0146966353058815 1271
1751346715403 0.0015872493386268616 1272
1751346745336 -0.022676683962345123 1273
1751346775243 0.02063857391476631 1274
1751346805175 -0.020853769034147263 1275
1751346835118 0.03546016663312912 1276
1751346865080 -0.0005197674036026001 1277
1751346895038 -0.03377667814493179 1278
1751346925039 0.01672385446727276 1279
1751349914985 -0.4273871183395386 1280
1751349944971 -0.1833415925502777 1281
1751349975058 -0.1840391755104065 1282
1751350005012 -0.1864209920167923 1283
1751350034887 -0.2711745500564575 1284
1751350064878 -0.07443812489509583 1285
1751350095038 -0.21333655714988708 1286
1751350125033 -0.07988288998603821 1287
1751350154913 -0.04760037362575531 1288
1751350184863 -0.07607606798410416 1289
1751350214811 -0.04866933822631836 1290
1751350244699 -0.08963875472545624 1291
1751350274629 0.0012797564268112183 1292
1751350304494 0.01095840334892273 1293
1751350334413 0.006560966372489929 1294
1751350364366 0.05864591896533966 1295
1751350394272 -0.0841309055685997 1296
1751350424317 0.041470542550086975 1297
1751350454326 -0.04993437975645065 1298
1751350484198 -0.006806209683418274 1299
1751350514250 -0.008356228470802307 1300
1751350544181 -0.05902177095413208 1301
1751350574174 -0.01963120698928833 1302
1751350604085 0.015005797147750854 1303
1751350634043 0.004395708441734314 1304
1751350663926 0.006770312786102295 1305
1751350693827 -0.0030753612518310547 1306
1751350723845 -0.04087735712528229 1307
1751350753842 -0.08978845179080963 1308
1751350783855 0.015552878379821777 1309
1751350813803 -0.03289899230003357 1310
1751350843817 -0.009822368621826172 1311
1751350873929 -0.016423627734184265 1312
1751350903876 0.02057632803916931 1313
1751350933804 -0.009233668446540833 1314
1751350963791 0.03352324664592743 1315
1751350993819 0.01068636029958725 1316
1751351023798 0.006549745798110962 1317
1751351053860 -0.01508551836013794 1318
1751351083790 0.04177441447973251 1319
1751354090760 -0.10791954398155212 1320
1751354120636 -0.263643354177475 1321
1751354150590 -0.1403217613697052 1322
1751354180555 -0.12194108963012695 1323
1751354210509 -0.2218475490808487 1324
1751354240496 -0.18657685816287994 1325
1751354270512 -0.12378552556037903 1326
1751354300449 -0.10506845265626907 1327
1751354330316 -0.11479328572750092 1328
1751354360277 -0.12159642577171326 1329
1751354390300 -0.09347599744796753 1330
1751354420327 -0.11994025111198425 1331
1751354450346 -0.15604175627231598 1332
1751354480258 -0.10286688059568405 1333
1751354510234 -0.12218131870031357 1334
1751354540258 -0.09384670108556747 1335
1751354570171 -0.10225372761487961 1336
1751354600246 -0.13886578381061554 1337
1751354630194 -0.07800845056772232 1338
1751354660264 -0.08314159512519836 1339
1751354690214 -0.06845220178365707 1340
1751354720181 -0.07688265293836594 1341
1751354750105 -0.13212904334068298 1342
1751354780081 -0.13945689797401428 1343
1751354810184 -0.08823349326848984 1344
1751354840147 -0.0846460685133934 1345
1751354870178 -0.10510430485010147 1346
1751354900141 -0.11005303263664246 1347
1751354930129 -0.09727385640144348 1348
1751354960173 -0.10810338705778122 1349
1751354990212 -0.11353160440921783 1350
1751355020128 -0.07051315158605576 1351
1751355050108 -0.07818860560655594 1352
1751355080157 -0.0743110254406929 1353
1751355110118 -0.11036419868469238 1354
1751355140116 -0.07284054160118103 1355
1751355170196 -0.09791963547468185 1356
1751355200125 -0.06870736926794052 1357
1751355230241 -0.10437216609716415 1358
1751355260244 -0.10734780132770538 1359
1751358265570 0.23183777928352356 1360
1751358295530 0.1330343335866928 1361
1751358325502 0.38267916440963745 1362
1751358355529 0.2815846800804138 1363
1751358385581 0.3141317069530487 1364
1751358415563 0.37274789810180664 1365
1751358445639 0.34868139028549194 1366
1751358475659 0.30632683634757996 1367
1751358505650 0.28943079710006714 1368
1751358535571 0.27997440099716187 1369
1751358565589 0.2682385742664337 1370
1751358595648 0.2538508176803589 1371
1751358625766 0.23136217892169952 1372
1751358655662 0.26322734355926514 1373
1751358685687 0.24016189575195312 1374
1751358715610 0.22033879160881042 1375
1751358745462 0.25666344165802 1376
1751358775287 0.24739789962768555 1377
1751358805307 0.22438469529151917 1378
1751358835265 0.25788193941116333 1379
1751358865357 0.25213518738746643 1380
1751358895458 0.23076920211315155 1381
1751358925428 0.24507787823677063 1382
1751358955426 0.23824264109134674 1383
1751358985455 0.25106021761894226 1384
1751359015387 0.22471044957637787 1385
1751359045373 0.2479821741580963 1386
1751359075263 0.2717706859111786 1387
1751359105285 0.2246209681034088 1388
1751359135247 0.24409358203411102 1389
1751359165326 0.22691994905471802 1390
1751359195356 0.21203042566776276 1391
1751359225387 0.2447361797094345 1392
1751359255298 0.19226118922233582 1393
1751359285209 0.24365033209323883 1394
1751359315326 0.21419619023799896 1395
1751359345346 0.2373981773853302 1396
1751359375429 0.20908181369304657 1397
1751359405429 0.2560117542743683 1398
1751359435459 0.22811336815357208 1399
1751362487613 -0.013257685117423534 1400
1751362517597 0.13663695752620697 1401
1751362547663 0.20953449606895447 1402
1751362577766 0.2156737893819809 1403
1751362607823 0.23100529611110687 1404
1751362637823 0.25840938091278076 1405
1751362667881 0.2012059986591339 1406
1751362697832 0.20600061118602753 1407
1751362727754 0.19813239574432373 1408
1751362757897 0.15797309577465057 1409
1751362787774 0.15887726843357086 1410
1751362817833 0.15007004141807556 1411
1751362847864 0.13664227724075317 1412
1751362878015 0.15384899079799652 1413
1751362908065 0.15362805128097534 1414
1751362938146 0.16175803542137146 1415
1751362968135 0.10782965272665024 1416
1751362998175 0.1405315101146698 1417
1751363028212 0.14710022509098053 1418
1751363058316 0.11831830441951752 1419
1751363088294 0.1474364846944809 1420
1751363118372 0.1487843096256256 1421
1751363148386 0.1445026397705078 1422
1751363178369 0.1264553666114807 1423
1751363208340 0.12334443628787994 1424
1751363238395 0.1412995606660843 1425
1751363268445 0.11683468520641327 1426
1751363298461 0.111476369202137 1427
1751363328497 0.12104427814483643 1428
1751363358585 0.12508484721183777 1429
1751363388734 0.1216331198811531 1430
1751363418727 0.14649704098701477 1431
1751363448670 0.10190623998641968 1432
1751363478652 0.09991700947284698 1433
1751363508638 0.09406109899282455 1434
1751363538631 0.12763133645057678 1435
1751363568777 0.1473483145236969 1436
1751363598756 0.11395920068025589 1437
1751363628712 0.10681004822254181 1438
1751363658853 0.12065613269805908 1439
1751366621475 -0.0016451943665742874 1440
1751366651425 0.09695221483707428 1441
1751366681463 0.30307644605636597 1442
1751366711502 0.21554726362228394 1443
1751366741546 0.24825797975063324 1444
1751366771627 0.19210155308246613 1445
1751366801628 0.21192404627799988 1446
1751366831681 0.1541242003440857 1447
1751366861788 0.09244543313980103 1448
1751366891905 0.1643105447292328 1449
1751366921911 0.11033804714679718 1450
1751366951873 0.18798674643039703 1451
1751366981941 0.1348074972629547 1452
1751367011912 0.1747034192085266 1453
1751367041987 0.1798621565103531 1454
1751367072034 0.1669619381427765 1455
1751367102065 0.10715021193027496 1456
1751367132127 0.012823022902011871 1457
1751367162243 0.05703003332018852 1458
1751367192221 0.07500355690717697 1459
1751367222221 0.07495710253715515 1460
1751367252250 0.05517541244626045 1461
1751367282263 0.046520017087459564 1462
1751367312347 0.07774269580841064 1463
1751367342355 0.043021585792303085 1464
1751367372477 0.10350944101810455 1465
1751367402466 0.07488901913166046 1466
1751367432483 0.012423381209373474 1467
1751367462497 -0.06340785324573517 1468
1751367492454 -0.04433935880661011 1469
1751367522435 0.012609660625457764 1470
1751367552423 0.062216535210609436 1471
1751367582490 0.054448459297418594 1472
1751367612461 0.03275919705629349 1473
1751367642494 0.07451608031988144 1474
1751367672526 0.09838499128818512 1475
1751367702437 0.02661796659231186 1476
1751367732519 0.12030245363712311 1477
1751367762510 0.0714351013302803 1478
1751367792577 -0.02627946436405182 1479
1751370739541 0.0034132888540625572 1480
1751370769585 -0.1188943162560463 1481
1751370799553 -0.015589717775583267 1482
1751370829505 0.008029226213693619 1483
1751370859495 -0.022182900458574295 1484
1751370889529 -0.08304022252559662 1485
1751370919599 -0.008205577731132507 1486
1751370949565 -0.02377631887793541 1487
1751370979560 -0.0459909550845623 1488
1751371009592 -0.02854308858513832 1489
1751371039721 -0.03846666216850281 1490
1751371069696 -0.02025602199137211 1491
1751371099668 -0.005759786814451218 1492
1751371129660 -0.06644527614116669 1493
1751371159688 -0.03130410611629486 1494
1751371189683 0.03274007514119148 1495
1751371219787 -0.01907006837427616 1496
1751371249854 -0.0035993047058582306 1497
1751371279867 -0.0178630743175745 1498
1751371309931 -0.031326837837696075 1499
1751371339957 -0.008046697825193405 1500
1751371369791 -0.012754246592521667 1501
1751371399800 -0.03550878167152405 1502
1751371429870 -0.023897867649793625 1503
1751371459912 0.027828868478536606 1504
1751371489915 -0.007142812013626099 1505
1751371520077 0.005823671817779541 1506
1751371550093 0.007921289652585983 1507
1751371580107 -0.017575152218341827 1508
1751371610117 -0.0322551503777504 1509
1751371640185 0.053949322551488876 1510
1751371670261 -0.019666995853185654 1511
1751371700299 -0.03116508200764656 1512
1751371730407 0.018050700426101685 1513
1751371760394 -0.008119143545627594 1514
1751371790422 -0.0005801618099212646 1515
1751371820338 -0.017844775691628456 1516
1751371850480 0.02332615852355957 1517
1751371880596 0.0013713166117668152 1518
1751371910489 0.00817863643169403 1519
1751374901400 0.034140706062316895 1520
1751374931438 0.019684838131070137 1521
1751374961419 0.20812228322029114 1522
1751374991358 0.3514196574687958 1523
1751375021322 0.28026753664016724 1524
1751375051377 0.39516201615333557 1525
1751375081372 0.3857746124267578 1526
1751375111401 0.3425697684288025 1527
1751375141308 0.32638323307037354 1528
1751375171227 0.29413506388664246 1529
1751375201149 0.3367496728897095 1530
1751375231137 0.2732895612716675 1531
1751375261101 0.2700154781341553 1532
1751375291133 0.29243433475494385 1533
1751375321166 0.2482861578464508 1534
1751375351169 0.30321168899536133 1535
1751375381219 0.24026647210121155 1536
1751375411167 0.22969307005405426 1537
1751375441178 0.26239755749702454 1538
1751375471120 0.2179996371269226 1539
1751375501066 0.22101998329162598 1540
1751375530973 0.2196359932422638 1541
1751375560971 0.2795642614364624 1542
1751375590893 0.25237125158309937 1543
1751375620982 0.23576611280441284 1544
1751375650983 0.22056978940963745 1545
1751375680942 0.26212650537490845 1546
1751375710899 0.26022443175315857 1547
1751375740926 0.24125634133815765 1548
1751375771007 0.2803187072277069 1549
1751375801032 0.26680079102516174 1550
1751375831030 0.25158193707466125 1551
1751375861069 0.26848921179771423 1552
1751375891046 0.2658672034740448 1553
1751375921185 0.23052892088890076 1554
1751375951123 0.27441996335983276 1555
1751375981059 0.26291951537132263 1556
1751376011174 0.18063193559646606 1557
1751376041178 0.23731783032417297 1558
1751376071162 0.3055591285228729 1559
1751379062358 0.2207724153995514 1560
1751379092446 -0.016793470829725266 1561
1751379122345 0.14644446969032288 1562
1751379152274 0.20181167125701904 1563
1751379182068 0.13337531685829163 1564
1751379212047 0.20492172241210938 1565
1751379242114 0.1654255986213684 1566
1751379272097 0.20832344889640808 1567
1751379302133 0.13356924057006836 1568
1751379332182 0.18075495958328247 1569
1751379362195 0.17598219215869904 1570
1751379392178 0.17342697083950043 1571
1751379422223 0.18563997745513916 1572
1751379452282 0.1944732815027237 1573
1751379482232 0.14205828309059143 1574
1751379512149 0.21184042096138 1575
1751379542127 0.15976525843143463 1576
1751379572142 0.17760850489139557 1577
1751379602205 0.21291105449199677 1578
1751379632217 0.192777618765831 1579
1751379662226 0.13032624125480652 1580
1751379692328 0.19211402535438538 1581
1751379722326 0.1256740838289261 1582
1751379752301 0.16552038490772247 1583
1751379782435 0.16994719207286835 1584
1751379812429 0.15658238530158997 1585
1751379842500 0.15154580771923065 1586
1751379872506 0.1496826559305191 1587
1751379902556 0.15390785038471222 1588
1751379932447 0.17399248480796814 1589
1751379962400 0.17482125759124756 1590
1751379992366 0.19201220571994781 1591
1751380022346 0.16837865114212036 1592
1751380052353 0.18243184685707092 1593
1751380082322 0.1536889374256134 1594
1751380112376 0.18977196514606476 1595
1751380142358 0.12112431973218918 1596
1751380172415 0.16414712369441986 1597
1751380202382 0.1461573839187622 1598
1751380232369 0.15807418525218964 1599
1751383188514 -0.48761439323425293 1600
1751383218501 -0.5548269152641296 1601
1751383248442 -0.15442103147506714 1602
1751383278491 -0.35827603936195374 1603
1751383308395 -0.45273882150650024 1604
1751383338444 -0.2930184304714203 1605
1751383368477 -0.23129138350486755 1606
1751383398505 -0.2152480036020279 1607
1751383428415 -0.1674651801586151 1608
1751383458412 -0.13171784579753876 1609
1751383488419 -0.1517162322998047 1610
1751383518335 -0.15239644050598145 1611
1751383548203 -0.1643095761537552 1612
1751383578162 -0.1794603317975998 1613
1751383608193 -0.1521919071674347 1614
1751383638289 -0.1685483306646347 1615
1751383668196 -0.20289501547813416 1616
1751383698244 -0.2461244761943817 1617
1751383728326 -0.27707839012145996 1618
1751383758332 -0.2544431686401367 1619
1751383788475 -0.1549726277589798 1620
1751383818438 -0.08166076242923737 1621
1751383848434 -0.034351520240306854 1622
1751383878425 -0.08163481205701828 1623
1751383908481 -0.10528816282749176 1624
1751383938411 -0.18281634151935577 1625
1751383968643 -0.2703133225440979 1626
1751383999084 -0.14699284732341766 1627
1751384029185 -0.1043403297662735 1628
1751384059092 -0.22466658055782318 1629
1751384089878 -0.23266935348510742 1630
1751384119921 -0.2937999665737152 1631
1751384149889 -0.08017508685588837 1632
1751384179966 -0.0645020455121994 1633
1751384210327 -0.12672938406467438 1634
1751384240380 -0.19853951036930084 1635
1751384270335 -0.03497496247291565 1636
1751384300350 -0.07928355783224106 1637
1751384330256 -0.1637493520975113 1638
1751384360251 -0.08983033895492554 1639
1751387352103 -0.007468766532838345 1640
1751387382155 -0.05137918144464493 1641
1751387412082 0.07118025422096252 1642
1751387442076 -0.07562067359685898 1643
1751387471995 -0.07456783950328827 1644
1751387502278 -0.04215296730399132 1645
1751387532316 -0.018243063241243362 1646
1751387562586 0.03633664920926094 1647
1751387592488 0.011933255940675735 1648
1751387622368 0.04741969332098961 1649
1751387652297 0.021439332515001297 1650
1751387682216 0.062403906136751175 1651
1751387712254 0.05435597896575928 1652
1751387742292 -0.002174191176891327 1653
1751387772274 0.0769534483551979 1654
1751387802330 0.0317690409719944 1655
1751387832327 0.006521102041006088 1656
1751387862615 0.030276812613010406 1657
1751387892595 0.04561461880803108 1658
1751387922472 0.052031390368938446 1659
1751387952541 0.008475840091705322 1660
1751387982716 0.013751953840255737 1661
1751388012604 0.08341037482023239 1662
1751388042648 0.06128887087106705 1663
1751388072873 0.04044679179787636 1664
1751388102818 0.06361774355173111 1665
1751388132828 0.06647361814975739 1666
1751388162805 0.025994006544351578 1667
1751388192741 0.07778627425432205 1668
1751388222818 0.049178630113601685 1669
1751388253030 0.07148851454257965 1670
1751388282948 0.07796277105808258 1671
1751388312902 0.04715792462229729 1672
1751388342969 0.0770503431558609 1673
1751388372940 0.07609939575195312 1674
1751388402904 0.07758495956659317 1675
1751388432979 0.09491994976997375 1676
1751388463061 0.05167774111032486 1677
1751388493048 0.10253741592168808 1678
1751388523069 0.05853252112865448 1679
